TITLE = "Visualization of the volumetric solution"
VARIABLES = "x","y","Density","Momentum_x","Momentum_y","Energy","Pressure","Temperature","Mach","C<sub>p</sub>","Roe_Dissipation"
ZONE NODES= 336, ELEMENTS= 606, DATAPACKING=POINT, ZONETYPE=FEQUADRILATERAL
0.000000e+00	3.002941e-03	1.222596e+00	6.077990e+01	-2.441757e-01	2.540959e+05	1.010340e+05	2.878825e+02	1.461585e-01	-2.427321e-01	0.000000e+00	
4.243543e-03	3.273079e-03	1.221346e+00	6.068665e+01	2.104589e+00	2.537550e+05	1.008982e+05	2.877896e+02	1.461939e-01	-3.560720e-01	0.000000e+00	
2.445272e-03	5.049812e-03	1.222064e+00	6.063289e+01	1.170077e+00	2.539294e+05	1.009699e+05	2.878248e+02	1.459090e-01	-2.962566e-01	0.000000e+00	
7.272933e-03	2.115680e-03	1.221103e+00	6.065718e+01	2.972507e+00	2.536751e+05	1.008660e+05	2.877549e+02	1.462482e-01	-3.829543e-01	0.000000e+00	
4.666174e-03	5.943429e-03	1.221354e+00	6.061577e+01	2.314691e+00	2.537425e+05	1.008945e+05	2.877771e+02	1.460440e-01	-3.591782e-01	0.000000e+00	
0.000000e+00	6.005882e-03	1.222569e+00	6.067434e+01	-3.344787e-01	2.540881e+05	1.010330e+05	2.878857e+02	1.459081e-01	-2.436183e-01	0.000000e+00	
6.961844e-03	4.416064e-03	1.221114e+00	6.058864e+01	2.943521e+00	2.536744e+05	1.008671e+05	2.877554e+02	1.460785e-01	-3.820204e-01	0.000000e+00	
2.487466e-03	7.556875e-03	1.222055e+00	6.055710e+01	1.251630e+00	2.539238e+05	1.009691e+05	2.878248e+02	1.457318e-01	-2.969078e-01	0.000000e+00	
9.748904e-03	2.359894e-03	1.221024e+00	6.063954e+01	3.141486e+00	2.536522e+05	1.008570e+05	2.877477e+02	1.462375e-01	-3.904644e-01	0.000000e+00	
4.856055e-03	9.027583e-03	1.221314e+00	6.057315e+01	2.413823e+00	2.537307e+05	1.008905e+05	2.877752e+02	1.459560e-01	-3.624931e-01	0.000000e+00	
7.218485e-03	7.450790e-03	1.221138e+00	6.055985e+01	2.981328e+00	2.536745e+05	1.008677e+05	2.877514e+02	1.460118e-01	-3.815232e-01	0.000000e+00	
0.000000e+00	9.008824e-03	1.222592e+00	6.063513e+01	-3.561737e-01	2.540937e+05	1.010360e+05	2.878889e+02	1.458105e-01	-2.410869e-01	0.000000e+00	
9.701012e-03	5.671667e-03	1.221021e+00	6.058071e+01	3.127038e+00	2.536477e+05	1.008563e+05	2.877468e+02	1.460949e-01	-3.909951e-01	0.000000e+00	
2.527248e-03	1.047816e-02	1.221998e+00	6.052545e+01	1.294664e+00	2.539112e+05	1.009646e+05	2.878255e+02	1.456644e-01	-3.006279e-01	0.000000e+00	
1.220746e-02	3.491283e-03	1.221161e+00	6.062537e+01	2.887368e+00	2.536872e+05	1.008716e+05	2.877571e+02	1.461542e-01	-3.782732e-01	0.000000e+00	
4.965415e-03	1.202837e-02	1.221252e+00	6.055913e+01	2.438187e+00	2.537171e+05	1.008853e+05	2.877748e+02	1.459321e-01	-3.668485e-01	0.000000e+00	
7.353103e-03	1.054524e-02	1.221125e+00	6.054024e+01	3.010837e+00	2.536705e+05	1.008664e+05	2.877510e+02	1.459698e-01	-3.825618e-01	0.000000e+00	
9.795139e-03	8.937440e-03	1.221018e+00	6.055508e+01	3.123675e+00	2.536448e+05	1.008557e+05	2.877456e+02	1.460334e-01	-3.915158e-01	0.000000e+00	
0.000000e+00	1.201176e-02	1.222541e+00	6.062620e+01	-3.858541e-01	2.540841e+05	1.010323e+05	2.878904e+02	1.457952e-01	-2.441755e-01	0.000000e+00	
1.459879e-02	2.322322e-03	1.221327e+00	6.062351e+01	2.311373e+00	2.537423e+05	1.008942e+05	2.877826e+02	1.460641e-01	-3.593945e-01	0.000000e+00	
1.227400e-02	7.218871e-03	1.221170e+00	6.056692e+01	2.860783e+00	2.536868e+05	1.008726e+05	2.877579e+02	1.460094e-01	-3.774406e-01	0.000000e+00	
2.342103e-03	1.349456e-02	1.222059e+00	6.051183e+01	1.289974e+00	2.539231e+05	1.009697e+05	2.878254e+02	1.456241e-01	-2.963976e-01	0.000000e+00	
1.475027e-02	5.626733e-03	1.221439e+00	6.059477e+01	2.281072e+00	2.537634e+05	1.009033e+05	2.877823e+02	1.459789e-01	-3.518061e-01	0.000000e+00	
5.012642e-03	1.510217e-02	1.221266e+00	6.058633e+01	2.449606e+00	2.537204e+05	1.008860e+05	2.877736e+02	1.459972e-01	-3.662077e-01	0.000000e+00	
7.432778e-03	1.359675e-02	1.221123e+00	6.054622e+01	3.013054e+00	2.536705e+05	1.008663e+05	2.877511e+02	1.459847e-01	-3.826516e-01	0.000000e+00	
9.879798e-03	1.206779e-02	1.221026e+00	6.055324e+01	3.119037e+00	2.536466e+05	1.008564e+05	2.877458e+02	1.460274e-01	-3.908936e-01	0.000000e+00	
1.235169e-02	1.048827e-02	1.221178e+00	6.054970e+01	2.837031e+00	2.536877e+05	1.008733e+05	2.877583e+02	1.459643e-01	-3.768136e-01	0.000000e+00	
0.000000e+00	1.501471e-02	1.222604e+00	6.061056e+01	-3.804815e-01	2.540970e+05	1.010378e+05	2.878913e+02	1.457498e-01	-2.395644e-01	0.000000e+00	
1.698281e-02	1.931504e-03	1.221692e+00	6.060416e+01	1.539293e+00	2.538446e+05	1.009362e+05	2.878164e+02	1.459064e-01	-3.243844e-01	0.000000e+00	
1.723227e-02	4.269350e-03	1.221829e+00	6.058681e+01	1.442237e+00	2.538738e+05	1.009483e+05	2.878187e+02	1.458419e-01	-3.142515e-01	0.000000e+00	
1.484102e-02	8.905041e-03	1.221437e+00	6.056428e+01	2.250200e+00	2.537624e+05	1.009035e+05	2.877834e+02	1.459027e-01	-3.516092e-01	0.000000e+00	
2.527845e-03	1.651974e-02	1.222072e+00	6.053543e+01	1.326605e+00	2.539265e+05	1.009706e+05	2.878249e+02	1.456813e-01	-2.956626e-01	0.000000e+00	
1.734416e-02	7.370081e-03	1.221822e+00	6.058109e+01	1.414377e+00	2.538721e+05	1.009478e+05	2.878187e+02	1.458273e-01	-3.147104e-01	0.000000e+00	
5.013603e-03	1.806799e-02	1.221222e+00	6.060373e+01	2.474090e+00	2.537118e+05	1.008822e+05	2.877733e+02	1.460469e-01	-3.693865e-01	0.000000e+00	
7.475845e-03	1.660279e-02	1.221110e+00	6.056240e+01	3.024472e+00	2.536684e+05	1.008651e+05	2.877510e+02	1.460266e-01	-3.836390e-01	0.000000e+00	
9.942006e-03	1.510322e-02	1.221019e+00	6.056441e+01	3.116765e+00	2.536460e+05	1.008560e+05	2.877463e+02	1.460548e-01	-3.912758e-01	0.000000e+00	
1.241875e-02	1.357954e-02	1.221180e+00	6.055453e+01	2.822816e+00	2.536891e+05	1.008738e+05	2.877590e+02	1.459738e-01	-3.764364e-01	0.000000e+00	
1.491054e-02	1.203713e-02	1.221446e+00	6.055393e+01	2.221207e+00	2.537648e+05	1.009047e+05	2.877846e+02	1.458738e-01	-3.506141e-01	0.000000e+00	
0.000000e+00	1.801765e-02	1.222530e+00	6.062156e+01	-3.323603e-01	2.540815e+05	1.010314e+05	2.878904e+02	1.457846e-01	-2.449496e-01	0.000000e+00	
1.982869e-02	2.404930e-03	1.222287e+00	6.056727e+01	3.494828e-01	2.540081e+05	1.010030e+05	2.878666e+02	1.456893e-01	-2.686501e-01	0.000000e+00	
1.988549e-02	5.795028e-03	1.222282e+00	6.058516e+01	3.426331e-01	2.540057e+05	1.010016e+05	2.878639e+02	1.457334e-01	-2.697698e-01	0.000000e+00	
1.741551e-02	1.049192e-02	1.221848e+00	6.056382e+01	1.377516e+00	2.538776e+05	1.009503e+05	2.878200e+02	1.457804e-01	-3.125734e-01	0.000000e+00	
2.535503e-03	1.951227e-02	1.222033e+00	6.054535e+01	1.343746e+00	2.539185e+05	1.009671e+05	2.878244e+02	1.457110e-01	-2.985402e-01	0.000000e+00	
1.993916e-02	8.929792e-03	1.222313e+00	6.057185e+01	3.242867e-01	2.540111e+05	1.010041e+05	2.878638e+02	1.456976e-01	-2.677278e-01	0.000000e+00	
5.033772e-03	2.104961e-02	1.221248e+00	6.060266e+01	2.473332e+00	2.537171e+05	1.008844e+05	2.877734e+02	1.460411e-01	-3.675793e-01	0.000000e+00	
7.502721e-03	1.956946e-02	1.221124e+00	6.056930e+01	3.028195e+00	2.536718e+05	1.008664e+05	2.877510e+02	1.460419e-01	-3.826255e-01	0.000000e+00	
9.988786e-03	1.808215e-02	1.221024e+00	6.057754e+01	3.114363e+00	2.536479e+05	1.008565e+05	2.877465e+02	1.460854e-01	-3.908477e-01	0.000000e+00	
1.247456e-02	1.658102e-02	1.221185e+00	6.056705e+01	2.811717e+00	2.536912e+05	1.008744e+05	2.877596e+02	1.460020e-01	-3.759247e-01	0.000000e+00	
1.496903e-02	1.506493e-02	1.221452e+00	6.056137e+01	2.201088e+00	2.537672e+05	1.009056e+05	2.877856e+02	1.458890e-01	-3.499205e-01	0.000000e+00	
1.747304e-02	1.353800e-02	1.221850e+00	6.056144e+01	1.348557e+00	2.538791e+05	1.009510e+05	2.878214e+02	1.457725e-01	-3.120068e-01	0.000000e+00	
0.000000e+00	2.102059e-02	1.222577e+00	6.063296e+01	-3.431992e-01	2.540914e+05	1.010351e+05	2.878898e+02	1.458066e-01	-2.418342e-01	0.000000e+00	
2.248153e-02	4.286811e-03	1.222753e+00	6.056672e+01	-9.441375e-01	2.541504e+05	1.010600e+05	2.879194e+02	1.456343e-01	-2.210616e-01	0.000000e+00	
2.245712e-02	1.682640e-03	1.222965e+00	6.061259e+01	-1.001701e+00	2.541972e+05	1.010779e+05	2.879205e+02	1.457213e-01	-2.061460e-01	0.000000e+00	
2.249185e-02	7.314985e-03	1.222847e+00	6.056446e+01	-9.545337e-01	2.541675e+05	1.010669e+05	2.879171e+02	1.456187e-01	-2.152947e-01	0.000000e+00	
1.998779e-02	1.199585e-02	1.222312e+00	6.056532e+01	2.990859e-01	2.540116e+05	1.010044e+05	2.878648e+02	1.456814e-01	-2.674400e-01	0.000000e+00	
2.538896e-03	2.250682e-02	1.222027e+00	6.054627e+01	1.339495e+00	2.539172e+05	1.009666e+05	2.878242e+02	1.457137e-01	-2.989931e-01	0.000000e+00	
2.251786e-02	1.041539e-02	1.222845e+00	6.057323e+01	-9.599331e-01	2.541666e+05	1.010664e+05	2.879159e+02	1.456405e-01	-2.157595e-01	0.000000e+00	
5.005949e-03	2.399609e-02	1.221246e+00	6.059552e+01	2.478667e+00	2.537161e+05	1.008841e+05	2.877731e+02	1.460248e-01	-3.677991e-01	0.000000e+00	
7.489564e-03	2.251666e-02	1.221110e+00	6.056764e+01	3.034988e+00	2.536687e+05	1.008651e+05	2.877507e+02	1.460405e-01	-3.836473e-01	0.000000e+00	
1.003572e-02	2.102738e-02	1.221017e+00	6.058262e+01	3.113994e+00	2.536469e+05	1.008560e+05	2.877466e+02	1.460983e-01	-3.912639e-01	0.000000e+00	
1.252471e-02	1.953859e-02	1.221187e+00	6.057568e+01	2.804180e+00	2.536926e+05	1.008748e+05	2.877602e+02	1.460214e-01	-3.755956e-01	0.000000e+00	
1.502177e-02	1.803478e-02	1.221457e+00	6.057159e+01	2.185795e+00	2.537695e+05	1.009063e+05	2.877865e+02	1.459114e-01	-3.493133e-01	0.000000e+00	
1.752551e-02	1.652191e-02	1.221858e+00	6.056823e+01	1.324857e+00	2.538822e+05	1.009521e+05	2.878227e+02	1.457863e-01	-3.110794e-01	0.000000e+00	
2.003580e-02	1.499906e-02	1.222323e+00	6.056473e+01	2.705815e-01	2.540151e+05	1.010059e+05	2.878663e+02	1.456779e-01	-2.662495e-01	0.000000e+00	
0.000000e+00	2.402353e-02	1.222559e+00	6.063071e+01	-3.512197e-01	2.540876e+05	1.010336e+05	2.878900e+02	1.458035e-01	-2.430656e-01	0.000000e+00	
2.515617e-02	2.301231e-03	1.223462e+00	6.061431e+01	-2.308101e+00	2.543457e+05	1.011368e+05	2.879713e+02	1.457391e-01	-1.569933e-01	0.000000e+00	
2.507688e-02	5.508971e-03	1.223520e+00	6.056939e+01	-2.354137e+00	2.543582e+05	1.011427e+05	2.879743e+02	1.456277e-01	-1.520814e-01	0.000000e+00	
2.506867e-02	8.745129e-03	1.223435e+00	6.057202e+01	-2.344133e+00	2.543390e+05	1.011349e+05	2.879723e+02	1.456438e-01	-1.585735e-01	0.000000e+00	
2.255429e-02	1.345623e-02	1.222859e+00	6.056966e+01	-9.814548e-01	2.541701e+05	1.010678e+05	2.879168e+02	1.456309e-01	-2.145321e-01	0.000000e+00	
2.497137e-03	2.549537e-02	1.222045e+00	6.053934e+01	1.335735e+00	2.539205e+05	1.009681e+05	2.878242e+02	1.456947e-01	-2.977523e-01	0.000000e+00	
2.508476e-02	1.187157e-02	1.223465e+00	6.056965e+01	-2.364416e+00	2.543449e+05	1.011373e+05	2.879720e+02	1.456365e-01	-1.565631e-01	0.000000e+00	
7.565562e-03	2.548353e-02	1.221118e+00	6.057184e+01	3.034858e+00	2.536702e+05	1.008657e+05	2.877505e+02	1.460497e-01	-3.832079e-01	0.000000e+00	
5.053624e-03	2.698482e-02	1.221247e+00	6.059816e+01	2.487110e+00	2.537163e+05	1.008841e+05	2.877727e+02	1.460319e-01	-3.677879e-01	0.000000e+00	
1.007617e-02	2.398743e-02	1.221025e+00	6.058440e+01	3.108664e+00	2.536486e+05	1.008566e+05	2.877466e+02	1.461010e-01	-3.907309e-01	0.000000e+00	
1.257195e-02	2.248162e-02	1.221196e+00	6.057922e+01	2.794759e+00	2.536948e+05	1.008756e+05	2.877605e+02	1.460278e-01	-3.749095e-01	0.000000e+00	
1.507179e-02	2.097880e-02	1.221465e+00	6.057862e+01	2.171107e+00	2.537720e+05	1.009072e+05	2.877871e+02	1.459260e-01	-3.485874e-01	0.000000e+00	
1.757613e-02	1.947179e-02	1.221867e+00	6.057674e+01	1.304305e+00	2.538852e+05	1.009532e+05	2.878236e+02	1.458044e-01	-3.102075e-01	0.000000e+00	
2.008465e-02	1.795970e-02	1.222330e+00	6.057147e+01	2.454131e-01	2.540181e+05	1.010069e+05	2.878676e+02	1.456927e-01	-2.653747e-01	0.000000e+00	
2.259780e-02	1.643891e-02	1.222864e+00	6.057286e+01	-1.006438e+00	2.541725e+05	1.010688e+05	2.879182e+02	1.456386e-01	-2.137611e-01	0.000000e+00	
0.000000e+00	2.702647e-02	1.222572e+00	6.062624e+01	-3.547131e-01	2.540903e+05	1.010348e+05	2.878904e+02	1.457912e-01	-2.420806e-01	0.000000e+00	
2.764811e-02	3.278486e-03	1.224084e+00	6.059656e+01	-3.886322e+00	2.545303e+05	1.012097e+05	2.880324e+02	1.458004e-01	-9.618806e-02	0.000000e+00	
2.764231e-02	6.929348e-03	1.224028e+00	6.058008e+01	-3.849742e+00	2.545173e+05	1.012048e+05	2.880317e+02	1.457621e-01	-1.002466e-01	0.000000e+00	
2.763166e-02	1.022096e-02	1.224073e+00	6.057456e+01	-3.855406e+00	2.545250e+05	1.012080e+05	2.880301e+02	1.457448e-01	-9.757831e-02	0.000000e+00	
2.511777e-02	1.490065e-02	1.223462e+00	6.057121e+01	-2.384813e+00	2.543451e+05	1.011374e+05	2.879729e+02	1.456423e-01	-1.565250e-01	0.000000e+00	
2.524120e-03	2.849779e-02	1.222039e+00	6.054006e+01	1.346436e+00	2.539193e+05	1.009676e+05	2.878241e+02	1.456977e-01	-2.981872e-01	0.000000e+00	
3.048660e-02	1.639266e-03	1.224728e+00	6.059313e+01	-5.598349e+00	2.547256e+05	1.012855e+05	2.880965e+02	1.460197e-01	-3.291255e-02	0.000000e+00	
2.764834e-02	1.333329e-02	1.224063e+00	6.057533e+01	-3.864544e+00	2.545229e+05	1.012072e+05	2.880300e+02	1.457492e-01	-9.830498e-02	0.000000e+00	
1.010765e-02	2.692559e-02	1.221024e+00	6.058496e+01	3.107499e+00	2.536485e+05	1.008566e+05	2.877467e+02	1.461023e-01	-3.907836e-01	0.000000e+00	
7.592147e-03	2.843420e-02	1.221104e+00	6.057170e+01	3.040010e+00	2.536672e+05	1.008644e+05	2.877504e+02	1.460517e-01	-3.842281e-01	0.000000e+00	
5.064854e-03	2.995416e-02	1.221233e+00	6.059823e+01	2.494916e+00	2.537132e+05	1.008829e+05	2.877725e+02	1.460346e-01	-3.688437e-01	0.000000e+00	
1.261554e-02	2.541985e-02	1.221197e+00	6.058055e+01	2.786540e+00	2.536954e+05	1.008758e+05	2.877608e+02	1.460299e-01	-3.747262e-01	0.000000e+00	
1.512002e-02	2.391381e-02	1.221471e+00	6.058153e+01	2.156603e+00	2.537739e+05	1.009079e+05	2.877877e+02	1.459308e-01	-3.479916e-01	0.000000e+00	
1.762588e-02	2.240745e-02	1.221876e+00	6.058187e+01	1.284237e+00	2.538880e+05	1.009542e+05	2.878244e+02	1.458145e-01	-3.093511e-01	0.000000e+00	
2.013415e-02	2.089932e-02	1.222342e+00	6.057814e+01	2.211342e-01	2.540216e+05	1.010082e+05	2.878686e+02	1.457069e-01	-2.642906e-01	0.000000e+00	
2.264525e-02	1.938808e-02	1.222875e+00	6.057820e+01	-1.032469e+00	2.541761e+05	1.010701e+05	2.879195e+02	1.456509e-01	-2.126648e-01	0.000000e+00	
2.516058e-02	1.787081e-02	1.223472e+00	6.057425e+01	-2.412920e+00	2.543488e+05	1.011388e+05	2.879743e+02	1.456506e-01	-1.553719e-01	0.000000e+00	
0.000000e+00	3.002941e-02	1.222563e+00	6.062742e+01	-3.507198e-01	2.540885e+05	1.010341e+05	2.878903e+02	1.457951e-01	-2.426958e-01	0.000000e+00	
3.027274e-02	5.088344e-03	1.224727e+00	6.056726e+01	-5.487179e+00	2.547214e+05	1.012846e+05	2.880942e+02	1.459344e-01	-3.371834e-02	0.000000e+00	
3.019845e-02	8.515187e-03	1.224695e+00	6.057272e+01	-5.432171e+00	2.547120e+05	1.012808e+05	2.880909e+02	1.459402e-01	-3.688694e-02	0.000000e+00	
3.019245e-02	1.173239e-02	1.224692e+00	6.057653e+01	-5.424648e+00	2.547101e+05	1.012800e+05	2.880893e+02	1.459484e-01	-3.754405e-02	0.000000e+00	
2.768336e-02	1.634299e-02	1.224076e+00	6.057593e+01	-3.891604e+00	2.545268e+05	1.012087e+05	2.880313e+02	1.457529e-01	-9.703761e-02	0.000000e+00	
2.518907e-03	3.149525e-02	1.222035e+00	6.054029e+01	1.349183e+00	2.539183e+05	1.009672e+05	2.878239e+02	1.456990e-01	-2.985235e-01	0.000000e+00	
3.294023e-02	3.180998e-03	1.225466e+00	6.060181e+01	-7.124232e+00	2.549337e+05	1.013658e+05	2.881514e+02	1.463206e-01	3.406681e-02	0.000000e+00	
3.021795e-02	1.480124e-02	1.224705e+00	6.057883e+01	-5.444584e+00	2.547132e+05	1.012811e+05	2.880896e+02	1.459567e-01	-3.658759e-02	0.000000e+00	
1.265776e-02	2.835431e-02	1.221203e+00	6.058080e+01	2.777402e+00	2.536968e+05	1.008764e+05	2.877611e+02	1.460287e-01	-3.742294e-01	0.000000e+00	
1.014332e-02	2.986659e-02	1.221029e+00	6.058362e+01	3.102983e+00	2.536497e+05	1.008571e+05	2.877469e+02	1.460978e-01	-3.903532e-01	0.000000e+00	
7.618771e-03	3.138927e-02	1.221109e+00	6.056900e+01	3.039953e+00	2.536682e+05	1.008649e+05	2.877504e+02	1.460446e-01	-3.838494e-01	0.000000e+00	
5.076538e-03	3.293092e-02	1.221238e+00	6.059510e+01	2.497716e+00	2.537139e+05	1.008832e+05	2.877724e+02	1.460268e-01	-3.685567e-01	0.000000e+00	
1.516701e-02	2.684592e-02	1.221480e+00	6.058278e+01	2.141130e+00	2.537762e+05	1.009088e+05	2.877882e+02	1.459314e-01	-3.472361e-01	0.000000e+00	
1.767502e-02	2.533850e-02	1.221886e+00	6.058439e+01	1.263581e+00	2.538909e+05	1.009553e+05	2.878252e+02	1.458180e-01	-3.083980e-01	0.000000e+00	
2.018384e-02	2.383105e-02	1.222354e+00	6.058254e+01	1.969683e-01	2.540251e+05	1.010095e+05	2.878695e+02	1.457157e-01	-2.632096e-01	0.000000e+00	
2.269436e-02	2.232290e-02	1.222886e+00	6.058365e+01	-1.058318e+00	2.541797e+05	1.010714e+05	2.879205e+02	1.456634e-01	-2.115620e-01	0.000000e+00	
2.520782e-02	2.081340e-02	1.223482e+00	6.057963e+01	-2.441248e+00	2.543521e+05	1.011400e+05	2.879756e+02	1.456648e-01	-1.543602e-01	0.000000e+00	
2.772707e-02	1.930172e-02	1.224084e+00	6.057956e+01	-3.920884e+00	2.545299e+05	1.012098e+05	2.880327e+02	1.457649e-01	-9.607323e-02	0.000000e+00	
0.000000e+00	3.303235e-02	1.222570e+00	6.062799e+01	-3.561648e-01	2.540902e+05	1.010347e+05	2.878905e+02	1.457956e-01	-2.421567e-01	0.000000e+00	
3.276120e-02	6.789287e-03	1.225292e+00	6.057567e+01	-7.028512e+00	2.548953e+05	1.013511e+05	2.881504e+02	1.462527e-01	2.176783e-02	0.000000e+00	
3.274284e-02	1.010763e-02	1.225326e+00	6.057271e+01	-7.029676e+00	2.549010e+05	1.013534e+05	2.881490e+02	1.462423e-01	2.373242e-02	0.000000e+00	
3.276632e-02	1.324711e-02	1.225324e+00	6.057828e+01	-7.040988e+00	2.549002e+05	1.013530e+05	2.881483e+02	1.462591e-01	2.336292e-02	0.000000e+00	
3.025692e-02	1.778771e-02	1.224710e+00	6.058075e+01	-5.471046e+00	2.547156e+05	1.012820e+05	2.880909e+02	1.459660e-01	-3.587035e-02	0.000000e+00	
2.508208e-03	3.449775e-02	1.222037e+00	6.053706e+01	1.350130e+00	2.539186e+05	1.009673e+05	2.878240e+02	1.456910e-01	-2.983730e-01	0.000000e+00	
3.510401e-02	2.179711e-03	1.225897e+00	6.065548e+01	-8.468497e+00	2.550727e+05	1.014171e+05	2.881958e+02	1.467964e-01	7.687248e-02	0.000000e+00	
3.519093e-02	5.146021e-03	1.225903e+00	6.062399e+01	-8.566923e+00	2.550780e+05	1.014196e+05	2.882015e+02	1.467523e-01	7.893935e-02	0.000000e+00	
3.280274e-02	1.627337e-02	1.225337e+00	6.058215e+01	-7.066327e+00	2.549038e+05	1.013543e+05	2.881490e+02	1.462737e-01	2.444715e-02	0.000000e+00	
1.270134e-02	3.129144e-02	1.221204e+00	6.058007e+01	2.767726e+00	2.536973e+05	1.008766e+05	2.877616e+02	1.460257e-01	-3.740426e-01	0.000000e+00	
1.521403e-02	2.977836e-02	1.221485e+00	6.058301e+01	2.125177e+00	2.537778e+05	1.009094e+05	2.877889e+02	1.459298e-01	-3.466887e-01	0.000000e+00	
1.018134e-02	3.281405e-02	1.221028e+00	6.058250e+01	3.099526e+00	2.536495e+05	1.008571e+05	2.877471e+02	1.460948e-01	-3.903880e-01	0.000000e+00	
7.647114e-03	3.435538e-02	1.221103e+00	6.056689e+01	3.042595e+00	2.536668e+05	1.008644e+05	2.877503e+02	1.460406e-01	-3.842844e-01	0.000000e+00	
5.089171e-03	3.592396e-02	1.221237e+00	6.059089e+01	2.503358e+00	2.537135e+05	1.008831e+05	2.877722e+02	1.460173e-01	-3.686267e-01	0.000000e+00	
1.772397e-02	2.826908e-02	1.221894e+00	6.058528e+01	1.242306e+00	2.538933e+05	1.009563e+05	2.878261e+02	1.458179e-01	-3.076057e-01	0.000000e+00	
2.023354e-02	2.676100e-02	1.222364e+00	6.058455e+01	1.721066e-01	2.540282e+05	1.010107e+05	2.878705e+02	1.457188e-01	-2.621790e-01	0.000000e+00	
2.274398e-02	2.525328e-02	1.222898e+00	6.058681e+01	-1.084647e+00	2.541832e+05	1.010727e+05	2.879215e+02	1.456705e-01	-2.104557e-01	0.000000e+00	
2.525658e-02	2.374595e-02	1.223494e+00	6.058402e+01	-2.470145e+00	2.543559e+05	1.011414e+05	2.879766e+02	1.456764e-01	-1.531792e-01	0.000000e+00	
2.777391e-02	2.223978e-02	1.224097e+00	6.058351e+01	-3.951634e+00	2.545338e+05	1.012113e+05	2.880339e+02	1.457773e-01	-9.485461e-02	0.000000e+00	
3.030062e-02	2.073682e-02	1.224722e+00	6.058398e+01	-5.501391e+00	2.547196e+05	1.012835e+05	2.880922e+02	1.459785e-01	-3.462203e-02	0.000000e+00	
0.000000e+00	3.603529e-02	1.222571e+00	6.062523e+01	-3.599021e-01	2.540905e+05	1.010349e+05	2.878908e+02	1.457888e-01	-2.419917e-01	0.000000e+00	
3.526742e-02	8.480626e-03	1.225915e+00	6.057528e+01	-8.644705e+00	2.550831e+05	1.014224e+05	2.882066e+02	1.466602e-01	8.128088e-02	0.000000e+00	
3.532343e-02	1.168801e-02	1.225926e+00	6.057578e+01	-8.685149e+00	2.550862e+05	1.014235e+05	2.882072e+02	1.466736e-01	8.220411e-02	0.000000e+00	
3.536772e-02	1.476369e-02	1.225941e+00	6.058138e+01	-8.713752e+00	2.550900e+05	1.014249e+05	2.882074e+02	1.466948e-01	8.331150e-02	0.000000e+00	
3.284295e-02	1.924131e-02	1.225342e+00	6.058357e+01	-7.094770e+00	2.549062e+05	1.013552e+05	2.881503e+02	1.462840e-01	2.519041e-02	0.000000e+00	
2.498258e-03	3.751618e-02	1.222040e+00	6.053095e+01	1.353206e+00	2.539191e+05	1.009677e+05	2.878241e+02	1.456760e-01	-2.980855e-01	0.000000e+00	
3.736025e-02	3.236084e-03	1.226360e+00	6.064952e+01	-9.965152e+00	2.552243e+05	1.014737e+05	2.882477e+02	1.472524e-01	1.240141e-01	0.000000e+00	
3.773935e-02	6.829790e-03	1.226504e+00	6.061001e+01	-1.021073e+01	2.552629e+05	1.014891e+05	2.882578e+02	1.472357e-01	1.369287e-01	0.000000e+00	
3.540632e-02	1.775964e-02	1.225948e+00	6.058490e+01	-8.740780e+00	2.550925e+05	1.014257e+05	2.882082e+02	1.467113e-01	8.402789e-02	0.000000e+00	
1.526269e-02	3.271598e-02	1.221493e+00	6.058289e+01	2.108173e+00	2.537801e+05	1.009104e+05	2.877897e+02	1.459269e-01	-3.459223e-01	0.000000e+00	
1.274759e-02	3.423789e-02	1.221210e+00	6.057836e+01	2.756640e+00	2.536989e+05	1.008773e+05	2.877621e+02	1.460195e-01	-3.734837e-01	0.000000e+00	
1.777369e-02	3.120277e-02	1.221905e+00	6.058568e+01	1.220983e+00	2.538963e+05	1.009575e+05	2.878270e+02	1.458164e-01	-3.066003e-01	0.000000e+00	
1.022286e-02	3.577831e-02	1.221029e+00	6.057988e+01	3.092993e+00	2.536496e+05	1.008572e+05	2.877473e+02	1.460876e-01	-3.902968e-01	0.000000e+00	
7.679718e-03	3.734925e-02	1.221103e+00	6.056157e+01	3.043137e+00	2.536664e+05	1.008643e+05	2.877503e+02	1.460279e-01	-3.843081e-01	0.000000e+00	
5.107482e-03	3.895638e-02	1.221233e+00	6.058407e+01	2.507479e+00	2.537122e+05	1.008827e+05	2.877722e+02	1.460019e-01	-3.689656e-01	0.000000e+00	
2.028356e-02	2.969287e-02	1.222377e+00	6.058553e+01	1.472222e-01	2.540317e+05	1.010121e+05	2.878715e+02	1.457193e-01	-2.610351e-01	0.000000e+00	
2.279384e-02	2.818419e-02	1.222911e+00	6.058841e+01	-1.111163e+00	2.541868e+05	1.010742e+05	2.879225e+02	1.456737e-01	-2.092623e-01	0.000000e+00	
2.530576e-02	2.667665e-02	1.223507e+00	6.058668e+01	-2.498819e+00	2.543596e+05	1.011428e+05	2.879777e+02	1.456839e-01	-1.520237e-01	0.000000e+00	
2.782151e-02	2.517164e-02	1.224110e+00	6.058650e+01	-3.981838e+00	2.545377e+05	1.012128e+05	2.880351e+02	1.457874e-01	-9.362841e-02	0.000000e+00	
3.034528e-02	2.367241e-02	1.224734e+00	6.058727e+01	-5.530361e+00	2.547234e+05	1.012849e+05	2.880933e+02	1.459909e-01	-3.345094e-02	0.000000e+00	
3.288326e-02	2.218483e-02	1.225351e+00	6.058539e+01	-7.121822e+00	2.549092e+05	1.013563e+05	2.881514e+02	1.462946e-01	2.612152e-02	0.000000e+00	
0.000000e+00	3.903824e-02	1.222573e+00	6.062085e+01	-3.596651e-01	2.540911e+05	1.010353e+05	2.878913e+02	1.457780e-01	-2.417245e-01	0.000000e+00	
3.788458e-02	1.013184e-02	1.226505e+00	6.057853e+01	-1.030906e+01	2.552673e+05	1.014912e+05	2.882633e+02	1.471991e-01	1.386298e-01	0.000000e+00	
3.795320e-02	1.326603e-02	1.226529e+00	6.057870e+01	-1.035752e+01	2.552736e+05	1.014936e+05	2.882643e+02	1.472158e-01	1.406274e-01	0.000000e+00	
3.977078e-02	1.788709e-03	1.226859e+00	6.061743e+01	-1.136170e+01	2.553851e+05	1.015340e+05	2.883017e+02	1.476822e-01	1.743657e-01	0.000000e+00	
3.799348e-02	1.629860e-02	1.226534e+00	6.058331e+01	-1.038261e+01	2.552754e+05	1.014941e+05	2.882646e+02	1.472362e-01	1.410600e-01	0.000000e+00	
3.544154e-02	2.071761e-02	1.225961e+00	6.058707e+01	-8.763736e+00	2.550963e+05	1.014272e+05	2.882092e+02	1.467226e-01	8.522793e-02	0.000000e+00	
2.495006e-03	4.057704e-02	1.222044e+00	6.051996e+01	1.360164e+00	2.539195e+05	1.009681e+05	2.878244e+02	1.456494e-01	-2.977590e-01	0.000000e+00	
4.026966e-02	5.221982e-03	1.227082e+00	6.063711e+01	-1.163072e+01	2.554364e+05	1.015532e+05	2.883038e+02	1.478210e-01	1.904036e-01	0.000000e+00	
4.047810e-02	8.605361e-03	1.227120e+00	6.060660e+01	-1.175673e+01	2.554497e+05	1.015587e+05	2.883105e+02	1.478002e-01	1.949627e-01	0.000000e+00	
3.802281e-02	1.927925e-02	1.226548e+00	6.058658e+01	-1.040003e+01	2.552790e+05	1.014954e+05	2.882652e+02	1.472492e-01	1.421652e-01	0.000000e+00	
1.782604e-02	3.414613e-02	1.221910e+00	6.058382e+01	1.197925e+00	2.538981e+05	1.009582e+05	2.878280e+02	1.458099e-01	-3.059716e-01	0.000000e+00	
1.531547e-02	3.566767e-02	1.221498e+00	6.058174e+01	2.088946e+00	2.537816e+05	1.009110e+05	2.877904e+02	1.459218e-01	-3.453719e-01	0.000000e+00	
1.279962e-02	3.720694e-02	1.221211e+00	6.057736e+01	2.743030e+00	2.536995e+05	1.008776e+05	2.877625e+02	1.460153e-01	-3.732642e-01	0.000000e+00	
2.033493e-02	3.263211e-02	1.222384e+00	6.058416e+01	1.210191e-01	2.540342e+05	1.010131e+05	2.878727e+02	1.457146e-01	-2.601803e-01	0.000000e+00	
1.027186e-02	3.877950e-02	1.221036e+00	6.057942e+01	3.086553e+00	2.536513e+05	1.008578e+05	2.877474e+02	1.460848e-01	-3.897357e-01	0.000000e+00	
7.721901e-03	4.039915e-02	1.221100e+00	6.056102e+01	3.040733e+00	2.536655e+05	1.008640e+05	2.877500e+02	1.460267e-01	-3.846126e-01	0.000000e+00	
5.140418e-03	4.207263e-02	1.221242e+00	6.058316e+01	2.513870e+00	2.537137e+05	1.008834e+05	2.877717e+02	1.459993e-01	-3.684441e-01	0.000000e+00	
2.284420e-02	3.112072e-02	1.222921e+00	6.058782e+01	-1.138460e+00	2.541899e+05	1.010754e+05	2.879237e+02	1.456720e-01	-2.082418e-01	0.000000e+00	
2.535513e-02	2.961094e-02	1.223517e+00	6.058676e+01	-2.527275e+00	2.543629e+05	1.011441e+05	2.879789e+02	1.456854e-01	-1.509329e-01	0.000000e+00	
2.786925e-02	2.810449e-02	1.224122e+00	6.058720e+01	-4.011742e+00	2.545414e+05	1.012142e+05	2.880363e+02	1.457920e-01	-9.244387e-02	0.000000e+00	
3.038985e-02	2.660553e-02	1.224748e+00	6.058899e+01	-5.558770e+00	2.547273e+05	1.012864e+05	2.880943e+02	1.459993e-01	-3.219875e-02	0.000000e+00	
3.292248e-02	2.512090e-02	1.225359e+00	6.058626e+01	-7.147010e+00	2.549119e+05	1.013573e+05	2.881524e+02	1.463025e-01	2.696222e-02	0.000000e+00	
3.547357e-02	2.366032e-02	1.225971e+00	6.058809e+01	-8.784282e+00	2.550992e+05	1.014282e+05	2.882100e+02	1.467307e-01	8.611381e-02	0.000000e+00	
0.000000e+00	4.204118e-02	1.222572e+00	6.061536e+01	-3.467995e-01	2.540910e+05	1.010353e+05	2.878917e+02	1.457646e-01	-2.416729e-01	0.000000e+00	
4.056727e-02	1.179413e-02	1.227133e+00	6.058832e+01	-1.182128e+01	2.554550e+05	1.015609e+05	2.883138e+02	1.477844e-01	1.968297e-01	0.000000e+00	
4.060674e-02	1.486398e-02	1.227140e+00	6.058824e+01	-1.184911e+01	2.554573e+05	1.015617e+05	2.883144e+02	1.477959e-01	1.975043e-01	0.000000e+00	
4.259207e-02	3.613248e-03	1.227490e+00	6.058818e+01	-1.321233e+01	2.555830e+05	1.016066e+05	2.883597e+02	1.484028e-01	2.349432e-01	0.000000e+00	
4.062653e-02	1.787269e-02	1.227150e+00	6.059337e+01	-1.186323e+01	2.554598e+05	1.015626e+05	2.883145e+02	1.478133e-01	1.982152e-01	0.000000e+00	
3.804734e-02	2.223608e-02	1.226538e+00	6.058211e+01	-1.041931e+01	2.552775e+05	1.014949e+05	2.882660e+02	1.472475e-01	1.417005e-01	0.000000e+00	
2.516072e-03	4.375984e-02	1.222053e+00	6.051133e+01	1.374628e+00	2.539207e+05	1.009687e+05	2.878240e+02	1.456284e-01	-2.972340e-01	0.000000e+00	
4.271834e-02	7.167714e-03	1.227578e+00	6.059770e+01	-1.328895e+01	2.556022e+05	1.016138e+05	2.883594e+02	1.484536e-01	2.409620e-01	0.000000e+00	
4.279454e-02	1.037865e-02	1.227570e+00	6.058240e+01	-1.333085e+01	2.556029e+05	1.016143e+05	2.883624e+02	1.484395e-01	2.413101e-01	0.000000e+00	
4.063996e-02	2.085269e-02	1.227144e+00	6.059547e+01	-1.188137e+01	2.554590e+05	1.015622e+05	2.883147e+02	1.478272e-01	1.978453e-01	0.000000e+00	
2.039015e-02	3.558881e-02	1.222400e+00	6.058428e+01	9.458873e-02	2.540384e+05	1.010148e+05	2.878737e+02	1.457126e-01	-2.587710e-01	0.000000e+00	
1.788492e-02	3.711082e-02	1.221926e+00	6.058382e+01	1.174822e+00	2.539022e+05	1.009599e+05	2.878288e+02	1.458067e-01	-3.045900e-01	0.000000e+00	
1.537703e-02	3.864836e-02	1.221509e+00	6.058370e+01	2.067642e+00	2.537845e+05	1.009121e+05	2.877909e+02	1.459233e-01	-3.444453e-01	0.000000e+00	
1.286317e-02	4.021874e-02	1.221217e+00	6.057983e+01	2.725955e+00	2.537010e+05	1.008782e+05	2.877627e+02	1.460186e-01	-3.727807e-01	0.000000e+00	
2.289601e-02	3.407224e-02	1.222937e+00	6.058750e+01	-1.165289e+00	2.541942e+05	1.010771e+05	2.879248e+02	1.456702e-01	-2.067905e-01	0.000000e+00	
1.033541e-02	4.184656e-02	1.221023e+00	6.058701e+01	3.069047e+00	2.536486e+05	1.008566e+05	2.877471e+02	1.461025e-01	-3.907243e-01	0.000000e+00	
7.779500e-03	4.353305e-02	1.221116e+00	6.057174e+01	3.037444e+00	2.536688e+05	1.008651e+05	2.877494e+02	1.460503e-01	-3.836804e-01	0.000000e+00	
5.203854e-03	4.533834e-02	1.221203e+00	6.061748e+01	2.500429e+00	2.537060e+05	1.008796e+05	2.877702e+02	1.460856e-01	-3.715689e-01	0.000000e+00	
2.540472e-02	3.255737e-02	1.223530e+00	6.058656e+01	-2.555325e+00	2.543665e+05	1.011455e+05	2.879801e+02	1.456859e-01	-1.497304e-01	0.000000e+00	
2.791708e-02	3.104581e-02	1.224135e+00	6.058681e+01	-4.040826e+00	2.545453e+05	1.012157e+05	2.880375e+02	1.457938e-01	-9.116796e-02	0.000000e+00	
3.043462e-02	2.954337e-02	1.224760e+00	6.058835e+01	-5.586580e+00	2.547310e+05	1.012878e+05	2.880955e+02	1.460021e-01	-3.100480e-02	0.000000e+00	
3.296135e-02	2.805854e-02	1.225367e+00	6.058550e+01	-7.170470e+00	2.549147e+05	1.013584e+05	2.881534e+02	1.463060e-01	2.784730e-02	0.000000e+00	
3.550317e-02	2.660102e-02	1.225985e+00	6.058715e+01	-8.797856e+00	2.551026e+05	1.014296e+05	2.882106e+02	1.467313e-01	8.725483e-02	0.000000e+00	
3.806580e-02	2.517997e-02	1.226545e+00	6.057807e+01	-1.043163e+01	2.552796e+05	1.014957e+05	2.882667e+02	1.472419e-01	1.424195e-01	0.000000e+00	
0.000000e+00	4.504412e-02	1.222534e+00	6.060589e+01	-3.120638e-01	2.540821e+05	1.010319e+05	2.878911e+02	1.457460e-01	-2.444814e-01	0.000000e+00	
4.282811e-02	1.346329e-02	1.227577e+00	6.057391e+01	-1.335747e+01	2.556054e+05	1.016153e+05	2.883638e+02	1.484322e-01	2.421678e-01	0.000000e+00	
4.284125e-02	1.648934e-02	1.227580e+00	6.057824e+01	-1.336885e+01	2.556064e+05	1.016156e+05	2.883637e+02	1.484478e-01	2.424020e-01	0.000000e+00	
4.569681e-02	3.002941e-03	1.228164e+00	6.061682e+01	-1.524115e+01	2.557985e+05	1.016832e+05	2.884186e+02	1.494816e-01	2.988592e-01	0.000000e+00	
4.569681e-02	6.005882e-03	1.228190e+00	6.061203e+01	-1.526577e+01	2.558020e+05	1.016846e+05	2.884164e+02	1.494822e-01	2.999971e-01	0.000000e+00	
4.284705e-02	1.948819e-02	1.227578e+00	6.058573e+01	-1.337726e+01	2.556063e+05	1.016153e+05	2.883635e+02	1.484699e-01	2.422041e-01	0.000000e+00	
4.065513e-02	2.381676e-02	1.227187e+00	6.060960e+01	-1.190059e+01	2.554690e+05	1.015658e+05	2.883150e+02	1.478640e-01	2.009179e-01	0.000000e+00	
2.640428e-03	4.740914e-02	1.222087e+00	6.052158e+01	1.401548e+00	2.539273e+05	1.009712e+05	2.878230e+02	1.456508e-01	-2.951822e-01	0.000000e+00	
4.569681e-02	9.008824e-03	1.228168e+00	6.061153e+01	-1.525260e+01	2.557964e+05	1.016824e+05	2.884154e+02	1.494764e-01	2.981768e-01	0.000000e+00	
4.569681e-02	1.201176e-02	1.228170e+00	6.060297e+01	-1.525369e+01	2.557972e+05	1.016829e+05	2.884164e+02	1.494566e-01	2.985956e-01	0.000000e+00	
4.285529e-02	2.247374e-02	1.227584e+00	6.059591e+01	-1.338484e+01	2.556082e+05	1.016159e+05	2.883637e+02	1.484969e-01	2.426614e-01	0.000000e+00	
2.045486e-02	3.857774e-02	1.222404e+00	6.058406e+01	5.873358e-02	2.540402e+05	1.010155e+05	2.878748e+02	1.457112e-01	-2.581656e-01	0.000000e+00	
2.295151e-02	3.705416e-02	1.222940e+00	6.058638e+01	-1.197861e+00	2.541957e+05	1.010777e+05	2.879259e+02	1.456685e-01	-2.062802e-01	0.000000e+00	
1.795723e-02	4.011250e-02	1.221928e+00	6.058664e+01	1.142221e+00	2.539034e+05	1.009603e+05	2.878296e+02	1.458115e-01	-3.042192e-01	0.000000e+00	
1.545363e-02	4.167541e-02	1.221520e+00	6.059382e+01	2.039648e+00	2.537875e+05	1.009131e+05	2.877912e+02	1.459440e-01	-3.435924e-01	0.000000e+00	
1.294809e-02	4.329034e-02	1.221231e+00	6.059931e+01	2.704999e+00	2.537046e+05	1.008792e+05	2.877626e+02	1.460616e-01	-3.718704e-01	0.000000e+00	
2.545426e-02	3.553181e-02	1.223538e+00	6.058460e+01	-2.584288e+00	2.543691e+05	1.011466e+05	2.879812e+02	1.456830e-01	-1.488640e-01	0.000000e+00	
1.042463e-02	4.502059e-02	1.221064e+00	6.061843e+01	3.059649e+00	2.536581e+05	1.008599e+05	2.877467e+02	1.461722e-01	-3.880476e-01	0.000000e+00	
7.838760e-03	4.668454e-02	1.221086e+00	6.061578e+01	3.026771e+00	2.536640e+05	1.008623e+05	2.877483e+02	1.461587e-01	-3.860188e-01	0.000000e+00	
5.294981e-03	4.869310e-02	1.221239e+00	6.069415e+01	2.494834e+00	2.537157e+05	1.008820e+05	2.877686e+02	1.462657e-01	-3.695989e-01	0.000000e+00	
2.796436e-02	3.400987e-02	1.224144e+00	6.058543e+01	-4.069729e+00	2.545482e+05	1.012169e+05	2.880386e+02	1.457938e-01	-9.021386e-02	0.000000e+00	
3.047983e-02	3.249672e-02	1.224772e+00	6.058604e+01	-5.613160e+00	2.547344e+05	1.012892e+05	2.880967e+02	1.460008e-01	-2.986089e-02	0.000000e+00	
3.300151e-02	3.100568e-02	1.225378e+00	6.058321e+01	-7.194350e+00	2.549179e+05	1.013597e+05	2.881544e+02	1.463057e-01	2.891886e-02	0.000000e+00	
3.553374e-02	2.954924e-02	1.225996e+00	6.058738e+01	-8.810385e+00	2.551055e+05	1.014307e+05	2.882112e+02	1.467347e-01	8.819875e-02	0.000000e+00	
3.808121e-02	2.813344e-02	1.226546e+00	6.057200e+01	-1.044460e+01	2.552801e+05	1.014960e+05	2.882674e+02	1.472326e-01	1.426613e-01	0.000000e+00	
4.064806e-02	2.674107e-02	1.227175e+00	6.061846e+01	-1.195268e+01	2.554683e+05	1.015652e+05	2.883160e+02	1.479101e-01	2.003559e-01	0.000000e+00	
0.000000e+00	4.804706e-02	1.222513e+00	6.059653e+01	-1.833079e-01	2.540741e+05	1.010289e+05	2.878874e+02	1.457257e-01	-2.470078e-01	0.000000e+00	
4.569681e-02	1.501471e-02	1.228163e+00	6.060272e+01	-1.525342e+01	2.557958e+05	1.016824e+05	2.884164e+02	1.494567e-01	2.981292e-01	0.000000e+00	
4.569681e-02	1.801765e-02	1.228164e+00	6.060926e+01	-1.525386e+01	2.557959e+05	1.016823e+05	2.884159e+02	1.494722e-01	2.980420e-01	0.000000e+00	
4.569681e-02	2.102059e-02	1.228154e+00	6.061552e+01	-1.525649e+01	2.557941e+05	1.016814e+05	2.884158e+02	1.494895e-01	2.973340e-01	0.000000e+00	
4.288392e-02	2.544740e-02	1.227529e+00	6.059896e+01	-1.340338e+01	2.555976e+05	1.016115e+05	2.883642e+02	1.485201e-01	2.389834e-01	0.000000e+00	
3.046454e-03	5.105000e-02	1.222041e+00	6.060175e+01	1.418140e+00	2.539222e+05	1.009675e+05	2.878234e+02	1.458499e-01	-2.982377e-01	0.000000e+00	
4.569681e-02	2.402353e-02	1.228178e+00	6.060313e+01	-1.523920e+01	2.557996e+05	1.016840e+05	2.884175e+02	1.494473e-01	2.994622e-01	0.000000e+00	
2.054108e-02	4.161237e-02	1.222441e+00	6.060149e+01	1.730866e-02	2.540496e+05	1.010190e+05	2.878760e+02	1.457484e-01	-2.552991e-01	0.000000e+00	
2.301686e-02	4.008352e-02	1.222978e+00	6.059568e+01	-1.227510e+00	2.542050e+05	1.010813e+05	2.879270e+02	1.456874e-01	-2.033222e-01	0.000000e+00	
2.550217e-02	3.855708e-02	1.223555e+00	6.058959e+01	-2.610522e+00	2.543736e+05	1.011482e+05	2.879820e+02	1.456954e-01	-1.474546e-01	0.000000e+00	
1.805089e-02	4.316356e-02	1.221956e+00	6.060180e+01	1.105529e+00	2.539107e+05	1.009630e+05	2.878306e+02	1.458428e-01	-3.020210e-01	0.000000e+00	
1.554530e-02	4.475646e-02	1.221536e+00	6.061146e+01	2.009946e+00	2.537919e+05	1.009146e+05	2.877917e+02	1.459820e-01	-3.423637e-01	0.000000e+00	
1.307968e-02	4.638369e-02	1.221209e+00	6.062065e+01	2.671616e+00	2.537018e+05	1.008777e+05	2.877633e+02	1.461118e-01	-3.731404e-01	0.000000e+00	
2.800794e-02	3.702225e-02	1.224163e+00	6.058676e+01	-4.093100e+00	2.545529e+05	1.012187e+05	2.880395e+02	1.457983e-01	-8.868160e-02	0.000000e+00	
1.056847e-02	4.854630e-02	1.221031e+00	6.065307e+01	3.028858e+00	2.536545e+05	1.008577e+05	2.877482e+02	1.462553e-01	-3.898292e-01	0.000000e+00	
7.755143e-03	4.911060e-02	1.221111e+00	6.067244e+01	3.065070e+00	2.536709e+05	1.008639e+05	2.877470e+02	1.462970e-01	-3.846754e-01	0.000000e+00	
6.092908e-03	5.105000e-02	1.221112e+00	6.071480e+01	2.705861e+00	2.536870e+05	1.008698e+05	2.877637e+02	1.463535e-01	-3.797334e-01	0.000000e+00	
3.052424e-02	3.548719e-02	1.224783e+00	6.058442e+01	-5.638546e+00	2.547375e+05	1.012904e+05	2.880977e+02	1.460010e-01	-2.883123e-02	0.000000e+00	
3.304390e-02	3.397594e-02	1.225389e+00	6.058068e+01	-7.218910e+00	2.549210e+05	1.013609e+05	2.881554e+02	1.463051e-01	2.994950e-02	0.000000e+00	
3.556875e-02	3.251155e-02	1.226007e+00	6.058400e+01	-8.829070e+00	2.551085e+05	1.014319e+05	2.882120e+02	1.467316e-01	8.918910e-02	0.000000e+00	
3.810330e-02	3.110423e-02	1.226548e+00	6.056966e+01	-1.045245e+01	2.552811e+05	1.014964e+05	2.882680e+02	1.472298e-01	1.429986e-01	0.000000e+00	
4.064751e-02	2.975294e-02	1.227198e+00	6.059731e+01	-1.200398e+01	2.554748e+05	1.015680e+05	2.883185e+02	1.478808e-01	2.027259e-01	0.000000e+00	
4.317461e-02	2.845516e-02	1.227582e+00	6.058622e+01	-1.348118e+01	2.556099e+05	1.016163e+05	2.883655e+02	1.485240e-01	2.430245e-01	0.000000e+00	
0.000000e+00	5.105000e-02	1.222512e+00	6.063218e+01	-6.580643e-02	2.540709e+05	1.010269e+05	2.878819e+02	1.458123e-01	-2.486587e-01	0.000000e+00	
4.569681e-02	2.702647e-02	1.228159e+00	6.057393e+01	-1.523365e+01	2.557944e+05	1.016824e+05	2.884176e+02	1.493786e-01	2.981947e-01	0.000000e+00	
2.311382e-02	4.316400e-02	1.222945e+00	6.060425e+01	-1.284505e+00	2.542001e+05	1.010791e+05	2.879285e+02	1.457144e-01	-2.051503e-01	0.000000e+00	
2.067012e-02	4.469445e-02	1.222449e+00	6.061776e+01	-5.876111e-02	2.540543e+05	1.010206e+05	2.878785e+02	1.457860e-01	-2.539780e-01	0.000000e+00	
2.554456e-02	4.165265e-02	1.223556e+00	6.058641e+01	-2.633726e+00	2.543745e+05	1.011487e+05	2.879828e+02	1.456898e-01	-1.470995e-01	0.000000e+00	
2.803702e-02	4.011681e-02	1.224152e+00	6.058720e+01	-4.113690e+00	2.545511e+05	1.012179e+05	2.880398e+02	1.458039e-01	-8.932334e-02	0.000000e+00	
1.816244e-02	4.626203e-02	1.221951e+00	6.063040e+01	1.050187e+00	2.539124e+05	1.009631e+05	2.878321e+02	1.459094e-01	-3.019204e-01	0.000000e+00	
1.560044e-02	4.790423e-02	1.221560e+00	6.063241e+01	1.985990e+00	2.537987e+05	1.009169e+05	2.877925e+02	1.460273e-01	-3.404420e-01	0.000000e+00	
1.340587e-02	4.891982e-02	1.221306e+00	6.063106e+01	2.650675e+00	2.537241e+05	1.008865e+05	2.877656e+02	1.461225e-01	-3.658190e-01	0.000000e+00	
3.056312e-02	3.855479e-02	1.224790e+00	6.058438e+01	-5.658817e+00	2.547396e+05	1.012913e+05	2.880983e+02	1.460045e-01	-2.814913e-02	0.000000e+00	
9.139362e-03	5.105000e-02	1.221077e+00	6.068185e+01	3.113481e+00	2.536646e+05	1.008611e+05	2.877472e+02	1.463296e-01	-3.869962e-01	0.000000e+00	
3.308779e-02	3.699498e-02	1.225405e+00	6.057969e+01	-7.243804e+00	2.549252e+05	1.013625e+05	2.881563e+02	1.463077e-01	3.132185e-02	0.000000e+00	
3.560960e-02	3.550147e-02	1.226013e+00	6.058133e+01	-8.850850e+00	2.551106e+05	1.014328e+05	2.882129e+02	1.467318e-01	8.990179e-02	0.000000e+00	
3.813438e-02	3.408605e-02	1.226579e+00	6.057380e+01	-1.046967e+01	2.552882e+05	1.014991e+05	2.882684e+02	1.472427e-01	1.452747e-01	0.000000e+00	
4.066892e-02	3.274646e-02	1.227160e+00	6.057838e+01	-1.201210e+01	2.554675e+05	1.015654e+05	2.883201e+02	1.478443e-01	2.005542e-01	0.000000e+00	
4.321875e-02	3.146674e-02	1.227659e+00	6.056814e+01	-1.350584e+01	2.556270e+05	1.016234e+05	2.883676e+02	1.484847e-01	2.489636e-01	0.000000e+00	
4.569681e-02	3.002941e-02	1.228201e+00	6.057472e+01	-1.523846e+01	2.558033e+05	1.016860e+05	2.884177e+02	1.493781e-01	3.011650e-01	0.000000e+00	
1.218582e-02	5.105000e-02	1.221141e+00	6.065511e+01	2.879166e+00	2.536855e+05	1.008703e+05	2.877581e+02	1.462270e-01	-3.793538e-01	0.000000e+00	
2.333408e-02	4.621964e-02	1.223077e+00	6.061978e+01	-1.336379e+00	2.542301e+05	1.010908e+05	2.879310e+02	1.457381e-01	-1.953419e-01	0.000000e+00	
2.558334e-02	4.484680e-02	1.223580e+00	6.059998e+01	-2.650382e+00	2.543801e+05	1.011506e+05	2.879828e+02	1.457212e-01	-1.454580e-01	0.000000e+00	
2.083626e-02	4.786324e-02	1.222469e+00	6.064043e+01	-1.351634e-01	2.540625e+05	1.010234e+05	2.878819e+02	1.458376e-01	-2.516227e-01	0.000000e+00	
2.801081e-02	4.328608e-02	1.224190e+00	6.060512e+01	-4.092718e+00	2.545587e+05	1.012207e+05	2.880386e+02	1.458392e-01	-8.702991e-02	0.000000e+00	
3.058582e-02	4.178481e-02	1.224806e+00	6.059665e+01	-5.666913e+00	2.547436e+05	1.012926e+05	2.880983e+02	1.460337e-01	-2.704198e-02	0.000000e+00	
1.829358e-02	4.930093e-02	1.221976e+00	6.065077e+01	1.001215e+00	2.539218e+05	1.009665e+05	2.878358e+02	1.459525e-01	-2.990996e-01	0.000000e+00	
1.523227e-02	5.105000e-02	1.221541e+00	6.064147e+01	2.053976e+00	2.537965e+05	1.009158e+05	2.877940e+02	1.460566e-01	-3.413542e-01	0.000000e+00	
3.313115e-02	4.009822e-02	1.225410e+00	6.058321e+01	-7.270418e+00	2.549273e+05	1.013632e+05	2.881571e+02	1.463229e-01	3.190387e-02	0.000000e+00	
3.565742e-02	3.854286e-02	1.226026e+00	6.058291e+01	-8.883470e+00	2.551144e+05	1.014342e+05	2.882139e+02	1.467451e-01	9.107096e-02	0.000000e+00	
3.817547e-02	3.709587e-02	1.226581e+00	6.057459e+01	-1.049020e+01	2.552895e+05	1.014996e+05	2.882693e+02	1.472526e-01	1.456278e-01	0.000000e+00	
4.069384e-02	3.574721e-02	1.227183e+00	6.057952e+01	-1.202504e+01	2.554728e+05	1.015675e+05	2.883206e+02	1.478501e-01	2.022781e-01	0.000000e+00	
4.322721e-02	3.447538e-02	1.227657e+00	6.055960e+01	-1.350688e+01	2.556270e+05	1.016236e+05	2.883686e+02	1.484653e-01	2.491229e-01	0.000000e+00	
4.569681e-02	3.303235e-02	1.228168e+00	6.057819e+01	-1.521634e+01	2.557956e+05	1.016830e+05	2.884169e+02	1.493775e-01	2.986222e-01	0.000000e+00	
2.570743e-02	4.757186e-02	1.223638e+00	6.061188e+01	-2.749125e+00	2.543975e+05	1.011573e+05	2.879882e+02	1.457521e-01	-1.399021e-01	0.000000e+00	
2.308761e-02	4.870963e-02	1.222932e+00	6.062322e+01	-1.250729e+00	2.541981e+05	1.010780e+05	2.879283e+02	1.457599e-01	-2.060971e-01	0.000000e+00	
2.771949e-02	4.591245e-02	1.224071e+00	6.061987e+01	-3.958816e+00	2.545297e+05	1.012089e+05	2.880331e+02	1.458688e-01	-9.685531e-02	0.000000e+00	
2.132518e-02	5.105000e-02	1.222609e+00	6.062614e+01	-3.081253e-01	2.540978e+05	1.010379e+05	2.878902e+02	1.457859e-01	-2.395450e-01	0.000000e+00	
3.058285e-02	4.556149e-02	1.224757e+00	6.060634e+01	-5.655730e+00	2.547339e+05	1.012885e+05	2.880983e+02	1.460602e-01	-3.044524e-02	0.000000e+00	
3.317931e-02	4.328620e-02	1.225434e+00	6.058321e+01	-7.295015e+00	2.549335e+05	1.013657e+05	2.881585e+02	1.463267e-01	3.395664e-02	0.000000e+00	
1.827872e-02	5.105000e-02	1.221880e+00	6.061534e+01	1.013567e+00	2.539031e+05	1.009597e+05	2.878390e+02	1.458784e-01	-3.047756e-01	0.000000e+00	
3.571015e-02	4.165271e-02	1.226045e+00	6.059364e+01	-8.916034e+00	2.551201e+05	1.014362e+05	2.882150e+02	1.467793e-01	9.273170e-02	0.000000e+00	
3.823601e-02	4.015518e-02	1.226612e+00	6.058020e+01	-1.051969e+01	2.552976e+05	1.015026e+05	2.882705e+02	1.472738e-01	1.481635e-01	0.000000e+00	
4.073295e-02	3.877248e-02	1.227184e+00	6.057796e+01	-1.203792e+01	2.554737e+05	1.015678e+05	2.883214e+02	1.478522e-01	2.025567e-01	0.000000e+00	
4.323558e-02	3.749017e-02	1.227668e+00	6.055383e+01	-1.350595e+01	2.556295e+05	1.016247e+05	2.883692e+02	1.484499e-01	2.500517e-01	0.000000e+00	
4.569681e-02	3.603529e-02	1.228174e+00	6.057161e+01	-1.521236e+01	2.557967e+05	1.016836e+05	2.884171e+02	1.493591e-01	2.991230e-01	0.000000e+00	
2.913445e-02	4.791777e-02	1.224444e+00	6.062423e+01	-4.743772e+00	2.546362e+05	1.012505e+05	2.880637e+02	1.459620e-01	-6.217306e-02	0.000000e+00	
2.437163e-02	5.105000e-02	1.223255e+00	6.063409e+01	-1.895132e+00	2.542879e+05	1.011135e+05	2.879534e+02	1.457813e-01	-1.764749e-01	0.000000e+00	
3.333818e-02	4.603484e-02	1.225493e+00	6.056917e+01	-7.383494e+00	2.549497e+05	1.013722e+05	2.881632e+02	1.463106e-01	3.941750e-02	0.000000e+00	
3.571974e-02	4.480967e-02	1.226031e+00	6.059426e+01	-8.941238e+00	2.551180e+05	1.014352e+05	2.882157e+02	1.467911e-01	9.195552e-02	0.000000e+00	
3.833849e-02	4.328045e-02	1.226602e+00	6.058558e+01	-1.057013e+01	2.552975e+05	1.015023e+05	2.882720e+02	1.473081e-01	1.478957e-01	0.000000e+00	
4.081024e-02	4.184096e-02	1.227220e+00	6.056386e+01	-1.205561e+01	2.554822e+05	1.015714e+05	2.883232e+02	1.478225e-01	2.055960e-01	0.000000e+00	
4.325707e-02	4.051259e-02	1.227667e+00	6.054119e+01	-1.351030e+01	2.556293e+05	1.016249e+05	2.883699e+02	1.484226e-01	2.501824e-01	0.000000e+00	
4.569681e-02	3.903824e-02	1.228182e+00	6.056066e+01	-1.520046e+01	2.557978e+05	1.016843e+05	2.884174e+02	1.493258e-01	2.997243e-01	0.000000e+00	
2.741809e-02	5.105000e-02	1.223968e+00	6.059539e+01	-3.789587e+00	2.545035e+05	1.011991e+05	2.880294e+02	1.457974e-01	-1.050459e-01	0.000000e+00	
3.212628e-02	4.807478e-02	1.225142e+00	6.062043e+01	-6.548989e+00	2.548476e+05	1.013321e+05	2.881317e+02	1.462541e-01	5.937106e-03	0.000000e+00	
3.046454e-02	5.105000e-02	1.224822e+00	6.063785e+01	-5.629240e+00	2.547479e+05	1.012936e+05	2.880974e+02	1.461220e-01	-2.621206e-02	0.000000e+00	
3.519433e-02	4.839441e-02	1.225967e+00	6.056406e+01	-8.644637e+00	2.550954e+05	1.014276e+05	2.882090e+02	1.466267e-01	8.559265e-02	0.000000e+00	
3.855597e-02	4.642788e-02	1.226662e+00	6.058117e+01	-1.064092e+01	2.553116e+05	1.015078e+05	2.882735e+02	1.473193e-01	1.524950e-01	0.000000e+00	
4.100455e-02	4.503473e-02	1.227202e+00	6.054870e+01	-1.213786e+01	2.554809e+05	1.015709e+05	2.883258e+02	1.478270e-01	2.051106e-01	0.000000e+00	
4.330147e-02	4.349835e-02	1.227710e+00	6.052666e+01	-1.353134e+01	2.556390e+05	1.016290e+05	2.883712e+02	1.483940e-01	2.535785e-01	0.000000e+00	
4.569681e-02	4.204118e-02	1.228179e+00	6.056020e+01	-1.519915e+01	2.557968e+05	1.016839e+05	2.884170e+02	1.493244e-01	2.994020e-01	0.000000e+00	
3.351099e-02	5.105000e-02	1.225425e+00	6.062600e+01	-7.344121e+00	2.549349e+05	1.013653e+05	2.881594e+02	1.464436e-01	3.359283e-02	0.000000e+00	
3.824084e-02	4.894276e-02	1.226705e+00	6.057084e+01	-1.050334e+01	2.553194e+05	1.015116e+05	2.882743e+02	1.472329e-01	1.556867e-01	0.000000e+00	
3.655745e-02	5.105000e-02	1.226175e+00	6.059141e+01	-9.532211e+00	2.551736e+05	1.014558e+05	2.882404e+02	1.469743e-01	1.091122e-01	0.000000e+00	
4.144981e-02	4.768286e-02	1.227377e+00	6.060235e+01	-1.236139e+01	2.555290e+05	1.015883e+05	2.883341e+02	1.480357e-01	2.196226e-01	0.000000e+00	
4.331099e-02	4.606977e-02	1.227730e+00	6.055178e+01	-1.360010e+01	2.556467e+05	1.016313e+05	2.883731e+02	1.484857e-01	2.555043e-01	0.000000e+00	
4.569681e-02	4.504412e-02	1.228183e+00	6.060396e+01	-1.521960e+01	2.558000e+05	1.016842e+05	2.884169e+02	1.494374e-01	2.996375e-01	0.000000e+00	
3.960390e-02	5.105000e-02	1.226944e+00	6.059773e+01	-1.125676e+01	2.554027e+05	1.015419e+05	2.883040e+02	1.475789e-01	1.809167e-01	0.000000e+00	
4.569681e-02	4.804706e-02	1.228180e+00	6.068126e+01	-1.526438e+01	2.558048e+05	1.016843e+05	2.884179e+02	1.496428e-01	2.997813e-01	0.000000e+00	
4.265036e-02	5.105000e-02	1.227571e+00	6.060868e+01	-1.327859e+01	2.556068e+05	1.016155e+05	2.883657e+02	1.484732e-01	2.423529e-01	0.000000e+00	
4.569681e-02	5.105000e-02	1.228146e+00	6.064648e+01	-1.523297e+01	2.557965e+05	1.016819e+05	2.884190e+02	1.495477e-01	2.977236e-01	0.000000e+00	
0.000000e+00	0.000000e+00	1.222512e+00	6.063218e+01	-6.580643e-02	2.540709e+05	1.010269e+05	2.878819e+02	1.458123e-01	-2.486587e-01	0.000000e+00	
3.046454e-03	0.000000e+00	1.222041e+00	6.060175e+01	1.418140e+00	2.539222e+05	1.009675e+05	2.878234e+02	1.458499e-01	-2.982377e-01	0.000000e+00	
6.092908e-03	0.000000e+00	1.221112e+00	6.071480e+01	2.705861e+00	2.536870e+05	1.008698e+05	2.877637e+02	1.463535e-01	-3.797334e-01	0.000000e+00	
9.139362e-03	0.000000e+00	1.221077e+00	6.068185e+01	3.113481e+00	2.536646e+05	1.008611e+05	2.877472e+02	1.463296e-01	-3.869962e-01	0.000000e+00	
1.218582e-02	0.000000e+00	1.221141e+00	6.065511e+01	2.879166e+00	2.536855e+05	1.008703e+05	2.877581e+02	1.462270e-01	-3.793538e-01	0.000000e+00	
1.523227e-02	0.000000e+00	1.221541e+00	6.064147e+01	2.053976e+00	2.537965e+05	1.009158e+05	2.877940e+02	1.460566e-01	-3.413542e-01	0.000000e+00	
1.827872e-02	0.000000e+00	1.221880e+00	6.061534e+01	1.013567e+00	2.539031e+05	1.009597e+05	2.878390e+02	1.458784e-01	-3.047756e-01	0.000000e+00	
2.132518e-02	0.000000e+00	1.222609e+00	6.062614e+01	-3.081253e-01	2.540978e+05	1.010379e+05	2.878902e+02	1.457859e-01	-2.395450e-01	0.000000e+00	
2.437163e-02	0.000000e+00	1.223255e+00	6.063409e+01	-1.895132e+00	2.542879e+05	1.011135e+05	2.879534e+02	1.457813e-01	-1.764749e-01	0.000000e+00	
2.741809e-02	0.000000e+00	1.223968e+00	6.059539e+01	-3.789587e+00	2.545035e+05	1.011991e+05	2.880294e+02	1.457974e-01	-1.050459e-01	0.000000e+00	
3.046454e-02	0.000000e+00	1.224822e+00	6.063785e+01	-5.629240e+00	2.547479e+05	1.012936e+05	2.880974e+02	1.461220e-01	-2.621206e-02	0.000000e+00	
3.351099e-02	0.000000e+00	1.225425e+00	6.062600e+01	-7.344121e+00	2.549349e+05	1.013653e+05	2.881594e+02	1.464436e-01	3.359283e-02	0.000000e+00	
3.655745e-02	0.000000e+00	1.226175e+00	6.059141e+01	-9.532211e+00	2.551736e+05	1.014558e+05	2.882404e+02	1.469743e-01	1.091122e-01	0.000000e+00	
3.960390e-02	0.000000e+00	1.226944e+00	6.059773e+01	-1.125676e+01	2.554027e+05	1.015419e+05	2.883040e+02	1.475789e-01	1.809167e-01	0.000000e+00	
4.569681e-02	0.000000e+00	1.228146e+00	6.064648e+01	-1.523297e+01	2.557965e+05	1.016819e+05	2.884190e+02	1.495477e-01	2.977236e-01	0.000000e+00	
4.265036e-02	0.000000e+00	1.227571e+00	6.060868e+01	-1.327859e+01	2.556068e+05	1.016155e+05	2.883657e+02	1.484732e-01	2.423529e-01	0.000000e+00	
321	322	1	1
1	322	2	2
322	323	2	2
1	2	3	3
2	323	4	4
2	5	3	3
1	3	6	6
323	324	4	4
2	4	7	7
3	5	8	8
2	7	5	5
6	3	8	8
4	324	9	9
7	4	9	9
5	10	8	8
7	11	5	5
6	8	12	12
324	325	9	9
7	9	13	13
8	10	14	14
5	11	10	10
11	7	13	13
12	8	14	14
9	325	15	15
13	9	15	15
10	16	14	14
11	17	10	10
13	18	11	11
12	14	19	19
15	325	20	20
13	15	21	21
14	16	22	22
10	17	16	16
11	18	17	17
18	13	21	21
19	14	22	22
325	326	20	20
15	20	23	23
21	15	23	23
16	24	22	22
17	25	16	16
18	26	17	17
21	27	18	18
19	22	28	28
326	29	20	20
20	30	23	23
23	31	21	21
22	24	32	32
16	25	24	24
17	26	25	25
18	27	26	26
21	31	27	27
28	22	32	32
20	29	30	30
326	327	29	29
23	30	33	33
23	33	31	31
24	34	32	32
25	35	24	24
26	36	25	25
27	37	26	26
31	38	27	27
28	32	39	39
30	29	40	40
29	327	40	40
30	41	33	33
42	31	33	33
32	34	43	43
24	35	34	34
25	36	35	35
26	37	36	36
27	38	37	37
38	31	42	42
39	32	43	43
30	40	41	41
327	328	40	40
33	41	44	44
42	33	44	44
34	45	43	43
35	46	34	34
36	47	35	35
37	48	36	36
38	49	37	37
50	38	42	42
39	43	51	51
41	40	52	52
40	328	53	53
44	41	54	54
42	44	55	55
43	45	56	56
46	45	34	34
35	47	46	46
36	48	47	47
37	49	48	48
50	49	38	38
55	50	42	42
51	43	56	56
40	53	52	52
41	52	54	54
329	53	328	328
57	44	54	54
44	57	55	55
58	56	45	45
59	45	46	46
60	46	47	47
61	47	48	48
49	62	48	48
63	49	50	50
55	64	50	50
51	56	65	65
66	52	53	53
52	67	54	54
329	66	53	53
54	68	57	57
55	57	69	69
59	58	45	45
58	70	56	56
60	59	46	46
61	60	47	47
48	62	61	61
62	49	63	63
63	50	64	64
64	55	69	69
56	70	65	65
66	67	52	52
54	67	68	68
330	66	329	329
57	68	71	71
69	57	71	71
72	58	59	59
73	70	58	58
74	59	60	60
75	60	61	61
76	61	62	62
63	77	62	62
78	63	64	64
79	64	69	69
65	70	80	80
66	81	67	67
67	82	68	68
330	81	66	66
71	68	83	83
71	84	69	69
72	59	74	74
58	72	73	73
70	73	85	85
75	74	60	60
76	75	61	61
76	62	77	77
78	77	63	63
79	78	64	64
69	84	79	79
70	85	80	80
81	82	67	67
68	82	83	83
330	86	81	81
71	83	87	87
84	71	87	87
88	72	74	74
72	89	73	73
73	90	85	85
91	74	75	75
92	75	76	76
77	93	76	76
94	77	78	78
95	78	79	79
96	79	84	84
80	85	97	97
81	98	82	82
82	99	83	83
86	98	81	81
86	330	331	331
87	83	100	100
87	101	84	84
91	88	74	74
72	88	89	89
73	89	90	90
90	102	85	85
92	91	75	75
93	92	76	76
94	93	77	77
95	94	78	78
96	95	79	79
84	101	96	96
97	85	102	102
98	99	82	82
83	99	100	100
98	86	103	103
86	331	332	332
87	100	104	104
101	87	104	104
91	105	88	88
106	89	88	88
89	107	90	90
108	102	90	90
109	91	92	92
93	110	92	92
111	93	94	94
112	94	95	95
113	95	96	96
114	96	101	101
97	102	115	115
99	98	116	116
100	99	117	117
103	86	332	332
116	98	103	103
104	100	118	118
119	101	104	104
105	106	88	88
109	105	91	91
106	107	89	89
107	108	90	90
120	102	108	108
92	110	109	109
111	110	93	93
112	111	94	94
113	112	95	95
114	113	96	96
119	114	101	101
115	102	120	120
117	99	116	116
118	100	117	117
103	332	121	121
116	103	122	122
118	123	104	104
119	104	123	123
124	106	105	105
125	105	109	109
106	126	107	107
127	108	107	107
120	108	128	128
129	109	110	110
130	110	111	111
131	111	112	112
132	112	113	113
133	113	114	114
134	114	119	119
115	120	135	135
117	116	136	136
118	117	137	137
121	332	333	333
122	103	121	121
136	116	122	122
138	123	118	118
123	139	119	119
125	124	105	105
124	126	106	106
129	125	109	109
127	107	126	126
127	128	108	108
140	120	128	128
130	129	110	110
131	130	111	111
132	131	112	112
133	132	113	113
134	133	114	114
134	119	139	139
135	120	140	140
137	117	136	136
137	138	118	118
121	333	141	141
141	122	121	121
142	136	122	122
138	143	123	123
143	139	123	123
144	124	125	125
126	124	145	145
146	125	129	129
147	127	126	126
148	128	127	127
128	149	140	140
150	129	130	130
130	131	151	151
152	131	132	132
153	132	133	133
133	134	154	154
139	155	134	134
135	140	156	156
136	157	137	137
158	138	137	137
141	333	159	159
142	122	141	141
157	136	142	142
160	143	138	138
143	161	139	139
146	144	125	125
144	145	124	124
126	145	147	147
150	146	129	129
127	147	148	148
148	149	128	128
162	140	149	149
150	130	151	151
152	151	131	131
153	152	132	132
153	133	154	154
155	154	134	134
161	155	139	139
156	140	162	162
157	158	137	137
158	160	138	138
159	333	334	334
163	141	159	159
163	142	141	141
157	142	164	164
160	165	143	143
165	161	143	143
166	144	146	146
167	145	144	144
145	168	147	147
169	146	150	150
147	170	148	148
148	171	149	149
172	162	149	149
150	151	173	173
151	152	174	174
175	152	153	153
176	153	154	154
154	155	177	177
155	161	178	178
156	162	179	179
180	158	157	157
158	181	160	160
159	334	336	336
182	163	159	159
164	142	163	163
180	157	164	164
183	165	160	160
165	184	161	161
146	169	166	166
144	166	167	167
145	167	168	168
170	147	168	168
169	150	173	173
170	171	148	148
172	149	171	171
162	172	185	185
173	151	174	174
175	174	152	152
176	175	153	153
177	176	154	154
155	178	177	177
161	184	178	178
162	185	179	179
181	158	180	180
181	183	160	160
182	159	336	336
186	163	182	182
186	164	163	163
187	180	164	164
183	188	165	165
188	184	165	165
169	189	166	166
166	190	167	167
167	191	168	168
170	168	192	192
173	193	169	169
194	171	170	170
195	172	171	171
172	196	185	185
174	197	173	173
198	174	175	175
175	176	199	199
176	177	200	200
177	178	201	201
178	184	202	202
179	185	203	203
204	181	180	180
205	183	181	181
206	182	336	336
182	207	186	186
187	164	186	186
204	180	187	187
183	208	188	188
184	188	209	209
190	166	189	189
189	169	193	193
190	191	167	167
168	191	192	192
170	192	194	194
193	173	197	197
194	195	171	171
172	195	196	196
210	185	196	196
198	197	174	174
198	175	199	199
200	199	176	176
177	201	200	200
178	202	201	201
184	209	202	202
203	185	210	210
205	181	204	204
205	208	183	183
335	206	336	336
206	207	182	182
207	211	186	186
186	211	187	187
187	212	204	204
208	213	188	188
188	213	209	209
189	214	190	190
193	215	189	189
190	216	191	191
191	217	192	192
192	218	194	194
193	197	219	219
194	220	195	195
221	196	195	195
222	210	196	196
198	223	197	197
199	224	198	198
200	225	199	199
200	201	226	226
201	202	227	227
202	209	228	228
203	210	229	229
204	230	205	205
205	231	208	208
211	212	187	187
212	230	204	204
208	232	213	213
213	233	209	209
214	216	190	190
215	214	189	189
193	219	215	215
216	217	191	191
192	217	218	218
194	218	220	220
219	197	223	223
220	221	195	195
221	222	196	196
222	234	210	210
198	224	223	223
199	225	224	224
226	225	200	200
201	227	226	226
202	228	227	227
209	233	228	228
210	234	229	229
230	231	205	205
231	232	208	208
232	235	213	213
213	235	233	233
236	216	214	214
237	214	215	215
219	238	215	215
216	239	217	217
240	218	217	217
218	241	220	220
219	223	242	242
220	243	221	221
244	222	221	221
245	234	222	222
224	246	223	223
225	247	224	224
226	248	225	225
227	249	226	226
228	250	227	227
233	251	228	228
229	234	252	252
235	253	233	233
237	236	214	214
239	216	236	236
237	215	238	238
238	219	242	242
239	240	217	217
241	218	240	240
241	243	220	220
242	223	246	246
243	244	221	221
244	245	222	222
246	224	247	247
247	225	248	248
249	248	226	226
250	249	227	227
228	251	250	250
233	253	251	251
237	254	236	236
236	255	239	239
238	256	237	237
242	257	238	238
258	240	239	239
240	259	241	241
241	260	243	243
246	261	242	242
243	262	244	244
262	245	244	244
263	246	247	247
247	248	264	264
248	249	265	265
249	250	266	266
267	250	251	251
268	251	253	253
254	255	236	236
256	254	237	237
255	258	239	239
257	256	238	238
261	257	242	242
258	259	240	240
259	260	241	241
260	269	243	243
261	246	263	263
269	262	243	243
264	263	247	247
264	248	265	265
249	266	265	265
250	267	266	266
268	267	251	251
270	255	254	254
271	254	256	256
255	272	258	258
273	256	257	257
261	274	257	257
275	259	258	258
276	260	259	259
276	269	260	260
261	263	277	277
278	263	264	264
265	279	264	264
265	266	280	280
266	267	281	281
267	268	282	282
271	270	254	254
270	272	255	255
273	271	256	256
272	275	258	258
273	257	274	274
274	261	277	277
275	276	259	259
278	277	263	263
264	279	278	278
265	280	279	279
280	266	281	281
281	267	282	282
283	270	271	271
270	284	272	272
273	285	271	271
272	286	275	275
274	287	273	273
288	274	277	277
289	276	275	275
290	277	278	278
291	278	279	279
280	292	279	279
281	293	280	280
281	282	294	294
283	271	285	285
283	284	270	270
284	286	272	272
287	285	273	273
286	289	275	275
288	287	274	274
290	288	277	277
291	290	278	278
292	291	279	279
280	293	292	292
281	294	293	293
283	285	295	295
283	296	284	284
296	286	284	284
287	295	285	285
287	288	297	297
290	298	288	288
299	290	291	291
291	292	300	300
292	293	301	301
293	294	302	302
295	303	283	283
303	296	283	283
304	295	287	287
297	288	298	298
287	297	304	304
298	290	299	299
291	300	299	299
300	292	301	301
301	293	302	302
305	303	295	295
304	305	295	295
298	306	297	297
297	306	304	304
307	298	299	299
299	300	308	308
301	309	300	300
301	302	310	310
311	305	304	304
306	298	307	307
306	311	304	304
308	307	299	299
300	309	308	308
301	310	309	309
312	306	307	307
313	311	306	306
314	307	308	308
308	309	315	315
309	310	316	316
312	307	314	314
312	313	306	306
308	315	314	314
315	309	316	316
314	317	312	312
317	313	312	312
314	315	318	318
315	316	318	318
319	317	314	314
319	314	318	318
320	319	318	318
