/*--------------------------------*- C++ -*----------------------------------*\
  =========                 |
  \\      /  F ield         | OpenFOAM: The Open Source CFD Toolbox
   \\    /   O peration     | Website:  https://openfoam.org
    \\  /    A nd           | Version:  6
     \\/     M anipulation  |
\*---------------------------------------------------------------------------*/
FoamFile
{
    version     2.0;
    format      ascii;
    class       volVectorField;
    location    "110";
    object      U;
}
// * * * * * * * * * * * * * * * * * * * * * * * * * * * * * * * * * * * * * //

dimensions      [0 1 -1 0 0 0 0];

internalField   nonuniform List<vector> 
4000
(
(400 5.60145e-14 0)
(400 6.97212e-14 0)
(400 6.27188e-14 0)
(400 6.07853e-14 0)
(400 7.46509e-14 0)
(400 8.04378e-14 0)
(400 8.29124e-14 0)
(400 8.61356e-14 0)
(400 8.17229e-14 0)
(400 4.78351e-14 0)
(400 3.26007e-14 0)
(400 2.1799e-14 0)
(400 -2.83023e-15 0)
(400 -1.57775e-14 0)
(400 -1.26001e-14 0)
(400 -8.3431e-15 0)
(400 -1.93055e-14 0)
(400 -3.84315e-14 0)
(400 -2.39917e-14 0)
(400 2.73102e-15 0)
(400 3.25583e-14 0)
(400 5.22071e-14 0)
(400 6.2695e-14 0)
(400 6.94656e-14 0)
(400 7.5738e-14 0)
(400 7.73409e-14 0)
(400 7.42369e-14 0)
(400 7.68004e-14 0)
(400 7.13604e-14 0)
(400 5.31992e-14 0)
(400 3.34781e-14 0)
(400 1.73561e-14 0)
(400 1.93791e-14 0)
(400 1.62683e-14 0)
(400 1.68557e-14 0)
(400 3.24894e-14 0)
(400 3.9071e-14 0)
(400 4.20594e-14 0)
(400 4.11196e-14 0)
(400 3.88116e-14 0)
(400 4.24173e-14 0)
(400 4.77005e-14 0)
(400 3.72062e-14 0)
(400 3.09836e-14 0)
(400 4.19803e-14 0)
(400 4.6271e-14 0)
(400 4.94305e-14 0)
(400 3.35269e-14 0)
(400 8.04996e-15 0)
(400 3.92793e-15 0)
(400 1.00949e-14 0)
(400 1.34633e-14 0)
(400 2.06026e-14 0)
(400 1.97461e-14 0)
(400 5.05881e-15 0)
(400 3.39882e-15 0)
(400 -4.34755e-15 0)
(400 -8.87561e-15 0)
(400 -9.98882e-15 0)
(400 -1.01908e-14 0)
(400 -9.62489e-15 0)
(400 -9.75762e-15 0)
(400 8.01606e-15 0)
(400 3.63398e-14 0)
(400 5.08837e-14 0)
(400 5.16908e-14 0)
(400 5.14472e-14 0)
(400 5.43744e-14 0)
(400 5.04959e-14 0)
(400 3.99369e-14 0)
(400 2.94374e-14 0)
(400 1.0682e-14 0)
(400 6.40487e-15 0)
(400 1.2566e-14 0)
(400 1.51099e-14 0)
(400 2.34416e-14 0)
(400 1.48834e-14 0)
(400 1.45386e-14 0)
(400 1.28873e-14 0)
(400 -9.42167e-15 0)
(400 -9.09897e-15 0)
(400 2.84332e-16 0)
(400 -7.9805e-15 0)
(400 -1.87686e-14 0)
(400 -2.98847e-14 0)
(400 -3.68194e-14 0)
(400 -2.914e-14 0)
(400 -3.73568e-14 0)
(400 -4.75697e-14 0)
(400 -3.04648e-14 0)
(400 -4.31154e-15 0)
(400 2.48352e-14 0)
(400 2.12754e-14 0)
(400 -5.30569e-15 0)
(400 -4.6128e-15 0)
(400 8.0036e-15 0)
(400 2.45501e-15 0)
(400 2.49606e-14 0)
(400 3.81224e-14 0)
(400 4.08873e-14 0)
(400 3.34494e-14 0)
(400 1.11335e-14 0)
(400 6.12787e-15 0)
(400 2.95319e-15 0)
(400 -4.1454e-15 0)
(400 -1.37061e-14 0)
(400 -1.69298e-14 0)
(400 -6.44192e-15 0)
(400 4.1493e-15 0)
(400 1.28242e-14 0)
(400 1.98733e-14 0)
(400 4.21678e-14 0)
(400 4.7731e-14 0)
(400 6.15787e-14 0)
(400 7.3478e-14 0)
(400 8.4239e-14 0)
(400 7.71926e-14 0)
(400 5.77175e-14 0)
(400 6.0112e-14 0)
(400 6.66339e-14 0)
(400 5.39188e-14 0)
(400 1.93372e-14 0)
(400 -1.45477e-14 0)
(400 -2.75113e-14 0)
(400 -3.12706e-14 0)
(400 -2.34791e-14 0)
(400 -1.74697e-14 0)
(400 -3.08472e-14 0)
(400 -4.51294e-14 0)
(400 -3.80296e-14 0)
(400 -2.82019e-14 0)
(400 -3.99227e-14 0)
(400 -5.0445e-14 0)
(400 -5.01798e-14 0)
(400 -4.27265e-14 0)
(400 -4.16596e-14 0)
(400 -4.47129e-14 0)
(400 -2.33083e-14 0)
(400 -1.87676e-14 0)
(400 -7.68744e-15 0)
(400 2.33255e-15 0)
(400 -6.14333e-15 0)
(400 4.04126e-15 0)
(400 -2.84275e-15 0)
(400 -1.54138e-14 0)
(400 -6.46781e-15 0)
(400 -2.02788e-15 0)
(400 -6.28771e-15 0)
(400 -5.00371e-15 0)
(400 2.23988e-15 0)
(400 2.84296e-14 0)
(400 5.73114e-14 0)
(400 7.33397e-14 0)
(400 8.35022e-14 0)
(400 9.44474e-14 0)
(400 6.74674e-14 0)
(400 6.10374e-14 0)
(400 5.6541e-14 0)
(400 3.41541e-14 0)
(400 3.17553e-15 0)
(400 -1.32836e-14 0)
(400 -1.00265e-14 0)
(400 -5.38277e-15 0)
(400 -1.18046e-14 0)
(400 -9.03507e-15 0)
(400 2.70359e-15 0)
(400 1.49086e-14 0)
(400 2.37461e-14 0)
(400 1.42219e-14 0)
(400 2.13475e-15 0)
(400 4.97803e-15 0)
(400 7.8977e-15 0)
(400 3.08569e-15 0)
(400 4.17991e-15 0)
(400 -8.74455e-15 0)
(400 -2.54373e-14 0)
(400 -2.53486e-14 0)
(400 -1.88529e-14 0)
(400 -1.64212e-14 0)
(400 -2.25019e-14 0)
(400 -7.3281e-15 0)
(400 -1.15362e-15 0)
(400 -1.03895e-14 0)
(400 -2.30731e-14 0)
(400 -4.2513e-14 0)
(400 -4.12259e-14 0)
(400 -4.00963e-14 0)
(400 -2.6208e-14 0)
(400 -1.63779e-14 0)
(400 -1.20347e-14 0)
(400 -7.97896e-15 0)
(400 -6.69578e-15 0)
(400 -3.13836e-15 0)
(400 -3.32294e-15 0)
(400 5.42692e-15 0)
(400 4.16668e-15 0)
(400 8.48313e-15 0)
(400 1.70856e-14 0)
(400 2.92061e-14 0)
(400 3.6293e-14 0)
(400 3.38918e-15 0)
(400 7.93313e-15 0)
(400 2.44868e-14 0)
(400 3.29549e-14 0)
(400 4.05783e-14 0)
(400 5.30529e-14 0)
(400 6.50467e-14 0)
(400 6.67971e-14 0)
(400 5.22038e-14 0)
(400 3.85653e-14 0)
(400 1.44428e-14 0)
(400 -1.53711e-14 0)
(400 -2.77559e-14 0)
(400 -3.19185e-14 0)
(400 -2.60541e-14 0)
(400 -2.95682e-14 0)
(400 -3.28406e-14 0)
(400 -1.77819e-14 0)
(400 -2.06068e-15 0)
(400 3.70731e-14 0)
(400 5.51823e-14 0)
(400 7.14177e-14 0)
(400 7.3597e-14 0)
(400 7.76319e-14 0)
(400 8.54264e-14 0)
(400 8.01385e-14 0)
(400 6.93871e-14 0)
(400 6.08248e-14 0)
(400 5.12472e-14 0)
(400 3.93966e-14 0)
(400 5.12811e-14 0)
(400 7.61447e-14 0)
(400 8.58181e-14 0)
(400 7.72807e-14 0)
(400 6.39655e-14 0)
(400 7.24098e-14 0)
(400 7.24989e-14 0)
(400 4.86492e-14 0)
(400 3.34716e-14 0)
(400 2.78256e-14 0)
(400 3.21902e-14 0)
(400 1.64348e-14 0)
(400 -3.9086e-15 0)
(400 -4.495e-15 0)
(400 3.70666e-15 0)
(400 2.50993e-14 0)
(400 3.46144e-14 0)
(400 2.82711e-14 0)
(400 2.23827e-14 0)
(400 1.86085e-14 0)
(400 3.6386e-14 0)
(400 4.45183e-14 0)
(400 3.6687e-14 0)
(400 2.29173e-14 0)
(400 7.73599e-15 0)
(400 -2.28245e-15 0)
(400 -3.66486e-15 0)
(400 1.5417e-14 0)
(400 1.33817e-14 0)
(400 9.59608e-15 0)
(400 4.0615e-15 0)
(400 1.43118e-15 0)
(400 1.39795e-14 0)
(400 1.7189e-14 0)
(400 2.16566e-14 0)
(400 2.93723e-14 0)
(400 3.09582e-14 0)
(400 2.90356e-14 0)
(400 3.4804e-14 0)
(400 3.11864e-14 0)
(400 1.86886e-14 0)
(400 3.87346e-15 0)
(400 -3.72021e-15 0)
(400 -6.80964e-15 0)
(400 2.70542e-15 0)
(400 6.56306e-15 0)
(400 -2.87426e-16 0)
(400 2.56923e-14 0)
(400 4.13236e-14 0)
(400 4.12091e-14 0)
(400 4.35982e-14 0)
(400 5.3568e-14 0)
(400 5.12633e-14 0)
(400 5.07267e-14 0)
(400 4.65617e-14 0)
(400 3.35853e-14 0)
(400 2.94446e-14 0)
(400 3.31868e-14 0)
(400 5.38981e-14 0)
(400 5.68942e-14 0)
(400 4.41883e-14 0)
(400 4.45128e-14 0)
(400 2.54259e-14 0)
(400 2.72647e-14 0)
(400 2.27678e-14 0)
(400 1.87503e-14 0)
(400 1.57875e-14 0)
(400 5.98519e-15 0)
(400 1.86578e-14 0)
(400 3.44674e-14 0)
(400 1.91829e-14 0)
(400 1.12381e-14 0)
(400 9.15501e-15 0)
(400 3.19241e-14 0)
(400 2.45885e-14 0)
(400 8.89064e-15 0)
(400 1.073e-14 0)
(400 2.76305e-14 0)
(400 2.80518e-14 0)
(400 2.55861e-14 0)
(400 1.71321e-14 0)
(400 2.56517e-14 0)
(400 2.58975e-14 0)
(400 3.2271e-14 0)
(400 3.41167e-14 0)
(400 2.86594e-14 0)
(400 3.21962e-14 0)
(400 2.12123e-14 0)
(400 9.89325e-15 0)
(400 2.23883e-16 0)
(400 -1.08069e-14 0)
(400 -2.54098e-14 0)
(400 -4.19757e-14 0)
(400 -4.91633e-14 0)
(400 -5.49518e-14 0)
(400 -6.44929e-14 0)
(400 -6.40453e-14 0)
(400 -7.31967e-14 0)
(400 -6.18583e-14 0)
(400 -5.12407e-14 0)
(400 -4.46117e-14 0)
(400 -3.36044e-14 0)
(400 -3.95835e-14 0)
(400 -4.35203e-14 0)
(400 -3.28013e-14 0)
(400 -2.81804e-14 0)
(400 -3.13917e-14 0)
(400 -3.01903e-14 0)
(400 -2.77909e-14 0)
(400 -2.82086e-14 0)
(400 -2.10515e-14 0)
(400 -1.71433e-14 0)
(400 -1.48333e-14 0)
(400 -1.16024e-14 0)
(400 -3.53335e-15 0)
(400 -1.82441e-14 0)
(400 -4.3246e-14 0)
(400 -4.78167e-14 0)
(400 -1.58939e-14 0)
(400 7.54363e-15 0)
(400 4.86889e-15 0)
(400 1.51183e-14 0)
(400 4.19224e-14 0)
(400 7.66085e-14 0)
(400 8.8703e-14 0)
(400 7.62802e-14 0)
(400 6.42646e-14 0)
(400 7.48193e-14 0)
(400 8.18426e-14 0)
(400 6.88654e-14 0)
(400 6.27338e-14 0)
(400 4.98616e-14 0)
(400 4.36423e-14 0)
(400 4.09831e-14 0)
(400 3.94655e-14 0)
(400 5.1685e-14 0)
(400 6.2716e-14 0)
(400 6.48403e-14 0)
(400 5.67756e-14 0)
(400 4.89502e-14 0)
(400 4.73774e-14 0)
(400 5.14117e-14 0)
(400 3.94884e-14 0)
(400 4.14017e-14 0)
(400 4.04198e-14 0)
(400 4.57083e-14 0)
(400 4.40143e-14 0)
(400 4.89319e-14 0)
(400 4.6692e-14 0)
(400 4.62663e-14 0)
(400 4.77963e-14 0)
(400 4.4794e-14 0)
(400 3.98498e-14 0)
(400 3.4651e-14 0)
(400 3.78917e-14 0)
(400 2.27301e-14 0)
(400 2.20849e-14 0)
(400 2.60349e-14 0)
(400 3.70068e-14 0)
(400 6.66621e-14 0)
(400 7.03015e-14 0)
(400 6.84537e-14 0)
(400 8.69747e-14 0)
(400 9.71512e-14 0)
(400 1.02276e-13 0)
(400 8.5888e-14 0)
(400 7.67995e-14 0)
(400 7.7492e-14 0)
(400 8.98291e-14 0)
(400 9.67083e-14 0)
(400 -1.84579e-14 0)
(400 -1.74415e-14 0)
(400 1.22629e-14 0)
(400 2.54796e-14 0)
(400 3.75126e-14 0)
(400 5.49269e-14 0)
(400 5.16686e-14 0)
(400 3.77643e-14 0)
(400 3.16655e-14 0)
(400 1.78374e-14 0)
(400 -1.88204e-14 0)
(400 -3.65693e-14 0)
(400 -5.0833e-14 0)
(400 -4.78004e-14 0)
(400 -4.08803e-14 0)
(400 -3.80735e-14 0)
(400 -3.38378e-14 0)
(400 4.94801e-15 0)
(400 1.9825e-14 0)
(400 1.55333e-14 0)
(400 2.35436e-14 0)
(400 2.46693e-14 0)
(400 3.95567e-14 0)
(400 6.63087e-14 0)
(400 7.15342e-14 0)
(400 5.13427e-14 0)
(400 3.45138e-14 0)
(400 2.81927e-14 0)
(400 3.15015e-14 0)
(400 2.68928e-14 0)
(400 4.16162e-14 0)
(400 5.3731e-14 0)
(400 5.30713e-14 0)
(400 6.98099e-14 0)
(400 5.88701e-14 0)
(400 4.73754e-14 0)
(400 4.83241e-14 0)
(400 2.1884e-14 0)
(400 -7.41148e-15 0)
(400 -1.88881e-14 0)
(400 -1.84238e-14 0)
(400 -1.70401e-14 0)
(400 -2.60453e-14 0)
(400 -1.9677e-14 0)
(400 -2.42009e-14 0)
(400 4.17637e-15 0)
(400 1.23968e-14 0)
(400 5.75744e-15 0)
(400 5.21959e-15 0)
(400 -1.08006e-14 0)
(400 -2.23239e-14 0)
(400 -3.63088e-15 0)
(400 -9.24684e-15 0)
(400 -3.40307e-14 0)
(400 -4.19838e-14 0)
(400 -4.44131e-14 0)
(400 -2.96616e-14 0)
(400 -1.35163e-15 0)
(400 1.49237e-14 0)
(400 3.64414e-14 0)
(400 3.78945e-14 0)
(400 4.18078e-14 0)
(400 4.36167e-14 0)
(400 3.30409e-14 0)
(400 2.91714e-14 0)
(400 2.55252e-14 0)
(400 2.2704e-14 0)
(400 1.91291e-14 0)
(400 2.41169e-14 0)
(400 2.73283e-14 0)
(400 2.01572e-14 0)
(400 5.03986e-15 0)
(400 -1.60209e-14 0)
(400 -3.30154e-14 0)
(400 -3.61881e-14 0)
(400 -3.08063e-14 0)
(400 -1.7738e-14 0)
(400 2.95705e-15 0)
(400 2.41202e-14 0)
(400 3.97719e-14 0)
(400 3.62947e-14 0)
(400 1.52772e-14 0)
(400 7.52654e-15 0)
(400 -1.0118e-14 0)
(400 -2.49447e-14 0)
(400 -3.79517e-14 0)
(400 -5.05119e-14 0)
(400 -3.50207e-14 0)
(400 -8.91943e-15 0)
(400 -2.17287e-14 0)
(400 -2.98612e-14 0)
(400 -4.02314e-14 0)
(400 -3.3649e-14 0)
(400 -1.28023e-14 0)
(400 -7.38071e-15 0)
(400 -1.03183e-14 0)
(400 4.62348e-15 0)
(400 1.07163e-14 0)
(400 3.01924e-14 0)
(400 4.38188e-14 0)
(400 4.54955e-14 0)
(400 4.39197e-14 0)
(400 6.31387e-14 0)
(400 7.25068e-14 0)
(400 6.05712e-14 0)
(400 4.8076e-14 0)
(400 5.11716e-14 0)
(400 5.21718e-14 0)
(400 4.90971e-14 0)
(400 3.95425e-14 0)
(400 3.45665e-14 0)
(400 3.9891e-14 0)
(400 5.88999e-14 0)
(400 5.09771e-14 0)
(400 3.53812e-14 0)
(400 1.70302e-14 0)
(400 1.77273e-14 0)
(400 3.60005e-14 0)
(400 1.54258e-14 0)
(400 -3.07878e-16 0)
(400 7.17462e-15 0)
(400 1.46627e-14 0)
(400 8.92102e-15 0)
(400 4.26672e-15 0)
(400 -7.70411e-15 0)
(400 -2.86855e-14 0)
(400 -4.78701e-14 0)
(400 -4.61634e-14 0)
(400 -3.4355e-14 0)
(400 -2.53933e-14 0)
(400 -2.29825e-14 0)
(400 -1.42854e-14 0)
(400 2.90659e-15 0)
(400 1.14364e-14 0)
(400 9.70745e-15 0)
(400 1.18504e-14 0)
(400 8.77045e-15 0)
(400 4.39323e-16 0)
(400 -1.88647e-14 0)
(400 -2.72739e-14 0)
(400 -2.04306e-14 0)
(400 -1.89373e-14 0)
(400 -3.32626e-14 0)
(400 -2.95636e-14 0)
(400 -2.41349e-14 0)
(400 -3.7121e-14 0)
(400 -5.9566e-14 0)
(400 -6.07846e-14 0)
(400 -4.36624e-14 0)
(400 -2.15721e-14 0)
(400 -1.51215e-14 0)
(400 -6.52381e-15 0)
(400 -1.00083e-14 0)
(400 3.47675e-16 0)
(400 1.32211e-14 0)
(400 3.66069e-14 0)
(400 3.91394e-14 0)
(400 5.39111e-14 0)
(400 7.01873e-14 0)
(400 7.87511e-14 0)
(400 8.65225e-14 0)
(400 7.73183e-14 0)
(400 6.42585e-14 0)
(400 7.1869e-14 0)
(400 6.62165e-14 0)
(400 4.37022e-14 0)
(400 3.10706e-14 0)
(400 1.21616e-14 0)
(400 6.61038e-15 0)
(400 1.97425e-15 0)
(400 -4.50945e-15 0)
(400 -6.19992e-15 0)
(400 6.5868e-15 0)
(400 2.77536e-14 0)
(400 4.54133e-14 0)
(400 5.60925e-14 0)
(400 5.55426e-14 0)
(400 6.4065e-14 0)
(400 7.12478e-14 0)
(400 6.26576e-14 0)
(400 4.83996e-14 0)
(400 3.5289e-14 0)
(400 8.72978e-15 0)
(400 -2.13879e-16 0)
(400 8.80132e-15 0)
(400 1.33689e-15 0)
(400 4.08834e-15 0)
(400 -3.29943e-15 0)
(400 -7.4275e-15 0)
(400 2.38768e-16 0)
(400 8.62209e-15 0)
(400 1.45537e-14 0)
(400 2.49053e-14 0)
(400 5.62495e-14 0)
(400 4.88386e-14 0)
(400 2.85208e-14 0)
(400 1.17735e-14 0)
(400 3.27273e-15 0)
(400 8.40055e-15 0)
(400 1.44449e-14 0)
(400 3.34934e-16 0)
(400 3.83972e-15 0)
(400 2.46386e-14 0)
(400 5.32524e-14 0)
(400 6.24753e-14 0)
(400 6.16975e-14 0)
(400 4.32304e-14 0)
(400 2.91704e-14 0)
(400 2.54226e-14 0)
(400 1.40085e-14 0)
(400 -1.5036e-15 0)
(400 -4.56484e-15 0)
(400 -6.33426e-16 0)
(400 2.95609e-15 0)
(400 -3.71348e-15 0)
(400 -9.08444e-15 0)
(400 -1.36632e-15 0)
(400 1.85673e-14 0)
(400 2.686e-14 0)
(400 1.54551e-14 0)
(400 1.07657e-14 0)
(400 1.90904e-14 0)
(400 3.32732e-14 0)
(400 4.98557e-14 0)
(400 3.95759e-14 0)
(400 3.25087e-14 0)
(400 3.26917e-14 0)
(400 4.09772e-14 0)
(400 5.19506e-14 0)
(400 5.61276e-14 0)
(400 7.23218e-14 0)
(400 6.01772e-14 0)
(400 4.92462e-14 0)
(400 4.8129e-14 0)
(400 5.15021e-14 0)
(400 3.5558e-14 0)
(400 1.2288e-14 0)
(400 -1.82417e-15 0)
(400 -5.81801e-15 0)
(400 -9.43119e-15 0)
(400 -1.76672e-14 0)
(400 -5.94503e-15 0)
(400 4.0881e-15 0)
(400 7.54569e-15 0)
(400 -8.49786e-15 0)
(400 -9.20768e-15 0)
(400 -1.06322e-14 0)
(400 -1.69464e-14 0)
(400 -2.56048e-14 0)
(400 -3.65629e-14 0)
(400 -5.05203e-14 0)
(400 -5.63468e-14 0)
(400 -7.03964e-14 0)
(400 -7.6493e-14 0)
(400 -6.74653e-14 0)
(400 -5.27954e-14 0)
(400 -1.61104e-14 0)
(400 1.36043e-15 0)
(400 3.08788e-14 0)
(400 6.12082e-14 0)
(400 7.41835e-14 0)
(400 6.51781e-14 0)
(400 4.79045e-14 0)
(400 4.80523e-14 0)
(400 4.14332e-14 0)
(400 3.58514e-14 0)
(400 3.19202e-14 0)
(400 4.13093e-14 0)
(400 4.45464e-14 0)
(400 3.37275e-14 0)
(400 2.34115e-14 0)
(400 1.45392e-14 0)
(400 -2.41281e-15 0)
(400 -1.25872e-14 0)
(400 -2.03322e-14 0)
(400 -3.46547e-14 0)
(400 -1.599e-14 0)
(400 5.98415e-15 0)
(400 3.17889e-14 0)
(400 5.73149e-14 0)
(400 4.95064e-14 0)
(400 3.05758e-14 0)
(400 9.45452e-15 0)
(400 -1.39297e-15 0)
(400 -1.86684e-14 0)
(400 -2.60613e-14 0)
(400 -2.30715e-14 0)
(400 -4.94557e-15 0)
(400 7.36407e-15 0)
(400 -6.33e-15 0)
(400 1.10277e-15 0)
(400 -1.20588e-14 0)
(400 -1.24628e-14 0)
(400 -1.36103e-14 0)
(400 -2.76822e-15 0)
(400 4.38375e-15 0)
(400 -6.82855e-16 0)
(400 1.24295e-14 0)
(400 2.43103e-14 0)
(400 4.71967e-14 0)
(400 5.76054e-14 0)
(400 5.67795e-14 0)
(400 5.1478e-14 0)
(400 5.29049e-14 0)
(400 5.16269e-14 0)
(400 4.39534e-14 0)
(400 3.77288e-14 0)
(400 3.65424e-14 0)
(400 3.50326e-14 0)
(400 2.02369e-14 0)
(400 7.61471e-15 0)
(400 1.51183e-15 0)
(400 2.02211e-14 0)
(400 5.878e-15 0)
(400 -2.11342e-14 0)
(400 -3.8209e-14 0)
(400 -5.694e-14 0)
(400 -6.03181e-14 0)
(400 -6.49365e-14 0)
(400 -6.97191e-14 0)
(400 -6.71707e-14 0)
(400 -6.96541e-14 0)
(400 -6.60629e-14 0)
(400 -4.66744e-14 0)
(400 -5.26997e-14 0)
(400 -5.9595e-14 0)
(400 -6.34641e-14 0)
(400 -5.34069e-14 0)
(400 -4.11765e-14 0)
(400 -2.83035e-14 0)
(400 -4.84058e-15 0)
(400 9.04538e-15 0)
(400 2.06199e-14 0)
(400 3.48601e-14 0)
(400 3.7899e-14 0)
(400 2.57769e-14 0)
(400 3.76836e-14 0)
(400 2.4639e-14 0)
(400 7.0429e-15 0)
(400 -1.81393e-14 0)
(400 -2.53774e-14 0)
(400 -4.82407e-14 0)
(400 -6.21609e-14 0)
(400 -5.71935e-14 0)
(400 -5.05982e-14 0)
(400 -4.72396e-14 0)
(400 -5.20269e-14 0)
(400 -5.67955e-14 0)
(400 -4.8823e-14 0)
(400 -3.09281e-14 0)
(400 -2.21975e-14 0)
(400 -2.56591e-14 0)
(400 -1.89114e-14 0)
(400 -4.6927e-15 0)
(400 2.35087e-15 0)
(400 2.26224e-14 0)
(400 3.70034e-14 0)
(400 4.311e-14 0)
(400 6.84494e-14 0)
(400 9.71009e-14 0)
(400 1.13079e-13 0)
(400 1.36124e-13 0)
(400 1.4434e-13 0)
(400 1.57077e-13 0)
(400 1.52451e-13 0)
(400 1.18867e-13 0)
(400 9.6352e-14 0)
(400 7.7221e-14 0)
(400 6.44694e-14 0)
(400 4.73826e-14 0)
(400 3.51466e-14 0)
(400 3.03008e-14 0)
(400 5.99603e-14 0)
(400 9.11581e-14 0)
(400 1.09871e-13 0)
(400 1.20803e-13 0)
(400 1.42568e-13 0)
(400 1.46741e-13 0)
(400 1.46394e-13 0)
(400 1.31434e-13 0)
(400 1.14632e-13 0)
(400 8.4685e-14 0)
(400 5.81565e-14 0)
(400 4.10381e-14 0)
(400 3.98758e-14 0)
(400 4.44444e-14 0)
(400 3.97057e-14 0)
(400 3.86222e-14 0)
(400 3.75855e-14 0)
(400 3.10528e-14 0)
(400 3.72832e-14 0)
(400 5.1754e-14 0)
(400 5.04505e-14 0)
(400 4.95762e-14 0)
(400 3.97928e-14 0)
(400 5.56274e-14 0)
(400 5.46056e-14 0)
(400 3.74548e-14 0)
(400 2.71322e-14 0)
(400 2.68028e-14 0)
(400 1.26915e-14 0)
(400 2.52223e-14 0)
(400 3.10749e-14 0)
(400 4.593e-14 0)
(400 5.07195e-14 0)
(400 4.98788e-14 0)
(400 3.767e-14 0)
(400 3.99436e-14 0)
(400 2.60122e-14 0)
(400 2.23964e-14 0)
(400 1.77253e-14 0)
(400 1.79654e-14 0)
(400 3.01386e-14 0)
(400 3.56009e-14 0)
(400 3.47946e-14 0)
(400 3.11518e-14 0)
(400 4.60258e-14 0)
(400 5.33833e-14 0)
(400 4.94647e-14 0)
(400 4.71561e-14 0)
(400 4.45474e-14 0)
(400 4.54451e-14 0)
(400 4.58702e-14 0)
(400 4.9135e-14 0)
(400 4.536e-14 0)
(400 5.95063e-14 0)
(400 8.05697e-14 0)
(400 9.28418e-14 0)
(400 9.46148e-14 0)
(400 9.75464e-14 0)
(400 8.1707e-14 0)
(400 5.63666e-14 0)
(400 2.96654e-14 0)
(400 1.23549e-14 0)
(400 1.80198e-14 0)
(400 3.37569e-15 0)
(400 -3.04886e-14 0)
(400 -3.64516e-14 0)
(400 -2.47409e-14 0)
(400 -2.91233e-14 0)
(400 -2.19652e-14 0)
(400 -1.42826e-14 0)
(400 6.57472e-15 0)
(400 1.23078e-14 0)
(400 1.18895e-14 0)
(400 -9.03718e-15 0)
(400 -2.39825e-14 0)
(400 -3.21834e-14 0)
(400 -4.70534e-14 0)
(400 -5.41247e-14 0)
(400 -4.08546e-14 0)
(400 -5.55267e-14 0)
(400 -6.28178e-14 0)
(400 -4.30046e-14 0)
(400 -2.58529e-14 0)
(400 -7.74862e-15 0)
(400 2.17591e-14 0)
(400 2.73789e-14 0)
(400 3.94008e-14 0)
(400 5.57122e-14 0)
(400 7.30838e-14 0)
(400 7.64782e-14 0)
(400 6.00626e-14 0)
(400 4.7026e-14 0)
(400 3.11788e-14 0)
(400 2.35743e-14 0)
(400 3.18355e-14 0)
(400 3.35357e-14 0)
(400 3.26636e-14 0)
(400 1.6973e-14 0)
(400 -7.23958e-15 0)
(400 -1.61295e-14 0)
(400 -2.40372e-14 0)
(400 -3.51927e-14 0)
(400 -4.19103e-14 0)
(400 -4.84828e-14 0)
(400 -4.56872e-14 0)
(400 -3.3615e-14 0)
(400 -2.42182e-14 0)
(400 -2.23228e-14 0)
(400 -3.51248e-14 0)
(400 -3.26667e-14 0)
(400 -4.00934e-14 0)
(400 -4.74823e-14 0)
(400 -4.4989e-14 0)
(400 -3.65177e-14 0)
(400 -3.06553e-14 0)
(400 -3.34015e-14 0)
(400 -3.49582e-14 0)
(400 -2.51532e-14 0)
(400 -1.51195e-14 0)
(400 -1.00694e-14 0)
(400 -1.49485e-14 0)
(400 -1.36882e-14 0)
(400 5.50938e-16 0)
(400 9.28666e-15 0)
(400 1.16487e-14 0)
(400 3.15985e-14 0)
(400 3.62253e-14 0)
(400 4.71959e-14 0)
(400 6.80984e-14 0)
(400 8.42733e-14 0)
(400 7.74596e-14 0)
(400 7.40905e-14 0)
(400 7.31196e-14 0)
(400 6.0406e-14 0)
(400 4.1692e-14 0)
(400 4.21397e-14 0)
(400 3.41763e-14 0)
(400 3.2248e-14 0)
(400 3.82982e-14 0)
(400 3.14492e-14 0)
(400 1.52099e-14 0)
(400 1.01564e-14 0)
(400 3.58994e-15 0)
(400 -1.45528e-14 0)
(400 -3.53641e-14 0)
(400 -6.17893e-14 0)
(400 -5.03677e-14 0)
(400 -5.33564e-14 0)
(400 -6.77428e-14 0)
(400 -7.38571e-14 0)
(400 -3.52793e-14 0)
(400 -3.0336e-15 0)
(400 7.66893e-15 0)
(400 1.73896e-14 0)
(400 3.22947e-14 0)
(400 4.25579e-14 0)
(400 5.13509e-14 0)
(400 4.7805e-14 0)
(400 5.98283e-14 0)
(400 7.35514e-14 0)
(400 6.20759e-14 0)
(400 4.53788e-14 0)
(400 4.62747e-14 0)
(400 5.41929e-14 0)
(400 5.66591e-14 0)
(400 3.35385e-14 0)
(400 3.24762e-14 0)
(400 2.031e-14 0)
(400 9.64208e-15 0)
(400 -4.46394e-15 0)
(400 -1.43643e-14 0)
(400 -1.80504e-14 0)
(400 -7.76535e-15 0)
(400 -8.11683e-15 0)
(400 -2.78932e-14 0)
(400 -2.82106e-14 0)
(400 -4.06021e-14 0)
(400 -6.15531e-14 0)
(400 -6.58764e-14 0)
(400 -7.87433e-14 0)
(400 -5.98574e-14 0)
(400 -5.60509e-14 0)
(400 -6.24078e-14 0)
(400 -5.49277e-14 0)
(400 -3.98878e-14 0)
(400 -2.34789e-14 0)
(400 -1.40946e-14 0)
(400 1.31721e-14 0)
(400 3.95885e-14 0)
(400 4.76158e-14 0)
(400 4.89229e-14 0)
(400 4.90858e-14 0)
(400 4.53689e-14 0)
(400 3.56071e-14 0)
(400 2.90782e-14 0)
(400 1.9071e-14 0)
(400 1.6341e-14 0)
(400 1.68439e-15 0)
(400 -1.31523e-14 0)
(400 -1.872e-14 0)
(400 -8.32137e-15 0)
(400 1.94986e-14 0)
(400 5.0345e-14 0)
(400 5.7195e-14 0)
(400 5.6261e-14 0)
(400 5.5017e-14 0)
(400 5.03959e-14 0)
(400 5.42633e-14 0)
(400 6.67956e-14 0)
(400 5.97865e-14 0)
(400 5.22686e-14 0)
(400 3.45165e-14 0)
(400 2.14558e-14 0)
(400 3.31398e-14 0)
(400 1.98669e-14 0)
(400 1.15193e-14 0)
(400 -4.5578e-15 0)
(400 -1.2783e-14 0)
(400 -8.58113e-15 0)
(400 -9.03743e-15 0)
(400 -3.04096e-15 0)
(400 -2.43052e-14 0)
(400 -2.96967e-14 0)
(400 -2.73003e-14 0)
(400 -3.34225e-14 0)
(400 -2.63715e-14 0)
(400 -1.67665e-14 0)
(400 5.56847e-15 0)
(400 1.55321e-14 0)
(400 3.38614e-14 0)
(400 3.27535e-14 0)
(400 3.47921e-14 0)
(400 3.19353e-14 0)
(400 2.38185e-14 0)
(400 1.97988e-14 0)
(400 1.28619e-14 0)
(400 2.26653e-14 0)
(400 3.65619e-14 0)
(400 4.7658e-14 0)
(400 5.0515e-14 0)
(400 6.49907e-14 0)
(400 6.17581e-14 0)
(400 6.38631e-14 0)
(400 7.37435e-14 0)
(400 8.41139e-14 0)
(400 9.25965e-14 0)
(400 8.58536e-14 0)
(400 6.98815e-14 0)
(400 5.4377e-14 0)
(400 3.78732e-14 0)
(400 4.12466e-14 0)
(400 3.40785e-14 0)
(400 3.62453e-14 0)
(400 4.35555e-14 0)
(400 4.60753e-14 0)
(400 5.82556e-14 0)
(400 6.83474e-14 0)
(400 6.72494e-14 0)
(400 5.98517e-14 0)
(400 4.46729e-14 0)
(400 3.38182e-14 0)
(400 3.43493e-14 0)
(400 3.22e-14 0)
(400 1.38411e-14 0)
(400 -1.06775e-14 0)
(400 -2.82086e-14 0)
(400 -3.34986e-14 0)
(400 -4.31879e-14 0)
(400 -2.52401e-14 0)
(400 -1.65244e-14 0)
(400 -9.33193e-15 0)
(400 -2.36854e-14 0)
(400 -2.97008e-14 0)
(400 -4.18186e-14 0)
(400 -5.11239e-14 0)
(400 -5.69152e-14 0)
(400 -6.79733e-14 0)
(400 -7.60813e-14 0)
(400 -5.21157e-14 0)
(400 -5.30276e-14 0)
(400 -3.08197e-14 0)
(400 -2.18326e-15 0)
(400 2.65311e-15 0)
(400 1.91783e-14 0)
(400 4.08512e-14 0)
(400 4.13612e-14 0)
(400 2.76112e-14 0)
(400 3.10256e-14 0)
(400 4.53603e-14 0)
(400 5.28488e-14 0)
(400 5.50347e-14 0)
(400 4.67635e-14 0)
(400 3.42602e-14 0)
(400 2.11807e-14 0)
(400 1.06069e-14 0)
(400 5.78212e-16 0)
(400 -4.6755e-15 0)
(400 -2.80794e-15 0)
(400 -5.78432e-15 0)
(400 -1.38808e-14 0)
(400 -1.5003e-14 0)
(400 -2.61762e-14 0)
(400 -2.35979e-14 0)
(400 -1.66609e-14 0)
(400 -1.92921e-14 0)
(400 -2.11926e-14 0)
(400 -1.56084e-14 0)
(400 -2.39077e-14 0)
(400 -2.29406e-14 0)
(400 -1.99593e-14 0)
(400 -1.27624e-14 0)
(400 -2.50266e-14 0)
(400 -7.68736e-15 0)
(400 2.92457e-14 0)
(400 4.03481e-14 0)
(400 2.20116e-14 0)
(400 7.12064e-15 0)
(400 2.44822e-14 0)
(400 2.64259e-14 0)
(400 2.07285e-14 0)
(400 2.77422e-14 0)
(400 2.03555e-14 0)
(400 3.49788e-14 0)
(400 3.25471e-14 0)
(400 5.09478e-14 0)
(400 5.9318e-14 0)
(400 5.59503e-14 0)
(400 6.03898e-14 0)
(400 6.46301e-14 0)
(400 7.87666e-14 0)
(400 8.63734e-14 0)
(400 6.7045e-14 0)
(400 6.33101e-14 0)
(400 6.11856e-14 0)
(400 5.14942e-14 0)
(400 3.37826e-14 0)
(400 2.66447e-14 0)
(400 3.13976e-14 0)
(400 4.3068e-14 0)
(400 3.32123e-14 0)
(400 6.06294e-15 0)
(400 -5.33526e-15 0)
(400 -3.35822e-15 0)
(400 -1.52025e-14 0)
(400 -3.18562e-14 0)
(400 -4.90623e-14 0)
(400 -4.91161e-14 0)
(400 -5.59885e-14 0)
(400 -7.23188e-14 0)
(400 -6.55113e-14 0)
(400 -4.02e-14 0)
(400 -3.89824e-14 0)
(400 -1.90844e-14 0)
(400 2.70719e-16 0)
(400 2.16551e-14 0)
(400 4.19253e-14 0)
(400 3.58057e-14 0)
(400 3.29782e-14 0)
(400 2.29839e-14 0)
(400 1.06453e-14 0)
(400 -3.13909e-15 0)
(400 -3.60534e-14 0)
(400 -4.95691e-14 0)
(400 -5.06539e-14 0)
(400 -6.91519e-14 0)
(400 -7.33851e-14 0)
(400 -5.94597e-14 0)
(400 -3.5246e-14 0)
(400 -3.04982e-14 0)
(400 -1.14144e-14 0)
(400 -1.36852e-14 0)
(400 -2.3724e-14 0)
(400 -3.16651e-14 0)
(400 -1.92298e-14 0)
(400 -3.72738e-15 0)
(400 -3.27967e-15 0)
(400 -1.90544e-14 0)
(400 -4.22708e-14 0)
(400 -4.85069e-14 0)
(400 -4.92464e-14 0)
(400 -4.26699e-14 0)
(400 -5.39746e-14 0)
(400 -6.98024e-14 0)
(400 -4.76845e-14 0)
(400 -6.55266e-15 0)
(400 1.15354e-14 0)
(400 2.23455e-15 0)
(400 2.76587e-14 0)
(400 4.78119e-14 0)
(400 3.38748e-14 0)
(400 2.17497e-14 0)
(400 1.77155e-14 0)
(400 3.04937e-14 0)
(400 6.48467e-14 0)
(400 7.80189e-14 0)
(400 8.13412e-14 0)
(400 8.0559e-14 0)
(400 8.8828e-14 0)
(400 7.14336e-14 0)
(400 6.10062e-14 0)
(400 5.11417e-14 0)
(400 5.40901e-14 0)
(400 9.0071e-14 0)
(400 9.89607e-14 0)
(400 8.37274e-14 0)
(400 8.35481e-14 0)
(400 8.76452e-14 0)
(400 1.05938e-13 0)
(400 9.6284e-14 0)
(400 8.54838e-14 0)
(400 8.11393e-14 0)
(400 6.37442e-14 0)
(400 4.947e-14 0)
(400 4.11402e-14 0)
(400 3.80333e-14 0)
(400 3.18867e-14 0)
(400 2.09354e-14 0)
(400 1.11055e-14 0)
(400 7.81996e-15 0)
(400 3.62224e-15 0)
(400 1.13893e-14 0)
(400 -1.03499e-14 0)
(400 -1.88043e-14 0)
(400 -2.90524e-14 0)
(400 -3.87221e-14 0)
(400 -3.74233e-14 0)
(400 -3.46509e-14 0)
(400 -2.23886e-14 0)
(400 -6.97086e-15 0)
(400 -6.38083e-15 0)
(400 -2.29023e-15 0)
(400 2.4623e-15 0)
(400 -4.15486e-15 0)
(400 -1.46701e-14 0)
(400 -2.39131e-15 0)
(400 -7.9074e-15 0)
(400 9.59998e-15 0)
(400 3.91522e-14 0)
(400 7.34478e-14 0)
(400 7.95702e-14 0)
(400 9.24753e-14 0)
(400 9.48142e-14 0)
(400 8.60326e-14 0)
(400 9.37791e-14 0)
(400 1.07634e-13 0)
(400 9.27094e-14 0)
(400 8.33419e-14 0)
(400 6.72678e-14 0)
(400 3.69455e-14 0)
(400 2.57539e-14 0)
(400 1.62367e-14 0)
(400 -7.81624e-16 0)
(400 3.12942e-15 0)
(400 1.1148e-14 0)
(400 5.58283e-15 0)
(400 9.20405e-16 0)
(400 -7.08078e-15 0)
(400 -4.51953e-15 0)
(400 -7.48043e-16 0)
(400 4.6175e-15 0)
(400 7.49163e-15 0)
(400 1.24431e-14 0)
(400 -5.26347e-15 0)
(400 -1.54902e-14 0)
(400 -3.16237e-14 0)
(400 -4.48031e-14 0)
(400 -5.5129e-14 0)
(400 -3.95117e-14 0)
(400 -3.63397e-14 0)
(400 -4.24115e-14 0)
(400 -4.45494e-14 0)
(400 -6.0617e-14 0)
(400 -7.19481e-14 0)
(400 -6.3863e-14 0)
(400 -5.7602e-14 0)
(400 -5.64435e-14 0)
(400 -5.78064e-14 0)
(400 -4.0532e-14 0)
(400 -2.68119e-14 0)
(400 -1.10277e-14 0)
(400 9.32857e-15 0)
(400 3.33956e-14 0)
(400 5.17645e-14 0)
(400 6.66718e-14 0)
(400 8.32496e-14 0)
(400 9.53375e-14 0)
(400 9.05438e-14 0)
(400 7.42114e-14 0)
(400 7.26353e-14 0)
(400 6.52484e-14 0)
(400 5.75541e-14 0)
(400 4.99496e-14 0)
(400 4.79351e-14 0)
(400 3.76723e-14 0)
(400 2.26902e-14 0)
(400 5.47578e-15 0)
(400 -9.72653e-15 0)
(400 -1.36075e-14 0)
(400 -3.17722e-14 0)
(400 -2.60919e-14 0)
(400 -1.66606e-14 0)
(400 -1.0115e-14 0)
(400 -9.45523e-15 0)
(400 -2.65326e-14 0)
(400 -3.06419e-14 0)
(400 -3.7187e-14 0)
(400 -4.40113e-14 0)
(400 -3.44729e-14 0)
(400 -2.20059e-14 0)
(400 -1.98364e-14 0)
(400 -1.7933e-14 0)
(400 -5.10628e-15 0)
(400 1.04928e-14 0)
(400 2.54869e-14 0)
(400 3.37516e-14 0)
(400 3.39959e-14 0)
(400 3.31441e-14 0)
(400 4.19094e-14 0)
(400 3.84697e-14 0)
(400 3.10356e-14 0)
(400 3.83975e-14 0)
(400 5.12606e-14 0)
(400 6.07372e-14 0)
(400 6.19891e-14 0)
(400 7.31609e-14 0)
(400 6.21531e-14 0)
(400 7.22105e-14 0)
(400 7.34142e-14 0)
(400 6.24627e-14 0)
(400 7.17476e-14 0)
(400 6.54781e-14 0)
(400 5.83533e-14 0)
(400 4.67761e-14 0)
(400 4.36976e-14 0)
(400 3.96718e-14 0)
(400 6.32102e-15 0)
(400 2.41216e-15 0)
(400 1.19586e-14 0)
(400 1.7483e-14 0)
(400 1.89037e-16 0)
(400 -9.39254e-15 0)
(400 -1.50693e-14 0)
(400 -2.78154e-14 0)
(400 -3.02221e-14 0)
(400 -3.92225e-14 0)
(400 -4.62274e-14 0)
(400 -4.24663e-14 0)
(400 -4.04318e-14 0)
(400 -3.04922e-14 0)
(400 1.12506e-15 0)
(400 1.50451e-14 0)
(400 2.77941e-14 0)
(400 3.76782e-14 0)
(400 5.33299e-14 0)
(400 6.53765e-14 0)
(400 6.34418e-14 0)
(400 5.48398e-14 0)
(400 4.69423e-14 0)
(400 1.88659e-14 0)
(400 -3.50699e-17 0)
(400 1.40981e-15 0)
(400 -2.25976e-14 0)
(400 -4.63632e-14 0)
(400 -6.30134e-14 0)
(400 -7.04726e-14 0)
(400 -5.58917e-14 0)
(400 -4.54699e-14 0)
(400 -1.99006e-14 0)
(400 -3.20059e-16 0)
(400 2.98759e-14 0)
(400 4.17373e-14 0)
(400 4.49138e-14 0)
(400 3.75159e-14 0)
(400 5.45832e-14 0)
(400 7.43172e-14 0)
(400 5.96708e-14 0)
(400 5.38524e-14 0)
(400 4.24564e-14 0)
(400 2.34782e-14 0)
(400 1.15557e-14 0)
(400 -3.00476e-15 0)
(400 -9.25157e-15 0)
(400 -2.87401e-14 0)
(400 -1.24093e-14 0)
(400 1.38839e-14 0)
(400 -2.20611e-15 0)
(400 -1.81881e-15 0)
(400 -3.749e-16 0)
(400 -1.04606e-14 0)
(400 -1.56276e-14 0)
(400 -1.57163e-14 0)
(400 -2.2542e-14 0)
(400 -1.23274e-14 0)
(400 1.5025e-14 0)
(400 4.30396e-14 0)
(400 5.96582e-14 0)
(400 5.30629e-14 0)
(400 6.02529e-14 0)
(400 5.98702e-14 0)
(400 5.8596e-14 0)
(400 5.09489e-14 0)
(400 3.63301e-14 0)
(400 3.07476e-14 0)
(400 4.48969e-14 0)
(400 5.96876e-14 0)
(400 6.44899e-14 0)
(400 6.00774e-14 0)
(400 6.06581e-14 0)
(400 3.96219e-14 0)
(400 3.41188e-14 0)
(400 4.6661e-14 0)
(400 3.84944e-14 0)
(400 2.59098e-14 0)
(400 9.58275e-15 0)
(400 2.07816e-14 0)
(400 2.26962e-14 0)
(400 1.44832e-14 0)
(400 7.38405e-15 0)
(400 5.74569e-15 0)
(400 3.25184e-15 0)
(400 -8.04042e-15 0)
(400 -1.94971e-14 0)
(400 -2.98772e-14 0)
(400 -3.09181e-14 0)
(400 -2.95776e-14 0)
(400 -3.77562e-14 0)
(400 -5.14256e-14 0)
(400 -6.0516e-14 0)
(400 -1.94609e-14 0)
(400 -1.51319e-14 0)
(400 -5.09292e-15 0)
(400 -2.53475e-15 0)
(400 4.69423e-15 0)
(400 7.25048e-15 0)
(400 1.66097e-14 0)
(400 2.78661e-14 0)
(400 2.65966e-14 0)
(400 3.56818e-14 0)
(400 5.1509e-14 0)
(400 4.44061e-14 0)
(400 4.12995e-14 0)
(400 5.18774e-14 0)
(400 5.39368e-14 0)
(400 7.3412e-14 0)
(400 7.53406e-14 0)
(400 4.48218e-14 0)
(400 4.56023e-14 0)
(400 5.86563e-14 0)
(400 6.3271e-14 0)
(400 5.91108e-14 0)
(400 4.00115e-14 0)
(400 1.60366e-14 0)
(400 1.2181e-14 0)
(400 1.24277e-14 0)
(400 3.83088e-15 0)
(400 -2.68721e-14 0)
(400 -5.24947e-14 0)
(400 -5.00974e-14 0)
(400 -5.86771e-14 0)
(400 -3.72587e-14 0)
(400 -2.36398e-14 0)
(400 -2.04136e-14 0)
(400 -1.93487e-14 0)
(400 -3.51563e-14 0)
(400 -3.70307e-14 0)
(400 -3.77139e-14 0)
(400 -4.05747e-14 0)
(400 -4.15678e-14 0)
(400 -6.10805e-14 0)
(400 -7.40302e-14 0)
(400 -8.07412e-14 0)
(400 -8.38405e-14 0)
(400 -1.0037e-13 0)
(400 -9.21194e-14 0)
(400 -7.67416e-14 0)
(400 -6.52212e-14 0)
(400 -5.28081e-14 0)
(400 -2.25785e-14 0)
(400 -1.27998e-14 0)
(400 4.79519e-15 0)
(400 1.87431e-14 0)
(400 3.28823e-14 0)
(400 5.48989e-14 0)
(400 6.57742e-14 0)
(400 5.16793e-14 0)
(400 5.645e-14 0)
(400 7.16649e-14 0)
(400 5.04798e-14 0)
(400 3.88701e-14 0)
(400 3.07174e-14 0)
(400 2.06049e-14 0)
(400 3.6759e-15 0)
(400 6.17955e-16 0)
(400 -4.55392e-15 0)
(400 -1.30724e-14 0)
(400 -2.7954e-14 0)
(400 -3.65958e-14 0)
(400 -4.22687e-14 0)
(400 -4.30132e-14 0)
(400 -2.69826e-14 0)
(400 -6.73433e-15 0)
(400 6.2024e-15 0)
(400 6.34024e-15 0)
(400 -3.29434e-15 0)
(400 1.29417e-15 0)
(400 -9.60912e-15 0)
(400 -3.45544e-14 0)
(400 -3.59192e-14 0)
(400 -2.09919e-14 0)
(400 -1.01042e-14 0)
(400 1.76183e-15 0)
(400 2.76414e-14 0)
(400 4.00915e-14 0)
(400 4.42167e-14 0)
(400 5.55406e-14 0)
(400 6.84433e-14 0)
(400 6.59343e-14 0)
(400 6.09389e-14 0)
(400 7.112e-14 0)
(400 7.20631e-14 0)
(400 6.61277e-14 0)
(400 7.69038e-14 0)
(400 5.38607e-14 0)
(400 5.77543e-14 0)
(400 6.32153e-14 0)
(400 5.91822e-14 0)
(400 5.20514e-14 0)
(400 3.15426e-14 0)
(400 2.84401e-14 0)
(400 2.89851e-14 0)
(400 2.94158e-14 0)
(400 3.75459e-14 0)
(400 3.48899e-14 0)
(400 4.26688e-14 0)
(400 4.35985e-14 0)
(400 4.36146e-14 0)
(400 4.18279e-14 0)
(400 4.55477e-14 0)
(400 4.09454e-14 0)
(400 2.49939e-14 0)
(400 1.0309e-14 0)
(400 -6.94839e-16 0)
(400 -2.17913e-14 0)
(400 -4.96512e-14 0)
(400 -6.00983e-14 0)
(400 -5.73456e-14 0)
(400 -7.34958e-14 0)
(400 -7.16912e-14 0)
(400 -5.35054e-14 0)
(400 -3.91251e-14 0)
(400 -2.8353e-14 0)
(400 -8.26938e-15 0)
(400 -1.0394e-14 0)
(400 -5.41695e-15 0)
(400 -5.65352e-15 0)
(400 -2.83173e-15 0)
(400 1.30056e-16 0)
(400 -1.56591e-14 0)
(400 -2.4413e-14 0)
(400 -3.50089e-14 0)
(400 -4.80534e-14 0)
(400 -5.27408e-14 0)
(400 -5.56025e-14 0)
(400 -5.68869e-14 0)
(400 -5.45455e-14 0)
(400 -4.34544e-14 0)
(400 -3.45178e-14 0)
(400 -1.87871e-14 0)
(400 -3.12729e-15 0)
(400 2.83291e-15 0)
(400 1.33229e-14 0)
(400 2.38778e-14 0)
(400 3.75988e-14 0)
(400 4.31551e-14 0)
(400 3.04047e-14 0)
(400 2.2668e-14 0)
(400 2.68077e-14 0)
(400 6.72466e-15 0)
(400 -1.31527e-14 0)
(400 -1.9021e-14 0)
(400 -2.14391e-14 0)
(400 -1.17002e-14 0)
(400 -6.72843e-15 0)
(400 -4.25515e-15 0)
(400 -2.14454e-14 0)
(400 -4.01576e-14 0)
(400 -2.75324e-14 0)
(400 -3.65878e-14 0)
(400 -4.78445e-14 0)
(400 -4.47237e-14 0)
(400 -2.59432e-14 0)
(400 -4.76523e-15 0)
(400 8.78823e-15 0)
(400 1.63754e-14 0)
(400 3.16882e-14 0)
(400 4.72858e-14 0)
(400 6.25752e-14 0)
(400 8.41984e-14 0)
(400 1.0529e-13 0)
(400 1.09651e-13 0)
(400 1.03982e-13 0)
(400 8.53878e-14 0)
(400 6.74496e-14 0)
(400 6.143e-14 0)
(400 6.6212e-14 0)
(400 7.41972e-14 0)
(400 7.02555e-14 0)
(400 5.42704e-14 0)
(400 4.82654e-14 0)
(400 4.99662e-14 0)
(400 5.71861e-14 0)
(400 5.81865e-14 0)
(400 5.8733e-14 0)
(400 5.23232e-14 0)
(400 5.6615e-14 0)
(400 6.20122e-14 0)
(400 5.91247e-14 0)
(400 4.99616e-14 0)
(400 4.95156e-14 0)
(400 3.1827e-14 0)
(400 2.65681e-14 0)
(400 3.51202e-14 0)
(400 2.48443e-14 0)
(400 1.10742e-14 0)
(400 3.39147e-15 0)
(400 -3.31352e-16 0)
(400 -1.56757e-14 0)
(400 -2.37264e-14 0)
(400 -1.52335e-14 0)
(400 3.19429e-15 0)
(400 8.11987e-15 0)
(400 1.27688e-14 0)
(400 3.05699e-14 0)
(400 4.51831e-14 0)
(400 4.64233e-14 0)
(400 5.36494e-14 0)
(400 5.16292e-14 0)
(400 5.35143e-14 0)
(400 4.17575e-14 0)
(400 4.02628e-14 0)
(400 2.77436e-14 0)
(400 3.00285e-14 0)
(400 3.93931e-14 0)
(400 4.09214e-14 0)
(400 3.41109e-14 0)
(400 3.90526e-14 0)
(400 3.30422e-14 0)
(400 2.69654e-14 0)
(400 3.70981e-14 0)
(400 3.69345e-14 0)
(400 3.17697e-14 0)
(400 1.20106e-14 0)
(400 -1.3647e-14 0)
(400 -3.04307e-14 0)
(400 -3.14087e-14 0)
(400 -5.182e-14 0)
(400 -7.43039e-14 0)
(400 -6.98324e-14 0)
(400 -6.07502e-14 0)
(400 -3.8505e-14 0)
(400 -2.88009e-14 0)
(400 -4.57082e-14 0)
(400 -4.2337e-14 0)
(400 -5.16651e-14 0)
(400 -3.62246e-14 0)
(400 -3.3057e-14 0)
(400 -4.37366e-14 0)
(400 -4.20603e-14 0)
(400 -5.19144e-14 0)
(400 -6.9356e-14 0)
(400 -8.35678e-14 0)
(400 -8.74516e-14 0)
(400 -8.53409e-14 0)
(400 -8.33803e-14 0)
(400 -5.90268e-14 0)
(400 -3.73085e-14 0)
(400 -1.6711e-14 0)
(400 -1.84148e-15 0)
(400 7.99824e-15 0)
(400 2.52218e-14 0)
(400 3.98376e-14 0)
(400 5.08014e-14 0)
(400 5.86123e-14 0)
(400 5.85066e-14 0)
(400 2.83532e-14 0)
(400 1.41543e-14 0)
(400 1.74392e-14 0)
(400 8.87692e-15 0)
(400 -1.57916e-14 0)
(400 -2.82725e-14 0)
(400 -3.24514e-14 0)
(400 -2.91189e-14 0)
(400 -3.23955e-14 0)
(400 -3.77581e-14 0)
(400 -5.55651e-14 0)
(400 -6.16853e-14 0)
(400 -6.29437e-14 0)
(400 -5.40338e-14 0)
(400 -1.88465e-14 0)
(400 -7.52052e-15 0)
(400 8.54425e-15 0)
(400 2.36649e-14 0)
(400 2.82236e-14 0)
(400 4.16149e-14 0)
(400 4.32975e-14 0)
(400 2.01956e-14 0)
(400 1.80769e-14 0)
(400 -6.39256e-15 0)
(400 -1.84881e-15 0)
(400 1.59191e-14 0)
(400 9.75861e-15 0)
(400 1.79932e-14 0)
(400 1.70622e-14 0)
(400 1.38747e-14 0)
(400 3.46158e-14 0)
(400 4.5986e-14 0)
(400 6.54107e-14 0)
(400 6.51161e-14 0)
(400 7.124e-14 0)
(400 8.39691e-14 0)
(400 8.41606e-14 0)
(400 8.28695e-14 0)
(400 6.3973e-14 0)
(400 6.75667e-14 0)
(400 6.57946e-14 0)
(400 6.03967e-14 0)
(400 4.10971e-14 0)
(400 2.84788e-14 0)
(400 2.82061e-14 0)
(400 1.0112e-14 0)
(400 3.01696e-16 0)
(400 -5.39941e-15 0)
(400 1.41484e-14 0)
(400 4.70534e-14 0)
(400 5.79636e-14 0)
(400 7.13712e-14 0)
(400 7.31818e-14 0)
(400 6.05355e-14 0)
(400 3.93077e-14 0)
(400 2.40587e-14 0)
(400 1.77599e-14 0)
(400 7.13801e-15 0)
(400 -1.06712e-15 0)
(400 -1.28251e-14 0)
(400 -1.43364e-14 0)
(400 -1.24941e-14 0)
(400 -7.18974e-15 0)
(400 -3.7596e-15 0)
(400 -1.00363e-14 0)
(400 -1.48542e-14 0)
(400 -1.14845e-14 0)
(400 -4.06536e-15 0)
(400 -7.07573e-15 0)
(400 -1.29298e-14 0)
(400 -1.47594e-14 0)
(400 -1.3098e-14 0)
(400 -7.56569e-15 0)
(400 -1.54654e-14 0)
(400 -2.43563e-14 0)
(400 -3.62131e-14 0)
(400 -6.3617e-14 0)
(400 -6.59575e-14 0)
(400 -6.56063e-14 0)
(400 -7.13088e-14 0)
(400 -7.50257e-14 0)
(400 -6.721e-14 0)
(400 -5.73729e-14 0)
(400 -4.10433e-14 0)
(400 -3.54596e-14 0)
(400 -4.69011e-14 0)
(400 -4.22583e-14 0)
(400 -2.08985e-14 0)
(400 2.00304e-15 0)
(400 1.43689e-16 0)
(400 -7.59939e-15 0)
(400 -6.3287e-15 0)
(400 -1.20369e-14 0)
(400 -1.73378e-14 0)
(400 -3.75222e-14 0)
(400 -4.86677e-14 0)
(400 -5.55906e-14 0)
(400 -4.82423e-14 0)
(400 -2.66483e-14 0)
(400 -3.57884e-14 0)
(400 -5.83545e-14 0)
(400 -6.7122e-14 0)
(400 -7.25207e-14 0)
(400 -7.66343e-14 0)
(400 -6.88611e-14 0)
(400 -7.05421e-14 0)
(400 -5.99168e-14 0)
(400 -3.46692e-14 0)
(400 -6.83714e-15 0)
(400 -5.22661e-17 0)
(400 2.04968e-16 0)
(400 8.13858e-15 0)
(400 2.51809e-14 0)
(400 5.29705e-14 0)
(400 7.84656e-14 0)
(400 7.73933e-14 0)
(400 6.20241e-14 0)
(400 3.76449e-14 0)
(400 2.44515e-14 0)
(400 2.15607e-14 0)
(400 9.33488e-15 0)
(400 3.85959e-15 0)
(400 4.40037e-15 0)
(400 -3.98833e-15 0)
(400 -4.22523e-15 0)
(400 -8.14235e-15 0)
(400 -8.03161e-15 0)
(400 7.03201e-15 0)
(400 1.84928e-14 0)
(400 2.68656e-14 0)
(400 3.45562e-14 0)
(400 4.51694e-14 0)
(400 5.18486e-14 0)
(400 4.32491e-14 0)
(400 3.54309e-14 0)
(400 2.16106e-14 0)
(400 1.49392e-14 0)
(400 8.31681e-15 0)
(400 -1.09134e-14 0)
(400 -2.41197e-14 0)
(400 -3.35326e-14 0)
(400 -3.7774e-14 0)
(400 -3.03685e-14 0)
(400 -2.88093e-14 0)
(400 -2.48377e-14 0)
(400 -2.19308e-14 0)
(400 -2.4583e-14 0)
(400 -4.50648e-14 0)
(400 -4.17581e-14 0)
(400 -2.85992e-14 0)
(400 -2.46404e-14 0)
(400 -2.37413e-14 0)
(400 -1.02015e-14 0)
(400 8.98428e-15 0)
(400 7.87415e-15 0)
(400 3.51895e-14 0)
(400 3.809e-14 0)
(400 4.30922e-14 0)
(400 3.98165e-14 0)
(400 2.05075e-14 0)
(400 2.85526e-14 0)
(400 4.49266e-14 0)
(400 3.12467e-14 0)
(400 1.25275e-14 0)
(400 -5.62373e-15 0)
(400 -9.49156e-15 0)
(400 -1.20053e-14 0)
(400 -2.35123e-14 0)
(400 -4.53309e-14 0)
(400 -6.32871e-14 0)
(400 -5.55198e-14 0)
(400 -5.12055e-14 0)
(400 -7.26532e-14 0)
(400 -7.78445e-14 0)
(400 -6.56211e-14 0)
(400 -5.09251e-14 0)
(400 -5.24994e-14 0)
(400 -6.96663e-14 0)
(400 -7.63837e-14 0)
(400 -6.47676e-14 0)
(400 -5.7063e-14 0)
(400 -4.2923e-14 0)
(400 -3.96728e-14 0)
(400 -4.3824e-14 0)
(400 -5.15353e-14 0)
(400 -5.78974e-14 0)
(400 -6.59e-14 0)
(400 -6.42516e-14 0)
(400 -5.88365e-14 0)
(400 -6.09073e-14 0)
(400 -4.24677e-14 0)
(400 -2.3026e-14 0)
(400 -3.47511e-15 0)
(400 -1.65145e-15 0)
(400 -1.12059e-14 0)
(400 -1.14021e-15 0)
(400 6.92005e-15 0)
(400 3.45938e-15 0)
(400 1.91666e-14 0)
(400 2.38558e-14 0)
(400 1.5764e-14 0)
(400 1.25533e-14 0)
(400 8.0517e-15 0)
(400 3.73547e-15 0)
(400 -5.98524e-15 0)
(400 -1.20668e-15 0)
(400 -6.50794e-15 0)
(400 -8.03092e-15 0)
(400 -9.51077e-15 0)
(400 -3.12262e-14 0)
(400 -4.98358e-14 0)
(400 -5.51903e-14 0)
(400 -6.79215e-14 0)
(400 -7.10157e-14 0)
(400 -5.11787e-14 0)
(400 -3.82754e-14 0)
(400 -2.52746e-14 0)
(400 -1.27713e-15 0)
(400 9.53137e-15 0)
(400 2.55525e-14 0)
(400 1.75857e-14 0)
(400 7.72418e-15 0)
(400 2.11801e-14 0)
(400 1.92753e-14 0)
(400 1.98791e-14 0)
(400 1.80588e-14 0)
(400 2.53955e-14 0)
(400 2.02485e-14 0)
(400 9.04622e-15 0)
(400 -1.61431e-14 0)
(400 -2.52021e-14 0)
(400 -7.42989e-15 0)
(400 2.32011e-14 0)
(400 2.92117e-14 0)
(400 1.40083e-14 0)
(400 5.64427e-15 0)
(400 1.05557e-14 0)
(400 2.26119e-14 0)
(400 3.7525e-14 0)
(400 3.36065e-14 0)
(400 1.95055e-14 0)
(400 -1.56615e-15 0)
(400 -9.11985e-15 0)
(400 -3.38789e-15 0)
(400 -1.08134e-14 0)
(400 -2.57639e-14 0)
(400 -3.0544e-14 0)
(400 -4.05805e-14 0)
(400 -2.81272e-14 0)
(400 -1.5044e-14 0)
(400 -4.17744e-15 0)
(400 -6.02795e-15 0)
(400 8.81824e-15 0)
(400 1.24011e-14 0)
(400 -9.59271e-15 0)
(400 -2.75753e-14 0)
(400 -3.04828e-14 0)
(400 -2.49914e-14 0)
(400 -1.03487e-14 0)
(400 1.22073e-14 0)
(400 9.41414e-15 0)
(400 2.07119e-15 0)
(400 2.97405e-14 0)
(400 4.18648e-14 0)
(400 4.0709e-14 0)
(400 3.51893e-14 0)
(400 1.72603e-14 0)
(400 1.75564e-14 0)
(400 1.89392e-14 0)
(400 1.27535e-14 0)
(400 1.48416e-14 0)
(400 1.9284e-14 0)
(400 1.52853e-14 0)
(400 2.91642e-14 0)
(400 3.15732e-14 0)
(400 2.29082e-14 0)
(400 2.84748e-14 0)
(400 3.29641e-14 0)
(400 2.8483e-14 0)
(400 2.75461e-14 0)
(400 3.34612e-14 0)
(400 3.00993e-14 0)
(400 2.50194e-14 0)
(400 2.69065e-14 0)
(400 2.1807e-14 0)
(400 1.87238e-14 0)
(400 2.66421e-14 0)
(400 3.48954e-14 0)
(400 3.12339e-14 0)
(400 1.96731e-14 0)
(400 1.38211e-14 0)
(400 1.40166e-14 0)
(400 -1.47538e-15 0)
(400 4.59162e-15 0)
(400 6.24743e-15 0)
(400 -5.71407e-16 0)
(400 -2.33657e-14 0)
(400 -3.73254e-14 0)
(400 -1.07062e-14 0)
(400 -1.26417e-14 0)
(400 -1.45893e-14 0)
(400 -3.7774e-15 0)
(400 -1.31413e-14 0)
(400 -1.68321e-14 0)
(400 -1.13038e-14 0)
(400 -1.0843e-15 0)
(400 -1.04995e-14 0)
(400 -9.49621e-15 0)
(400 -3.788e-15 0)
(400 -4.68648e-15 0)
(400 -1.8583e-14 0)
(400 -2.48689e-14 0)
(400 -2.68707e-14 0)
(400 -2.94936e-14 0)
(400 -2.21485e-14 0)
(400 -1.74377e-14 0)
(400 -1.85282e-14 0)
(400 -2.49986e-14 0)
(400 -3.39426e-14 0)
(400 -1.95897e-14 0)
(400 -1.3715e-14 0)
(400 2.03591e-15 0)
(400 2.24862e-15 0)
(400 6.90529e-15 0)
(400 2.31807e-14 0)
(400 4.30915e-14 0)
(400 5.35371e-14 0)
(400 6.55132e-14 0)
(400 7.61414e-14 0)
(400 9.6708e-14 0)
(400 9.14384e-14 0)
(400 8.04199e-14 0)
(400 6.46506e-14 0)
(400 6.73302e-14 0)
(400 6.00382e-14 0)
(400 5.97119e-14 0)
(400 3.47199e-14 0)
(400 4.80219e-15 0)
(400 -2.42013e-14 0)
(400 -2.51934e-14 0)
(400 -2.26997e-14 0)
(400 -2.04044e-14 0)
(400 -6.1232e-15 0)
(400 -1.36175e-14 0)
(400 -2.60909e-14 0)
(400 -3.15753e-14 0)
(400 -2.58731e-14 0)
(400 -4.93448e-14 0)
(400 -6.33439e-14 0)
(400 -6.70465e-14 0)
(400 -6.161e-14 0)
(400 -5.01528e-14 0)
(400 -3.83873e-14 0)
(400 -1.9483e-14 0)
(400 -6.18123e-15 0)
(400 1.12116e-14 0)
(400 2.94835e-14 0)
(400 2.34988e-14 0)
(400 1.5275e-14 0)
(400 6.68707e-15 0)
(400 1.10116e-14 0)
(400 2.94029e-14 0)
(400 2.75483e-14 0)
(400 1.40057e-14 0)
(400 4.43262e-15 0)
(400 -1.42474e-14 0)
(400 -2.48061e-14 0)
(400 -4.14366e-14 0)
(400 -5.51693e-14 0)
(400 -6.07906e-14 0)
(400 -5.66331e-14 0)
(400 -4.54769e-14 0)
(400 -5.91533e-14 0)
(400 -7.89137e-14 0)
(400 -7.25794e-14 0)
(400 -6.14045e-14 0)
(400 -5.6629e-14 0)
(400 -6.19022e-14 0)
(400 -7.17878e-14 0)
(400 -7.05766e-14 0)
(400 -7.30483e-14 0)
(400 -5.62558e-14 0)
(400 -2.43142e-14 0)
(400 -3.89669e-14 0)
(400 -5.07467e-14 0)
(400 -4.86845e-14 0)
(400 -3.76519e-14 0)
(400 -2.39002e-14 0)
(400 -3.65613e-14 0)
(400 -3.00846e-14 0)
(400 -2.47272e-14 0)
(400 -1.12437e-14 0)
(400 -4.85532e-15 0)
(400 -1.37115e-14 0)
(400 -2.54214e-14 0)
(400 -2.67554e-14 0)
(400 -3.14819e-14 0)
(400 -3.94965e-14 0)
(400 -2.88695e-14 0)
(400 -1.61608e-14 0)
(400 -9.44125e-17 0)
(400 -3.67596e-15 0)
(400 -9.7343e-15 0)
(400 -1.76122e-14 0)
(400 -2.0063e-14 0)
(400 -2.17139e-14 0)
(400 -2.50845e-14 0)
(400 -3.0993e-14 0)
(400 -3.53889e-14 0)
(400 -5.04487e-14 0)
(400 -6.64853e-14 0)
(400 -6.58406e-14 0)
(400 -7.29868e-14 0)
(400 -7.81834e-14 0)
(400 -7.66389e-14 0)
(400 -8.13514e-14 0)
(400 -6.68436e-14 0)
(400 -4.25106e-14 0)
(400 -1.82754e-14 0)
(400 -5.2422e-15 0)
(400 -1.83533e-14 0)
(400 -1.02238e-14 0)
(400 -1.3174e-14 0)
(400 -4.41222e-15 0)
(400 1.96598e-15 0)
(400 5.15485e-15 0)
(400 2.78847e-14 0)
(400 1.78364e-14 0)
(400 1.74742e-14 0)
(400 1.95066e-14 0)
(400 7.13923e-15 0)
(400 5.18511e-15 0)
(400 -1.23112e-14 0)
(400 -1.68026e-14 0)
(400 -8.77592e-15 0)
(400 2.27955e-16 0)
(400 2.53851e-15 0)
(400 -6.17859e-15 0)
(400 8.02758e-15 0)
(400 2.40098e-14 0)
(400 1.33475e-14 0)
(400 -7.91688e-15 0)
(400 -3.28525e-14 0)
(400 -3.86123e-14 0)
(400 -4.39233e-14 0)
(400 -3.76251e-14 0)
(400 -2.89575e-14 0)
(400 -2.91409e-14 0)
(400 -2.84946e-14 0)
(400 -4.35095e-14 0)
(400 -3.08669e-14 0)
(400 -1.26963e-14 0)
(400 -1.05265e-14 0)
(400 -1.04715e-14 0)
(400 -3.34352e-14 0)
(400 -3.39828e-14 0)
(400 -3.0377e-14 0)
(400 -3.13024e-14 0)
(400 -2.84663e-14 0)
(400 -1.99466e-14 0)
(400 -1.30337e-14 0)
(400 -2.72137e-15 0)
(400 -2.01193e-14 0)
(400 -2.5273e-14 0)
(400 -2.95155e-14 0)
(400 -3.85029e-14 0)
(400 -4.12926e-14 0)
(400 -5.36654e-14 0)
(400 -5.95617e-14 0)
(400 -6.37767e-14 0)
(400 -5.27653e-14 0)
(400 -3.45334e-14 0)
(400 -2.25872e-14 0)
(400 4.89331e-15 0)
(400 1.56471e-14 0)
(400 2.17586e-14 0)
(400 3.6565e-14 0)
(400 4.14776e-14 0)
(400 4.94318e-14 0)
(400 6.18587e-14 0)
(400 6.36015e-14 0)
(400 5.11002e-14 0)
(400 4.70362e-14 0)
(400 3.52071e-14 0)
(400 2.69456e-14 0)
(400 3.80799e-14 0)
(400 3.91488e-14 0)
(400 1.60981e-14 0)
(400 6.80792e-15 0)
(400 1.39345e-15 0)
(400 -1.1652e-14 0)
(400 -2.27925e-14 0)
(400 -2.84668e-14 0)
(400 -1.65474e-14 0)
(400 1.51738e-15 0)
(400 7.36794e-15 0)
(400 -3.28666e-15 0)
(400 -3.06626e-14 0)
(400 -2.28725e-14 0)
(400 -1.26436e-14 0)
(400 -8.87264e-15 0)
(400 -2.18035e-15 0)
(400 -2.20351e-14 0)
(400 -2.36056e-14 0)
(400 -3.20895e-14 0)
(400 -2.95325e-14 0)
(400 -3.81796e-14 0)
(400 -4.26946e-14 0)
(400 -4.97176e-14 0)
(400 -7.28527e-14 0)
(400 -8.74727e-14 0)
(400 -9.10755e-14 0)
(400 -9.23764e-14 0)
(400 -8.63065e-14 0)
(400 -9.99998e-14 0)
(400 -1.04316e-13 0)
(400 -8.99326e-14 0)
(400 -6.97445e-14 0)
(400 -5.84583e-14 0)
(400 -6.72827e-14 0)
(400 -6.39807e-14 0)
(400 -3.40584e-14 0)
(400 -1.59268e-14 0)
(400 1.71918e-15 0)
(400 1.53882e-14 0)
(400 3.07054e-14 0)
(400 4.08796e-14 0)
(400 6.42663e-14 0)
(400 9.33003e-14 0)
(400 9.54637e-14 0)
(400 6.11516e-14 0)
(400 2.75879e-14 0)
(400 1.62842e-14 0)
(400 2.4667e-14 0)
(400 4.7304e-15 0)
(400 -1.09139e-14 0)
(400 -2.0332e-14 0)
(400 -3.43407e-14 0)
(400 -3.52768e-14 0)
(400 -3.82652e-14 0)
(400 -3.95916e-14 0)
(400 -3.44946e-14 0)
(400 -3.20072e-14 0)
(400 -4.14578e-14 0)
(400 -2.35482e-14 0)
(400 -4.33795e-14 0)
(400 -4.45684e-14 0)
(400 -3.9153e-14 0)
(400 -4.43984e-14 0)
(400 -4.96818e-14 0)
(400 -4.57295e-14 0)
(400 -4.41696e-14 0)
(400 -4.06588e-14 0)
(400 -2.97978e-14 0)
(400 -5.92136e-15 0)
(400 -1.57725e-15 0)
(400 5.43279e-15 0)
(400 -6.17301e-15 0)
(400 -8.27793e-15 0)
(400 6.08676e-15 0)
(400 2.29586e-15 0)
(400 7.98545e-15 0)
(400 8.0229e-16 0)
(400 -2.47613e-14 0)
(400 -1.44385e-14 0)
(400 -1.83731e-14 0)
(400 -3.09518e-14 0)
(400 -4.46695e-14 0)
(400 -4.68586e-14 0)
(400 -3.35563e-14 0)
(400 -3.81348e-14 0)
(400 -2.91016e-14 0)
(400 -1.79412e-14 0)
(400 -2.39743e-14 0)
(400 -2.71066e-14 0)
(400 -2.35039e-14 0)
(400 -2.01499e-14 0)
(400 -3.17156e-14 0)
(400 -3.90903e-14 0)
(400 -3.47082e-14 0)
(400 -4.17135e-14 0)
(400 -4.00792e-14 0)
(400 -2.8172e-14 0)
(400 -9.66894e-15 0)
(400 9.78744e-15 0)
(400 -2.37505e-15 0)
(400 -1.91833e-15 0)
(400 -3.28143e-15 0)
(400 -8.13172e-15 0)
(400 -7.03337e-15 0)
(400 -2.02183e-14 0)
(400 -1.88851e-14 0)
(400 -1.45175e-14 0)
(400 -2.9767e-14 0)
(400 -2.52561e-14 0)
(400 -1.60301e-14 0)
(400 -1.47304e-14 0)
(400 -1.81724e-15 0)
(400 8.0907e-15 0)
(400 1.2236e-14 0)
(400 1.98816e-14 0)
(400 7.5605e-15 0)
(400 -8.01905e-15 0)
(400 -2.8777e-15 0)
(400 -1.00537e-14 0)
(400 -1.66361e-14 0)
(400 -1.48214e-14 0)
(400 -1.02181e-14 0)
(400 -2.30322e-14 0)
(400 -1.40444e-14 0)
(400 -1.81217e-14 0)
(400 -1.03595e-14 0)
(400 -6.57334e-15 0)
(400 -8.29748e-15 0)
(400 -1.92713e-14 0)
(400 -2.42613e-14 0)
(400 -2.10142e-14 0)
(400 -1.38315e-14 0)
(400 -1.33931e-14 0)
(400 -6.03713e-15 0)
(400 -6.19357e-15 0)
(400 5.85115e-16 0)
(400 -1.55561e-14 0)
(400 -5.59621e-15 0)
(400 4.57698e-15 0)
(400 8.11531e-15 0)
(400 5.86017e-15 0)
(400 2.74149e-15 0)
(400 5.62897e-15 0)
(400 1.14024e-14 0)
(400 1.17409e-14 0)
(400 1.45181e-15 0)
(400 -1.6663e-14 0)
(400 -3.82087e-15 0)
(400 1.97973e-14 0)
(400 5.09529e-14 0)
(400 6.26183e-14 0)
(400 5.01518e-14 0)
(400 5.85169e-14 0)
(400 6.39555e-14 0)
(400 3.81148e-14 0)
(400 2.01108e-14 0)
(400 -4.3347e-15 0)
(400 -2.3251e-14 0)
(400 -2.86414e-14 0)
(400 -2.82782e-14 0)
(400 -2.62059e-14 0)
(400 -2.64883e-14 0)
(400 -3.32791e-14 0)
(400 -3.56723e-14 0)
(400 -3.46145e-14 0)
(400 -1.84299e-14 0)
(400 -1.8415e-14 0)
(400 -3.55197e-14 0)
(400 -4.40843e-14 0)
(400 -4.64273e-14 0)
(400 -3.58438e-14 0)
(400 -2.672e-14 0)
(400 -2.91318e-14 0)
(400 -3.20056e-14 0)
(400 -1.2487e-14 0)
(400 1.47532e-14 0)
(400 1.26995e-14 0)
(400 1.07035e-15 0)
(400 -5.84303e-15 0)
(400 -1.40127e-14 0)
(400 1.38405e-15 0)
(400 2.33981e-15 0)
(400 4.29226e-15 0)
(400 6.48405e-15 0)
(400 8.9479e-16 0)
(400 1.34164e-14 0)
(400 3.16833e-14 0)
(400 3.90153e-14 0)
(400 4.01021e-14 0)
(400 5.0177e-14 0)
(400 5.61354e-14 0)
(400 7.03502e-14 0)
(400 8.83387e-14 0)
(400 9.63159e-14 0)
(400 8.11907e-14 0)
(400 7.72535e-14 0)
(400 7.7924e-14 0)
(400 6.54328e-14 0)
(400 5.62052e-14 0)
(400 5.3037e-14 0)
(400 5.51559e-14 0)
(400 5.29619e-14 0)
(400 5.38813e-14 0)
(400 4.91945e-14 0)
(400 3.29877e-14 0)
(400 1.03911e-14 0)
(400 4.435e-15 0)
(400 1.30575e-14 0)
(400 2.55475e-14 0)
(400 9.13944e-15 0)
(400 -1.17461e-14 0)
(400 -2.18584e-14 0)
(400 -2.4775e-14 0)
(400 -2.67495e-14 0)
(400 -4.71932e-14 0)
(400 -6.05618e-14 0)
(400 -7.20315e-14 0)
(400 -8.11614e-14 0)
(400 -9.30462e-14 0)
(400 -1.09399e-13 0)
(400 -1.09883e-13 0)
(400 -1.05472e-13 0)
(400 -9.74795e-14 0)
(400 -1.11708e-13 0)
(400 -1.02843e-13 0)
(400 -8.38175e-14 0)
(400 -6.89928e-14 0)
(400 -5.23635e-14 0)
(400 -4.09229e-14 0)
(400 -3.73102e-14 0)
(400 -2.53375e-14 0)
(400 -1.52453e-14 0)
(400 -3.74053e-15 0)
(400 -8.85713e-15 0)
(400 -1.58323e-14 0)
(400 -1.65134e-14 0)
(400 -8.55188e-15 0)
(400 1.28431e-15 0)
(400 6.45574e-15 0)
(400 7.2179e-15 0)
(400 2.05073e-14 0)
(400 5.25983e-14 0)
(400 5.59823e-14 0)
(400 3.7523e-14 0)
(400 1.0226e-14 0)
(400 -1.22341e-14 0)
(400 -5.74148e-15 0)
(400 -8.97298e-15 0)
(400 -1.21462e-14 0)
(400 -1.58211e-14 0)
(400 -2.32277e-14 0)
(400 -1.27694e-14 0)
(400 7.85695e-15 0)
(400 1.79576e-14 0)
(400 6.43056e-15 0)
(400 -1.45615e-14 0)
(400 -2.50516e-14 0)
(400 -2.86352e-14 0)
(400 -3.20321e-14 0)
(400 -5.688e-14 0)
(400 -6.38109e-14 0)
(400 -4.82582e-14 0)
(400 -3.94708e-14 0)
(400 -4.74016e-14 0)
(400 -5.79631e-14 0)
(400 -5.78195e-14 0)
(400 -4.8158e-14 0)
(400 -4.389e-14 0)
(400 -1.66209e-14 0)
(400 -6.67396e-15 0)
(400 -1.5561e-14 0)
(400 -1.33279e-14 0)
(400 3.64409e-15 0)
(400 9.5885e-15 0)
(400 -1.94022e-15 0)
(400 -2.21534e-14 0)
(400 -3.65276e-14 0)
(400 -4.51333e-14 0)
(400 -4.73836e-14 0)
(400 -4.64567e-14 0)
(400 -6.22881e-14 0)
(400 -5.46948e-14 0)
(400 -4.58378e-14 0)
(400 -4.34122e-14 0)
(400 -6.60599e-14 0)
(400 -7.54731e-14 0)
(400 -4.75638e-14 0)
(400 -2.55176e-14 0)
(400 -2.34734e-14 0)
(400 -2.02321e-14 0)
(400 -2.56925e-14 0)
(400 -2.51419e-14 0)
(400 -1.06475e-14 0)
(400 -7.50025e-16 0)
(400 -6.58607e-15 0)
(400 -2.04113e-14 0)
(400 -3.1973e-14 0)
(400 -1.18261e-14 0)
(400 1.49895e-14 0)
(400 2.08674e-14 0)
(400 1.88505e-14 0)
(400 9.85445e-15 0)
(400 1.42945e-14 0)
(400 4.05008e-15 0)
(400 -1.94246e-14 0)
(400 -2.39961e-14 0)
(400 -1.75488e-14 0)
(400 -1.50785e-14 0)
(400 8.7456e-15 0)
(400 1.1377e-14 0)
(400 6.02954e-15 0)
(400 1.22457e-14 0)
(400 1.72409e-14 0)
(400 7.28835e-15 0)
(400 -8.91571e-15 0)
(400 -2.0446e-14 0)
(400 -3.62675e-14 0)
(400 -2.49342e-14 0)
(400 -2.16093e-14 0)
(400 -3.60556e-14 0)
(400 -3.21673e-14 0)
(400 -2.33279e-14 0)
(400 -3.01711e-14 0)
(400 -3.68124e-14 0)
(400 -3.52755e-14 0)
(400 -3.99524e-14 0)
(400 -3.66892e-14 0)
(400 -2.92986e-14 0)
(400 -2.50645e-14 0)
(400 -1.09504e-14 0)
(400 -9.71647e-15 0)
(400 -1.74617e-14 0)
(400 -1.32707e-14 0)
(400 -8.27339e-15 0)
(400 -3.01997e-15 0)
(400 1.24937e-14 0)
(400 2.10367e-14 0)
(400 3.56831e-14 0)
(400 4.80444e-14 0)
(400 5.21656e-14 0)
(400 5.30961e-14 0)
(400 5.02096e-14 0)
(400 4.23983e-14 0)
(400 3.93504e-14 0)
(400 3.17228e-14 0)
(400 2.16341e-14 0)
(400 2.19959e-14 0)
(400 1.84351e-14 0)
(400 1.36702e-14 0)
(400 1.72994e-14 0)
(400 2.56938e-14 0)
(400 1.97932e-14 0)
(400 1.25229e-14 0)
(400 -4.92482e-15 0)
(400 -1.80169e-14 0)
(400 -1.63993e-14 0)
(400 -2.20126e-14 0)
(400 -3.99549e-14 0)
(400 -4.86844e-14 0)
(400 -5.23801e-14 0)
(400 -4.98845e-14 0)
(400 -4.65865e-14 0)
(400 -5.17722e-14 0)
(400 -4.11164e-14 0)
(400 -4.04891e-14 0)
(400 -3.91657e-14 0)
(400 -2.38918e-14 0)
(400 -2.90427e-14 0)
(400 -2.06912e-14 0)
(400 -2.73583e-14 0)
(400 -2.05816e-14 0)
(400 5.6464e-16 0)
(400 1.75377e-15 0)
(400 2.73835e-15 0)
(400 -2.42284e-16 0)
(400 -3.94727e-15 0)
(400 -5.78468e-15 0)
(400 -1.08629e-14 0)
(400 -1.74808e-15 0)
(400 2.33739e-15 0)
(400 2.86991e-15 0)
(400 1.52526e-15 0)
(400 3.84058e-15 0)
(400 2.12477e-14 0)
(400 2.85187e-14 0)
(400 5.01862e-14 0)
(400 6.91203e-14 0)
(400 5.40975e-14 0)
(400 4.63523e-14 0)
(400 5.32606e-14 0)
(400 5.86947e-14 0)
(400 7.39631e-14 0)
(400 8.08374e-14 0)
(400 7.8291e-14 0)
(400 7.58083e-14 0)
(400 7.80135e-14 0)
(400 7.12316e-14 0)
(400 6.10722e-14 0)
(400 4.8554e-14 0)
(400 1.42947e-14 0)
(400 1.52442e-14 0)
(400 3.39391e-14 0)
(400 3.4678e-14 0)
(400 3.22335e-14 0)
(400 2.99287e-14 0)
(400 2.84004e-14 0)
(400 2.97731e-14 0)
(400 3.38557e-14 0)
(400 2.9921e-14 0)
(400 9.34138e-15 0)
(400 -1.42175e-14 0)
(400 -9.28326e-15 0)
(400 -1.65181e-14 0)
(400 -2.59145e-14 0)
(400 -4.88534e-14 0)
(400 -5.88572e-14 0)
(400 -3.57248e-14 0)
(400 -4.98976e-14 0)
(400 -7.14791e-14 0)
(400 -9.07861e-14 0)
(400 -7.91073e-14 0)
(400 -6.97734e-14 0)
(400 -8.76448e-14 0)
(400 -7.83322e-14 0)
(400 -7.99318e-14 0)
(400 -7.49162e-14 0)
(400 -5.70637e-14 0)
(400 -6.42073e-14 0)
(400 -5.31735e-14 0)
(400 -3.40508e-14 0)
(400 -3.50461e-14 0)
(400 -3.98883e-14 0)
(400 -3.73617e-14 0)
(400 -3.30245e-14 0)
(400 -2.79058e-14 0)
(400 -3.78621e-14 0)
(400 -2.63865e-14 0)
(400 -2.17491e-14 0)
(400 -6.52178e-15 0)
(400 -4.64252e-15 0)
(400 2.29495e-15 0)
(400 7.16182e-15 0)
(400 -1.16375e-14 0)
(400 -2.90603e-14 0)
(400 -2.7212e-14 0)
(400 -2.96604e-14 0)
(400 -2.60138e-14 0)
(400 -3.23168e-14 0)
(400 -1.48266e-14 0)
(400 1.63724e-14 0)
(400 1.75653e-14 0)
(400 3.68224e-14 0)
(400 5.27464e-14 0)
(400 5.32398e-14 0)
(400 4.70503e-14 0)
(400 2.04317e-14 0)
(400 -4.45232e-16 0)
(400 -1.02164e-14 0)
(400 -2.64655e-14 0)
(400 -4.95207e-14 0)
(400 -4.28339e-14 0)
(400 -3.81141e-14 0)
(400 -4.73095e-14 0)
(400 -5.66272e-14 0)
(400 -4.85884e-14 0)
(400 -4.2473e-14 0)
(400 -3.61692e-14 0)
(400 -2.91449e-14 0)
(400 -2.17178e-14 0)
(400 -1.72896e-14 0)
(400 -9.19324e-15 0)
(400 2.82821e-15 0)
(400 -6.20467e-15 0)
(400 -1.98029e-14 0)
(400 -2.63113e-14 0)
(400 -2.87507e-14 0)
(400 -4.30086e-14 0)
(400 -4.68168e-14 0)
(400 -6.16475e-14 0)
(400 -5.56323e-14 0)
(400 -5.22326e-14 0)
(400 -3.17673e-14 0)
(400 -3.02452e-14 0)
(400 -3.62019e-14 0)
(400 -5.10201e-14 0)
(400 -6.24176e-14 0)
(400 -4.73086e-14 0)
(400 -4.35326e-14 0)
(400 -1.86494e-14 0)
(400 -9.14459e-15 0)
(400 -1.12736e-14 0)
(400 4.91661e-15 0)
(400 8.16765e-15 0)
(400 -1.79314e-15 0)
(400 -1.39357e-14 0)
(400 -2.41229e-14 0)
(400 -1.87844e-14 0)
(400 -2.00066e-14 0)
(400 -1.72467e-14 0)
(400 1.59078e-15 0)
(400 6.66551e-15 0)
(400 1.28825e-14 0)
(400 2.84982e-14 0)
(400 2.36593e-14 0)
(400 1.35522e-14 0)
(400 8.87611e-17 0)
(400 -5.1767e-15 0)
(400 7.85285e-15 0)
(400 1.17288e-14 0)
(400 1.41097e-15 0)
(400 -1.27001e-14 0)
(400 -2.11588e-14 0)
(400 -2.17931e-14 0)
(400 -3.25722e-14 0)
(400 -6.13029e-14 0)
(400 -6.79376e-14 0)
(400 -5.48444e-14 0)
(400 -4.10834e-14 0)
(400 -2.88304e-14 0)
(400 -3.10018e-14 0)
(400 -1.59837e-14 0)
(400 -2.98681e-14 0)
(400 -2.59587e-14 0)
(400 -2.0742e-14 0)
(400 -2.82116e-14 0)
(400 -2.86098e-14 0)
(400 -1.09463e-14 0)
(400 4.35694e-15 0)
(400 2.13321e-14 0)
(400 2.99011e-14 0)
(400 3.15235e-14 0)
(400 1.94466e-14 0)
(400 2.00241e-14 0)
(400 1.36508e-14 0)
(400 1.29813e-14 0)
(400 1.64086e-14 0)
(400 3.75238e-14 0)
(400 4.6896e-14 0)
(400 4.46413e-14 0)
(400 4.94761e-14 0)
(400 5.11449e-14 0)
(400 5.77853e-14 0)
(400 4.52695e-14 0)
(400 3.02525e-14 0)
(400 2.35515e-14 0)
(400 9.30202e-15 0)
(400 9.9823e-15 0)
(400 -1.78293e-14 0)
(400 -3.69191e-14 0)
(400 -3.66801e-14 0)
(400 -3.09196e-14 0)
(400 -2.92866e-14 0)
(400 -4.86848e-14 0)
(400 -6.40346e-14 0)
(400 -6.20454e-14 0)
(400 -5.80191e-14 0)
(400 -4.67519e-14 0)
(400 -5.73707e-14 0)
(400 -7.46284e-14 0)
(400 -8.55837e-14 0)
(400 -9.65001e-14 0)
(400 -9.31506e-14 0)
(400 -7.25375e-14 0)
(400 -4.5769e-14 0)
(400 -2.16266e-14 0)
(400 -2.10368e-14 0)
(400 -2.83563e-14 0)
(400 -2.64474e-14 0)
(400 -1.5113e-14 0)
(400 -1.26144e-15 0)
(400 2.14698e-15 0)
(400 2.47432e-15 0)
(400 3.11604e-15 0)
(400 2.95833e-14 0)
(400 3.03004e-14 0)
(400 2.86466e-14 0)
(400 2.00891e-14 0)
(400 2.08818e-14 0)
(400 4.46235e-14 0)
(400 7.14114e-14 0)
(400 6.88071e-14 0)
(400 5.97938e-14 0)
(400 5.52323e-14 0)
(400 6.55718e-14 0)
(400 8.29322e-14 0)
(400 8.12422e-14 0)
(400 8.45968e-14 0)
(400 6.27196e-14 0)
(400 4.44572e-14 0)
(400 5.85284e-14 0)
(400 7.45566e-14 0)
(400 7.68749e-14 0)
(400 5.7732e-14 0)
(400 5.6632e-14 0)
(400 6.54093e-14 0)
(400 6.49224e-14 0)
(400 6.10742e-14 0)
(400 5.25462e-14 0)
(400 3.78034e-14 0)
(400 2.22707e-14 0)
(400 1.77723e-14 0)
(400 1.72371e-14 0)
(400 1.15121e-14 0)
(400 1.4773e-14 0)
(400 1.98263e-14 0)
(400 2.93043e-14 0)
(400 4.50446e-14 0)
(400 4.82599e-14 0)
(400 4.25256e-14 0)
(400 4.37161e-14 0)
(400 4.51667e-14 0)
(400 2.86902e-14 0)
(400 -6.44697e-15 0)
(400 -2.48982e-14 0)
(400 -2.02502e-14 0)
(400 -3.41984e-14 0)
(400 -2.5937e-14 0)
(400 -4.34807e-14 0)
(400 -4.53054e-14 0)
(400 -3.49417e-14 0)
(400 -6.60761e-15 0)
(400 -9.35609e-15 0)
(400 -2.78203e-14 0)
(400 -3.20488e-14 0)
(400 -4.61431e-14 0)
(400 -4.76109e-14 0)
(400 -4.94705e-14 0)
(400 -6.07179e-14 0)
(400 -7.93264e-14 0)
(400 -7.82373e-14 0)
(400 -7.29053e-14 0)
(400 -7.32019e-14 0)
(400 -8.20716e-14 0)
(400 -1.00402e-13 0)
(400 -1.05954e-13 0)
(400 -1.11768e-13 0)
(400 -1.06079e-13 0)
(400 -1.00858e-13 0)
(400 -9.07859e-14 0)
(400 -9.08405e-14 0)
(400 -7.85727e-14 0)
(400 -7.56331e-14 0)
(400 -6.76355e-14 0)
(400 -6.16316e-14 0)
(400 -5.08816e-14 0)
(400 -3.37531e-14 0)
(400 -3.71349e-14 0)
(400 -3.9703e-14 0)
(400 -3.48694e-14 0)
(400 -1.41333e-14 0)
(400 -4.43846e-16 0)
(400 3.2508e-15 0)
(400 1.19363e-14 0)
(400 1.14594e-14 0)
(400 1.64182e-14 0)
(400 1.20171e-14 0)
(400 -2.74456e-14 0)
(400 -5.22344e-14 0)
(400 -1.88223e-14 0)
(400 -3.2767e-14 0)
(400 -3.77984e-14 0)
(400 -4.52003e-14 0)
(400 -5.87577e-14 0)
(400 -5.41977e-14 0)
(400 -2.91414e-14 0)
(400 -2.9256e-14 0)
(400 -2.02013e-14 0)
(400 -1.79841e-14 0)
(400 -4.14358e-14 0)
(400 -4.40801e-14 0)
(400 -2.41159e-14 0)
(400 -1.70113e-14 0)
(400 -4.3362e-14 0)
(400 -5.72842e-14 0)
(400 -5.52507e-14 0)
(400 -5.56581e-14 0)
(400 -5.40101e-14 0)
(400 -4.75657e-14 0)
(400 -6.58935e-14 0)
(400 -7.15984e-14 0)
(400 -6.83339e-14 0)
(400 -6.13291e-14 0)
(400 -5.59004e-14 0)
(400 -4.50222e-14 0)
(400 -3.3673e-14 0)
(400 -2.68648e-14 0)
(400 -2.5349e-14 0)
(400 -3.51005e-14 0)
(400 -1.85806e-14 0)
(400 -1.43057e-14 0)
(400 -7.01665e-15 0)
(400 6.88221e-15 0)
(400 5.98109e-15 0)
(400 3.65883e-16 0)
(400 4.04462e-15 0)
(400 8.00526e-15 0)
(400 2.08141e-14 0)
(400 2.06943e-14 0)
(400 3.32583e-14 0)
(400 4.81959e-14 0)
(400 4.59627e-14 0)
(400 6.20118e-14 0)
(400 6.65526e-14 0)
(400 7.35408e-14 0)
(400 7.73805e-14 0)
(400 7.54264e-14 0)
(400 7.56362e-14 0)
(400 8.56169e-14 0)
(400 7.58443e-14 0)
(400 5.86732e-14 0)
(400 4.97365e-14 0)
(400 4.18038e-14 0)
(400 2.50732e-14 0)
(400 7.79973e-15 0)
(400 -1.87143e-14 0)
(400 -2.39693e-14 0)
(400 -1.09067e-14 0)
(400 -8.34973e-15 0)
(400 -2.20641e-15 0)
(400 2.14057e-15 0)
(400 -2.78545e-15 0)
(400 -2.63779e-14 0)
(400 -3.81471e-14 0)
(400 -2.88746e-14 0)
(400 -3.501e-14 0)
(400 -3.91356e-14 0)
(400 -2.94535e-14 0)
(400 -3.00031e-14 0)
(400 -1.05096e-14 0)
(400 5.5772e-15 0)
(400 4.1859e-15 0)
(400 -6.10683e-15 0)
(400 -2.40857e-14 0)
(400 -2.87362e-14 0)
(400 -4.06636e-15 0)
(400 -4.4034e-15 0)
(400 3.35028e-15 0)
(400 1.08937e-14 0)
(400 1.18048e-14 0)
(400 1.98268e-14 0)
(400 4.67005e-14 0)
(400 7.77699e-14 0)
(400 8.54123e-14 0)
(400 7.55321e-14 0)
(400 6.59085e-14 0)
(400 5.42838e-14 0)
(400 4.4722e-14 0)
(400 3.62248e-14 0)
(400 6.97153e-15 0)
(400 -8.31369e-15 0)
(400 -2.79204e-14 0)
(400 -2.527e-14 0)
(400 -3.26112e-14 0)
(400 -4.74222e-14 0)
(400 -5.45353e-14 0)
(400 -5.96735e-14 0)
(400 -4.88018e-14 0)
(400 -4.51906e-14 0)
(400 -5.75824e-14 0)
(400 -6.8845e-14 0)
(400 -6.83547e-14 0)
(400 -5.44886e-14 0)
(400 -2.30994e-14 0)
(400 8.36369e-15 0)
(400 3.02026e-14 0)
(400 3.13125e-14 0)
(400 1.59746e-14 0)
(400 1.91455e-14 0)
(400 3.4485e-14 0)
(400 4.18153e-14 0)
(400 2.61346e-14 0)
(400 6.01884e-15 0)
(400 1.25711e-14 0)
(400 3.0252e-14 0)
(400 3.70326e-14 0)
(400 3.03828e-14 0)
(400 3.33399e-14 0)
(400 4.59253e-14 0)
(400 5.44555e-14 0)
(400 7.27624e-14 0)
(400 5.95714e-14 0)
(400 4.51247e-14 0)
(400 5.45362e-14 0)
(400 6.72487e-14 0)
(400 8.13344e-14 0)
(400 6.27222e-14 0)
(400 4.0803e-14 0)
(400 3.2979e-14 0)
(400 4.12641e-14 0)
(400 4.5e-14 0)
(400 5.17821e-14 0)
(400 5.62291e-14 0)
(400 4.9529e-14 0)
(400 4.91623e-14 0)
(400 5.90106e-14 0)
(400 4.94283e-14 0)
(400 4.19576e-14 0)
(400 3.2433e-14 0)
(400 2.83455e-14 0)
(400 3.38039e-14 0)
(400 2.8702e-14 0)
(400 1.07786e-14 0)
(400 4.55788e-15 0)
(400 3.80662e-15 0)
(400 9.93098e-15 0)
(400 1.88858e-14 0)
(400 2.2665e-14 0)
(400 1.07798e-14 0)
(400 6.56075e-15 0)
(400 1.27392e-14 0)
(400 1.46861e-14 0)
(400 -2.1946e-15 0)
(400 -2.46095e-14 0)
(400 -3.11287e-14 0)
(400 -1.65632e-14 0)
(400 -1.44077e-14 0)
(400 -2.50479e-14 0)
(400 -3.13522e-14 0)
(400 -2.29303e-14 0)
(400 -1.47401e-15 0)
(400 7.41491e-15 0)
(400 -7.61921e-15 0)
(400 -1.69448e-14 0)
(400 -3.28001e-14 0)
(400 -4.9831e-14 0)
(400 -6.89106e-14 0)
(400 -7.83473e-14 0)
(400 -7.79683e-14 0)
(400 -7.49625e-14 0)
(400 -5.83257e-14 0)
(400 -4.54116e-14 0)
(400 -3.73162e-14 0)
(400 -3.2314e-14 0)
(400 -3.42426e-14 0)
(400 -4.66261e-14 0)
(400 -6.27642e-14 0)
(400 -8.09616e-14 0)
(400 -9.12605e-14 0)
(400 -9.45144e-14 0)
(400 -9.23793e-14 0)
(400 -8.5873e-14 0)
(400 -8.42689e-14 0)
(400 -6.64249e-14 0)
(400 -4.8274e-14 0)
(400 -3.83867e-14 0)
(400 -2.58047e-14 0)
(400 -3.54182e-14 0)
(400 -2.9944e-14 0)
(400 -3.7938e-15 0)
(400 8.04146e-15 0)
(400 2.41043e-14 0)
(400 1.84881e-14 0)
(400 2.14786e-14 0)
(400 3.28635e-14 0)
(400 4.87252e-14 0)
(400 6.02035e-14 0)
(400 4.02626e-14 0)
(400 8.95973e-15 0)
(400 4.97842e-15 0)
(400 6.26501e-15 0)
(400 -3.29942e-14 0)
(400 -4.9074e-14 0)
(400 -4.03742e-14 0)
(400 -3.43132e-14 0)
(400 -3.6459e-14 0)
(400 -3.5234e-14 0)
(400 -2.58753e-14 0)
(400 -3.24074e-14 0)
(400 -4.84101e-14 0)
(400 -5.05715e-14 0)
(400 -4.58692e-14 0)
(400 -4.71593e-14 0)
(400 -4.69488e-14 0)
(400 -6.80847e-14 0)
(400 -6.42714e-14 0)
(400 -6.27302e-14 0)
(400 -4.61523e-14 0)
(400 -2.94967e-14 0)
(400 -5.10125e-14 0)
(400 -8.64739e-14 0)
(400 -9.55064e-14 0)
(400 -8.80336e-14 0)
(400 -8.73503e-14 0)
(400 -8.4198e-14 0)
(400 -5.8484e-14 0)
(400 -4.75827e-14 0)
(400 -5.07798e-14 0)
(400 -4.0366e-14 0)
(400 -3.76172e-14 0)
(400 -3.84239e-14 0)
(400 -1.87864e-14 0)
(400 -6.809e-15 0)
(400 -8.97322e-15 0)
(400 -9.29941e-15 0)
(400 1.62259e-14 0)
(400 3.36558e-14 0)
(400 4.40434e-14 0)
(400 5.79627e-14 0)
(400 5.11357e-14 0)
(400 5.87157e-14 0)
(400 6.16898e-14 0)
(400 7.26373e-14 0)
(400 5.96481e-14 0)
(400 5.21953e-14 0)
(400 6.71727e-14 0)
(400 7.87555e-14 0)
(400 8.04373e-14 0)
(400 8.17917e-14 0)
(400 6.49397e-14 0)
(400 3.93137e-14 0)
(400 2.40418e-14 0)
(400 2.05366e-14 0)
(400 -1.64015e-14 0)
(400 -4.38198e-14 0)
(400 -4.94336e-14 0)
(400 -4.64226e-14 0)
(400 -4.79646e-14 0)
(400 -5.79966e-14 0)
(400 -5.17759e-14 0)
(400 -3.57223e-14 0)
(400 -3.99979e-14 0)
(400 -2.64707e-14 0)
(400 -2.19398e-14 0)
(400 -1.94501e-14 0)
(400 1.98884e-16 0)
(400 5.43454e-15 0)
(400 4.93322e-15 0)
(400 7.94243e-15 0)
(400 1.40211e-14 0)
(400 2.80474e-14 0)
(400 2.73022e-14 0)
(400 7.35231e-15 0)
(400 -7.99897e-15 0)
(400 -1.4317e-14 0)
(400 -2.09873e-14 0)
(400 -3.48246e-14 0)
(400 -5.71524e-14 0)
(400 -7.54772e-14 0)
(400 -6.64464e-14 0)
(400 -6.13992e-14 0)
(400 -5.00757e-14 0)
(400 -5.11219e-14 0)
(400 -4.12608e-14 0)
(400 -1.45243e-14 0)
(400 -1.47315e-14 0)
(400 -2.64019e-14 0)
(400 -4.16948e-14 0)
(400 -4.31548e-14 0)
(400 -4.76756e-14 0)
(400 -5.05405e-14 0)
(400 -6.95973e-14 0)
(400 -8.80267e-14 0)
(400 -8.76487e-14 0)
(400 -7.40644e-14 0)
(400 -5.81645e-14 0)
(400 -5.86684e-14 0)
(400 -7.62718e-14 0)
(400 -7.34013e-14 0)
(400 -6.96828e-14 0)
(400 -6.8736e-14 0)
(400 -5.0905e-14 0)
(400 -3.98258e-14 0)
(400 -3.83377e-14 0)
(400 -2.67588e-14 0)
(400 -2.37205e-14 0)
(400 -2.71014e-14 0)
(400 -3.5307e-14 0)
(400 -3.32646e-14 0)
(400 -1.96841e-14 0)
(400 1.60902e-15 0)
(400 -7.80158e-15 0)
(400 -2.42235e-14 0)
(400 3.81822e-15 0)
(400 2.33254e-14 0)
(400 3.30065e-14 0)
(400 1.81961e-14 0)
(400 1.5906e-14 0)
(400 2.45754e-14 0)
(400 2.11062e-14 0)
(400 2.14064e-14 0)
(400 1.21321e-14 0)
(400 -3.50984e-16 0)
(400 1.08665e-14 0)
(400 1.59338e-14 0)
(400 2.81709e-14 0)
(400 1.20147e-14 0)
(400 -6.82548e-16 0)
(400 1.80711e-15 0)
(400 1.35233e-14 0)
(400 8.80497e-15 0)
(400 -6.45981e-15 0)
(400 -1.16867e-16 0)
(400 1.17887e-14 0)
(400 1.25375e-14 0)
(400 2.54553e-14 0)
(400 2.37805e-14 0)
(400 1.25947e-14 0)
(400 4.11383e-15 0)
(400 5.40031e-15 0)
(400 1.54182e-14 0)
(400 1.39806e-14 0)
(400 3.0197e-15 0)
(400 1.59038e-14 0)
(400 2.55164e-14 0)
(400 4.97066e-14 0)
(400 6.12729e-14 0)
(400 4.04628e-14 0)
(400 1.86701e-14 0)
(400 3.91789e-15 0)
(400 1.23629e-15 0)
(400 -5.25769e-15 0)
(400 -1.41303e-14 0)
(400 -7.71648e-15 0)
(400 -2.8681e-15 0)
(400 4.29042e-15 0)
(400 2.51309e-14 0)
(400 2.71871e-14 0)
(400 4.99039e-14 0)
(400 4.42259e-14 0)
(400 3.7387e-14 0)
(400 2.5508e-14 0)
(400 1.30029e-14 0)
(400 8.55642e-15 0)
(400 -1.93745e-14 0)
(400 -3.67817e-14 0)
(400 -6.0121e-14 0)
(400 -6.34446e-14 0)
(400 -4.96571e-14 0)
(400 -3.66e-14 0)
(400 -5.90894e-14 0)
(400 -8.81982e-14 0)
(400 -8.50032e-14 0)
(400 -6.264e-14 0)
(400 -4.74801e-14 0)
(400 -5.53822e-14 0)
(400 -8.03664e-14 0)
(400 -1.00565e-13 0)
(400 -1.07739e-13 0)
(400 -1.16532e-13 0)
(400 -1.22365e-13 0)
(400 -1.3352e-13 0)
(400 -1.29232e-13 0)
(400 -1.1876e-13 0)
(400 -1.3111e-13 0)
(400 -1.28298e-13 0)
(400 -1.11222e-13 0)
(400 -1.07249e-13 0)
(400 -1.12332e-13 0)
(400 -9.87591e-14 0)
(400 -8.77579e-14 0)
(400 -7.38968e-14 0)
(400 -6.84905e-14 0)
(400 -5.45645e-14 0)
(400 -5.08743e-14 0)
(400 -3.63192e-14 0)
(400 -1.48573e-14 0)
(400 7.97783e-15 0)
(400 2.72141e-15 0)
(400 9.01797e-15 0)
(400 1.03667e-14 0)
(400 -1.59434e-14 0)
(400 -4.33566e-14 0)
(400 -4.80948e-14 0)
(400 -4.01505e-14 0)
(400 -4.21294e-14 0)
(400 -3.34325e-14 0)
(400 -2.97407e-14 0)
(400 -3.32419e-14 0)
(400 -2.36415e-14 0)
(400 -2.95111e-14 0)
(400 -3.45543e-14 0)
(400 -3.57286e-14 0)
(400 -2.35651e-14 0)
(400 -2.4096e-14 0)
(400 -2.82335e-14 0)
(400 -2.72099e-14 0)
(400 -2.24052e-14 0)
(400 -3.37994e-14 0)
(400 -1.73988e-14 0)
(400 -2.47572e-14 0)
(400 -3.14043e-14 0)
(400 -5.46255e-14 0)
(400 -5.23165e-14 0)
(400 -4.43464e-14 0)
(400 -3.47409e-14 0)
(400 -2.68385e-14 0)
(400 -9.41686e-15 0)
(400 -1.13576e-15 0)
(400 2.75182e-15 0)
(400 1.06382e-15 0)
(400 2.06401e-14 0)
(400 2.96859e-14 0)
(400 2.51517e-14 0)
(400 3.23197e-14 0)
(400 4.21108e-14 0)
(400 5.61897e-14 0)
(400 6.31224e-14 0)
(400 6.85854e-14 0)
(400 6.08405e-14 0)
(400 6.0672e-14 0)
(400 6.26233e-14 0)
(400 5.62719e-14 0)
(400 5.89204e-14 0)
(400 4.68894e-14 0)
(400 3.98779e-14 0)
(400 4.07384e-14 0)
(400 5.85915e-14 0)
(400 5.90447e-14 0)
(400 3.04897e-14 0)
(400 1.80486e-14 0)
(400 9.43256e-15 0)
(400 1.5886e-15 0)
(400 -1.70811e-14 0)
(400 -3.97961e-14 0)
(400 -4.86048e-14 0)
(400 -4.9602e-14 0)
(400 -5.93233e-14 0)
(400 -6.77819e-14 0)
(400 -6.96397e-14 0)
(400 -5.70833e-14 0)
(400 -3.91999e-14 0)
(400 -2.72862e-14 0)
(400 -1.33846e-14 0)
(400 -2.32985e-15 0)
(400 3.22986e-14 0)
(400 5.65475e-14 0)
(400 6.12139e-14 0)
(400 7.18637e-14 0)
(400 6.27128e-14 0)
(400 6.26714e-14 0)
(400 5.56859e-14 0)
(400 5.64021e-14 0)
(400 4.31206e-14 0)
(400 3.27723e-14 0)
(400 -3.59779e-15 0)
(400 -2.98026e-14 0)
(400 -4.6827e-14 0)
(400 -4.80538e-14 0)
(400 -5.33358e-14 0)
(400 -6.78861e-14 0)
(400 -7.23179e-14 0)
(400 -7.31655e-14 0)
(400 -6.13264e-14 0)
(400 -4.89197e-14 0)
(400 -5.44816e-14 0)
(400 -5.58562e-14 0)
(400 -5.71338e-14 0)
(400 -5.23032e-14 0)
(400 -4.68418e-14 0)
(400 -5.82219e-14 0)
(400 -5.12739e-14 0)
(400 -5.45087e-14 0)
(400 -5.35328e-14 0)
(400 -4.76984e-14 0)
(400 -3.16454e-14 0)
(400 -3.59198e-14 0)
(400 -5.50055e-14 0)
(400 -5.76976e-14 0)
(400 -4.63132e-14 0)
(400 -3.69628e-14 0)
(400 -3.19821e-14 0)
(400 -3.14624e-14 0)
(400 -3.91025e-14 0)
(400 -4.49162e-14 0)
(400 -4.86918e-14 0)
(400 -5.47443e-14 0)
(400 -5.92688e-14 0)
(400 -5.59058e-14 0)
(400 -5.24278e-14 0)
(400 -2.41586e-14 0)
(400 -1.79489e-14 0)
(400 -1.98637e-14 0)
(400 -1.04286e-14 0)
(400 -4.21533e-15 0)
(400 8.90455e-15 0)
(400 2.79901e-14 0)
(400 3.39121e-14 0)
(400 1.80574e-14 0)
(400 3.6667e-14 0)
(400 3.59883e-14 0)
(400 2.91524e-14 0)
(400 1.87625e-14 0)
(400 4.5471e-15 0)
(400 -7.76888e-15 0)
(400 -2.69676e-14 0)
(400 -4.28706e-14 0)
(400 -4.56073e-14 0)
(400 -5.55951e-14 0)
(400 -4.94231e-14 0)
(400 -3.38343e-14 0)
(400 -2.88341e-14 0)
(400 -2.33192e-14 0)
(400 -2.25325e-14 0)
(400 -6.52438e-15 0)
(400 1.65599e-15 0)
(400 3.19334e-15 0)
(400 6.75809e-15 0)
(400 4.22638e-15 0)
(400 -1.68247e-15 0)
(400 -7.67156e-16 0)
(400 -6.89116e-15 0)
(400 -1.11495e-14 0)
(400 -2.30222e-14 0)
(400 -1.38762e-14 0)
(400 1.29292e-14 0)
(400 3.65649e-14 0)
(400 4.20301e-14 0)
(400 2.34424e-14 0)
(400 8.05652e-15 0)
(400 3.95478e-15 0)
(400 5.09045e-15 0)
(400 5.86527e-15 0)
(400 3.46085e-15 0)
(400 1.09609e-14 0)
(400 1.62662e-14 0)
(400 1.5526e-14 0)
(400 2.82011e-14 0)
(400 4.34118e-14 0)
(400 4.81593e-14 0)
(400 5.60245e-14 0)
(400 5.46571e-14 0)
(400 6.93856e-14 0)
(400 7.27136e-14 0)
(400 6.08708e-14 0)
(400 5.37877e-14 0)
(400 5.70538e-14 0)
(400 5.85444e-14 0)
(400 6.72293e-14 0)
(400 6.19238e-14 0)
(400 3.90242e-14 0)
(400 2.15066e-14 0)
(400 1.31701e-14 0)
(400 4.28672e-15 0)
(400 5.44139e-15 0)
(400 1.53197e-14 0)
(400 1.77699e-14 0)
(400 -8.46168e-15 0)
(400 -1.96407e-14 0)
(400 -2.17603e-14 0)
(400 -1.66433e-14 0)
(400 -7.83813e-15 0)
(400 -1.08356e-14 0)
(400 -2.1119e-14 0)
(400 -2.26223e-14 0)
(400 -1.37044e-14 0)
(400 -6.31085e-15 0)
(400 4.81755e-15 0)
(400 -5.76639e-15 0)
(400 -1.50745e-14 0)
(400 -1.34373e-14 0)
(400 -9.8455e-15 0)
(400 -5.44795e-15 0)
(400 7.57285e-16 0)
(400 5.97885e-15 0)
(400 9.04431e-15 0)
(400 2.1344e-14 0)
(400 3.41015e-14 0)
(400 3.94188e-14 0)
(400 1.08287e-14 0)
(400 6.80517e-15 0)
(400 1.37372e-14 0)
(400 1.10484e-14 0)
(400 -8.64319e-15 0)
(400 -1.17411e-14 0)
(400 -1.16961e-14 0)
(400 6.29544e-15 0)
(400 -1.44635e-14 0)
(400 -3.22667e-14 0)
(400 -3.07691e-14 0)
(400 -2.51725e-14 0)
(400 -2.45601e-14 0)
(400 -3.02595e-14 0)
(400 -3.49597e-14 0)
(400 -3.16534e-14 0)
(400 -4.33885e-14 0)
(400 -5.31991e-14 0)
(400 -5.57932e-14 0)
(400 -5.64754e-14 0)
(400 -3.75245e-14 0)
(400 -1.70419e-14 0)
(400 -1.305e-14 0)
(400 -2.40555e-14 0)
(400 -2.25926e-14 0)
(400 -1.51982e-14 0)
(400 -1.15697e-14 0)
(400 -3.47337e-16 0)
(400 1.95128e-14 0)
(400 2.09461e-14 0)
(400 8.05006e-15 0)
(400 7.95601e-15 0)
(400 6.21336e-15 0)
(400 2.55011e-15 0)
(400 1.62219e-14 0)
(400 3.3904e-14 0)
(400 4.69889e-14 0)
(400 6.20278e-14 0)
(400 6.25137e-14 0)
(400 5.13006e-14 0)
(400 3.88636e-14 0)
(400 3.82539e-14 0)
(400 5.05607e-14 0)
(400 4.52128e-14 0)
(400 6.0016e-14 0)
(400 6.04284e-14 0)
(400 4.03009e-14 0)
(400 4.79033e-14 0)
(400 6.68403e-14 0)
(400 6.28931e-14 0)
(400 5.51309e-14 0)
(400 4.59197e-14 0)
(400 3.64855e-14 0)
(400 1.73074e-14 0)
(400 1.6031e-14 0)
(400 8.64076e-15 0)
(400 9.06324e-16 0)
(400 -5.71895e-15 0)
(400 -2.10289e-14 0)
(400 -3.028e-14 0)
(400 -3.93089e-14 0)
(400 -3.83648e-14 0)
(400 -4.43327e-14 0)
(400 -5.85219e-14 0)
(400 -4.62931e-14 0)
(400 -1.49079e-14 0)
(400 9.42889e-15 0)
(400 1.33204e-14 0)
(400 1.79959e-14 0)
(400 2.27957e-14 0)
(400 1.7111e-14 0)
(400 1.23193e-14 0)
(400 1.46988e-15 0)
(400 9.6468e-15 0)
(400 1.07049e-14 0)
(400 -2.30924e-15 0)
(400 -8.2524e-15 0)
(400 -2.41123e-14 0)
(400 -3.56544e-14 0)
(400 -3.72782e-14 0)
(400 -5.49647e-14 0)
(400 -6.60852e-14 0)
(400 -6.53188e-14 0)
(400 -5.42931e-14 0)
(400 -4.95985e-14 0)
(400 -6.4046e-14 0)
(400 -6.609e-14 0)
(400 -6.16277e-14 0)
(400 -6.55096e-14 0)
(400 -4.77059e-14 0)
(400 -4.75783e-14 0)
(400 -7.06335e-14 0)
(400 -6.11254e-14 0)
(400 -3.38545e-14 0)
(400 -3.90073e-14 0)
(400 -4.98673e-14 0)
(400 -3.94452e-14 0)
(400 -3.77909e-14 0)
(400 -2.4381e-14 0)
(400 -1.87642e-14 0)
(400 -4.09643e-15 0)
(400 1.9504e-14 0)
(400 7.74031e-15 0)
(400 -4.48346e-15 0)
(400 -6.51738e-15 0)
(400 -1.44711e-14 0)
(400 -1.68071e-14 0)
(400 -2.11772e-14 0)
(400 -1.93582e-14 0)
(400 -1.12972e-14 0)
(400 -8.70005e-15 0)
(400 -1.16974e-14 0)
(400 1.25795e-15 0)
(400 1.19346e-14 0)
(400 5.78834e-15 0)
(400 -2.27025e-15 0)
(400 4.42795e-15 0)
(400 3.07927e-14 0)
(400 5.69913e-14 0)
(400 6.07842e-14 0)
(400 7.38059e-14 0)
(400 7.69361e-14 0)
(400 7.1645e-14 0)
(400 5.92214e-14 0)
(400 4.33445e-14 0)
(400 2.95056e-14 0)
(400 -3.35873e-16 0)
(400 -7.54514e-15 0)
(400 -1.90162e-14 0)
(400 -2.96098e-14 0)
(400 -3.1492e-14 0)
(400 -2.97205e-14 0)
(400 -1.256e-14 0)
(400 -1.06944e-14 0)
(400 -1.55418e-14 0)
(400 -1.4987e-14 0)
(400 -1.96399e-14 0)
(400 -1.87877e-14 0)
(400 -1.7204e-14 0)
(400 -1.43375e-14 0)
(400 -1.08031e-14 0)
(400 -1.53701e-14 0)
(400 -2.75538e-14 0)
(400 -2.98766e-14 0)
(400 -4.36963e-14 0)
(400 -4.56379e-14 0)
(400 -3.50746e-14 0)
(400 -1.37252e-14 0)
(400 -3.77687e-16 0)
(400 -1.56398e-15 0)
(400 1.32138e-14 0)
(400 1.45018e-14 0)
(400 2.66172e-14 0)
(400 4.75264e-14 0)
(400 3.63883e-14 0)
(400 2.59978e-14 0)
(400 7.97207e-15 0)
(400 -1.49019e-14 0)
(400 -8.93292e-15 0)
(400 -8.01334e-15 0)
(400 -1.07665e-14 0)
(400 -1.52929e-14 0)
(400 -2.69558e-14 0)
(400 -3.38224e-14 0)
(400 -4.17047e-14 0)
(400 -1.96317e-14 0)
(400 -1.82171e-14 0)
(400 -2.06991e-14 0)
(400 -2.42362e-14 0)
(400 -3.94212e-14 0)
(400 -4.55175e-14 0)
(400 -2.85969e-14 0)
(400 -2.43769e-14 0)
(400 -5.47662e-14 0)
(400 -9.31954e-14 0)
(400 -9.48971e-14 0)
(400 -8.42286e-14 0)
(400 -8.62825e-14 0)
(400 -9.44434e-14 0)
(400 -9.6934e-14 0)
(400 -9.41712e-14 0)
(400 -8.47345e-14 0)
(400 -7.3324e-14 0)
(400 -8.47573e-14 0)
(400 -9.2434e-14 0)
(400 -7.84983e-14 0)
(400 -7.2392e-14 0)
(400 -7.25678e-14 0)
(400 -6.25054e-14 0)
(400 -6.1044e-14 0)
(400 -7.89894e-14 0)
(400 -1.02743e-13 0)
(400 -9.82766e-14 0)
(400 -8.30336e-14 0)
(400 -6.58328e-14 0)
(400 -4.87312e-14 0)
(400 -4.25023e-14 0)
(400 -4.06986e-14 0)
(400 -4.53495e-14 0)
(400 -3.13801e-14 0)
(400 3.98835e-14 0)
(400 3.654e-14 0)
(400 3.15396e-14 0)
(400 3.87337e-14 0)
(400 2.03691e-14 0)
(400 -6.9602e-15 0)
(400 -2.54391e-14 0)
(400 -3.89249e-14 0)
(400 -6.41425e-14 0)
(400 -6.61363e-14 0)
(400 -5.88316e-14 0)
(400 -5.39746e-14 0)
(400 -5.19465e-14 0)
(400 -5.42966e-14 0)
(400 -5.87318e-14 0)
(400 -5.4331e-14 0)
(400 -6.02145e-14 0)
(400 -7.60433e-14 0)
(400 -7.62875e-14 0)
(400 -4.7161e-14 0)
(400 -4.84497e-14 0)
(400 -2.79502e-14 0)
(400 -9.29582e-15 0)
(400 1.59478e-14 0)
(400 2.71092e-14 0)
(400 2.46641e-14 0)
(400 2.76124e-14 0)
(400 2.7718e-14 0)
(400 2.53911e-14 0)
(400 3.73811e-14 0)
(400 1.65785e-14 0)
(400 1.31214e-15 0)
(400 -1.21086e-14 0)
(400 -1.46921e-14 0)
(400 5.1573e-15 0)
(400 2.25558e-14 0)
(400 4.44207e-14 0)
(400 6.28403e-14 0)
(400 6.2249e-14 0)
(400 5.22851e-14 0)
(400 2.52033e-14 0)
(400 8.4967e-15 0)
(400 1.19558e-14 0)
(400 8.26298e-15 0)
(400 9.72787e-15 0)
(400 -5.37639e-15 0)
(400 -1.26943e-14 0)
(400 -1.33273e-14 0)
(400 -2.218e-14 0)
(400 -3.01508e-14 0)
(400 -3.43967e-14 0)
(400 -4.55375e-14 0)
(400 -4.62814e-14 0)
(400 -5.71881e-14 0)
(400 -5.7478e-14 0)
(400 -4.85158e-14 0)
(400 -3.54967e-14 0)
(400 -4.09541e-14 0)
(400 -4.76282e-14 0)
(400 -5.7443e-14 0)
(400 -5.52589e-14 0)
(400 -4.28585e-14 0)
(400 -4.70898e-14 0)
(400 -3.82224e-14 0)
(400 -1.80767e-14 0)
(400 9.95072e-15 0)
(400 2.41373e-14 0)
(400 3.09105e-14 0)
(400 3.72391e-14 0)
(400 4.35075e-14 0)
(400 5.27778e-14 0)
(400 5.35923e-14 0)
(400 5.44535e-14 0)
(400 4.82112e-14 0)
(400 5.35886e-14 0)
(400 4.74861e-14 0)
(400 6.25186e-14 0)
(400 6.29658e-14 0)
(400 4.69732e-14 0)
(400 3.72092e-14 0)
(400 2.2028e-14 0)
(400 1.07019e-14 0)
(400 -7.50741e-15 0)
(400 -9.86298e-15 0)
(400 -1.22395e-14 0)
(400 -1.39566e-14 0)
(400 -8.65246e-15 0)
(400 3.40524e-16 0)
(400 -4.51337e-15 0)
(400 -1.53047e-14 0)
(400 -2.5467e-14 0)
(400 -4.05228e-14 0)
(400 -4.42447e-14 0)
(400 -3.61303e-14 0)
(400 -4.76339e-14 0)
(400 -6.04601e-14 0)
(400 -6.68162e-14 0)
(400 -6.99214e-14 0)
(400 -5.92086e-14 0)
(400 -5.24053e-14 0)
(400 -4.13111e-14 0)
(400 -2.55153e-14 0)
(400 -3.35127e-14 0)
(400 -4.10579e-14 0)
(400 -4.82819e-14 0)
(400 -6.46812e-14 0)
(400 -8.41116e-14 0)
(400 -9.07133e-14 0)
(400 -8.58106e-14 0)
(400 -8.14054e-14 0)
(400 -7.80994e-14 0)
(400 -9.47844e-14 0)
(400 -8.8226e-14 0)
(400 -7.10716e-14 0)
(400 -5.99577e-14 0)
(400 -5.35516e-14 0)
(400 -3.98101e-14 0)
(400 -2.61665e-14 0)
(400 -1.82255e-14 0)
(400 1.89912e-15 0)
(400 -1.42742e-14 0)
(400 -2.07131e-14 0)
(400 -1.47945e-14 0)
(400 -1.11632e-14 0)
(400 -4.75362e-15 0)
(400 -2.48012e-14 0)
(400 -5.00483e-14 0)
(400 -5.38823e-14 0)
(400 -6.34857e-14 0)
(400 -5.49781e-14 0)
(400 -5.98633e-14 0)
(400 -7.2271e-14 0)
(400 -7.36465e-14 0)
(400 -6.96519e-14 0)
(400 -6.188e-14 0)
(400 -7.62784e-14 0)
(400 -7.88185e-14 0)
(400 -7.29143e-14 0)
(400 -6.26757e-14 0)
(400 -6.11068e-14 0)
(400 -6.17547e-14 0)
(400 -4.27256e-14 0)
(400 -3.60295e-14 0)
(400 -2.71975e-14 0)
(400 -1.92311e-14 0)
(400 -3.06075e-14 0)
(400 -2.2413e-14 0)
(400 -2.31719e-14 0)
(400 -2.26044e-14 0)
(400 1.8604e-16 0)
(400 1.65185e-14 0)
(400 2.76445e-14 0)
(400 4.88536e-14 0)
(400 6.20048e-14 0)
(400 6.67369e-14 0)
(400 5.38868e-14 0)
(400 3.83589e-14 0)
(400 3.8477e-14 0)
(400 3.49546e-14 0)
(400 3.96648e-14 0)
(400 4.12031e-14 0)
(400 3.34609e-14 0)
(400 1.95438e-14 0)
(400 -4.67712e-15 0)
(400 -5.16397e-15 0)
(400 2.28262e-14 0)
(400 4.19143e-14 0)
(400 5.19138e-14 0)
(400 5.07399e-14 0)
(400 3.92239e-14 0)
(400 3.76224e-14 0)
(400 3.58392e-14 0)
(400 3.17733e-14 0)
(400 5.66152e-15 0)
(400 -2.09996e-14 0)
(400 -2.77573e-14 0)
(400 -3.47664e-14 0)
(400 -5.40702e-14 0)
(400 -4.02949e-14 0)
(400 -2.24144e-14 0)
(400 -3.80389e-14 0)
(400 -3.90498e-14 0)
(400 -4.07417e-14 0)
(400 -3.50502e-14 0)
(400 -2.81688e-14 0)
(400 -2.7044e-14 0)
(400 -2.28203e-14 0)
(400 -1.74042e-14 0)
(400 7.03918e-16 0)
(400 1.5702e-14 0)
(400 -5.82747e-15 0)
(400 -2.52527e-14 0)
(400 -3.85819e-14 0)
(400 -3.43906e-14 0)
(400 -2.48785e-14 0)
(400 -5.53346e-15 0)
(400 9.70315e-15 0)
(400 1.2731e-14 0)
(400 1.77259e-14 0)
(400 3.50034e-14 0)
(400 5.92491e-14 0)
(400 7.12585e-14 0)
(400 5.44565e-14 0)
(400 4.1893e-14 0)
(400 4.28002e-14 0)
(400 3.5143e-14 0)
(400 2.2428e-14 0)
(400 2.62713e-15 0)
(400 4.80009e-16 0)
(400 -1.01851e-14 0)
(400 -1.3162e-14 0)
(400 -1.55637e-14 0)
(400 -4.18011e-14 0)
(400 -4.70018e-14 0)
(400 -3.14576e-14 0)
(400 -1.5556e-14 0)
(400 -2.21248e-14 0)
(400 -4.64355e-14 0)
(400 -4.335e-14 0)
(400 -3.60433e-14 0)
(400 -1.33493e-14 0)
(400 -4.79345e-16 0)
(400 1.56179e-14 0)
(400 3.44356e-14 0)
(400 5.89492e-14 0)
(400 6.38111e-14 0)
(400 6.27434e-14 0)
(400 5.74692e-14 0)
(400 5.01193e-14 0)
(400 5.2095e-14 0)
(400 1.61668e-14 0)
(400 -2.96946e-14 0)
(400 -4.87465e-14 0)
(400 -3.86211e-14 0)
(400 -2.82612e-14 0)
(400 -9.98821e-15 0)
(400 1.24188e-14 0)
(400 3.05392e-14 0)
(400 2.6492e-14 0)
(400 3.05975e-14 0)
(400 3.83451e-14 0)
(400 3.85162e-14 0)
(400 3.54441e-14 0)
(400 3.71728e-14 0)
(400 4.83304e-14 0)
(400 4.23595e-14 0)
(400 3.83561e-14 0)
(400 1.89784e-14 0)
(400 -6.99567e-15 0)
(400 -1.14324e-14 0)
(400 -2.34083e-14 0)
(400 -1.68678e-14 0)
(400 -2.12773e-15 0)
(400 -3.85864e-15 0)
(400 -1.18627e-14 0)
(400 -7.6903e-15 0)
(400 -8.53412e-15 0)
(400 -2.50116e-14 0)
(400 -3.04657e-14 0)
(400 -3.48003e-14 0)
(400 -3.76828e-14 0)
(400 -3.84873e-14 0)
(400 -2.71244e-14 0)
(400 6.25613e-15 0)
(400 1.77278e-14 0)
(400 7.66787e-15 0)
(400 1.5505e-14 0)
(400 2.2074e-14 0)
(400 1.43578e-14 0)
(400 1.46093e-14 0)
(400 1.52265e-14 0)
(400 5.58365e-15 0)
(400 5.05053e-15 0)
(400 9.54235e-15 0)
(400 7.84359e-15 0)
(400 2.36478e-14 0)
(400 3.15889e-14 0)
(400 2.60898e-14 0)
(400 1.97442e-14 0)
(400 6.79783e-15 0)
(400 -3.27502e-15 0)
(400 -8.40561e-15 0)
(400 -2.26381e-14 0)
(400 -3.29919e-14 0)
(400 -3.48479e-14 0)
(400 -3.31893e-14 0)
(400 -3.66029e-14 0)
(400 -3.88889e-14 0)
(400 -4.83727e-14 0)
(400 -5.72816e-14 0)
(400 -4.89356e-14 0)
(400 -2.83395e-14 0)
(400 -2.26136e-14 0)
(400 -3.6669e-14 0)
(400 -3.36223e-14 0)
(400 -2.70464e-14 0)
(400 -3.11909e-14 0)
(400 -4.89044e-15 0)
(400 6.02113e-15 0)
(400 -1.25547e-15 0)
(400 1.41984e-14 0)
(400 9.30642e-15 0)
(400 1.62294e-14 0)
(400 1.13608e-14 0)
(400 6.47031e-16 0)
(400 -2.27119e-14 0)
(400 -4.63299e-14 0)
(400 -5.1521e-14 0)
(400 -4.26666e-14 0)
(400 -3.23766e-14 0)
(400 -1.53353e-14 0)
(400 -3.78558e-15 0)
(400 4.43925e-15 0)
(400 2.55815e-14 0)
(400 3.50597e-14 0)
(400 3.96506e-14 0)
(400 4.80676e-14 0)
(400 4.702e-14 0)
(400 3.81201e-14 0)
(400 4.38056e-14 0)
(400 2.51137e-14 0)
(400 4.38005e-15 0)
(400 8.6054e-16 0)
(400 -9.56564e-17 0)
(400 -3.00262e-16 0)
(400 -5.9088e-15 0)
(400 -2.00361e-14 0)
(400 -3.60953e-14 0)
(400 -5.01191e-14 0)
(400 -4.63856e-14 0)
(400 -5.2963e-14 0)
(400 -6.76251e-14 0)
(400 -7.60103e-14 0)
(400 -7.81129e-14 0)
(400 -7.70848e-14 0)
(400 -7.46246e-14 0)
(400 -7.51586e-14 0)
(400 -6.17228e-14 0)
(400 -5.1681e-14 0)
(400 -4.1425e-14 0)
(400 -3.76411e-14 0)
(400 -2.75271e-14 0)
(400 -1.61748e-14 0)
(400 -1.72412e-14 0)
(400 -2.83846e-14 0)
(400 -2.97998e-14 0)
(400 -2.05914e-14 0)
(400 -2.40259e-14 0)
(400 -3.91753e-14 0)
(400 -3.21829e-14 0)
(400 -2.06009e-14 0)
(400 2.62083e-15 0)
(400 1.49983e-15 0)
(400 -1.73367e-14 0)
(400 -9.46041e-15 0)
(400 -1.39892e-14 0)
(400 -1.16704e-14 0)
(400 -9.14701e-15 0)
(400 -4.02589e-14 0)
(400 -6.55402e-14 0)
(400 -6.76322e-14 0)
(400 -5.98106e-14 0)
(400 -6.33097e-14 0)
(400 -7.37766e-14 0)
(400 -7.6821e-14 0)
(400 -7.2131e-14 0)
(400 -5.39608e-14 0)
(400 -4.12708e-14 0)
(400 -3.90107e-14 0)
(400 -4.52995e-14 0)
(400 -4.22746e-14 0)
(400 -3.919e-14 0)
(400 -3.267e-14 0)
(400 -2.62192e-14 0)
(400 -3.95735e-14 0)
(400 -6.29856e-14 0)
(400 -6.86798e-14 0)
(400 -6.7756e-14 0)
(400 -5.07923e-14 0)
(400 -4.77307e-14 0)
(400 -4.22572e-14 0)
(400 -2.44007e-14 0)
(400 -3.20344e-14 0)
(400 -3.31578e-14 0)
(400 -4.62895e-14 0)
(400 -3.06299e-14 0)
(400 -1.35097e-14 0)
(400 -1.6154e-14 0)
(400 -1.36049e-14 0)
(400 -1.09713e-14 0)
(400 -7.08293e-15 0)
(400 -1.77867e-15 0)
(400 -2.1099e-14 0)
(400 -2.20739e-14 0)
(400 -3.00944e-14 0)
(400 -3.49184e-14 0)
(400 -2.41361e-14 0)
(400 -5.39054e-15 0)
(400 2.26871e-14 0)
(400 3.91144e-14 0)
)
;

boundaryField
{
    cyclic1
    {
        type            cyclic;
    }
    cyclic2
    {
        type            cyclic;
    }
    frontAndBack
    {
        type            empty;
    }
    outlet
    {
        type            zeroGradient;
    }
    inlet
    {
        type            fixedValue;
        value           uniform (400 0 0);
    }
}


// ************************************************************************* //
