TITLE = "Visualization of the volumetric solution"
VARIABLES = "x","y","Density","Momentum_x","Momentum_y","Energy","Pressure","Temperature","Mach","C<sub>p</sub>","Roe_Dissipation"
ZONE NODES= 476, ELEMENTS= 874, DATAPACKING=POINT, ZONETYPE=FEQUADRILATERAL
0.000000e+00	2.552500e-03	1.224612e+00	5.579141e+01	-1.174812e-01	2.544384e+05	1.012670e+05	2.880710e+02	1.338970e-01	-4.839177e-02	0.000000e+00	
3.243151e-03	2.244210e-03	1.223113e+00	5.568756e+01	2.859179e+00	2.540432e+05	1.011088e+05	2.879738e+02	1.340102e-01	-1.803311e-01	0.000000e+00	
2.106198e-03	4.412991e-03	1.224165e+00	5.563998e+01	1.828703e+00	2.542835e+05	1.012071e+05	2.880058e+02	1.336694e-01	-9.838319e-02	0.000000e+00	
4.720196e-03	4.349455e-03	1.223251e+00	5.562117e+01	3.754492e+00	2.540398e+05	1.011078e+05	2.879382e+02	1.339717e-01	-1.812016e-01	0.000000e+00	
0.000000e+00	5.105000e-03	1.224645e+00	5.562202e+01	-2.863453e-01	2.544462e+05	1.012732e+05	2.880811e+02	1.334861e-01	-4.321828e-02	0.000000e+00	
6.133654e-03	2.156561e-03	1.222781e+00	5.558874e+01	4.520334e+00	2.539276e+05	1.010623e+05	2.879194e+02	1.340865e-01	-2.191701e-01	0.000000e+00	
3.505253e-03	6.508171e-03	1.223315e+00	5.559521e+01	3.009470e+00	2.540755e+05	1.011234e+05	2.879678e+02	1.337870e-01	-1.681708e-01	0.000000e+00	
1.550624e-03	6.439346e-03	1.224152e+00	5.553171e+01	1.338383e+00	2.542963e+05	1.012144e+05	2.880298e+02	1.333719e-01	-9.227188e-02	0.000000e+00	
5.950535e-03	6.497369e-03	1.222825e+00	5.558795e+01	4.478913e+00	2.539322e+05	1.010642e+05	2.879143e+02	1.340729e-01	-2.175745e-01	0.000000e+00	
7.338472e-03	4.295527e-03	1.222644e+00	5.560034e+01	5.030300e+00	2.538805e+05	1.010424e+05	2.878948e+02	1.342399e-01	-2.357753e-01	0.000000e+00	
0.000000e+00	7.657500e-03	1.224581e+00	5.556624e+01	-2.632172e-01	2.544325e+05	1.012687e+05	2.880833e+02	1.333584e-01	-4.694422e-02	0.000000e+00	
8.742328e-03	2.132668e-03	1.222380e+00	5.559251e+01	5.478542e+00	2.538201e+05	1.010175e+05	2.878860e+02	1.343537e-01	-2.565609e-01	0.000000e+00	
4.473506e-03	8.719225e-03	1.223218e+00	5.560458e+01	3.628239e+00	2.540390e+05	1.011079e+05	2.879465e+02	1.339136e-01	-1.810961e-01	0.000000e+00	
2.046711e-03	8.543565e-03	1.224073e+00	5.553539e+01	1.764272e+00	2.542687e+05	1.012031e+05	2.880160e+02	1.334210e-01	-1.017247e-01	0.000000e+00	
7.107378e-03	8.589988e-03	1.222683e+00	5.560102e+01	4.969104e+00	2.538909e+05	1.010466e+05	2.878978e+02	1.342234e-01	-2.322403e-01	0.000000e+00	
8.521347e-03	6.414713e-03	1.222476e+00	5.557892e+01	5.426240e+00	2.538339e+05	1.010234e+05	2.878803e+02	1.342997e-01	-2.516493e-01	0.000000e+00	
9.912713e-03	4.247851e-03	1.222391e+00	5.557632e+01	5.712684e+00	2.538110e+05	1.010137e+05	2.878726e+02	1.343732e-01	-2.596944e-01	0.000000e+00	
0.000000e+00	1.021000e-02	1.224668e+00	5.563093e+01	-2.081482e-01	2.544522e+05	1.012755e+05	2.880822e+02	1.335040e-01	-4.132411e-02	0.000000e+00	
1.130132e-02	2.120193e-03	1.222274e+00	5.560076e+01	5.900302e+00	2.537872e+05	1.010033e+05	2.878707e+02	1.344919e-01	-2.683406e-01	0.000000e+00	
5.679802e-03	1.076774e-02	1.222880e+00	5.561574e+01	4.348004e+00	2.539525e+05	1.010720e+05	2.879238e+02	1.341064e-01	-2.110435e-01	0.000000e+00	
2.699121e-03	1.105461e-02	1.223748e+00	5.559351e+01	2.314823e+00	2.541896e+05	1.011698e+05	2.879980e+02	1.336487e-01	-1.294373e-01	0.000000e+00	
9.708261e-03	8.482628e-03	1.222388e+00	5.559233e+01	5.691071e+00	2.538096e+05	1.010129e+05	2.878711e+02	1.344069e-01	-2.603800e-01	0.000000e+00	
8.348634e-03	1.062471e-02	1.222499e+00	5.560404e+01	5.389692e+00	2.538433e+05	1.010267e+05	2.878844e+02	1.343478e-01	-2.488188e-01	0.000000e+00	
1.108739e-02	6.343597e-03	1.222300e+00	5.557588e+01	5.872723e+00	2.537862e+05	1.010034e+05	2.878649e+02	1.344240e-01	-2.682635e-01	0.000000e+00	
1.246671e-02	4.211883e-03	1.222282e+00	5.558292e+01	5.938265e+00	2.537840e+05	1.010023e+05	2.878658e+02	1.344592e-01	-2.692144e-01	0.000000e+00	
0.000000e+00	1.276250e-02	1.224589e+00	5.567432e+01	-2.756811e-01	2.544376e+05	1.012688e+05	2.880817e+02	1.336175e-01	-4.689552e-02	0.000000e+00	
1.384745e-02	2.113013e-03	1.222294e+00	5.561930e+01	5.913133e+00	2.537912e+05	1.010046e+05	2.878695e+02	1.345376e-01	-2.673180e-01	0.000000e+00	
7.104145e-03	1.277534e-02	1.222684e+00	5.558708e+01	4.971303e+00	2.538931e+05	1.010478e+05	2.879006e+02	1.341897e-01	-2.312860e-01	0.000000e+00	
4.602937e-03	1.298677e-02	1.223035e+00	5.560322e+01	3.713920e+00	2.540009e+05	1.010925e+05	2.879457e+02	1.339441e-01	-1.939613e-01	0.000000e+00	
2.055306e-03	1.386469e-02	1.223949e+00	5.558948e+01	1.856611e+00	2.542411e+05	1.011909e+05	2.880107e+02	1.335729e-01	-1.118554e-01	0.000000e+00	
1.227429e-02	8.411047e-03	1.222293e+00	5.558314e+01	5.936436e+00	2.537833e+05	1.010020e+05	2.878625e+02	1.344588e-01	-2.694397e-01	0.000000e+00	
1.092740e-02	1.053091e-02	1.222308e+00	5.559662e+01	5.868278e+00	2.537896e+05	1.010045e+05	2.878660e+02	1.344713e-01	-2.674176e-01	0.000000e+00	
9.620480e-03	1.265666e-02	1.222371e+00	5.559686e+01	5.689725e+00	2.538082e+05	1.010123e+05	2.878734e+02	1.344189e-01	-2.609076e-01	0.000000e+00	
1.364010e-02	6.296527e-03	1.222297e+00	5.557370e+01	5.909021e+00	2.537856e+05	1.010032e+05	2.878649e+02	1.344283e-01	-2.684881e-01	0.000000e+00	
1.501318e-02	4.190092e-03	1.222346e+00	5.559247e+01	5.792007e+00	2.538022e+05	1.010097e+05	2.878720e+02	1.344367e-01	-2.630380e-01	0.000000e+00	
3.915513e-03	1.503754e-02	1.223320e+00	5.563403e+01	3.246345e+00	2.540701e+05	1.011203e+05	2.879575e+02	1.339138e-01	-1.707918e-01	0.000000e+00	
0.000000e+00	1.531500e-02	1.224640e+00	5.563619e+01	-3.628737e-01	2.544480e+05	1.012737e+05	2.880837e+02	1.335212e-01	-4.281696e-02	0.000000e+00	
1.639033e-02	2.111752e-03	1.222417e+00	5.563010e+01	5.594827e+00	2.538252e+05	1.010186e+05	2.878806e+02	1.344686e-01	-2.555867e-01	0.000000e+00	
5.958989e-03	1.491193e-02	1.222895e+00	5.560672e+01	4.458963e+00	2.539491e+05	1.010707e+05	2.879163e+02	1.341059e-01	-2.121612e-01	0.000000e+00	
8.361415e-03	1.478925e-02	1.222484e+00	5.560947e+01	5.394949e+00	2.538393e+05	1.010250e+05	2.878830e+02	1.343640e-01	-2.502395e-01	0.000000e+00	
2.093784e-03	1.641614e-02	1.224083e+00	5.558633e+01	1.850917e+00	2.542691e+05	1.012022e+05	2.880113e+02	1.335501e-01	-1.024094e-01	0.000000e+00	
1.348193e-02	1.047927e-02	1.222293e+00	5.558850e+01	5.922921e+00	2.537845e+05	1.010024e+05	2.878637e+02	1.344679e-01	-2.690916e-01	0.000000e+00	
1.482725e-02	8.372895e-03	1.222341e+00	5.557845e+01	5.807393e+00	2.537972e+05	1.010079e+05	2.878679e+02	1.344084e-01	-2.645179e-01	0.000000e+00	
1.216607e-02	1.258858e-02	1.222288e+00	5.559504e+01	5.943541e+00	2.537838e+05	1.010020e+05	2.878636e+02	1.344894e-01	-2.694796e-01	0.000000e+00	
1.086836e-02	1.472177e-02	1.222321e+00	5.560564e+01	5.861254e+00	2.537930e+05	1.010057e+05	2.878662e+02	1.344896e-01	-2.664010e-01	0.000000e+00	
1.618878e-02	6.273837e-03	1.222412e+00	5.557832e+01	5.615537e+00	2.538185e+05	1.010169e+05	2.878767e+02	1.343511e-01	-2.570591e-01	0.000000e+00	
1.755907e-02	4.182912e-03	1.222529e+00	5.560288e+01	5.350439e+00	2.538527e+05	1.010306e+05	2.878885e+02	1.343317e-01	-2.455845e-01	0.000000e+00	
4.567475e-03	1.693547e-02	1.223174e+00	5.565286e+01	3.685839e+00	2.540302e+05	1.011034e+05	2.879440e+02	1.340438e-01	-1.848546e-01	0.000000e+00	
0.000000e+00	1.786750e-02	1.224647e+00	5.564694e+01	-2.768833e-01	2.544498e+05	1.012742e+05	2.880835e+02	1.335451e-01	-4.238788e-02	0.000000e+00	
1.893409e-02	2.118005e-03	1.222651e+00	5.563410e+01	5.018203e+00	2.538893e+05	1.010453e+05	2.879015e+02	1.343158e-01	-2.333317e-01	0.000000e+00	
7.047708e-03	1.688965e-02	1.222682e+00	5.562981e+01	4.966932e+00	2.538929e+05	1.010469e+05	2.878988e+02	1.342918e-01	-2.320014e-01	0.000000e+00	
9.576648e-03	1.682793e-02	1.222396e+00	5.562135e+01	5.677503e+00	2.538138e+05	1.010141e+05	2.878727e+02	1.344719e-01	-2.593851e-01	0.000000e+00	
2.653494e-03	1.903690e-02	1.223781e+00	5.560436e+01	2.294633e+00	2.541970e+05	1.011726e+05	2.879982e+02	1.336691e-01	-1.271176e-01	0.000000e+00	
1.601950e-02	1.045313e-02	1.222404e+00	5.558383e+01	5.643821e+00	2.538150e+05	1.010153e+05	2.878742e+02	1.343726e-01	-2.583658e-01	0.000000e+00	
1.468950e-02	1.255422e-02	1.222330e+00	5.559264e+01	5.830584e+00	2.537952e+05	1.010068e+05	2.878676e+02	1.344495e-01	-2.654202e-01	0.000000e+00	
1.736719e-02	8.356647e-03	1.222518e+00	5.557739e+01	5.385736e+00	2.538457e+05	1.010282e+05	2.878842e+02	1.342811e-01	-2.476049e-01	0.000000e+00	
1.337686e-02	1.466479e-02	1.222286e+00	5.560332e+01	5.933578e+00	2.537838e+05	1.010019e+05	2.878637e+02	1.345068e-01	-2.695731e-01	0.000000e+00	
1.206977e-02	1.676653e-02	1.222287e+00	5.561346e+01	5.948473e+00	2.537840e+05	1.010017e+05	2.878631e+02	1.345349e-01	-2.696888e-01	0.000000e+00	
1.872765e-02	6.266580e-03	1.222638e+00	5.558384e+01	5.063495e+00	2.538812e+05	1.010429e+05	2.878976e+02	1.342076e-01	-2.353514e-01	0.000000e+00	
2.009888e-02	4.181678e-03	1.222790e+00	5.560612e+01	4.672528e+00	2.539258e+05	1.010610e+05	2.879135e+02	1.341586e-01	-2.202387e-01	0.000000e+00	
5.640150e-03	1.896012e-02	1.222889e+00	5.562742e+01	4.337088e+00	2.539552e+05	1.010729e+05	2.879242e+02	1.341312e-01	-2.102914e-01	0.000000e+00	
0.000000e+00	2.042000e-02	1.224575e+00	5.567346e+01	-3.118879e-01	2.544352e+05	1.012678e+05	2.880823e+02	1.336172e-01	-4.768469e-02	0.000000e+00	
2.147003e-02	2.125768e-03	1.222959e+00	5.563786e+01	4.207724e+00	2.539753e+05	1.010810e+05	2.879305e+02	1.341233e-01	-2.035860e-01	0.000000e+00	
8.266747e-03	1.892534e-02	1.222532e+00	5.561715e+01	5.374235e+00	2.538516e+05	1.010299e+05	2.878855e+02	1.343717e-01	-2.462159e-01	0.000000e+00	
1.077439e-02	1.886663e-02	1.222314e+00	5.561780e+01	5.863757e+00	2.537925e+05	1.010052e+05	2.878668e+02	1.345200e-01	-2.667620e-01	0.000000e+00	
4.490146e-03	2.113058e-02	1.223047e+00	5.559352e+01	3.665105e+00	2.540042e+05	1.010941e+05	2.879472e+02	1.339114e-01	-1.926458e-01	0.000000e+00	
2.014993e-03	2.171990e-02	1.223973e+00	5.557155e+01	1.802436e+00	2.542470e+05	1.011936e+05	2.880128e+02	1.335225e-01	-1.095844e-01	0.000000e+00	
1.854127e-02	1.044396e-02	1.222625e+00	5.558197e+01	5.107728e+00	2.538756e+05	1.010406e+05	2.878942e+02	1.342151e-01	-2.372681e-01	0.000000e+00	
1.720385e-02	1.253820e-02	1.222501e+00	5.559004e+01	5.423339e+00	2.538416e+05	1.010263e+05	2.878826e+02	1.343223e-01	-2.492193e-01	0.000000e+00	
1.588062e-02	1.463609e-02	1.222395e+00	5.560043e+01	5.669646e+00	2.538136e+05	1.010144e+05	2.878736e+02	1.344197e-01	-2.591399e-01	0.000000e+00	
1.989150e-02	8.353379e-03	1.222770e+00	5.557686e+01	4.727137e+00	2.539165e+05	1.010577e+05	2.879089e+02	1.341029e-01	-2.229740e-01	0.000000e+00	
1.456970e-02	1.673281e-02	1.222326e+00	5.560816e+01	5.847272e+00	2.537949e+05	1.010064e+05	2.878670e+02	1.344913e-01	-2.658063e-01	0.000000e+00	
1.326994e-02	1.883036e-02	1.222292e+00	5.561006e+01	5.944580e+00	2.537855e+05	1.010024e+05	2.878637e+02	1.345251e-01	-2.691273e-01	0.000000e+00	
2.125159e-02	6.266943e-03	1.222938e+00	5.559190e+01	4.277208e+00	2.539654e+05	1.010778e+05	2.879265e+02	1.340291e-01	-2.062583e-01	0.000000e+00	
2.261654e-02	4.185135e-03	1.223134e+00	5.561346e+01	3.774737e+00	2.540221e+05	1.011008e+05	2.879458e+02	1.339676e-01	-1.870461e-01	0.000000e+00	
7.017591e-03	2.105280e-02	1.222689e+00	5.557778e+01	4.940261e+00	2.538947e+05	1.010486e+05	2.879021e+02	1.341600e-01	-2.305532e-01	0.000000e+00	
3.781382e-03	2.316744e-02	1.223391e+00	5.560213e+01	3.178451e+00	2.540867e+05	1.011276e+05	2.879617e+02	1.338192e-01	-1.646758e-01	0.000000e+00	
0.000000e+00	2.297250e-02	1.224634e+00	5.561732e+01	-3.546055e-01	2.544459e+05	1.012732e+05	2.880836e+02	1.334764e-01	-4.323987e-02	0.000000e+00	
2.400314e-02	2.110591e-03	1.223345e+00	5.563679e+01	3.220836e+00	2.540822e+05	1.011251e+05	2.879656e+02	1.339123e-01	-1.667396e-01	0.000000e+00	
9.498158e-03	2.097939e-02	1.222381e+00	5.559346e+01	5.674359e+00	2.538112e+05	1.010135e+05	2.878746e+02	1.344055e-01	-2.598339e-01	0.000000e+00	
1.198380e-02	2.093365e-02	1.222291e+00	5.559540e+01	5.949820e+00	2.537849e+05	1.010024e+05	2.878641e+02	1.344914e-01	-2.690988e-01	0.000000e+00	
5.807486e-03	2.322827e-02	1.222946e+00	5.558082e+01	4.401839e+00	2.539610e+05	1.010760e+05	2.879197e+02	1.340266e-01	-2.077023e-01	0.000000e+00	
1.982967e-03	2.422420e-02	1.224106e+00	5.552994e+01	1.742846e+00	2.542761e+05	1.012061e+05	2.880170e+02	1.334025e-01	-9.916335e-02	0.000000e+00	
1.971900e-02	1.254452e-02	1.222749e+00	5.558729e+01	4.778854e+00	2.539106e+05	1.010551e+05	2.879064e+02	1.341414e-01	-2.251636e-01	0.000000e+00	
2.106114e-02	1.045423e-02	1.222916e+00	5.558257e+01	4.337810e+00	2.539573e+05	1.010746e+05	2.879225e+02	1.340213e-01	-2.089232e-01	0.000000e+00	
1.838884e-02	1.463652e-02	1.222608e+00	5.559973e+01	5.148148e+00	2.538719e+05	1.010387e+05	2.878929e+02	1.342688e-01	-2.388374e-01	0.000000e+00	
1.707107e-02	1.672857e-02	1.222487e+00	5.560571e+01	5.454102e+00	2.538389e+05	1.010248e+05	2.878818e+02	1.343687e-01	-2.504089e-01	0.000000e+00	
2.241356e-02	8.366799e-03	1.223108e+00	5.558356e+01	3.844218e+00	2.540114e+05	1.010970e+05	2.879411e+02	1.339113e-01	-1.902441e-01	0.000000e+00	
1.576520e-02	1.882105e-02	1.222386e+00	5.560928e+01	5.691427e+00	2.538117e+05	1.010134e+05	2.878731e+02	1.344474e-01	-2.599231e-01	0.000000e+00	
1.447071e-02	2.091703e-02	1.222319e+00	5.559987e+01	5.861034e+00	2.537930e+05	1.010058e+05	2.878671e+02	1.344758e-01	-2.663116e-01	0.000000e+00	
2.377462e-02	6.282653e-03	1.223312e+00	5.559582e+01	3.308579e+00	2.540702e+05	1.011210e+05	2.879615e+02	1.338310e-01	-1.702184e-01	0.000000e+00	
2.514821e-02	4.196477e-03	1.223531e+00	5.561760e+01	2.725476e+00	2.541337e+05	1.011466e+05	2.879829e+02	1.337783e-01	-1.488135e-01	0.000000e+00	
8.232037e-03	2.311621e-02	1.222492e+00	5.558550e+01	5.360291e+00	2.538416e+05	1.010264e+05	2.878851e+02	1.342972e-01	-2.490731e-01	0.000000e+00	
4.359739e-03	2.536205e-02	1.223175e+00	5.558037e+01	3.543322e+00	2.540339e+05	1.011064e+05	2.879522e+02	1.338457e-01	-1.823590e-01	0.000000e+00	
0.000000e+00	2.552500e-02	1.224590e+00	5.559245e+01	-2.619183e-01	2.544357e+05	1.012695e+05	2.880836e+02	1.334203e-01	-4.628934e-02	0.000000e+00	
2.654120e-02	2.098056e-03	1.223758e+00	5.563815e+01	2.099095e+00	2.541991e+05	1.011730e+05	2.880047e+02	1.337327e-01	-1.268056e-01	0.000000e+00	
1.070586e-02	2.305148e-02	1.222334e+00	5.558262e+01	5.849237e+00	2.537956e+05	1.010072e+05	2.878675e+02	1.344298e-01	-2.651650e-01	0.000000e+00	
1.318455e-02	2.302165e-02	1.222282e+00	5.558900e+01	5.944825e+00	2.537826e+05	1.010016e+05	2.878639e+02	1.344759e-01	-2.697859e-01	0.000000e+00	
6.899489e-03	2.526906e-02	1.222697e+00	5.557700e+01	4.914895e+00	2.538960e+05	1.010492e+05	2.879018e+02	1.341519e-01	-2.300795e-01	0.000000e+00	
2.041758e-03	2.663590e-02	1.223982e+00	5.553469e+01	1.787383e+00	2.542505e+05	1.011957e+05	2.880165e+02	1.334309e-01	-1.078364e-01	0.000000e+00	
2.223207e-02	1.256616e-02	1.223081e+00	5.558983e+01	3.910270e+00	2.540036e+05	1.010936e+05	2.879378e+02	1.339410e-01	-1.930307e-01	0.000000e+00	
2.089644e-02	1.465577e-02	1.222894e+00	5.559779e+01	4.395690e+00	2.539518e+05	1.010720e+05	2.879204e+02	1.340716e-01	-2.110467e-01	0.000000e+00	
2.357805e-02	1.047791e-02	1.223290e+00	5.558295e+01	3.382775e+00	2.540614e+05	1.011176e+05	2.879570e+02	1.338143e-01	-1.730507e-01	0.000000e+00	
1.957237e-02	1.674537e-02	1.222731e+00	5.560328e+01	4.824248e+00	2.539067e+05	1.010531e+05	2.879050e+02	1.341913e-01	-2.267957e-01	0.000000e+00	
1.825995e-02	1.883479e-02	1.222597e+00	5.560882e+01	5.181633e+00	2.538693e+05	1.010375e+05	2.878919e+02	1.342994e-01	-2.398623e-01	0.000000e+00	
2.493285e-02	8.391885e-03	1.223502e+00	5.558546e+01	2.814184e+00	2.541221e+05	1.011425e+05	2.879779e+02	1.337162e-01	-1.522629e-01	0.000000e+00	
1.695830e-02	2.092579e-02	1.222478e+00	5.560122e+01	5.477456e+00	2.538365e+05	1.010239e+05	2.878813e+02	1.343646e-01	-2.511912e-01	0.000000e+00	
1.566507e-02	2.302181e-02	1.222382e+00	5.559344e+01	5.702585e+00	2.538101e+05	1.010130e+05	2.878728e+02	1.344127e-01	-2.602628e-01	0.000000e+00	
2.629739e-02	6.305196e-03	1.223722e+00	5.560065e+01	2.207041e+00	2.541862e+05	1.011684e+05	2.880002e+02	1.336577e-01	-1.306086e-01	0.000000e+00	
2.767627e-02	4.208806e-03	1.223963e+00	5.562019e+01	1.561018e+00	2.542560e+05	1.011965e+05	2.880232e+02	1.336203e-01	-1.072085e-01	0.000000e+00	
9.416987e-03	2.518706e-02	1.222403e+00	5.557701e+01	5.648029e+00	2.538148e+05	1.010153e+05	2.878745e+02	1.343574e-01	-2.583514e-01	0.000000e+00	
5.750642e-03	2.740668e-02	1.222913e+00	5.557547e+01	4.364416e+00	2.539556e+05	1.010740e+05	2.879217e+02	1.340099e-01	-2.094030e-01	0.000000e+00	
3.792884e-03	2.758299e-02	1.223243e+00	5.559922e+01	3.174247e+00	2.540575e+05	1.011159e+05	2.879632e+02	1.338274e-01	-1.744182e-01	0.000000e+00	
0.000000e+00	2.807750e-02	1.224597e+00	5.559793e+01	-2.577527e-01	2.544368e+05	1.012699e+05	2.880829e+02	1.334328e-01	-4.597817e-02	0.000000e+00	
2.907516e-02	2.088618e-03	1.224205e+00	5.563603e+01	8.821348e-01	2.543261e+05	1.012246e+05	2.880463e+02	1.335908e-01	-8.374671e-02	0.000000e+00	
1.189788e-02	2.513950e-02	1.222287e+00	5.558100e+01	5.941030e+00	2.537832e+05	1.010020e+05	2.878637e+02	1.344552e-01	-2.694641e-01	0.000000e+00	
1.437530e-02	2.512683e-02	1.222317e+00	5.558564e+01	5.862066e+00	2.537916e+05	1.010055e+05	2.878667e+02	1.344423e-01	-2.665796e-01	0.000000e+00	
8.133817e-03	2.733131e-02	1.222525e+00	5.558634e+01	5.329415e+00	2.538490e+05	1.010295e+05	2.878862e+02	1.342883e-01	-2.465542e-01	0.000000e+00	
2.144528e-03	2.913387e-02	1.224066e+00	5.556375e+01	1.844583e+00	2.542663e+05	1.012015e+05	2.880133e+02	1.334968e-01	-1.029937e-01	0.000000e+00	
2.474209e-02	1.259731e-02	1.223473e+00	5.558729e+01	2.894677e+00	2.541131e+05	1.011387e+05	2.879742e+02	1.337345e-01	-1.553811e-01	0.000000e+00	
2.340176e-02	1.468596e-02	1.223261e+00	5.559580e+01	3.455091e+00	2.540539e+05	1.011143e+05	2.879543e+02	1.338595e-01	-1.758017e-01	0.000000e+00	
2.207183e-02	1.677495e-02	1.223056e+00	5.560528e+01	3.972648e+00	2.539975e+05	1.010908e+05	2.879358e+02	1.339919e-01	-1.953719e-01	0.000000e+00	
2.609099e-02	1.051028e-02	1.223692e+00	5.558535e+01	2.295789e+00	2.541754e+05	1.011643e+05	2.879954e+02	1.336339e-01	-1.340541e-01	0.000000e+00	
2.075311e-02	1.886352e-02	1.222875e+00	5.560668e+01	4.447298e+00	2.539471e+05	1.010699e+05	2.879189e+02	1.341052e-01	-2.128264e-01	0.000000e+00	
1.944496e-02	2.095242e-02	1.222716e+00	5.560252e+01	4.862223e+00	2.539027e+05	1.010515e+05	2.879039e+02	1.341993e-01	-2.281650e-01	0.000000e+00	
2.744758e-02	8.424175e-03	1.223926e+00	5.558945e+01	1.665964e+00	2.542426e+05	1.011916e+05	2.880180e+02	1.335591e-01	-1.112702e-01	0.000000e+00	
1.814541e-02	2.304396e-02	1.222585e+00	5.559861e+01	5.206695e+00	2.538657e+05	1.010362e+05	2.878911e+02	1.342821e-01	-2.409616e-01	0.000000e+00	
1.685100e-02	2.514137e-02	1.222467e+00	5.559014e+01	5.492483e+00	2.538331e+05	1.010227e+05	2.878805e+02	1.343430e-01	-2.521694e-01	0.000000e+00	
2.881439e-02	6.332859e-03	1.224158e+00	5.560180e+01	1.008105e+00	2.543106e+05	1.012190e+05	2.880414e+02	1.335200e-01	-8.843506e-02	0.000000e+00	
3.019788e-02	4.223438e-03	1.224412e+00	5.562273e+01	3.118221e-01	2.543846e+05	1.012484e+05	2.880654e+02	1.335172e-01	-6.386491e-02	0.000000e+00	
1.060648e-02	2.726850e-02	1.222326e+00	5.559036e+01	5.832561e+00	2.537942e+05	1.010065e+05	2.878674e+02	1.344450e-01	-2.657346e-01	0.000000e+00	
6.840718e-03	2.946098e-02	1.222711e+00	5.561335e+01	4.879031e+00	2.539016e+05	1.010508e+05	2.879032e+02	1.342295e-01	-2.287166e-01	0.000000e+00	
4.434242e-03	2.955330e-02	1.223239e+00	5.562903e+01	3.590462e+00	2.540463e+05	1.011104e+05	2.879487e+02	1.339635e-01	-1.790036e-01	0.000000e+00	
0.000000e+00	3.063000e-02	1.224649e+00	5.563795e+01	-1.950506e-01	2.544483e+05	1.012738e+05	2.880818e+02	1.335228e-01	-4.274747e-02	0.000000e+00	
3.160534e-02	2.080531e-03	1.224659e+00	5.563566e+01	-4.061978e-01	2.544569e+05	1.012772e+05	2.880892e+02	1.335172e-01	-3.984320e-02	0.000000e+00	
1.308368e-02	2.724213e-02	1.222285e+00	5.559054e+01	5.940347e+00	2.537828e+05	1.010017e+05	2.878635e+02	1.344782e-01	-2.697214e-01	0.000000e+00	
1.555746e-02	2.724726e-02	1.222374e+00	5.559479e+01	5.710740e+00	2.538077e+05	1.010120e+05	2.878721e+02	1.344190e-01	-2.610822e-01	0.000000e+00	
9.307986e-03	2.939453e-02	1.222412e+00	5.560761e+01	5.624348e+00	2.538188e+05	1.010164e+05	2.878755e+02	1.344236e-01	-2.574317e-01	0.000000e+00	
2.690874e-03	3.166597e-02	1.223777e+00	5.560199e+01	2.281455e+00	2.541971e+05	1.011728e+05	2.879995e+02	1.336622e-01	-1.270097e-01	0.000000e+00	
2.590478e-02	1.472227e-02	1.223661e+00	5.559589e+01	2.379507e+00	2.541670e+05	1.011607e+05	2.879922e+02	1.336717e-01	-1.370898e-01	0.000000e+00	
2.724799e-02	1.263451e-02	1.223894e+00	5.558818e+01	1.757929e+00	2.542323e+05	1.011875e+05	2.880138e+02	1.335673e-01	-1.147397e-01	0.000000e+00	
2.456984e-02	1.681126e-02	1.223443e+00	5.560092e+01	2.970665e+00	2.541056e+05	1.011354e+05	2.879717e+02	1.337807e-01	-1.581487e-01	0.000000e+00	
2.324507e-02	1.890032e-02	1.223236e+00	5.560523e+01	3.521192e+00	2.540475e+05	1.011114e+05	2.879523e+02	1.338954e-01	-1.781686e-01	0.000000e+00	
2.859737e-02	1.054861e-02	1.224129e+00	5.558640e+01	1.108938e+00	2.542996e+05	1.012148e+05	2.880364e+02	1.334920e-01	-9.191999e-02	0.000000e+00	
2.193070e-02	2.098930e-02	1.223034e+00	5.560645e+01	4.026681e+00	2.539918e+05	1.010884e+05	2.879341e+02	1.340068e-01	-1.973599e-01	0.000000e+00	
2.062521e-02	2.307953e-02	1.222859e+00	5.559871e+01	4.489643e+00	2.539423e+05	1.010680e+05	2.879174e+02	1.340964e-01	-2.143721e-01	0.000000e+00	
2.995340e-02	8.461751e-03	1.224372e+00	5.559297e+01	4.340952e-01	2.543702e+05	1.012432e+05	2.880598e+02	1.334533e-01	-6.825177e-02	0.000000e+00	
1.932567e-02	2.517353e-02	1.222702e+00	5.559374e+01	4.892098e+00	2.538984e+05	1.010499e+05	2.879026e+02	1.341864e-01	-2.294901e-01	0.000000e+00	
1.802842e-02	2.727412e-02	1.222574e+00	5.559756e+01	5.228880e+00	2.538625e+05	1.010349e+05	2.878900e+02	1.342860e-01	-2.420427e-01	0.000000e+00	
3.132157e-02	6.364462e-03	1.224612e+00	5.560430e+01	-2.601944e-01	2.544411e+05	1.012715e+05	2.880839e+02	1.334462e-01	-4.464836e-02	0.000000e+00	
3.271158e-02	4.240532e-03	1.224873e+00	5.562133e+01	-9.866030e-01	2.545173e+05	1.013016e+05	2.881082e+02	1.334725e-01	-1.951302e-02	0.000000e+00	
1.178764e-02	2.936245e-02	1.222290e+00	5.560220e+01	5.933149e+00	2.537848e+05	1.010023e+05	2.878640e+02	1.345036e-01	-2.692287e-01	0.000000e+00	
8.013422e-03	3.149909e-02	1.222555e+00	5.561510e+01	5.296893e+00	2.538586e+05	1.010329e+05	2.878888e+02	1.343458e-01	-2.437103e-01	0.000000e+00	
5.484516e-03	3.154936e-02	1.222922e+00	5.562656e+01	4.251350e+00	2.539650e+05	1.010770e+05	2.879279e+02	1.341088e-01	-2.069058e-01	0.000000e+00	
0.000000e+00	3.318250e-02	1.224591e+00	5.567025e+01	-2.439585e-01	2.544372e+05	1.012687e+05	2.880811e+02	1.336073e-01	-4.695356e-02	0.000000e+00	
3.413186e-02	2.073559e-03	1.225123e+00	5.563851e+01	-1.736042e+00	2.545913e+05	1.013307e+05	2.881321e+02	1.335250e-01	4.743505e-03	0.000000e+00	
1.426170e-02	2.936102e-02	1.222311e+00	5.560214e+01	5.867782e+00	2.537908e+05	1.010048e+05	2.878663e+02	1.344840e-01	-2.671113e-01	0.000000e+00	
1.673019e-02	2.938272e-02	1.222456e+00	5.560064e+01	5.512181e+00	2.538305e+05	1.010215e+05	2.878796e+02	1.343743e-01	-2.532199e-01	0.000000e+00	
1.049433e-02	3.147754e-02	1.222331e+00	5.561498e+01	5.825380e+00	2.537973e+05	1.010073e+05	2.878686e+02	1.345013e-01	-2.650700e-01	0.000000e+00	
4.428331e-03	3.368003e-02	1.223083e+00	5.560240e+01	3.605540e+00	2.540142e+05	1.010980e+05	2.879499e+02	1.339187e-01	-1.893688e-01	0.000000e+00	
2.056105e-03	3.439361e-02	1.223961e+00	5.558234e+01	1.816224e+00	2.542449e+05	1.011926e+05	2.880127e+02	1.335508e-01	-1.104563e-01	0.000000e+00	
2.840418e-02	1.476261e-02	1.224095e+00	5.559461e+01	1.201921e+00	2.542901e+05	1.012108e+05	2.880329e+02	1.335208e-01	-9.524271e-02	0.000000e+00	
2.706676e-02	1.685107e-02	1.223862e+00	5.560040e+01	1.844414e+00	2.542239e+05	1.011838e+05	2.880110e+02	1.336075e-01	-1.177742e-01	0.000000e+00	
2.974679e-02	1.267635e-02	1.224338e+00	5.558923e+01	5.364934e-01	2.543591e+05	1.012388e+05	2.880554e+02	1.334513e-01	-7.192080e-02	0.000000e+00	
2.573716e-02	1.894076e-02	1.223632e+00	5.560532e+01	2.457105e+00	2.541593e+05	1.011574e+05	2.879899e+02	1.337063e-01	-1.398509e-01	0.000000e+00	
2.441703e-02	2.103090e-02	1.223418e+00	5.560360e+01	3.037692e+00	2.540988e+05	1.011326e+05	2.879696e+02	1.337991e-01	-1.605412e-01	0.000000e+00	
3.109333e-02	1.059167e-02	1.224574e+00	5.558688e+01	-1.459549e-01	2.544279e+05	1.012665e+05	2.880786e+02	1.334087e-01	-4.879217e-02	0.000000e+00	
2.310587e-02	2.312185e-02	1.223212e+00	5.560025e+01	3.577182e+00	2.540410e+05	1.011088e+05	2.879504e+02	1.338950e-01	-1.803346e-01	0.000000e+00	
2.180124e-02	2.521528e-02	1.223014e+00	5.559958e+01	4.072001e+00	2.539860e+05	1.010862e+05	2.879323e+02	1.340008e-01	-1.992578e-01	0.000000e+00	
3.244723e-02	8.503636e-03	1.224825e+00	5.559402e+01	-8.492929e-01	2.545010e+05	1.012956e+05	2.881024e+02	1.334081e-01	-2.450642e-02	0.000000e+00	
2.049957e-02	2.731374e-02	1.222841e+00	5.559615e+01	4.528149e+00	2.539372e+05	1.010660e+05	2.879158e+02	1.341000e-01	-2.160745e-01	0.000000e+00	
1.919737e-02	2.941937e-02	1.222687e+00	5.560114e+01	4.925730e+00	2.538946e+05	1.010482e+05	2.879012e+02	1.342132e-01	-2.309208e-01	0.000000e+00	
3.381850e-02	6.400455e-03	1.225063e+00	5.560495e+01	-1.569885e+00	2.545724e+05	1.013238e+05	2.881266e+02	1.334405e-01	-1.015297e-03	0.000000e+00	
3.522007e-02	4.262975e-03	1.225327e+00	5.561910e+01	-2.322331e+00	2.546499e+05	1.013542e+05	2.881509e+02	1.335031e-01	2.433261e-02	0.000000e+00	
1.296518e-02	3.147793e-02	1.222284e+00	5.561142e+01	5.943631e+00	2.537839e+05	1.010017e+05	2.878638e+02	1.345290e-01	-2.696950e-01	0.000000e+00	
9.226391e-03	3.358491e-02	1.222405e+00	5.560624e+01	5.613298e+00	2.538182e+05	1.010162e+05	2.878767e+02	1.344182e-01	-2.576071e-01	0.000000e+00	
6.804405e-03	3.359774e-02	1.222744e+00	5.558929e+01	4.856861e+00	2.539090e+05	1.010543e+05	2.879052e+02	1.341632e-01	-2.258499e-01	0.000000e+00	
3.748999e-03	3.569073e-02	1.223365e+00	5.562915e+01	3.124875e+00	2.540832e+05	1.011258e+05	2.879625e+02	1.338793e-01	-1.662086e-01	0.000000e+00	
0.000000e+00	3.573500e-02	1.224622e+00	5.562142e+01	-3.114474e-01	2.544429e+05	1.012719e+05	2.880827e+02	1.334871e-01	-4.432269e-02	0.000000e+00	
3.665774e-02	2.071746e-03	1.225566e+00	5.563942e+01	-3.092962e+00	2.547226e+05	1.013823e+05	2.881745e+02	1.336100e-01	4.779222e-02	0.000000e+00	
1.542979e-02	3.149772e-02	1.222367e+00	5.561102e+01	5.729577e+00	2.538067e+05	1.010113e+05	2.878716e+02	1.344633e-01	-2.616917e-01	0.000000e+00	
1.789228e-02	3.153215e-02	1.222560e+00	5.561073e+01	5.260943e+00	2.538594e+05	1.010333e+05	2.878888e+02	1.343266e-01	-2.433275e-01	0.000000e+00	
1.167486e-02	3.359258e-02	1.222297e+00	5.560667e+01	5.928388e+00	2.537870e+05	1.010031e+05	2.878646e+02	1.345121e-01	-2.685488e-01	0.000000e+00	
5.672025e-03	3.569900e-02	1.222983e+00	5.560344e+01	4.316878e+00	2.539716e+05	1.010800e+05	2.879223e+02	1.340602e-01	-2.043933e-01	0.000000e+00	
2.073922e-03	3.692346e-02	1.224113e+00	5.556229e+01	1.792168e+00	2.542770e+05	1.012059e+05	2.880146e+02	1.334837e-01	-9.937917e-02	0.000000e+00	
3.089669e-02	1.480647e-02	1.224544e+00	5.559469e+01	-4.719770e-02	2.544187e+05	1.012627e+05	2.880750e+02	1.334313e-01	-5.199640e-02	0.000000e+00	
2.956048e-02	1.689337e-02	1.224301e+00	5.559990e+01	6.306031e-01	2.543495e+05	1.012347e+05	2.880524e+02	1.334839e-01	-7.530300e-02	0.000000e+00	
2.822906e-02	1.898275e-02	1.224065e+00	5.560468e+01	1.287157e+00	2.542821e+05	1.012074e+05	2.880303e+02	1.335535e-01	-9.812078e-02	0.000000e+00	
3.223596e-02	1.272205e-02	1.224787e+00	5.559019e+01	-7.404834e-01	2.544890e+05	1.012909e+05	2.880978e+02	1.334004e-01	-2.845940e-02	0.000000e+00	
2.690487e-02	2.107391e-02	1.223831e+00	5.560370e+01	1.921285e+00	2.542158e+05	1.011805e+05	2.880086e+02	1.336256e-01	-1.205879e-01	0.000000e+00	
2.558896e-02	2.316645e-02	1.223606e+00	5.560244e+01	2.523755e+00	2.541520e+05	1.011544e+05	2.879876e+02	1.337099e-01	-1.422967e-01	0.000000e+00	
3.357913e-02	1.063825e-02	1.225034e+00	5.559040e+01	-1.445139e+00	2.545608e+05	1.013195e+05	2.881211e+02	1.334019e-01	-4.609706e-03	0.000000e+00	
2.427986e-02	2.526103e-02	1.223395e+00	5.559839e+01	3.094298e+00	2.540921e+05	1.011299e+05	2.879675e+02	1.337970e-01	-1.627286e-01	0.000000e+00	
2.297414e-02	2.735949e-02	1.223190e+00	5.559832e+01	3.626627e+00	2.540348e+05	1.011063e+05	2.879484e+02	1.339009e-01	-1.824237e-01	0.000000e+00	
3.493298e-02	8.549929e-03	1.225276e+00	5.559347e+01	-2.164966e+00	2.546328e+05	1.013479e+05	2.881449e+02	1.334334e-01	1.907829e-02	0.000000e+00	
2.166787e-02	2.946403e-02	1.222994e+00	5.560453e+01	4.118621e+00	2.539806e+05	1.010838e+05	2.879305e+02	1.340236e-01	-2.012001e-01	0.000000e+00	
2.035796e-02	3.157548e-02	1.222823e+00	5.560591e+01	4.574714e+00	2.539326e+05	1.010639e+05	2.879141e+02	1.341349e-01	-2.178097e-01	0.000000e+00	
3.631284e-02	6.446136e-03	1.225522e+00	5.560728e+01	-2.912334e+00	2.547066e+05	1.013766e+05	2.881690e+02	1.335159e-01	4.307332e-02	0.000000e+00	
3.773451e-02	4.303259e-03	1.225785e+00	5.562449e+01	-3.688004e+00	2.547847e+05	1.014068e+05	2.881929e+02	1.336330e-01	6.826020e-02	0.000000e+00	
1.412872e-02	3.361459e-02	1.222307e+00	5.561116e+01	5.880215e+00	2.537902e+05	1.010044e+05	2.878661e+02	1.345092e-01	-2.674608e-01	0.000000e+00	
1.038833e-02	3.570068e-02	1.222356e+00	5.560229e+01	5.803980e+00	2.538020e+05	1.010094e+05	2.878688e+02	1.344628e-01	-2.632579e-01	0.000000e+00	
7.972796e-03	3.568512e-02	1.222534e+00	5.560490e+01	5.281392e+00	2.538530e+05	1.010308e+05	2.878879e+02	1.343204e-01	-2.454298e-01	0.000000e+00	
4.325297e-03	3.767259e-02	1.223233e+00	5.563118e+01	3.518733e+00	2.540474e+05	1.011109e+05	2.879514e+02	1.339577e-01	-1.785879e-01	0.000000e+00	
3.919002e-02	2.090768e-03	1.226020e+00	5.565402e+01	-4.450341e+00	2.548571e+05	1.014343e+05	2.882158e+02	1.338059e-01	9.120191e-02	0.000000e+00	
1.658372e-02	3.364887e-02	1.222444e+00	5.560979e+01	5.541618e+00	2.538279e+05	1.010202e+05	2.878786e+02	1.344047e-01	-2.543019e-01	0.000000e+00	
1.904288e-02	3.369174e-02	1.222671e+00	5.560970e+01	4.970351e+00	2.538905e+05	1.010463e+05	2.878997e+02	1.342454e-01	-2.325028e-01	0.000000e+00	
1.282686e-02	3.572762e-02	1.222284e+00	5.560768e+01	5.943334e+00	2.537835e+05	1.010016e+05	2.878635e+02	1.345200e-01	-2.697586e-01	0.000000e+00	
6.620504e-03	3.774959e-02	1.222746e+00	5.559346e+01	4.805719e+00	2.539104e+05	1.010548e+05	2.879064e+02	1.341620e-01	-2.253803e-01	0.000000e+00	
0.000000e+00	3.828750e-02	1.224621e+00	5.561774e+01	-2.033958e-01	2.544421e+05	1.012716e+05	2.880823e+02	1.334773e-01	-4.450923e-02	0.000000e+00	
3.338216e-02	1.485315e-02	1.224994e+00	5.559470e+01	-1.342819e+00	2.545495e+05	1.013149e+05	2.881175e+02	1.334112e-01	-8.429883e-03	0.000000e+00	
3.204786e-02	1.693831e-02	1.224754e+00	5.560167e+01	-6.442136e-01	2.544800e+05	1.012871e+05	2.880947e+02	1.334294e-01	-3.164303e-02	0.000000e+00	
3.071775e-02	1.902604e-02	1.224508e+00	5.560373e+01	4.414597e-02	2.544094e+05	1.012588e+05	2.880722e+02	1.334575e-01	-5.523501e-02	0.000000e+00	
2.939257e-02	2.111686e-02	1.224272e+00	5.560439e+01	7.147990e-01	2.543415e+05	1.012314e+05	2.880499e+02	1.335009e-01	-7.806195e-02	0.000000e+00	
3.472196e-02	1.276939e-02	1.225242e+00	5.559121e+01	-2.055502e+00	2.546214e+05	1.013434e+05	2.881403e+02	1.334228e-01	1.535881e-02	0.000000e+00	
2.807411e-02	2.321060e-02	1.224035e+00	5.560350e+01	1.361376e+00	2.542740e+05	1.012041e+05	2.880279e+02	1.335587e-01	-1.008539e-01	0.000000e+00	
2.676222e-02	2.530706e-02	1.223805e+00	5.560051e+01	1.985859e+00	2.542084e+05	1.011775e+05	2.880063e+02	1.336268e-01	-1.230578e-01	0.000000e+00	
3.606737e-02	1.068602e-02	1.225475e+00	5.558956e+01	-2.779508e+00	2.546911e+05	1.013709e+05	2.881635e+02	1.334635e-01	3.825921e-02	0.000000e+00	
2.545392e-02	2.740689e-02	1.223581e+00	5.560084e+01	2.581447e+00	2.541450e+05	1.011516e+05	2.879854e+02	1.337156e-01	-1.446448e-01	0.000000e+00	
2.414487e-02	2.951172e-02	1.223372e+00	5.560249e+01	3.148234e+00	2.540859e+05	1.011273e+05	2.879654e+02	1.338172e-01	-1.649191e-01	0.000000e+00	
3.742462e-02	8.603058e-03	1.225725e+00	5.559465e+01	-3.523656e+00	2.547654e+05	1.013998e+05	2.881871e+02	1.335440e-01	6.241995e-02	0.000000e+00	
2.283118e-02	3.162272e-02	1.223167e+00	5.560692e+01	3.681368e+00	2.540287e+05	1.011037e+05	2.879464e+02	1.339332e-01	-1.846524e-01	0.000000e+00	
2.151065e-02	3.373874e-02	1.222972e+00	5.561178e+01	4.176325e+00	2.539748e+05	1.010813e+05	2.879285e+02	1.340542e-01	-2.033076e-01	0.000000e+00	
3.881986e-02	6.518493e-03	1.225936e+00	5.560129e+01	-4.282117e+00	2.548326e+05	1.014257e+05	2.882110e+02	1.336586e-01	8.402260e-02	0.000000e+00	
4.028052e-02	4.396300e-03	1.226228e+00	5.564072e+01	-5.068491e+00	2.549171e+05	1.014577e+05	2.882334e+02	1.338736e-01	1.107134e-01	0.000000e+00	
1.527155e-02	3.576391e-02	1.222363e+00	5.560937e+01	5.751241e+00	2.538052e+05	1.010107e+05	2.878707e+02	1.344654e-01	-2.622223e-01	0.000000e+00	
9.074595e-03	3.779509e-02	1.222449e+00	5.559150e+01	5.569581e+00	2.538274e+05	1.010203e+05	2.878778e+02	1.343673e-01	-2.542234e-01	0.000000e+00	
1.151609e-02	3.783229e-02	1.222294e+00	5.559662e+01	5.913609e+00	2.537860e+05	1.010029e+05	2.878648e+02	1.344846e-01	-2.686919e-01	0.000000e+00	
5.105546e-03	3.979359e-02	1.223002e+00	5.555960e+01	4.074508e+00	2.539843e+05	1.010862e+05	2.879355e+02	1.339061e-01	-1.992175e-01	0.000000e+00	
2.556410e-03	3.965342e-02	1.223821e+00	5.555779e+01	2.136087e+00	2.542094e+05	1.011786e+05	2.880057e+02	1.335360e-01	-1.221394e-01	0.000000e+00	
4.173447e-02	2.175855e-03	1.226384e+00	5.566708e+01	-5.777784e+00	2.549728e+05	1.014783e+05	2.882553e+02	1.340792e-01	1.279179e-01	0.000000e+00	
1.772220e-02	3.580779e-02	1.222545e+00	5.561111e+01	5.302181e+00	2.538552e+05	1.010316e+05	2.878873e+02	1.343388e-01	-2.447942e-01	0.000000e+00	
2.018265e-02	3.585564e-02	1.222802e+00	5.560650e+01	4.632735e+00	2.539269e+05	1.010615e+05	2.879121e+02	1.341506e-01	-2.198168e-01	0.000000e+00	
1.395378e-02	3.787261e-02	1.222308e+00	5.560020e+01	5.888699e+00	2.537897e+05	1.010044e+05	2.878656e+02	1.344851e-01	-2.674919e-01	0.000000e+00	
7.706541e-03	3.988025e-02	1.222604e+00	5.556818e+01	5.187411e+00	2.538701e+05	1.010385e+05	2.878932e+02	1.342023e-01	-2.390150e-01	0.000000e+00	
0.000000e+00	4.084000e-02	1.224582e+00	5.562768e+01	-1.853791e-01	2.544331e+05	1.012679e+05	2.880807e+02	1.335056e-01	-4.767036e-02	0.000000e+00	
3.587364e-02	1.489898e-02	1.225458e+00	5.559837e+01	-2.675973e+00	2.546845e+05	1.013682e+05	2.881598e+02	1.334752e-01	3.600026e-02	0.000000e+00	
3.453172e-02	1.698563e-02	1.225201e+00	5.559999e+01	-1.953614e+00	2.546104e+05	1.013389e+05	2.881372e+02	1.334402e-01	1.160682e-02	0.000000e+00	
3.320112e-02	1.907196e-02	1.224965e+00	5.560450e+01	-1.248755e+00	2.545414e+05	1.013115e+05	2.881146e+02	1.334333e-01	-1.126343e-02	0.000000e+00	
3.187677e-02	2.116038e-02	1.224718e+00	5.560457e+01	-5.548006e-01	2.544703e+05	1.012831e+05	2.880921e+02	1.334386e-01	-3.492262e-02	0.000000e+00	
3.055854e-02	2.325317e-02	1.224480e+00	5.560425e+01	1.242872e-01	2.544014e+05	1.012555e+05	2.880697e+02	1.334627e-01	-5.794090e-02	0.000000e+00	
3.723100e-02	1.281231e-02	1.225689e+00	5.559160e+01	-3.414869e+00	2.547540e+05	1.013954e+05	2.881829e+02	1.335253e-01	5.873927e-02	0.000000e+00	
2.924651e-02	2.535080e-02	1.224244e+00	5.560151e+01	7.864353e-01	2.543335e+05	1.012283e+05	2.880474e+02	1.335000e-01	-8.070966e-02	0.000000e+00	
2.793820e-02	2.745271e-02	1.224011e+00	5.560324e+01	1.424454e+00	2.542669e+05	1.012013e+05	2.880255e+02	1.335651e-01	-1.032378e-01	0.000000e+00	
3.858523e-02	1.073078e-02	1.225936e+00	5.559531e+01	-4.161141e+00	2.548274e+05	1.014239e+05	2.882059e+02	1.336236e-01	8.249766e-02	0.000000e+00	
2.662888e-02	2.955894e-02	1.223781e+00	5.560457e+01	2.044949e+00	2.542017e+05	1.011747e+05	2.880041e+02	1.336449e-01	-1.254002e-01	0.000000e+00	
2.531386e-02	3.167023e-02	1.223557e+00	5.560801e+01	2.641631e+00	2.541387e+05	1.011489e+05	2.879832e+02	1.337427e-01	-1.469240e-01	0.000000e+00	
3.992830e-02	8.667925e-03	1.226147e+00	5.559580e+01	-4.882766e+00	2.548936e+05	1.014494e+05	2.882286e+02	1.337366e-01	1.037590e-01	0.000000e+00	
2.399003e-02	3.378617e-02	1.223347e+00	5.560905e+01	3.211877e+00	2.540792e+05	1.011244e+05	2.879631e+02	1.338449e-01	-1.673104e-01	0.000000e+00	
2.265645e-02	3.590365e-02	1.223140e+00	5.560813e+01	3.749148e+00	2.540214e+05	1.011006e+05	2.879440e+02	1.339504e-01	-1.871934e-01	0.000000e+00	
4.135644e-02	6.655899e-03	1.226418e+00	5.561491e+01	-5.603224e+00	2.549721e+05	1.014793e+05	2.882499e+02	1.339098e-01	1.287269e-01	0.000000e+00	
4.294107e-02	4.633191e-03	1.226672e+00	5.563923e+01	-6.387255e+00	2.550484e+05	1.015080e+05	2.882718e+02	1.341361e-01	1.526464e-01	0.000000e+00	
1.639517e-02	3.791895e-02	1.222428e+00	5.560166e+01	5.575262e+00	2.538231e+05	1.010183e+05	2.878772e+02	1.343954e-01	-2.558288e-01	0.000000e+00	
1.018902e-02	3.993123e-02	1.222357e+00	5.558477e+01	5.772545e+00	2.538028e+05	1.010101e+05	2.878706e+02	1.344125e-01	-2.626794e-01	0.000000e+00	
1.262880e-02	3.997691e-02	1.222292e+00	5.559351e+01	5.936020e+00	2.537847e+05	1.010024e+05	2.878639e+02	1.344833e-01	-2.691254e-01	0.000000e+00	
6.337180e-03	4.195720e-02	1.222861e+00	5.553145e+01	4.647019e+00	2.539369e+05	1.010669e+05	2.879135e+02	1.339669e-01	-2.153531e-01	0.000000e+00	
3.806201e-03	4.180236e-02	1.223255e+00	5.553554e+01	3.200660e+00	2.540593e+05	1.011178e+05	2.879658e+02	1.336764e-01	-1.728622e-01	0.000000e+00	
1.754618e-03	4.195224e-02	1.224058e+00	5.551934e+01	1.509836e+00	2.542734e+05	1.012053e+05	2.880262e+02	1.333638e-01	-9.982112e-02	0.000000e+00	
4.419729e-02	2.434724e-03	1.226802e+00	5.563307e+01	-7.099301e+00	2.550985e+05	1.015266e+05	2.882940e+02	1.343072e-01	1.681815e-01	0.000000e+00	
1.884691e-02	3.796897e-02	1.222651e+00	5.560271e+01	5.024260e+00	2.538845e+05	1.010439e+05	2.878976e+02	1.342429e-01	-2.344788e-01	0.000000e+00	
2.131331e-02	3.801873e-02	1.222946e+00	5.560528e+01	4.247422e+00	2.539670e+05	1.010782e+05	2.879259e+02	1.340550e-01	-2.058914e-01	0.000000e+00	
1.506030e-02	4.002681e-02	1.222353e+00	5.559778e+01	5.776372e+00	2.538017e+05	1.010095e+05	2.878696e+02	1.344452e-01	-2.632290e-01	0.000000e+00	
8.865646e-03	4.203598e-02	1.222419e+00	5.558361e+01	5.500500e+00	2.538224e+05	1.010185e+05	2.878799e+02	1.343347e-01	-2.556724e-01	0.000000e+00	
0.000000e+00	4.339250e-02	1.224682e+00	5.561047e+01	-2.209057e-01	2.544541e+05	1.012766e+05	2.880821e+02	1.334535e-01	-4.037102e-02	0.000000e+00	
3.840532e-02	1.493308e-02	1.225878e+00	5.558962e+01	-4.064892e+00	2.548124e+05	1.014181e+05	2.882030e+02	1.335999e-01	7.767085e-02	0.000000e+00	
3.702895e-02	1.703132e-02	1.225663e+00	5.560494e+01	-3.306660e+00	2.547457e+05	1.013920e+05	2.881794e+02	1.335453e-01	5.587768e-02	0.000000e+00	
3.568553e-02	1.912275e-02	1.225412e+00	5.560359e+01	-2.573601e+00	2.546726e+05	1.013633e+05	2.881569e+02	1.334818e-01	3.198032e-02	0.000000e+00	
3.435708e-02	2.120813e-02	1.225175e+00	5.560643e+01	-1.862510e+00	2.546029e+05	1.013359e+05	2.881345e+02	1.334516e-01	9.057115e-03	0.000000e+00	
3.303964e-02	2.329545e-02	1.224934e+00	5.560358e+01	-1.163002e+00	2.545325e+05	1.013080e+05	2.881121e+02	1.334306e-01	-1.419692e-02	0.000000e+00	
3.172997e-02	2.539071e-02	1.224692e+00	5.560275e+01	-4.780676e-01	2.544626e+05	1.012801e+05	2.880896e+02	1.334359e-01	-3.745025e-02	0.000000e+00	
3.982150e-02	1.283863e-02	1.226137e+00	5.559655e+01	-4.848871e+00	2.548890e+05	1.014476e+05	2.882261e+02	1.337331e-01	1.022748e-01	0.000000e+00	
3.042462e-02	2.749407e-02	1.224453e+00	5.560387e+01	1.910171e-01	2.543939e+05	1.012525e+05	2.880673e+02	1.334656e-01	-6.044973e-02	0.000000e+00	
2.911789e-02	2.960279e-02	1.224218e+00	5.560371e+01	8.489901e-01	2.543264e+05	1.012253e+05	2.880452e+02	1.335108e-01	-8.315238e-02	0.000000e+00	
4.115579e-02	1.076777e-02	1.226341e+00	5.559847e+01	-5.519283e+00	2.549525e+05	1.014719e+05	2.882470e+02	1.338597e-01	1.225355e-01	0.000000e+00	
2.780470e-02	3.171545e-02	1.223985e+00	5.560793e+01	1.488472e+00	2.542599e+05	1.011983e+05	2.880233e+02	1.335838e-01	-1.056925e-01	0.000000e+00	
2.648099e-02	3.383158e-02	1.223754e+00	5.560942e+01	2.113674e+00	2.541945e+05	1.011717e+05	2.880017e+02	1.336661e-01	-1.279228e-01	0.000000e+00	
4.231717e-02	8.735157e-03	1.226576e+00	5.561117e+01	-6.098174e+00	2.550196e+05	1.014975e+05	2.882646e+02	1.340043e-01	1.439220e-01	0.000000e+00	
2.514488e-02	3.594924e-02	1.223530e+00	5.560793e+01	2.717080e+00	2.541311e+05	1.011458e+05	2.879806e+02	1.337548e-01	-1.495313e-01	0.000000e+00	
2.379657e-02	3.806531e-02	1.223318e+00	5.560397e+01	3.291898e+00	2.540708e+05	1.011211e+05	2.879602e+02	1.338477e-01	-1.701400e-01	0.000000e+00	
4.366186e-02	6.879466e-03	1.226746e+00	5.560062e+01	-6.779451e+00	2.550753e+05	1.015186e+05	2.882846e+02	1.341436e-01	1.615456e-01	0.000000e+00	
4.569681e-02	5.105000e-03	1.227098e+00	5.563498e+01	-8.037553e+00	2.551855e+05	1.015592e+05	2.883170e+02	1.345768e-01	1.953735e-01	0.000000e+00	
1.750169e-02	4.008019e-02	1.222528e+00	5.560043e+01	5.351269e+00	2.538496e+05	1.010294e+05	2.878852e+02	1.343269e-01	-2.465840e-01	0.000000e+00	
1.130695e-02	4.208894e-02	1.222312e+00	5.559069e+01	5.880695e+00	2.537898e+05	1.010046e+05	2.878655e+02	1.344600e-01	-2.672757e-01	0.000000e+00	
1.371892e-02	4.214374e-02	1.222295e+00	5.560046e+01	5.897123e+00	2.537861e+05	1.010029e+05	2.878645e+02	1.344895e-01	-2.687132e-01	0.000000e+00	
7.593834e-03	4.419051e-02	1.222637e+00	5.561306e+01	5.120416e+00	2.538778e+05	1.010409e+05	2.878924e+02	1.342915e-01	-2.370058e-01	0.000000e+00	
4.966948e-03	4.412484e-02	1.223059e+00	5.559438e+01	3.914732e+00	2.539978e+05	1.010912e+05	2.879361e+02	1.339555e-01	-1.950558e-01	0.000000e+00	
2.200979e-03	4.404624e-02	1.224075e+00	5.554796e+01	1.989467e+00	2.542631e+05	1.012004e+05	2.880081e+02	1.334711e-01	-1.039095e-01	0.000000e+00	
4.569681e-02	2.552500e-03	1.227136e+00	5.562711e+01	-8.027298e+00	2.551953e+05	1.015633e+05	2.883198e+02	1.345499e-01	1.987919e-01	0.000000e+00	
1.995970e-02	4.013241e-02	1.222775e+00	5.559844e+01	4.702297e+00	2.539186e+05	1.010582e+05	2.879091e+02	1.341489e-01	-2.225448e-01	0.000000e+00	
2.243628e-02	4.018046e-02	1.223108e+00	5.560240e+01	3.831957e+00	2.540118e+05	1.010968e+05	2.879405e+02	1.339545e-01	-1.903923e-01	0.000000e+00	
1.614310e-02	4.220296e-02	1.222413e+00	5.560256e+01	5.614601e+00	2.538182e+05	1.010163e+05	2.878749e+02	1.344092e-01	-2.575413e-01	0.000000e+00	
1.002688e-02	4.423167e-02	1.222384e+00	5.562628e+01	5.721748e+00	2.538092e+05	1.010121e+05	2.878697e+02	1.344965e-01	-2.610606e-01	0.000000e+00	
0.000000e+00	4.594500e-02	1.224537e+00	5.566820e+01	-2.374376e-01	2.544254e+05	1.012640e+05	2.880803e+02	1.336084e-01	-5.088517e-02	0.000000e+00	
4.102741e-02	1.492896e-02	1.226392e+00	5.559928e+01	-5.468245e+00	2.549608e+05	1.014753e+05	2.882449e+02	1.338445e-01	1.254145e-01	0.000000e+00	
3.956415e-02	1.706038e-02	1.226073e+00	5.559236e+01	-4.692958e+00	2.548717e+05	1.014410e+05	2.882223e+02	1.336990e-01	9.674891e-02	0.000000e+00	
3.819182e-02	1.917966e-02	1.225866e+00	5.560700e+01	-3.943754e+00	2.548069e+05	1.014157e+05	2.881991e+02	1.336229e-01	7.568831e-02	0.000000e+00	
3.684083e-02	2.126892e-02	1.225616e+00	5.560605e+01	-3.204774e+00	2.547334e+05	1.013871e+05	2.881766e+02	1.335394e-01	5.181640e-02	0.000000e+00	
3.551909e-02	2.334372e-02	1.225381e+00	5.560298e+01	-2.487182e+00	2.546637e+05	1.013599e+05	2.881544e+02	1.334749e-01	2.908720e-02	0.000000e+00	
3.421220e-02	2.542697e-02	1.225145e+00	5.560339e+01	-1.786745e+00	2.545944e+05	1.013325e+05	2.881322e+02	1.334422e-01	6.271477e-03	0.000000e+00	
3.291309e-02	2.752780e-02	1.224911e+00	5.560372e+01	-1.095833e+00	2.545258e+05	1.013053e+05	2.881098e+02	1.334307e-01	-1.644082e-02	0.000000e+00	
4.268943e-02	1.282788e-02	1.226609e+00	5.560450e+01	-6.239501e+00	2.550291e+05	1.015012e+05	2.882671e+02	1.340215e-01	1.469541e-01	0.000000e+00	
3.161046e-02	2.963971e-02	1.224670e+00	5.560479e+01	-4.155886e-01	2.544562e+05	1.012775e+05	2.880875e+02	1.334425e-01	-3.959642e-02	0.000000e+00	
3.030071e-02	3.175570e-02	1.224431e+00	5.560848e+01	2.533953e-01	2.543876e+05	1.012499e+05	2.880652e+02	1.334803e-01	-6.264365e-02	0.000000e+00	
4.368190e-02	1.081598e-02	1.226778e+00	5.557442e+01	-6.760199e+00	2.550801e+05	1.015211e+05	2.882840e+02	1.340724e-01	1.635842e-01	0.000000e+00	
2.898012e-02	3.387324e-02	1.224192e+00	5.560679e+01	9.181885e-01	2.543191e+05	1.012223e+05	2.880428e+02	1.335242e-01	-8.565427e-02	0.000000e+00	
2.764555e-02	3.599111e-02	1.223956e+00	5.560716e+01	1.567205e+00	2.542516e+05	1.011950e+05	2.880206e+02	1.335909e-01	-1.084767e-01	0.000000e+00	
4.417224e-02	8.859708e-03	1.226805e+00	5.559361e+01	-7.075455e+00	2.550959e+05	1.015263e+05	2.882926e+02	1.342063e-01	1.679747e-01	0.000000e+00	
2.629588e-02	3.810745e-02	1.223723e+00	5.560460e+01	2.200242e+00	2.541852e+05	1.011680e+05	2.879985e+02	1.336667e-01	-1.310113e-01	0.000000e+00	
2.493153e-02	4.022302e-02	1.223498e+00	5.560138e+01	2.811432e+00	2.541210e+05	1.011418e+05	2.879768e+02	1.337547e-01	-1.528608e-01	0.000000e+00	
4.569681e-02	7.657500e-03	1.227078e+00	5.560218e+01	-7.996422e+00	2.551788e+05	1.015572e+05	2.883160e+02	1.344874e-01	1.937153e-01	0.000000e+00	
1.859110e-02	4.225775e-02	1.222628e+00	5.560531e+01	5.089659e+00	2.538772e+05	1.010408e+05	2.878942e+02	1.342667e-01	-2.370629e-01	0.000000e+00	
1.238373e-02	4.428856e-02	1.222300e+00	5.562804e+01	5.928094e+00	2.537863e+05	1.010024e+05	2.878621e+02	1.345634e-01	-2.691037e-01	0.000000e+00	
1.476627e-02	4.436312e-02	1.222348e+00	5.562511e+01	5.807977e+00	2.537995e+05	1.010080e+05	2.878667e+02	1.345198e-01	-2.644330e-01	0.000000e+00	
6.449057e-03	4.646963e-02	1.222750e+00	5.568131e+01	4.640613e+00	2.539162e+05	1.010558e+05	2.879081e+02	1.343380e-01	-2.245652e-01	0.000000e+00	
8.895437e-03	4.642941e-02	1.222453e+00	5.568174e+01	5.478915e+00	2.538317e+05	1.010205e+05	2.878776e+02	1.345613e-01	-2.540148e-01	0.000000e+00	
3.408352e-03	4.632200e-02	1.223583e+00	5.563350e+01	2.962377e+00	2.541345e+05	1.011465e+05	2.879703e+02	1.338428e-01	-1.489471e-01	0.000000e+00	
2.106111e-02	4.230608e-02	1.222916e+00	5.560763e+01	4.334833e+00	2.539577e+05	1.010743e+05	2.879217e+02	1.340810e-01	-2.091438e-01	0.000000e+00	
2.355148e-02	4.234758e-02	1.223285e+00	5.560724e+01	3.391848e+00	2.540603e+05	1.011167e+05	2.879557e+02	1.338747e-01	-1.737863e-01	0.000000e+00	
1.719821e-02	4.442160e-02	1.222505e+00	5.562499e+01	5.415721e+00	2.538429e+05	1.010261e+05	2.878814e+02	1.344041e-01	-2.493179e-01	0.000000e+00	
1.109920e-02	4.645937e-02	1.222302e+00	5.567430e+01	5.857671e+00	2.537899e+05	1.010032e+05	2.878637e+02	1.346556e-01	-2.684780e-01	0.000000e+00	
2.716036e-03	4.863740e-02	1.224015e+00	5.560492e+01	2.368402e+00	2.542448e+05	1.011918e+05	2.879976e+02	1.336524e-01	-1.111319e-01	0.000000e+00	
4.366316e-02	1.482297e-02	1.226745e+00	5.559276e+01	-6.748568e+00	2.550724e+05	1.015177e+05	2.882821e+02	1.341167e-01	1.607528e-01	0.000000e+00	
4.209589e-02	1.702856e-02	1.226540e+00	5.560586e+01	-6.003690e+00	2.550086e+05	1.014934e+05	2.882613e+02	1.339718e-01	1.404789e-01	0.000000e+00	
4.075807e-02	1.923516e-02	1.226301e+00	5.560140e+01	-5.318310e+00	2.549383e+05	1.014665e+05	2.882410e+02	1.338257e-01	1.180370e-01	0.000000e+00	
3.934248e-02	2.136211e-02	1.226054e+00	5.560496e+01	-4.568048e+00	2.548648e+05	1.014382e+05	2.882186e+02	1.337071e-01	9.440641e-02	0.000000e+00	
3.800206e-02	2.341624e-02	1.225834e+00	5.561240e+01	-3.838953e+00	2.547974e+05	1.014120e+05	2.881961e+02	1.336225e-01	7.256099e-02	0.000000e+00	
3.669442e-02	2.546289e-02	1.225597e+00	5.560768e+01	-3.133116e+00	2.547275e+05	1.013848e+05	2.881745e+02	1.335361e-01	4.988924e-02	0.000000e+00	
3.541081e-02	2.754944e-02	1.225358e+00	5.560130e+01	-2.432418e+00	2.546573e+05	1.013574e+05	2.881528e+02	1.334679e-01	2.700881e-02	0.000000e+00	
3.411229e-02	2.966403e-02	1.225124e+00	5.560497e+01	-1.733398e+00	2.545886e+05	1.013302e+05	2.881304e+02	1.334446e-01	4.339261e-03	0.000000e+00	
4.569681e-02	1.276250e-02	1.227093e+00	5.561496e+01	-8.029510e+00	2.551817e+05	1.015581e+05	2.883149e+02	1.345276e-01	1.944248e-01	0.000000e+00	
3.280274e-02	3.178674e-02	1.224886e+00	5.560638e+01	-1.037480e+00	2.545191e+05	1.013026e+05	2.881079e+02	1.334375e-01	-1.868865e-02	0.000000e+00	
3.148382e-02	3.390872e-02	1.224644e+00	5.560649e+01	-3.499771e-01	2.544490e+05	1.012746e+05	2.880853e+02	1.334489e-01	-4.204456e-02	0.000000e+00	
4.569681e-02	1.021000e-02	1.227110e+00	5.559573e+01	-8.008304e+00	2.551853e+05	1.015599e+05	2.883161e+02	1.344727e-01	1.959632e-01	0.000000e+00	
3.015293e-02	3.602839e-02	1.224404e+00	5.560793e+01	3.284294e-01	2.543797e+05	1.012468e+05	2.880626e+02	1.334834e-01	-6.526778e-02	0.000000e+00	
2.880628e-02	3.814505e-02	1.224160e+00	5.560238e+01	1.005085e+00	2.543096e+05	1.012186e+05	2.880397e+02	1.335215e-01	-8.878983e-02	0.000000e+00	
2.744223e-02	4.026029e-02	1.223924e+00	5.560250e+01	1.665295e+00	2.542415e+05	1.011909e+05	2.880167e+02	1.335909e-01	-1.118408e-01	0.000000e+00	
2.606006e-02	4.238283e-02	1.223687e+00	5.560799e+01	2.308300e+00	2.541740e+05	1.011633e+05	2.879938e+02	1.336904e-01	-1.348752e-01	0.000000e+00	
1.966273e-02	4.446713e-02	1.222746e+00	5.562255e+01	4.790897e+00	2.539100e+05	1.010542e+05	2.879045e+02	1.342291e-01	-2.259289e-01	0.000000e+00	
1.336428e-02	4.658939e-02	1.222294e+00	5.566438e+01	5.917535e+00	2.537869e+05	1.010020e+05	2.878621e+02	1.346483e-01	-2.694478e-01	0.000000e+00	
1.576568e-02	4.665683e-02	1.222394e+00	5.565786e+01	5.678859e+00	2.538142e+05	1.010136e+05	2.878716e+02	1.345600e-01	-2.598217e-01	0.000000e+00	
8.178571e-03	4.891149e-02	1.222589e+00	5.571887e+01	5.283329e+00	2.538705e+05	1.010358e+05	2.878890e+02	1.345873e-01	-2.412850e-01	0.000000e+00	
5.622486e-03	4.891443e-02	1.222972e+00	5.573402e+01	4.270481e+00	2.539792e+05	1.010807e+05	2.879267e+02	1.343647e-01	-2.038056e-01	0.000000e+00	
1.004102e-02	4.849353e-02	1.222406e+00	5.571786e+01	5.745910e+00	2.538178e+05	1.010138e+05	2.878695e+02	1.347192e-01	-2.596308e-01	0.000000e+00	
0.000000e+00	4.849750e-02	1.224513e+00	5.563092e+01	3.015187e-02	2.544115e+05	1.012591e+05	2.880722e+02	1.335222e-01	-5.494509e-02	0.000000e+00	
2.215030e-02	4.450317e-02	1.223068e+00	5.562440e+01	3.939627e+00	2.540005e+05	1.010917e+05	2.879354e+02	1.340308e-01	-1.946221e-01	0.000000e+00	
2.465693e-02	4.453199e-02	1.223459e+00	5.561930e+01	2.931868e+00	2.541096e+05	1.011367e+05	2.879716e+02	1.338181e-01	-1.570627e-01	0.000000e+00	
1.822703e-02	4.669466e-02	1.222598e+00	5.565290e+01	5.183472e+00	2.538699e+05	1.010369e+05	2.878902e+02	1.344057e-01	-2.403378e-01	0.000000e+00	
1.189581e-02	4.891039e-02	1.222337e+00	5.569931e+01	5.937407e+00	2.537986e+05	1.010061e+05	2.878636e+02	1.347318e-01	-2.660821e-01	0.000000e+00	
5.077423e-03	5.105000e-02	1.222912e+00	5.570444e+01	3.899008e+00	2.539817e+05	1.010827e+05	2.879467e+02	1.342304e-01	-2.021119e-01	0.000000e+00	
2.538712e-03	5.105000e-02	1.223984e+00	5.565439e+01	1.931791e+00	2.542546e+05	1.011951e+05	2.880144e+02	1.337302e-01	-1.083766e-01	0.000000e+00	
4.415376e-02	1.685003e-02	1.226855e+00	5.559744e+01	-7.049364e+00	2.551048e+05	1.015299e+05	2.882911e+02	1.342024e-01	1.709623e-01	0.000000e+00	
4.569681e-02	1.531500e-02	1.227080e+00	5.560693e+01	-8.015420e+00	2.551779e+05	1.015567e+05	2.883143e+02	1.345054e-01	1.933117e-01	0.000000e+00	
4.351713e-02	1.922600e-02	1.226726e+00	5.558167e+01	-6.689482e+00	2.550677e+05	1.015161e+05	2.882821e+02	1.340754e-01	1.594328e-01	0.000000e+00	
4.189249e-02	2.152533e-02	1.226514e+00	5.560465e+01	-5.888250e+00	2.550002e+05	1.014902e+05	2.882585e+02	1.339430e-01	1.378519e-01	0.000000e+00	
4.048914e-02	2.357195e-02	1.226235e+00	5.560169e+01	-5.163288e+00	2.549205e+05	1.014596e+05	2.882371e+02	1.337997e-01	1.123156e-01	0.000000e+00	
3.915656e-02	2.550814e-02	1.226010e+00	5.561073e+01	-4.468307e+00	2.548527e+05	1.014333e+05	2.882154e+02	1.337072e-01	9.038317e-02	0.000000e+00	
3.793391e-02	2.754874e-02	1.225814e+00	5.561073e+01	-3.818717e+00	2.547928e+05	1.014102e+05	2.881954e+02	1.336174e-01	7.104010e-02	0.000000e+00	
3.664311e-02	2.966540e-02	1.225586e+00	5.560541e+01	-3.111796e+00	2.547246e+05	1.013837e+05	2.881739e+02	1.335292e-01	4.895561e-02	0.000000e+00	
3.532379e-02	3.180152e-02	1.225347e+00	5.560496e+01	-2.382534e+00	2.546537e+05	1.013559e+05	2.881512e+02	1.334731e-01	2.577200e-02	0.000000e+00	
3.399570e-02	3.393326e-02	1.225107e+00	5.560860e+01	-1.668168e+00	2.545832e+05	1.013280e+05	2.881282e+02	1.334509e-01	2.513620e-03	0.000000e+00	
3.266363e-02	3.605905e-02	1.224861e+00	5.560533e+01	-9.630799e-01	2.545115e+05	1.012996e+05	2.881054e+02	1.334352e-01	-2.119905e-02	0.000000e+00	
3.132090e-02	3.817811e-02	1.224615e+00	5.560207e+01	-2.654768e-01	2.544401e+05	1.012711e+05	2.880822e+02	1.334410e-01	-4.495994e-02	0.000000e+00	
2.996132e-02	4.029329e-02	1.224370e+00	5.560278e+01	4.268925e-01	2.543692e+05	1.012426e+05	2.880587e+02	1.334772e-01	-6.871155e-02	0.000000e+00	
2.858141e-02	4.241332e-02	1.224124e+00	5.560647e+01	1.115024e+00	2.542983e+05	1.012139e+05	2.880350e+02	1.335413e-01	-9.264870e-02	0.000000e+00	
2.717860e-02	4.455556e-02	1.223882e+00	5.561800e+01	1.791144e+00	2.542292e+05	1.011856e+05	2.880115e+02	1.336433e-01	-1.162645e-01	0.000000e+00	
2.071750e-02	4.671775e-02	1.222876e+00	5.564521e+01	4.457329e+00	2.539474e+05	1.010693e+05	2.879170e+02	1.341998e-01	-2.133172e-01	0.000000e+00	
1.426016e-02	4.899258e-02	1.222318e+00	5.568948e+01	5.875363e+00	2.537961e+05	1.010053e+05	2.878661e+02	1.346941e-01	-2.666880e-01	0.000000e+00	
1.673364e-02	4.901002e-02	1.222468e+00	5.567294e+01	5.522217e+00	2.538363e+05	1.010224e+05	2.878796e+02	1.345484e-01	-2.524096e-01	0.000000e+00	
1.015485e-02	5.105000e-02	1.222366e+00	5.567292e+01	5.755964e+00	2.538136e+05	1.010129e+05	2.878763e+02	1.346169e-01	-2.603622e-01	0.000000e+00	
7.616135e-03	5.105000e-02	1.222566e+00	5.566740e+01	5.102387e+00	2.538752e+05	1.010389e+05	2.879033e+02	1.344229e-01	-2.386963e-01	0.000000e+00	
0.000000e+00	5.105000e-02	1.224656e+00	5.567134e+01	1.547077e-01	2.544391e+05	1.012695e+05	2.880679e+02	1.336051e-01	-4.632177e-02	0.000000e+00	
2.322644e-02	4.673271e-02	1.223236e+00	5.563964e+01	3.528444e+00	2.540477e+05	1.011109e+05	2.879507e+02	1.339793e-01	-1.786142e-01	0.000000e+00	
2.574945e-02	4.674262e-02	1.223636e+00	5.563648e+01	2.452023e+00	2.541607e+05	1.011573e+05	2.879889e+02	1.337803e-01	-1.398664e-01	0.000000e+00	
1.924003e-02	4.900864e-02	1.222697e+00	5.566322e+01	4.924621e+00	2.538999e+05	1.010492e+05	2.879017e+02	1.343605e-01	-2.301001e-01	0.000000e+00	
1.269356e-02	5.105000e-02	1.222280e+00	5.567321e+01	5.964493e+00	2.537889e+05	1.010026e+05	2.878671e+02	1.346818e-01	-2.689829e-01	0.000000e+00	
4.569681e-02	1.786750e-02	1.227109e+00	5.560171e+01	-7.999791e+00	2.551846e+05	1.015595e+05	2.883156e+02	1.344843e-01	1.956677e-01	0.000000e+00	
4.402492e-02	2.164694e-02	1.226818e+00	5.558003e+01	-6.959494e+00	2.550948e+05	1.015264e+05	2.882899e+02	1.341385e-01	1.680308e-01	0.000000e+00	
4.325314e-02	2.407471e-02	1.226717e+00	5.558921e+01	-6.539704e+00	2.550617e+05	1.015139e+05	2.882781e+02	1.340529e-01	1.576012e-01	0.000000e+00	
4.135004e-02	2.560712e-02	1.226413e+00	5.560328e+01	-5.576527e+00	2.549701e+05	1.014788e+05	2.882496e+02	1.338763e-01	1.282795e-01	0.000000e+00	
4.053566e-02	2.747832e-02	1.226251e+00	5.560512e+01	-5.145569e+00	2.549228e+05	1.014605e+05	2.882360e+02	1.338025e-01	1.130552e-01	0.000000e+00	
3.923885e-02	2.962085e-02	1.226027e+00	5.559959e+01	-4.510920e+00	2.548573e+05	1.014353e+05	2.882169e+02	1.336865e-01	9.204006e-02	0.000000e+00	
3.789620e-02	3.179111e-02	1.225798e+00	5.559852e+01	-3.799353e+00	2.547885e+05	1.014087e+05	2.881952e+02	1.335869e-01	6.981749e-02	0.000000e+00	
3.653353e-02	3.393918e-02	1.225551e+00	5.559930e+01	-3.042624e+00	2.547152e+05	1.013801e+05	2.881719e+02	1.335096e-01	4.596811e-02	0.000000e+00	
3.518473e-02	3.607892e-02	1.225322e+00	5.560399e+01	-2.301370e+00	2.546459e+05	1.013528e+05	2.881483e+02	1.334660e-01	2.323141e-02	0.000000e+00	
3.383892e-02	3.820543e-02	1.225075e+00	5.560269e+01	-1.582317e+00	2.545735e+05	1.013243e+05	2.881251e+02	1.334349e-01	-6.206196e-04	0.000000e+00	
3.248306e-02	4.032287e-02	1.224832e+00	5.560234e+01	-8.684291e-01	2.545022e+05	1.012959e+05	2.881016e+02	1.334282e-01	-2.425191e-02	0.000000e+00	
3.110823e-02	4.244105e-02	1.224580e+00	5.560560e+01	-1.544515e-01	2.544290e+05	1.012666e+05	2.880777e+02	1.334534e-01	-4.870862e-02	0.000000e+00	
2.970904e-02	4.457634e-02	1.224332e+00	5.561749e+01	5.567446e-01	2.543575e+05	1.012376e+05	2.880536e+02	1.335207e-01	-7.288262e-02	0.000000e+00	
2.828216e-02	4.674975e-02	1.224075e+00	5.563336e+01	1.263008e+00	2.542854e+05	1.012082e+05	2.880300e+02	1.336199e-01	-9.745531e-02	0.000000e+00	
2.176072e-02	4.900059e-02	1.223014e+00	5.565884e+01	4.093823e+00	2.539882e+05	1.010859e+05	2.879319e+02	1.341469e-01	-1.994497e-01	0.000000e+00	
1.523227e-02	5.105000e-02	1.222355e+00	5.566830e+01	5.775153e+00	2.538084e+05	1.010109e+05	2.878732e+02	1.346126e-01	-2.620755e-01	0.000000e+00	
1.777098e-02	5.105000e-02	1.222544e+00	5.566477e+01	5.307389e+00	2.538598e+05	1.010324e+05	2.878900e+02	1.344680e-01	-2.440956e-01	0.000000e+00	
4.569681e-02	2.042000e-02	1.227077e+00	5.559429e+01	-7.995156e+00	2.551777e+05	1.015569e+05	2.883155e+02	1.344686e-01	1.934648e-01	0.000000e+00	
2.429040e-02	4.898950e-02	1.223401e+00	5.564936e+01	3.095822e+00	2.540959e+05	1.011305e+05	2.879677e+02	1.339188e-01	-1.622288e-01	0.000000e+00	
2.682659e-02	4.897683e-02	1.223821e+00	5.564577e+01	1.961801e+00	2.542148e+05	1.011792e+05	2.880074e+02	1.337313e-01	-1.215970e-01	0.000000e+00	
2.030969e-02	5.105000e-02	1.222813e+00	5.565481e+01	4.604983e+00	2.539342e+05	1.010636e+05	2.879155e+02	1.342588e-01	-2.180674e-01	0.000000e+00	
4.569681e-02	2.297250e-02	1.227107e+00	5.561731e+01	-8.013661e+00	2.551854e+05	1.015595e+05	2.883159e+02	1.345261e-01	1.956494e-01	0.000000e+00	
4.310198e-02	2.707296e-02	1.226670e+00	5.560111e+01	-6.507887e+00	2.550510e+05	1.015094e+05	2.882764e+02	1.340779e-01	1.538768e-01	0.000000e+00	
4.178936e-02	2.948941e-02	1.226509e+00	5.560614e+01	-5.792963e+00	2.549962e+05	1.014888e+05	2.882556e+02	1.339240e-01	1.366402e-01	0.000000e+00	
4.060498e-02	3.175658e-02	1.226270e+00	5.560098e+01	-5.170255e+00	2.549277e+05	1.014625e+05	2.882370e+02	1.337957e-01	1.147132e-01	0.000000e+00	
3.912453e-02	3.391731e-02	1.226038e+00	5.559565e+01	-4.447502e+00	2.548578e+05	1.014357e+05	2.882153e+02	1.336641e-01	9.233941e-02	0.000000e+00	
3.773504e-02	3.608312e-02	1.225770e+00	5.559639e+01	-3.688935e+00	2.547795e+05	1.014053e+05	2.881919e+02	1.335678e-01	6.695904e-02	0.000000e+00	
3.637383e-02	3.822472e-02	1.225537e+00	5.560281e+01	-2.945180e+00	2.547089e+05	1.013776e+05	2.881682e+02	1.335079e-01	4.387516e-02	0.000000e+00	
3.501394e-02	4.034872e-02	1.225288e+00	5.559935e+01	-2.207440e+00	2.546355e+05	1.013488e+05	2.881447e+02	1.334502e-01	1.986096e-02	0.000000e+00	
3.364024e-02	4.246749e-02	1.225041e+00	5.560511e+01	-1.477133e+00	2.545627e+05	1.013199e+05	2.881209e+02	1.334385e-01	-4.227805e-03	0.000000e+00	
3.224401e-02	4.459724e-02	1.224789e+00	5.561646e+01	-7.433988e-01	2.544895e+05	1.012906e+05	2.880968e+02	1.334636e-01	-2.867386e-02	0.000000e+00	
3.081982e-02	4.675710e-02	1.224525e+00	5.563021e+01	-5.770998e-03	2.544147e+05	1.012604e+05	2.880729e+02	1.335190e-01	-5.385685e-02	0.000000e+00	
2.936679e-02	4.896417e-02	1.224270e+00	5.564247e+01	7.320129e-01	2.543425e+05	1.012311e+05	2.880495e+02	1.335932e-01	-7.832810e-02	0.000000e+00	
2.284840e-02	5.105000e-02	1.223164e+00	5.565161e+01	3.687360e+00	2.540320e+05	1.011041e+05	2.879484e+02	1.340412e-01	-1.842453e-01	0.000000e+00	
4.569681e-02	2.552500e-02	1.227102e+00	5.563116e+01	-8.018798e+00	2.551845e+05	1.015589e+05	2.883154e+02	1.345613e-01	1.951459e-01	0.000000e+00	
2.538712e-02	5.105000e-02	1.223565e+00	5.564942e+01	2.620515e+00	2.541446e+05	1.011505e+05	2.879860e+02	1.338382e-01	-1.455683e-01	0.000000e+00	
2.792583e-02	5.105000e-02	1.224001e+00	5.564743e+01	1.438781e+00	2.542680e+05	1.012009e+05	2.880268e+02	1.336729e-01	-1.035631e-01	0.000000e+00	
4.569681e-02	2.807750e-02	1.227047e+00	5.561436e+01	-8.015229e+00	2.551709e+05	1.015538e+05	2.883137e+02	1.345267e-01	1.908517e-01	0.000000e+00	
4.380426e-02	2.938953e-02	1.226783e+00	5.558630e+01	-6.878848e+00	2.550850e+05	1.015226e+05	2.882871e+02	1.341340e-01	1.648177e-01	0.000000e+00	
4.317765e-02	3.178924e-02	1.226687e+00	5.559550e+01	-6.562273e+00	2.550564e+05	1.015116e+05	2.882785e+02	1.340773e-01	1.556861e-01	0.000000e+00	
4.169466e-02	3.385481e-02	1.226465e+00	5.561894e+01	-5.761717e+00	2.549864e+05	1.014847e+05	2.882542e+02	1.339519e-01	1.332188e-01	0.000000e+00	
4.031993e-02	3.607190e-02	1.226215e+00	5.560063e+01	-5.081814e+00	2.549137e+05	1.014571e+05	2.882345e+02	1.337820e-01	1.101654e-01	0.000000e+00	
3.894976e-02	3.823585e-02	1.225982e+00	5.560107e+01	-4.355081e+00	2.548428e+05	1.014297e+05	2.882116e+02	1.336665e-01	8.734580e-02	0.000000e+00	
3.758060e-02	4.037020e-02	1.225753e+00	5.560419e+01	-3.604578e+00	2.547728e+05	1.014025e+05	2.881881e+02	1.335759e-01	6.468181e-02	0.000000e+00	
3.619706e-02	4.249194e-02	1.225514e+00	5.560952e+01	-2.850648e+00	2.547009e+05	1.013743e+05	2.881643e+02	1.335155e-01	4.116589e-02	0.000000e+00	
3.479336e-02	4.462033e-02	1.225255e+00	5.561611e+01	-2.089639e+00	2.546254e+05	1.013445e+05	2.881404e+02	1.334841e-01	1.630919e-02	0.000000e+00	
3.336331e-02	4.676830e-02	1.224996e+00	5.563124e+01	-1.329875e+00	2.545505e+05	1.013146e+05	2.881164e+02	1.334982e-01	-8.640372e-03	0.000000e+00	
3.190947e-02	4.895421e-02	1.224731e+00	5.564280e+01	-5.667613e-01	2.544752e+05	1.012844e+05	2.880927e+02	1.335291e-01	-3.385087e-02	0.000000e+00	
3.046454e-02	5.105000e-02	1.224454e+00	5.564510e+01	1.768536e-01	2.543977e+05	1.012533e+05	2.880694e+02	1.335640e-01	-5.980975e-02	0.000000e+00	
4.569681e-02	3.063000e-02	1.227107e+00	5.560938e+01	-8.008584e+00	2.551843e+05	1.015593e+05	2.883150e+02	1.345057e-01	1.954334e-01	0.000000e+00	
4.382612e-02	3.415164e-02	1.226749e+00	5.558984e+01	-6.858570e+00	2.550776e+05	1.015196e+05	2.882865e+02	1.341403e-01	1.623188e-01	0.000000e+00	
4.298548e-02	3.606120e-02	1.226685e+00	5.561358e+01	-6.400167e+00	2.550511e+05	1.015095e+05	2.882729e+02	1.340769e-01	1.539020e-01	0.000000e+00	
4.158913e-02	3.824793e-02	1.226436e+00	5.561521e+01	-5.737590e+00	2.549793e+05	1.014820e+05	2.882532e+02	1.339404e-01	1.309488e-01	0.000000e+00	
4.022116e-02	4.039186e-02	1.226205e+00	5.561105e+01	-5.047594e+00	2.549094e+05	1.014552e+05	2.882316e+02	1.338012e-01	1.086267e-01	0.000000e+00	
3.882219e-02	4.250974e-02	1.225949e+00	5.560272e+01	-4.294751e+00	2.548336e+05	1.014261e+05	2.882090e+02	1.336635e-01	8.431738e-02	0.000000e+00	
3.739676e-02	4.464455e-02	1.225719e+00	5.561516e+01	-3.507120e+00	2.547631e+05	1.013985e+05	2.881848e+02	1.335917e-01	6.135558e-02	0.000000e+00	
3.593035e-02	4.678566e-02	1.225453e+00	5.562821e+01	-2.705656e+00	2.546853e+05	1.013679e+05	2.881603e+02	1.335505e-01	3.579120e-02	0.000000e+00	
3.445909e-02	4.895002e-02	1.225186e+00	5.564003e+01	-1.911235e+00	2.546084e+05	1.013374e+05	2.881363e+02	1.335345e-01	1.034534e-02	0.000000e+00	
3.300325e-02	5.105000e-02	1.224916e+00	5.564284e+01	-1.141069e+00	2.545311e+05	1.013067e+05	2.881127e+02	1.335255e-01	-1.525915e-02	0.000000e+00	
4.569681e-02	3.318250e-02	1.227065e+00	5.560027e+01	-7.995543e+00	2.551750e+05	1.015557e+05	2.883149e+02	1.344843e-01	1.924828e-01	0.000000e+00	
4.569681e-02	3.573500e-02	1.227101e+00	5.562261e+01	-8.036735e+00	2.551841e+05	1.015589e+05	2.883154e+02	1.345472e-01	1.951036e-01	0.000000e+00	
4.417222e-02	3.827050e-02	1.226846e+00	5.561353e+01	-7.054297e+00	2.551038e+05	1.015292e+05	2.882911e+02	1.342431e-01	1.703509e-01	0.000000e+00	
4.296195e-02	4.044479e-02	1.226638e+00	5.561357e+01	-6.394706e+00	2.550402e+05	1.015051e+05	2.882716e+02	1.340808e-01	1.502798e-01	0.000000e+00	
4.154677e-02	4.250525e-02	1.226466e+00	5.561768e+01	-5.731525e+00	2.549839e+05	1.014838e+05	2.882515e+02	1.339420e-01	1.324651e-01	0.000000e+00	
4.014133e-02	4.466503e-02	1.226195e+00	5.560973e+01	-4.998405e+00	2.549063e+05	1.014540e+05	2.882306e+02	1.337887e-01	1.076599e-01	0.000000e+00	
3.856530e-02	4.680770e-02	1.225928e+00	5.562418e+01	-4.143148e+00	2.548264e+05	1.014230e+05	2.882052e+02	1.336904e-01	8.174483e-02	0.000000e+00	
3.703396e-02	4.895163e-02	1.225668e+00	5.564148e+01	-3.296215e+00	2.547488e+05	1.013926e+05	2.881799e+02	1.336306e-01	5.636365e-02	0.000000e+00	
3.554196e-02	5.105000e-02	1.225382e+00	5.564355e+01	-2.489545e+00	2.546670e+05	1.013605e+05	2.881558e+02	1.335719e-01	2.957554e-02	0.000000e+00	
4.569681e-02	3.828750e-02	1.227115e+00	5.561286e+01	-8.007897e+00	2.551869e+05	1.015603e+05	2.883161e+02	1.345126e-01	1.962610e-01	0.000000e+00	
4.569681e-02	4.084000e-02	1.227087e+00	5.560194e+01	-8.014718e+00	2.551805e+05	1.015578e+05	2.883157e+02	1.344922e-01	1.942469e-01	0.000000e+00	
4.391830e-02	4.235833e-02	1.226767e+00	5.556728e+01	-6.870397e+00	2.550798e+05	1.015208e+05	2.882859e+02	1.340883e-01	1.633697e-01	0.000000e+00	
4.329777e-02	4.467710e-02	1.226723e+00	5.558916e+01	-6.540004e+00	2.550616e+05	1.015139e+05	2.882763e+02	1.340525e-01	1.575501e-01	0.000000e+00	
4.132767e-02	4.683653e-02	1.226394e+00	5.560572e+01	-5.603058e+00	2.549664e+05	1.014772e+05	2.882496e+02	1.338905e-01	1.269722e-01	0.000000e+00	
3.967819e-02	4.894892e-02	1.226083e+00	5.561383e+01	-4.727781e+00	2.548773e+05	1.014427e+05	2.882249e+02	1.337556e-01	9.823258e-02	0.000000e+00	
3.808068e-02	5.105000e-02	1.225821e+00	5.563994e+01	-3.866360e+00	2.547985e+05	1.014119e+05	2.881987e+02	1.336936e-01	7.248200e-02	0.000000e+00	
4.569681e-02	4.339250e-02	1.227127e+00	5.559286e+01	-8.005314e+00	2.551880e+05	1.015611e+05	2.883155e+02	1.344631e-01	1.969333e-01	0.000000e+00	
4.380724e-02	4.699851e-02	1.226772e+00	5.558784e+01	-6.820841e+00	2.550802e+05	1.015207e+05	2.882845e+02	1.341225e-01	1.633015e-01	0.000000e+00	
4.253797e-02	4.889587e-02	1.226674e+00	5.562346e+01	-6.145969e+00	2.550427e+05	1.015065e+05	2.882671e+02	1.340348e-01	1.514018e-01	0.000000e+00	
4.061939e-02	5.105000e-02	1.226292e+00	5.563911e+01	-5.208680e+00	2.549374e+05	1.014656e+05	2.882408e+02	1.338919e-01	1.173329e-01	0.000000e+00	
4.569681e-02	4.594500e-02	1.227064e+00	5.561775e+01	-8.007986e+00	2.551747e+05	1.015552e+05	2.883138e+02	1.345303e-01	1.920760e-01	0.000000e+00	
4.569681e-02	4.849750e-02	1.227129e+00	5.568310e+01	-8.034328e+00	2.551929e+05	1.015613e+05	2.883156e+02	1.346866e-01	1.971225e-01	0.000000e+00	
4.315810e-02	5.105000e-02	1.226666e+00	5.564974e+01	-6.583587e+00	2.550571e+05	1.015108e+05	2.882813e+02	1.342140e-01	1.550391e-01	0.000000e+00	
4.569681e-02	5.105000e-02	1.227041e+00	5.565690e+01	-8.010748e+00	2.551749e+05	1.015546e+05	2.883174e+02	1.346258e-01	1.915400e-01	0.000000e+00	
0.000000e+00	0.000000e+00	1.224656e+00	5.567134e+01	1.547077e-01	2.544391e+05	1.012695e+05	2.880679e+02	1.336051e-01	-4.632177e-02	0.000000e+00	
2.538712e-03	0.000000e+00	1.223984e+00	5.565439e+01	1.931791e+00	2.542546e+05	1.011951e+05	2.880144e+02	1.337302e-01	-1.083766e-01	0.000000e+00	
5.077423e-03	0.000000e+00	1.222912e+00	5.570444e+01	3.899008e+00	2.539817e+05	1.010827e+05	2.879467e+02	1.342304e-01	-2.021119e-01	0.000000e+00	
7.616135e-03	0.000000e+00	1.222566e+00	5.566740e+01	5.102387e+00	2.538752e+05	1.010389e+05	2.879033e+02	1.344229e-01	-2.386963e-01	0.000000e+00	
1.015485e-02	0.000000e+00	1.222366e+00	5.567292e+01	5.755964e+00	2.538136e+05	1.010129e+05	2.878763e+02	1.346169e-01	-2.603622e-01	0.000000e+00	
1.269356e-02	0.000000e+00	1.222280e+00	5.567321e+01	5.964493e+00	2.537889e+05	1.010026e+05	2.878671e+02	1.346818e-01	-2.689829e-01	0.000000e+00	
1.523227e-02	0.000000e+00	1.222355e+00	5.566830e+01	5.775153e+00	2.538084e+05	1.010109e+05	2.878732e+02	1.346126e-01	-2.620755e-01	0.000000e+00	
1.777098e-02	0.000000e+00	1.222544e+00	5.566477e+01	5.307389e+00	2.538598e+05	1.010324e+05	2.878900e+02	1.344680e-01	-2.440956e-01	0.000000e+00	
2.030969e-02	0.000000e+00	1.222813e+00	5.565481e+01	4.604983e+00	2.539342e+05	1.010636e+05	2.879155e+02	1.342588e-01	-2.180674e-01	0.000000e+00	
2.284840e-02	0.000000e+00	1.223164e+00	5.565161e+01	3.687360e+00	2.540320e+05	1.011041e+05	2.879484e+02	1.340412e-01	-1.842453e-01	0.000000e+00	
2.538712e-02	0.000000e+00	1.223565e+00	5.564942e+01	2.620515e+00	2.541446e+05	1.011505e+05	2.879860e+02	1.338382e-01	-1.455683e-01	0.000000e+00	
2.792583e-02	0.000000e+00	1.224001e+00	5.564743e+01	1.438781e+00	2.542680e+05	1.012009e+05	2.880268e+02	1.336729e-01	-1.035631e-01	0.000000e+00	
3.046454e-02	0.000000e+00	1.224454e+00	5.564510e+01	1.768536e-01	2.543977e+05	1.012533e+05	2.880694e+02	1.335640e-01	-5.980975e-02	0.000000e+00	
3.300325e-02	0.000000e+00	1.224916e+00	5.564284e+01	-1.141069e+00	2.545311e+05	1.013067e+05	2.881127e+02	1.335255e-01	-1.525915e-02	0.000000e+00	
3.554196e-02	0.000000e+00	1.225382e+00	5.564355e+01	-2.489545e+00	2.546670e+05	1.013605e+05	2.881558e+02	1.335719e-01	2.957554e-02	0.000000e+00	
3.808068e-02	0.000000e+00	1.225821e+00	5.563994e+01	-3.866360e+00	2.547985e+05	1.014119e+05	2.881987e+02	1.336936e-01	7.248200e-02	0.000000e+00	
4.061939e-02	0.000000e+00	1.226292e+00	5.563911e+01	-5.208680e+00	2.549374e+05	1.014656e+05	2.882408e+02	1.338919e-01	1.173329e-01	0.000000e+00	
4.569681e-02	0.000000e+00	1.227041e+00	5.565690e+01	-8.010748e+00	2.551749e+05	1.015546e+05	2.883174e+02	1.346258e-01	1.915400e-01	0.000000e+00	
4.315810e-02	0.000000e+00	1.226666e+00	5.564974e+01	-6.583587e+00	2.550571e+05	1.015108e+05	2.882813e+02	1.342140e-01	1.550391e-01	0.000000e+00	
458	459	1	1
459	2	1	1
1	2	3	3
459	460	2	2
2	4	3	3
1	3	5	5
2	460	6	6
3	4	7	7
4	2	6	6
5	3	8	8
460	461	6	6
4	9	7	7
8	3	7	7
4	6	10	10
5	8	11	11
6	461	12	12
7	9	13	13
9	4	10	10
8	7	14	14
10	6	12	12
11	8	14	14
461	462	12	12
13	9	15	15
7	13	14	14
10	16	9	9
10	12	17	17
11	14	18	18
12	462	19	19
9	16	15	15
13	15	20	20
14	13	21	21
16	10	17	17
12	19	17	17
14	21	18	18
462	463	19	19
15	16	22	22
20	15	23	23
21	13	20	20
16	17	24	24
17	19	25	25
18	21	26	26
19	463	27	27
24	22	16	16
15	22	23	23
23	28	20	20
21	20	29	29
24	17	25	25
19	27	25	25
30	21	29	29
21	30	26	26
463	464	27	27
24	31	22	22
23	22	32	32
29	20	28	28
23	33	28	28
24	25	34	34
25	27	35	35
30	29	36	36
26	30	37	37
27	464	38	38
32	22	31	31
31	24	34	34
23	32	33	33
28	39	29	29
28	33	40	40
34	25	35	35
35	27	38	38
36	29	39	39
30	36	41	41
30	41	37	37
464	465	38	38
42	32	31	31
43	31	34	34
32	44	33	33
28	40	39	39
33	45	40	40
34	35	46	46
47	35	38	38
36	39	48	48
36	48	41	41
37	41	49	49
38	465	50	50
31	43	42	42
44	32	42	42
46	43	34	34
33	44	45	45
40	51	39	39
45	52	40	40
47	46	35	35
38	50	47	47
48	39	51	51
41	48	53	53
41	53	49	49
465	466	50	50
42	43	54	54
55	44	42	42
46	56	43	43
44	57	45	45
40	52	51	51
45	58	52	52
59	46	47	47
47	50	60	60
48	51	61	61
53	48	61	61
49	53	62	62
50	466	63	63
56	54	43	43
42	54	55	55
55	57	44	44
46	59	56	56
58	45	57	57
51	52	64	64
65	52	58	58
59	47	60	60
63	60	50	50
51	64	61	61
53	61	66	66
53	66	67	67
53	67	62	62
466	467	63	63
56	68	54	54
55	54	69	69
70	57	55	55
56	59	71	71
72	58	57	57
52	65	64	64
73	65	58	58
59	60	74	74
63	75	60	60
61	64	76	76
66	61	76	76
67	66	77	77
62	67	78	78
63	467	79	79
69	54	68	68
68	56	71	71
69	70	55	55
72	57	70	70
74	71	59	59
58	72	73	73
65	80	64	64
73	81	65	65
60	75	74	74
63	79	75	75
64	80	76	76
66	76	82	82
66	82	77	77
67	77	83	83
78	67	83	83
79	467	468	468
84	69	68	68
71	85	68	68
86	70	69	69
87	72	70	70
88	71	74	74
89	73	72	72
65	81	80	80
90	81	73	73
74	75	91	91
75	79	92	92
93	76	80	80
76	93	82	82
77	82	94	94
83	77	94	94
78	83	95	95
96	79	468	468
68	85	84	84
84	86	69	69
88	85	71	71
86	87	70	70
89	72	87	87
88	74	91	91
73	89	90	90
81	97	80	80
90	98	81	81
75	92	91	91
92	79	96	96
80	97	93	93
93	99	82	82
94	82	99	99
100	83	94	94
83	100	95	95
96	468	469	469
101	84	85	85
84	102	86	86
103	85	88	88
87	86	104	104
105	89	87	87
91	106	88	88
89	107	90	90
81	98	97	97
90	108	98	98
109	91	92	92
92	96	110	110
93	97	111	111
93	111	99	99
112	94	99	99
113	100	94	94
95	100	114	114
115	96	469	469
103	101	85	85
101	102	84	84
86	102	104	104
88	106	103	103
104	105	87	87
105	107	89	89
106	91	109	109
107	108	90	90
97	98	116	116
108	117	98	98
109	92	110	110
110	96	115	115
97	116	111	111
99	111	118	118
112	99	118	118
112	113	94	94
119	100	113	113
100	119	114	114
115	469	470	470
103	120	101	101
101	121	102	102
104	102	122	122
103	106	123	123
124	105	104	104
125	107	105	105
106	109	126	126
108	107	127	127
98	117	116	116
117	108	128	128
129	109	110	110
130	110	115	115
131	111	116	116
118	111	131	131
132	112	118	118
133	113	112	112
119	113	133	133
114	119	134	134
135	115	470	470
101	120	121	121
120	103	123	123
102	121	122	122
122	124	104	104
123	106	126	126
124	125	105	105
107	125	127	127
126	109	129	129
108	127	128	128
117	136	116	116
117	128	137	137
129	110	130	130
130	115	135	135
136	131	116	116
118	131	138	138
132	118	138	138
133	112	132	132
119	133	139	139
119	139	134	134
135	470	471	471
140	121	120	120
120	123	141	141
142	122	121	121
124	122	143	143
126	144	123	123
125	124	145	145
127	125	146	146
126	129	147	147
128	127	148	148
117	137	136	136
128	149	137	137
150	129	130	130
130	135	151	151
136	152	131	131
138	131	152	152
132	138	153	153
133	132	154	154
139	133	154	154
134	139	155	155
156	135	471	471
140	120	141	141
142	121	140	140
123	144	141	141
122	142	143	143
124	143	145	145
144	126	147	147
125	145	146	146
127	146	148	148
150	147	129	129
128	148	149	149
137	157	136	136
137	149	158	158
151	150	130	130
151	135	156	156
136	157	152	152
138	152	159	159
153	138	159	159
154	132	153	153
139	154	160	160
139	160	161	161
139	161	155	155
156	471	472	472
162	140	141	141
163	142	140	140
164	141	144	144
143	142	165	165
145	143	166	166
167	144	147	147
146	145	168	168
169	148	146	146
147	150	170	170
171	149	148	148
137	158	157	157
172	158	149	149
173	150	151	151
174	151	156	156
157	175	152	152
175	159	152	152
153	159	176	176
154	153	177	177
160	154	177	177
161	160	178	178
155	161	179	179
180	156	472	472
162	141	164	164
163	140	162	162
163	165	142	142
164	144	167	167
166	143	165	165
145	166	168	168
167	147	170	170
169	146	168	168
169	171	148	148
173	170	150	150
171	172	149	149
158	181	157	157
172	182	158	158
173	151	174	174
174	156	180	180
181	175	157	157
183	159	175	175
176	159	183	183
177	153	176	176
160	177	184	184
160	184	178	178
161	178	185	185
180	472	473	473
186	162	164	164
187	163	162	162
163	188	165	165
189	164	167	167
190	166	165	165
168	166	191	191
170	192	167	167
169	168	193	193
169	194	171	171
195	170	173	173
172	171	196	196
158	182	181	181
182	172	197	197
198	173	174	174
199	174	180	180
181	200	175	175
200	183	175	175
183	201	176	176
177	176	202	202
184	177	202	202
178	184	203	203
179	161	185	185
204	180	473	473
164	189	186	186
187	162	186	186
188	163	187	187
188	190	165	165
167	192	189	189
191	166	190	190
193	168	191	191
195	192	170	170
169	193	194	194
194	196	171	171
198	195	173	173
197	172	196	196
182	205	181	181
206	182	197	197
198	174	199	199
199	180	204	204
205	200	181	181
200	207	183	183
202	176	201	201
207	201	183	183
184	202	208	208
203	184	208	208
185	178	203	203
179	185	209	209
204	473	474	474
186	189	210	210
211	187	186	186
188	187	212	212
188	213	190	190
189	192	214	214
215	191	190	190
216	193	191	191
192	195	217	217
194	193	218	218
194	219	196	196
220	195	198	198
196	221	197	197
182	206	205	205
206	197	222	222
223	198	199	199
224	199	204	204
205	225	200	200
225	207	200	200
202	201	226	226
207	227	201	201
208	202	226	226
203	208	228	228
229	185	203	203
185	229	209	209
230	204	474	474
210	189	214	214
186	210	211	211
212	187	211	211
213	188	212	212
213	215	190	190
192	217	214	214
216	191	215	215
218	193	216	216
220	217	195	195
219	194	218	218
196	219	221	221
220	198	223	223
197	221	222	222
206	231	205	205
222	232	206	206
223	199	224	224
224	204	230	230
231	225	205	205
225	233	207	207
226	201	227	227
207	233	227	227
234	208	226	226
228	208	234	234
229	203	228	228
209	229	235	235
230	474	476	476
210	214	236	236
211	210	237	237
238	212	211	211
239	213	212	212
213	240	215	215
214	217	241	241
242	216	215	215
243	218	216	216
217	220	244	244
218	245	219	219
219	246	221	221
247	220	223	223
221	248	222	222
206	232	231	231
232	222	249	249
250	223	224	224
224	230	251	251
225	231	252	252
225	252	233	233
226	227	253	253
233	254	227	227
234	226	253	253
255	228	234	234
229	228	256	256
229	257	235	235
258	230	476	476
214	241	236	236
237	210	236	236
211	237	238	238
239	212	238	238
239	240	213	213
240	242	215	215
217	244	241	241
243	216	242	242
243	245	218	218
247	244	220	220
245	246	219	219
246	248	221	221
247	223	250	250
222	248	249	249
231	232	259	259
249	260	232	232
251	250	224	224
251	230	258	258
231	259	252	252
233	252	261	261
253	227	254	254
233	261	254	254
262	234	253	253
234	262	255	255
255	256	228	228
257	229	256	256
235	257	263	263
475	258	476	476
236	241	264	264
237	236	265	265
238	237	266	266
239	238	267	267
268	240	239	239
269	242	240	240
241	244	270	270
271	243	242	242
245	243	272	272
244	247	273	273
274	246	245	245
248	246	275	275
276	247	250	250
277	249	248	248
259	232	260	260
249	278	260	260
279	250	251	251
258	280	251	251
252	259	281	281
252	281	261	261
282	253	254	254
283	254	261	261
262	253	282	282
262	284	255	255
256	255	285	285
257	256	286	286
257	286	263	263
475	287	258	258
264	241	270	270
265	236	264	264
266	237	265	265
267	238	266	266
268	239	267	267
240	268	269	269
269	271	242	242
270	244	273	273
243	271	272	272
274	245	272	272
273	247	276	276
246	274	275	275
277	248	275	275
276	250	279	279
277	278	249	249
259	260	288	288
278	289	260	260
251	280	279	279
287	280	258	258
259	288	281	281
281	290	261	261
282	254	283	283
261	290	283	283
291	262	282	282
285	255	284	284
262	291	284	284
286	256	285	285
263	286	292	292
293	264	270	270
294	265	264	264
295	266	265	265
296	267	266	266
267	297	268	268
269	268	298	298
271	269	299	299
273	300	270	270
271	301	272	272
274	272	302	302
276	303	273	273
274	304	275	275
305	277	275	275
279	306	276	276
278	277	307	307
288	260	289	289
308	289	278	278
280	309	279	279
281	288	310	310
281	310	290	290
283	311	282	282
290	312	283	283
311	291	282	282
313	285	284	284
314	284	291	291
286	285	315	315
286	315	292	292
293	270	300	300
294	264	293	293
295	265	294	294
296	266	295	295
297	267	296	296
268	297	298	298
269	298	299	299
299	301	271	271
273	303	300	300
272	301	302	302
302	304	274	274
276	306	303	303
305	275	304	304
307	277	305	305
279	309	306	306
308	278	307	307
316	288	289	289
289	308	317	317
310	288	316	316
290	310	318	318
311	283	312	312
312	290	318	318
319	291	311	311
314	313	284	284
285	313	315	315
319	314	291	291
292	315	320	320
300	321	293	293
293	322	294	294
294	323	295	295
295	324	296	296
296	325	297	297
297	326	298	298
299	298	327	327
299	328	301	301
303	329	300	300
302	301	330	330
304	302	331	331
306	332	303	303
305	304	333	333
334	307	305	305
309	332	306	306
307	335	308	308
316	289	317	317
317	308	336	336
310	316	337	337
310	337	318	318
312	338	311	311
312	318	339	339
338	319	311	311
340	313	314	314
341	315	313	313
342	314	319	319
315	341	320	320
292	320	343	343
293	321	322	322
300	329	321	321
294	322	323	323
295	323	324	324
296	324	325	325
297	325	326	326
327	298	326	326
327	328	299	299
301	328	330	330
332	329	303	303
331	302	330	330
333	304	331	331
333	334	305	305
334	335	307	307
308	335	336	336
344	316	317	317
345	317	336	336
337	316	344	344
346	318	337	337
339	338	312	312
318	346	339	339
338	347	319	319
342	340	314	314
340	341	313	313
347	342	319	319
348	320	341	341
320	349	343	343
321	350	322	322
329	351	321	321
322	352	323	323
323	353	324	324
325	324	354	354
355	326	325	325
327	326	356	356
328	327	357	357
330	328	358	358
359	331	330	330
333	331	360	360
334	333	361	361
335	334	362	362
336	335	363	363
344	317	345	345
345	336	364	364
365	337	344	344
337	365	346	346
339	366	338	338
346	367	339	339
366	347	338	338
368	340	342	342
369	341	340	340
347	368	342	342
369	348	341	341
348	349	320	320
343	349	370	370
350	352	322	322
351	350	321	321
352	353	323	323
353	354	324	324
325	354	355	355
356	326	355	355
327	356	357	357
357	358	328	328
359	330	358	358
359	360	331	331
360	361	333	333
334	361	362	362
362	363	335	335
364	336	363	363
371	344	345	345
372	345	364	364
371	365	344	344
365	373	346	346
339	367	366	366
346	373	367	367
366	374	347	347
368	369	340	340
374	368	347	347
375	352	350	350
351	375	350	350
352	376	353	353
353	377	354	354
378	355	354	354
356	355	379	379
380	357	356	356
357	381	358	358
359	358	382	382
360	359	383	383
360	384	361	361
362	361	385	385
363	362	386	386
364	363	387	387
371	345	372	372
372	364	388	388
371	389	365	365
365	389	373	373
367	390	366	366
373	391	367	367
390	374	366	366
375	392	352	352
376	377	353	353
352	392	376	376
377	378	354	354
379	355	378	378
380	356	379	379
380	381	357	357
358	381	382	382
359	382	383	383
384	360	383	383
361	384	385	385
362	385	386	386
387	363	386	386
388	364	387	387
371	372	393	393
394	372	388	388
393	389	371	371
395	373	389	389
391	390	367	367
395	391	373	373
376	396	377	377
392	396	376	376
378	377	397	397
379	378	397	397
379	398	380	380
380	399	381	381
381	400	382	382
401	383	382	382
402	384	383	383
403	385	384	384
386	385	404	404
386	405	387	387
388	387	406	406
393	372	394	394
407	394	388	388
393	408	389	389
408	395	389	389
396	409	377	377
377	409	397	397
397	398	379	379
380	398	399	399
399	400	381	381
401	382	400	400
402	383	401	401
403	384	402	402
404	385	403	403
404	405	386	386
387	405	406	406
388	406	407	407
410	393	394	394
407	411	394	394
410	408	393	393
409	412	397	397
397	413	398	398
398	414	399	399
415	400	399	399
401	400	416	416
402	401	417	417
403	402	418	418
419	404	403	403
405	404	420	420
421	406	405	405
407	406	422	422
411	410	394	394
423	411	407	407
397	412	413	413
414	398	413	413
414	415	399	399
416	400	415	415
417	401	416	416
418	402	417	417
403	418	419	419
420	404	419	419
420	421	405	405
422	406	421	421
423	407	422	422
424	413	412	412
424	414	413	413
425	415	414	414
416	415	426	426
417	416	427	427
418	417	428	428
418	429	419	419
419	430	420	420
431	421	420	420
422	421	432	432
433	423	422	422
414	424	434	434
425	414	434	434
426	415	425	425
427	416	426	426
428	417	427	427
418	428	429	429
419	429	430	430
430	431	420	420
432	421	431	431
433	422	432	432
425	434	435	435
426	425	435	435
427	426	436	436
428	427	437	437
428	438	429	429
439	430	429	429
440	431	430	430
432	431	441	441
442	433	432	432
426	435	436	436
437	427	436	436
438	428	437	437
429	438	439	439
440	430	439	439
441	431	440	440
442	432	441	441
436	435	443	443
437	436	444	444
438	437	445	445
439	438	446	446
447	440	439	439
441	440	448	448
449	442	441	441
436	443	444	444
437	444	445	445
438	445	446	446
447	439	446	446
440	447	448	448
449	441	448	448
445	444	450	450
446	445	450	450
447	446	451	451
452	448	447	447
453	449	448	448
446	450	454	454
451	446	454	454
452	447	451	451
453	448	452	452
451	454	455	455
452	451	455	455
456	453	452	452
456	452	455	455
457	456	455	455
