       np1       np2       ns1       ns2        ne
        66       165        62       266         4
 Edge number           1
         2         1       258
         3         2       245
         4         3       235
         5         4       225
         6         5       215
         7         6       205
         8         7       195
         9         8       185
        10         9       175
        11        10       165
        12        11       155
        13        12       145
        14        13       135
        15        14       125
        16        15       115
        17        16       105
        18        17        95
        19        18        85
        20        19        75
        21        20        65
        22        21        55
        23        22        45
        24        23        33
        25        24        20
        26        25        11
        27        26         4
        28        27         1
 Edge number           2
        30        29       266
        31        30       265
        32        31       259
        33        32       258
 Edge number           3
        35        34        27
        36        35        34
        37        36        35
        38        37        39
        39        38        46
        40        39        61
        41        40        71
        42        41        81
        43        42        91
        44        43       101
        45        44       111
        46        45       121
        47        46       131
        48        47       141
        49        48       151
        50        49       161
        51        50       171
        52        51       181
        53        52       191
        54        53       201
        55        54       211
        56        55       221
        57        56       231
        58        57       241
        59        58       251
        60        59       260
        61        60       266
 Edge number           4
        63        62         1
        64        63         5
        65        64        16
        66        65        21
 Face:           1
         2        30        60
        30       146        60
       146       147        60
        30        29       146
        60       147        61
       161       147       146
       146        29       164
        61       147       157
       161       146       164
       147       161       157
       164        29        28
        61       157       148
       164       162       161
       161       158       157
       165       164        28
        61       148        62
       158       161       162
       162       164       165
       153       157       158
       165        28        27
        62       148         4
       153       148       157
       162       156       158
       165       160       162
       152       153       158
       163       165        27
       148        34         4
        35       148       153
       158       156       152
       162       160       156
       165       163       160
        36       153       152
        26       163        27
        35        34       148
        36        35       153
       156       151       152
       160       155       156
       163       159       160
       152        37        36
       145       163        26
       151        37       152
       156       155       151
       160       159       155
       159       163       145
        25       145        26
       151        38        37
       155       150       151
       159       154       155
       144       159       145
       143       145        25
       150        38       151
       155       154       150
       154       159       144
       144       145       143
        24       143        25
       150       149        38
       154       149       150
       141       154       144
       143       142       144
       131       143        24
       149        39        38
       149       154       141
       142       141       144
       142       143       131
        23       131        24
       149       139        39
       149       141       139
       142       140       141
       135       142       131
        23       132       131
       139        40        39
       141       140       139
       140       142       135
       132       135       131
        22       132        23
       139       138        40
       140       138       139
       140       135       137
       133       135       132
        22        81       132
       138        41        40
       140       137       138
       133       137       135
        81       133       132
        81        22        21
       136        41       138
       137       136       138
       134       137       133
       133        81       129
        82        81        21
        42        41       136
       137       134       136
       134       133       129
        81        82       129
        82        21        20
       130        42       136
       134       130       136
       134       129       128
       129        82       126
        83        82        20
        43        42       130
       134       128       130
       129       126       128
        82        83       126
        83        20        19
       127        43       130
       128       127       130
       128       126       125
       126        83       124
        84        83        19
        44        43       127
       128       125       127
       126       124       125
        83        84       124
        84        19        18
       109        44       127
       125       109       127
       124       123       125
       124        84       122
        85        84        18
        45        44       109
       123       109       125
       124       122       123
        84        85       122
        85        18        17
       110        45       109
       110       109       123
       123       122       121
       122        85       120
        86        85        17
        46        45       110
       121       110       123
       122       120       121
        85        86       120
        86        17        16
       118        46       110
       118       110       121
       121       120       119
       120        86       117
        87        86        16
        47        46       118
       121       119       118
       119       120       117
       117        86        87
        15        87        16
       118       116        47
       119       116       118
       119       117       115
       114       117        87
        15        88        87
       116        48        47
       119       115       116
       115       117       114
        88       114        87
        14        88        15
       116       113        48
       116       115       113
       115       114       112
       111       114        88
        14        89        88
       113        49        48
       115       112       113
       112       114       111
        89       111        88
        13        89        14
       113       108        49
       113       112       108
       112       111       107
       106       111        89
        13        90        89
       108        50        49
       112       107       108
       107       111       106
        90       106        89
        12        90        13
       108       105        50
       108       107       105
       107       106       104
       103       106        90
        12        91        90
       105        51        50
       107       104       105
       104       106       103
        91       103        90
        11        91        12
       105       102        51
       105       104       102
       103       101       104
        93       103        91
        11        92        91
       102        52        51
       101       102       104
       101       103        93
        92        93        91
        10        92        11
       102       100        52
       102       101       100
       101        93        99
        94        93        92
        10        78        92
       100        53        52
        99       100       101
        99        93        94
        78        94        92
         9        78        10
       100        98        53
       100        99        98
        97        99        94
        78        67        94
        66        78         9
        98        54        53
        97        98        99
        67        97        94
        67        78        66
         8        66         9
        98        96        54
        98        97        96
        95        97        67
        71        67        66
         8        65        66
        96        55        54
        95        96        97
        95        67        71
        65        71        66
         7        65         8
        96        80        55
        96        95        80
        79        95        71
        74        71        65
         7        63        65
        80        56        55
        79        80        95
        79        71        74
        63        74        65
         6        63         7
        80        77        56
        80        79        77
        76        79        74
        73        74        63
         6        64        63
        77        57        56
        76        77        79
        73        76        74
        63        64        73
         6         5        64
        77        75        57
        76        75        77
        72        76        73
        72        73        64
        64         5        68
        75        58        57
        75        76        72
        72        64        68
        68         5        33
        75        70        58
        72        70        75
        72        68        69
        33         5         1
        32        68        33
        70        59        58
        70        72        69
        32        69        68
        31        59        70
        31        70        69
        31        69        32
        31         3        59
 1d points
      1        1.000000000000000
      5        0.962962962962963
      6        0.925925925925926
      7        0.888888888888888
      8        0.851851851851851
      9        0.814814814814814
     10        0.777777777777777
     11        0.740740740740740
     12        0.703703703703703
     13        0.666666666666665
     14        0.629629629629628
     15        0.592592592592591
     16        0.555555555555554
     17        0.518518518518517
     18        0.481481481481480
     19        0.444444444444443
     20        0.407407407407407
     21        0.370370370370370
     22        0.333333333333333
     23        0.296296296296296
     24        0.259259259259259
     25        0.222222222222222
     26        0.185185185185185
     27        0.148148148148148
     28        0.111111111111111
     29        0.074074074074074
     30        0.037037037037037
      2        0.000000000000000
      3        1.000000000000000
     31        0.750000000000000
     32        0.500000000000000
     33        0.250000000000000
      1        0.000000000000000
      4        1.000000000000000
     34        0.962962962962963
     35        0.925925925925926
     36        0.888888888888889
     37        0.851851851851852
     38        0.814814814814815
     39        0.777777777777778
     40        0.740740740740741
     41        0.703703703703704
     42        0.666666666666667
     43        0.629629629629630
     44        0.592592592592593
     45        0.555555555555556
     46        0.518518518518520
     47        0.481481481481483
     48        0.444444444444446
     49        0.407407407407409
     50        0.370370370370372
     51        0.333333333333335
     52        0.296296296296297
     53        0.259259259259260
     54        0.222222222222223
     55        0.185185185185186
     56        0.148148148148149
     57        0.111111111111112
     58        0.074074074074074
     59        0.037037037037037
      3        0.000000000000000
      2        1.000000000000000
     60        0.750000000000000
     61        0.500000000000000
     62        0.250000000000000
      4        0.000000000000000
 2d points
        0.000000000000000       -0.157079000000000       13.333333333333332        0.000000000000000        0.000000000000000       13.333333333333332         0
       -2.000000000000000       -0.157079000000000       13.333333333333336        0.000000000000000        0.000000000000000       13.333333333333336         0
        0.000000000000000        0.157079000000000       13.333333333333336        0.000000000000000        0.000000000000000       13.333333333333336         0
       -2.000000000000000        0.157079000000000       13.333333333333336        0.000000000000000        0.000000000000000       13.333333333333336         0
       -0.074074074074074       -0.157079000000000       13.333333333333329        0.000000000000000        0.000000000000000       13.333333333333329         0
       -0.148148148148149       -0.157079000000000       13.333333333333336        0.000000000000000        0.000000000000000       13.333333333333336         0
       -0.222222222222223       -0.157079000000000       13.333333333333336        0.000000000000000        0.000000000000000       13.333333333333336         0
       -0.296296296296297       -0.157079000000000       13.333333333333336        0.000000000000000        0.000000000000000       13.333333333333336         0
       -0.370370370370372       -0.157079000000000       13.333333333333336        0.000000000000000        0.000000000000000       13.333333333333336         0
       -0.444444444444446       -0.157079000000000       13.333333333333329        0.000000000000000        0.000000000000000       13.333333333333329         0
       -0.518518518518521       -0.157079000000000       13.333333333333336        0.000000000000000        0.000000000000000       13.333333333333336         0
       -0.592592592592595       -0.157079000000000       13.333333333333336        0.000000000000000        0.000000000000000       13.333333333333336         0
       -0.666666666666669       -0.157079000000000       13.333333333333336        0.000000000000000        0.000000000000000       13.333333333333336         0
       -0.740740740740744       -0.157079000000000       13.333333333333336        0.000000000000000        0.000000000000000       13.333333333333336         0
       -0.814814814814818       -0.157079000000000       13.333333333333336        0.000000000000000        0.000000000000000       13.333333333333336         0
       -0.888888888888892       -0.157079000000000       13.333333333333336        0.000000000000000        0.000000000000000       13.333333333333336         0
       -0.962962962962965       -0.157079000000000       13.333333333333336        0.000000000000000        0.000000000000000       13.333333333333336         0
       -1.037037037037039       -0.157079000000000       13.333333333333329        0.000000000000000        0.000000000000000       13.333333333333329         0
       -1.111111111111113       -0.157079000000000       13.333333333333336        0.000000000000000        0.000000000000000       13.333333333333336         0
       -1.185185185185187       -0.157079000000000       13.333333333333336        0.000000000000000        0.000000000000000       13.333333333333336         0
       -1.259259259259260       -0.157079000000000       13.333333333333336        0.000000000000000        0.000000000000000       13.333333333333336         0
       -1.333333333333335       -0.157079000000000       13.333333333333329        0.000000000000000        0.000000000000000       13.333333333333329         0
       -1.407407407407408       -0.157079000000000       13.333333333333336        0.000000000000000        0.000000000000000       13.333333333333336         0
       -1.481481481481482       -0.157079000000000       13.333333333333336        0.000000000000000        0.000000000000000       13.333333333333336         0
       -1.555555555555556       -0.157079000000000       13.333333333333336        0.000000000000000        0.000000000000000       13.333333333333336         0
       -1.629629629629630       -0.157079000000000       13.333333333333336        0.000000000000000        0.000000000000000       13.333333333333336         0
       -1.703703703703705       -0.157079000000000       13.333333333333336        0.000000000000000        0.000000000000000       13.333333333333336         0
       -1.777777777777778       -0.157079000000000       13.333333333333329        0.000000000000000        0.000000000000000       13.333333333333329         0
       -1.851851851851852       -0.157079000000000       13.333333333333336        0.000000000000000        0.000000000000000       13.333333333333336         0
       -1.925925925925926       -0.157079000000000       13.333333333333336        0.000000000000000        0.000000000000000       13.333333333333336         0
        0.000000000000000        0.078539500000000       13.333333333333336        0.000000000000000        0.000000000000000       13.333333333333336         0
        0.000000000000000        0.000000000000000       13.333333333333336        0.000000000000000        0.000000000000000       13.333333333333336         0
        0.000000000000000       -0.078539500000000       13.333333333333332        0.000000000000000        0.000000000000000       13.333333333333332         0
       -1.925925925925926        0.157079000000000       13.333333333333336        0.000000000000000        0.000000000000000       13.333333333333336         0
       -1.851851851851852        0.157079000000000       13.333333333333336        0.000000000000000        0.000000000000000       13.333333333333336         0
       -1.777777777777778        0.157079000000000       13.333333333333336        0.000000000000000        0.000000000000000       13.333333333333336         0
       -1.703703703703704        0.157079000000000       13.333333333333336        0.000000000000000        0.000000000000000       13.333333333333336         0
       -1.629629629629630        0.157079000000000       13.333333333333336        0.000000000000000        0.000000000000000       13.333333333333336         0
       -1.555555555555556        0.157079000000000       13.333333333333336        0.000000000000000        0.000000000000000       13.333333333333336         0
       -1.481481481481482        0.157079000000000       13.333333333333336        0.000000000000000        0.000000000000000       13.333333333333336         0
       -1.407407407407408        0.157079000000000       13.333333333333336        0.000000000000000        0.000000000000000       13.333333333333336         0
       -1.333333333333334        0.157079000000000       13.333333333333336        0.000000000000000        0.000000000000000       13.333333333333336         0
       -1.259259259259260        0.157079000000000       13.333333333333336        0.000000000000000        0.000000000000000       13.333333333333336         0
       -1.185185185185187        0.157079000000000       13.333333333333336        0.000000000000000        0.000000000000000       13.333333333333336         0
       -1.111111111111113        0.157079000000000       13.333333333333336        0.000000000000000        0.000000000000000       13.333333333333336         0
       -1.037037037037039        0.157079000000000       13.333333333333336        0.000000000000000        0.000000000000000       13.333333333333336         0
       -0.962962962962965        0.157079000000000       13.333333333333332        0.000000000000000        0.000000000000000       13.333333333333332         0
       -0.888888888888892        0.157079000000000       13.333333333333332        0.000000000000000        0.000000000000000       13.333333333333332         0
       -0.814814814814818        0.157079000000000       13.333333333333336        0.000000000000000        0.000000000000000       13.333333333333336         0
       -0.740740740740744        0.157079000000000       13.333333333333332        0.000000000000000        0.000000000000000       13.333333333333332         0
       -0.666666666666669        0.157079000000000       13.333333333333332        0.000000000000000        0.000000000000000       13.333333333333332         0
       -0.592592592592595        0.157079000000000       13.333333333333332        0.000000000000000        0.000000000000000       13.333333333333332         0
       -0.518518518518521        0.157079000000000       13.333333333333336        0.000000000000000        0.000000000000000       13.333333333333336         0
       -0.444444444444446        0.157079000000000       13.333333333333336        0.000000000000000        0.000000000000000       13.333333333333336         0
       -0.370370370370372        0.157079000000000       13.333333333333332        0.000000000000000        0.000000000000000       13.333333333333332         0
       -0.296296296296297        0.157079000000000       13.333333333333337        0.000000000000000        0.000000000000000       13.333333333333337         0
       -0.222222222222223        0.157079000000000       13.333333333333337        0.000000000000000        0.000000000000000       13.333333333333337         0
       -0.148148148148149        0.157079000000000       13.333333333333336        0.000000000000000        0.000000000000000       13.333333333333336         0
       -0.074074074074074        0.157079000000000       13.333333333333336        0.000000000000000        0.000000000000000       13.333333333333336         0
       -2.000000000000000       -0.078539500000000       13.333333333333336        0.000000000000000        0.000000000000000       13.333333333333336         0
       -2.000000000000000        0.000000000000000       13.333333333333336        0.000000000000000        0.000000000000000       13.333333333333336         0
       -2.000000000000000        0.078539500000000       13.333333333333336        0.000000000000000        0.000000000000000       13.333333333333336         0
       -0.197105592076590       -0.096183691636582       13.333333333333332        0.000000000000000        0.000000000000000       13.333333333333332         0
       -0.128883620346464       -0.087927408099277       13.333333333333336        0.000000000000000        0.000000000000000       13.333333333333336         0
       -0.272395319010886       -0.096726611728433       13.333333333333332        0.000000000000000        0.000000000000000       13.333333333333332         0
       -0.343291427505185       -0.096473104439162       13.333333333333336        0.000000000000000        0.000000000000000       13.333333333333336         0
       -0.387440339423589       -0.031679314347312       13.333333333333336        0.000000000000000        0.000000000000000       13.333333333333336         0
       -0.062472393684354       -0.052227948094580       13.333333333333336        0.000000000000000        0.000000000000000       13.333333333333336         0
       -0.058182159073755        0.025987818796671       13.333333333333336        0.000000000000000        0.000000000000000       13.333333333333336         0
       -0.097155770707483        0.085023671874221       13.333333333333337        0.000000000000000        0.000000000000000       13.333333333333337         0
       -0.315673736248234       -0.032001275615835       13.333333333333332        0.000000000000000        0.000000000000000       13.333333333333332         0
       -0.131621879146215        0.014814154047400       13.333333333333336        0.000000000000000        0.000000000000000       13.333333333333336         0
       -0.182098714720202       -0.034746056665413       13.333333333333336        0.000000000000000        0.000000000000000       13.333333333333336         0
       -0.245194703322275       -0.032242302505829       13.333333333333336        0.000000000000000        0.000000000000000       13.333333333333336         0
       -0.173533188413872        0.085325104725748       13.333333333333336        0.000000000000000        0.000000000000000       13.333333333333336         0
       -0.209860138068308        0.029140116512609       13.333333333333336        0.000000000000000        0.000000000000000       13.333333333333336         0
       -0.250798740577006        0.090286869457966       13.333333333333336        0.000000000000000        0.000000000000000       13.333333333333336         0
       -0.416132429339199       -0.096188399702605       13.333333333333336        0.000000000000000        0.000000000000000       13.333333333333336         0
       -0.284388903021194        0.030874674792240       13.333333333333336        0.000000000000000        0.000000000000000       13.333333333333336         0
       -0.325840623458021        0.091397706046169       13.333333333333336        0.000000000000000        0.000000000000000       13.333333333333336         0
       -1.304887960685196       -0.097607921775277       13.333333333333336        0.000000000000000        0.000000000000000       13.333333333333336         0
       -1.229981058295251       -0.097848306093586       13.333333333333336        0.000000000000000        0.000000000000000       13.333333333333336         0
       -1.155835199548728       -0.097660926637160       13.333333333333332        0.000000000000000        0.000000000000000       13.333333333333332         0
       -1.081776401351001       -0.097429809510706       13.333333333333336        0.000000000000000        0.000000000000000       13.333333333333336         0
       -1.007726437383849       -0.097214674634759       13.333333333333336        0.000000000000000        0.000000000000000       13.333333333333336         0
       -0.933671981125488       -0.097014212908618       13.333333333333337        0.000000000000000        0.000000000000000       13.333333333333337         0
       -0.859610414958958       -0.096821653110723       13.333333333333336        0.000000000000000        0.000000000000000       13.333333333333336         0
       -0.785544115296253       -0.096633801448139       13.333333333333336        0.000000000000000        0.000000000000000       13.333333333333336         0
       -0.711479913001142       -0.096451551950727       13.333333333333336        0.000000000000000        0.000000000000000       13.333333333333336         0
       -0.637432986135194       -0.096280404515882       13.333333333333336        0.000000000000000        0.000000000000000       13.333333333333336         0
       -0.563433235984134       -0.096132941462329       13.333333333333336        0.000000000000000        0.000000000000000       13.333333333333336         0
       -0.489523657113728       -0.096031603297213       13.333333333333336        0.000000000000000        0.000000000000000       13.333333333333336         0
       -0.533752698416018       -0.031202395321224       13.333333333333337        0.000000000000000        0.000000000000000       13.333333333333337         0
       -0.460303968637015       -0.031457002842515       13.333333333333337        0.000000000000000        0.000000000000000       13.333333333333337         0
       -0.357476720906923        0.030981572882689       13.333333333333332        0.000000000000000        0.000000000000000       13.333333333333332         0
       -0.399746503577195        0.091582356848747       13.333333333333336        0.000000000000000        0.000000000000000       13.333333333333336         0
       -0.430497239961094        0.031072425273136       13.333333333333336        0.000000000000000        0.000000000000000       13.333333333333336         0
       -0.473440668418207        0.091693288395980       13.333333333333336        0.000000000000000        0.000000000000000       13.333333333333336         0
       -0.503893498643422        0.031198699555518       13.333333333333336        0.000000000000000        0.000000000000000       13.333333333333336         0
       -0.547239918701613        0.091821680628038       13.333333333333336        0.000000000000000        0.000000000000000       13.333333333333336         0
       -0.577619133612902        0.031333449120306       13.333333333333336        0.000000000000000        0.000000000000000       13.333333333333336         0
       -0.621165706585140        0.091948219594049       13.333333333333337        0.000000000000000        0.000000000000000       13.333333333333337         0
       -0.607611205981381       -0.031023778481766       13.333333333333332        0.000000000000000        0.000000000000000       13.333333333333332         0
       -0.651548549325613        0.031433204273289       13.333333333333336        0.000000000000000        0.000000000000000       13.333333333333336         0
       -0.695167999476063        0.092059324212686       13.333333333333336        0.000000000000000        0.000000000000000       13.333333333333336         0
       -0.681596890462113       -0.030896713308254       13.333333333333337        0.000000000000000        0.000000000000000       13.333333333333337         0
       -0.725562902654150        0.031509198066590       13.333333333333336        0.000000000000000        0.000000000000000       13.333333333333336         0
       -0.769202064530673        0.092158762073828       13.333333333333337        0.000000000000000        0.000000000000000       13.333333333333337         0
       -1.139355930007105        0.092569106087248       13.333333333333336        0.000000000000000        0.000000000000000       13.333333333333336         0
       -1.065343075567034        0.092509631729040       13.333333333333337        0.000000000000000        0.000000000000000       13.333333333333337         0
       -0.755634954856521       -0.030789853009249       13.333333333333337        0.000000000000000        0.000000000000000       13.333333333333337         0
       -0.799606674082165        0.031573520366216       13.333333333333336        0.000000000000000        0.000000000000000       13.333333333333336         0
       -0.843244851454192        0.092251757850313       13.333333333333336        0.000000000000000        0.000000000000000       13.333333333333336         0
       -0.829687858915234       -0.030689681830062       13.333333333333336        0.000000000000000        0.000000000000000       13.333333333333336         0
       -0.873654753560851        0.031633999695611       13.333333333333336        0.000000000000000        0.000000000000000       13.333333333333336         0
       -0.917285577909884        0.092341643748753       13.333333333333329        0.000000000000000        0.000000000000000       13.333333333333329         0
       -0.903738725684453       -0.030590699983988       13.333333333333336        0.000000000000000        0.000000000000000       13.333333333333336         0
       -0.991318965867655        0.092429007357059       13.333333333333332        0.000000000000000        0.000000000000000       13.333333333333332         0
       -0.947695546850150        0.031693584497066       13.333333333333336        0.000000000000000        0.000000000000000       13.333333333333336         0
       -0.977780034716113       -0.030493264069525       13.333333333333336        0.000000000000000        0.000000000000000       13.333333333333336         0
       -1.021724500338718        0.031749468651937       13.333333333333336        0.000000000000000        0.000000000000000       13.333333333333336         0
       -1.051811677223685       -0.030404796700703       13.333333333333336        0.000000000000000        0.000000000000000       13.333333333333336         0
       -1.095743344108101        0.031788141887726       13.333333333333336        0.000000000000000        0.000000000000000       13.333333333333336         0
       -1.125843552989952       -0.030344373985619       13.333333333333336        0.000000000000000        0.000000000000000       13.333333333333336         0
       -1.169752101876341        0.031773305124138       13.333333333333336        0.000000000000000        0.000000000000000       13.333333333333336         0
       -1.199899946738662       -0.030358086139621       13.333333333333336        0.000000000000000        0.000000000000000       13.333333333333336         0
       -1.213335589518134        0.092575721252773       13.333333333333336        0.000000000000000        0.000000000000000       13.333333333333336         0
       -1.243698181714294        0.031620691654642       13.333333333333337        0.000000000000000        0.000000000000000       13.333333333333337         0
       -1.274009567518309       -0.030618521287023       13.333333333333336        0.000000000000000        0.000000000000000       13.333333333333336         0
       -1.287182252044661        0.092487216408833       13.333333333333336        0.000000000000000        0.000000000000000       13.333333333333336         0
       -1.449545838675234       -0.095785756298680       13.333333333333336        0.000000000000000        0.000000000000000       13.333333333333336         0
       -1.375813647173632       -0.095848998336318       13.333333333333336        0.000000000000000        0.000000000000000       13.333333333333336         0
       -1.347435123441521       -0.032012212574976       13.333333333333336        0.000000000000000        0.000000000000000       13.333333333333336         0
       -1.317270283652791        0.031183339381131       13.333333333333336        0.000000000000000        0.000000000000000       13.333333333333336         0
       -1.419078641875994       -0.032327851442733       13.333333333333336        0.000000000000000        0.000000000000000       13.333333333333336         0
       -1.360704966858321        0.092311492420776       13.333333333333337        0.000000000000000        0.000000000000000       13.333333333333337         0
       -1.390036211495104        0.030585887844445       13.333333333333336        0.000000000000000        0.000000000000000       13.333333333333336         0
       -1.433597015678941        0.092173173387133       13.333333333333337        0.000000000000000        0.000000000000000       13.333333333333337         0
       -1.505288899853527        0.092102333877154       13.333333333333336        0.000000000000000        0.000000000000000       13.333333333333336         0
       -1.461558786803063        0.030024645883306       13.333333333333336        0.000000000000000        0.000000000000000       13.333333333333336         0
       -1.531361046824593        0.028503991073230       13.333333333333336        0.000000000000000        0.000000000000000       13.333333333333336         0
       -1.490704659166324       -0.033477018119803       13.333333333333336        0.000000000000000        0.000000000000000       13.333333333333336         0
       -1.522191860653595       -0.096347693349260       13.333333333333336        0.000000000000000        0.000000000000000       13.333333333333336         0
       -1.561499162211488       -0.035659824920290       13.333333333333332        0.000000000000000        0.000000000000000       13.333333333333332         0
       -1.595151534191791       -0.097027806582640       13.333333333333336        0.000000000000000        0.000000000000000       13.333333333333336         0
       -1.895620675289123       -0.093824744440617       13.333333333333336        0.000000000000000        0.000000000000000       13.333333333333336         0
       -1.928017190903462       -0.034685410776806       13.333333333333337        0.000000000000000        0.000000000000000       13.333333333333337         0
       -1.926146951556587        0.095103505331519       13.333333333333336        0.000000000000000        0.000000000000000       13.333333333333336         0
       -1.574294504358705        0.091679360221276       13.333333333333336        0.000000000000000        0.000000000000000       13.333333333333336         0
       -1.632418246332639        0.082729948139380       13.333333333333337        0.000000000000000        0.000000000000000       13.333333333333337         0
       -1.691240911281214        0.091321714025707       13.333333333333336        0.000000000000000        0.000000000000000       13.333333333333336         0
       -1.763720387922818        0.091492337713708       13.333333333333336        0.000000000000000        0.000000000000000       13.333333333333336         0
       -1.842212597025513        0.091379721773164       13.333333333333336        0.000000000000000        0.000000000000000       13.333333333333336         0
       -1.598811741031695        0.024198302808192       13.333333333333336        0.000000000000000        0.000000000000000       13.333333333333336         0
       -1.668784365332194        0.023974218923613       13.333333333333332        0.000000000000000        0.000000000000000       13.333333333333332         0
       -1.738669659280595        0.028314624706591       13.333333333333336        0.000000000000000        0.000000000000000       13.333333333333336         0
       -1.891751928882155        0.028695259038088       13.333333333333336        0.000000000000000        0.000000000000000       13.333333333333336         0
       -1.813535484058630        0.029847308659327       13.333333333333332        0.000000000000000        0.000000000000000       13.333333333333332         0
       -1.633429503584267       -0.036957673592640       13.333333333333336        0.000000000000000        0.000000000000000       13.333333333333336         0
       -1.706146541906851       -0.035519865600597       13.333333333333336        0.000000000000000        0.000000000000000       13.333333333333336         0
       -1.853335859088735       -0.032260466899479       13.333333333333336        0.000000000000000        0.000000000000000       13.333333333333336         0
       -1.779556440237894       -0.033095572971731       13.333333333333336        0.000000000000000        0.000000000000000       13.333333333333336         0
       -1.668795034477308       -0.096709522314421       13.333333333333337        0.000000000000000        0.000000000000000       13.333333333333337         0
       -1.818115326248212       -0.094461263866328       13.333333333333332        0.000000000000000        0.000000000000000       13.333333333333332         0
       -1.742851936945346       -0.095579087039481       13.333333333333336        0.000000000000000        0.000000000000000       13.333333333333336         0
