       np1       np2       ns1       ns2        ne
        34        41        30        50         4
 Edge number           1
         2         1        49
         3         2        45
         4         3        41
         5         4        37
         6         5        33
         7         6        29
         8         7        25
         9         8        20
        10         9        16
        11        10        12
        12        11         8
        13        12         3
        14        13         1
 Edge number           2
        16        15        50
        17        16        49
 Edge number           3
        19        18         7
        20        19         6
        21        20        11
        22        21        15
        23        22        19
        24        23        23
        25        24        26
        26        25        30
        27        26        34
        28        27        38
        29        28        42
        30        29        46
        31        30        50
 Edge number           4
        33        32         1
        34        33         7
 Face:           1
         2        16        30
        30        16        39
        15        39        16
        30        39        18
        38        39        15
        39        19        18
        30        18         4
        14        38        15
        38        19        39
        34        38        14
        20        19        38
        13        34        14
        38        34        20
        33        34        13
        34        21        20
        12        33        13
        34        33        21
        31        33        12
        33        22        21
        11        31        12
        33        31        22
        11        32        31
        31        23        22
        32        23        31
        10        32        11
        32        24        23
        10        36        32
        36        24        32
         9        36        10
        36        25        24
         9        37        36
        37        25        36
         8        37         9
        37        26        25
        35        37         8
        37        35        26
         7        35         8
        35        27        26
         7        40        35
        40        27        35
         6        40         7
        40        28        27
         6        41        40
        41        28        40
         5        41         6
        41        29        28
        17        41         5
        17        29        41
        17         5         1
        17         3        29
 1d points
      1        1.000000000000000
      5        0.923076923076923
      6        0.846153846153846
      7        0.769230769230770
      8        0.692307692307693
      9        0.615384615384616
     10        0.538461538461539
     11        0.461538461538462
     12        0.384615384615385
     13        0.307692307692308
     14        0.230769230769231
     15        0.153846153846154
     16        0.076923076923077
      2        0.000000000000000
      3        1.000000000000000
     17        0.500000000000000
      1        0.000000000000000
      4        1.000000000000000
     18        0.923076923076923
     19        0.846153846153846
     20        0.769230769230769
     21        0.692307692307692
     22        0.615384615384615
     23        0.538461538461538
     24        0.461538461538461
     25        0.384615384615384
     26        0.307692307692307
     27        0.230769230769230
     28        0.153846153846154
     29        0.076923076923077
      3        0.000000000000000
      2        1.000000000000000
     30        0.500000000000000
      4        0.000000000000000
 2d points
        3.000000000000000       -0.157079000000000        6.666666666666668        0.000000000000000        0.000000000000000        6.666666666666668         0
        1.000000000000000       -0.157079000000000        6.666666666666668        0.000000000000000        0.000000000000000        6.666666666666668         0
        3.000000000000000        0.157079000000000        6.666666666666668        0.000000000000000        0.000000000000000        6.666666666666668         0
        1.000000000000000        0.157079000000000        6.666666666666668        0.000000000000000        0.000000000000000        6.666666666666668         0
        2.846153846153846       -0.157079000000000        6.666666666666668        0.000000000000000        0.000000000000000        6.666666666666668         0
        2.692307692307693       -0.157079000000000        6.666666666666668        0.000000000000000        0.000000000000000        6.666666666666668         0
        2.538461538461539       -0.157079000000000        6.666666666666668        0.000000000000000        0.000000000000000        6.666666666666668         0
        2.384615384615385       -0.157079000000000        6.666666666666669        0.000000000000000        0.000000000000000        6.666666666666669         0
        2.230769230769232       -0.157079000000000        6.666666666666668        0.000000000000000        0.000000000000000        6.666666666666668         0
        2.076923076923078       -0.157079000000000        6.666666666666668        0.000000000000000        0.000000000000000        6.666666666666668         0
        1.923076923076924       -0.157079000000000        6.666666666666668        0.000000000000000        0.000000000000000        6.666666666666668         0
        1.769230769230770       -0.157079000000000        6.666666666666668        0.000000000000000        0.000000000000000        6.666666666666668         0
        1.615384615384616       -0.157079000000000        6.666666666666668        0.000000000000000        0.000000000000000        6.666666666666668         0
        1.461538461538462       -0.157079000000000        6.666666666666668        0.000000000000000        0.000000000000000        6.666666666666668         0
        1.307692307692307       -0.157079000000000        6.666666666666668        0.000000000000000        0.000000000000000        6.666666666666668         0
        1.153846153846154       -0.157079000000000        6.666666666666668        0.000000000000000        0.000000000000000        6.666666666666668         0
        3.000000000000000        0.000000000000000        6.666666666666668        0.000000000000000        0.000000000000000        6.666666666666668         0
        1.153846153846154        0.157079000000000        6.666666666666668        0.000000000000000        0.000000000000000        6.666666666666668         0
        1.307692307692308        0.157079000000000        6.666666666666668        0.000000000000000        0.000000000000000        6.666666666666668         0
        1.461538461538462        0.157079000000000        6.666666666666668        0.000000000000000        0.000000000000000        6.666666666666668         0
        1.615384615384615        0.157079000000000        6.666666666666668        0.000000000000000        0.000000000000000        6.666666666666668         0
        1.769230769230770        0.157079000000000        6.666666666666668        0.000000000000000        0.000000000000000        6.666666666666668         0
        1.923076923076924        0.157079000000000        6.666666666666668        0.000000000000000        0.000000000000000        6.666666666666668         0
        2.076923076923078        0.157079000000000        6.666666666666668        0.000000000000000        0.000000000000000        6.666666666666668         0
        2.230769230769232        0.157079000000000        6.666666666666669        0.000000000000000        0.000000000000000        6.666666666666669         0
        2.384615384615385        0.157079000000000        6.666666666666664        0.000000000000000        0.000000000000000        6.666666666666664         0
        2.538461538461539        0.157079000000000        6.666666666666668        0.000000000000000        0.000000000000000        6.666666666666668         0
        2.692307692307693        0.157079000000000        6.666666666666664        0.000000000000000        0.000000000000000        6.666666666666664         0
        2.846153846153846        0.157079000000000        6.666666666666669        0.000000000000000        0.000000000000000        6.666666666666669         0
        1.000000000000000        0.000000000000000        6.666666666666668        0.000000000000000        0.000000000000000        6.666666666666668         0
        1.841565920196440        0.015304112065737        6.666666666666668        0.000000000000000        0.000000000000000        6.666666666666668         0
        2.002517189190268        0.017770509680465        6.666666666666669        0.000000000000000        0.000000000000000        6.666666666666669         0
        1.696769353213035       -0.015321892463464        6.666666666666669        0.000000000000000        0.000000000000000        6.666666666666669         0
        1.535209861896663       -0.017875783167111        6.666666666666666        0.000000000000000        0.000000000000000        6.666666666666666         0
        2.467173476182117       -0.016099893064054        6.666666666666668        0.000000000000000        0.000000000000000        6.666666666666668         0
        2.149352255666112       -0.015862550487187        6.666666666666668        0.000000000000000        0.000000000000000        6.666666666666668         0
        2.307860167950833       -0.023437963739227        6.666666666666668        0.000000000000000        0.000000000000000        6.666666666666668         0
        1.384867625621957        0.015251637628818        6.666666666666666        0.000000000000000        0.000000000000000        6.666666666666666         0
        1.201896042066914        0.019298074867881        6.666666666666669        0.000000000000000        0.000000000000000        6.666666666666669         0
        2.614753220121423        0.015390031486234        6.666666666666668        0.000000000000000        0.000000000000000        6.666666666666668         0
        2.798052499566363        0.019317083631802        6.666666666666666        0.000000000000000        0.000000000000000        6.666666666666666         0
