/*--------------------------------*- C++ -*----------------------------------*\
  =========                 |
  \\      /  F ield         | OpenFOAM: The Open Source CFD Toolbox
   \\    /   O peration     | Website:  https://openfoam.org
    \\  /    A nd           | Version:  6
     \\/     M anipulation  |
\*---------------------------------------------------------------------------*/
FoamFile
{
    version     2.0;
    format      ascii;
    class       volScalarField;
    location    "60";
    object      p;
}
// * * * * * * * * * * * * * * * * * * * * * * * * * * * * * * * * * * * * * //

dimensions      [0 2 -2 0 0 0 0];

internalField   nonuniform List<scalar> 
4000
(
-1.97872e-09
-1.97033e-09
-1.94329e-09
-1.93193e-09
-1.92582e-09
-1.90118e-09
-1.88191e-09
-1.85577e-09
-1.8371e-09
-1.82044e-09
-1.81896e-09
-1.78708e-09
-1.74827e-09
-1.74803e-09
-1.74792e-09
-1.73816e-09
-1.72527e-09
-1.71746e-09
-1.73962e-09
-1.74019e-09
-1.72828e-09
-1.72216e-09
-1.71139e-09
-1.69551e-09
-1.68848e-09
-1.67775e-09
-1.67509e-09
-1.64382e-09
-1.61978e-09
-1.60268e-09
-1.57298e-09
-1.55421e-09
-1.54214e-09
-1.52847e-09
-1.49476e-09
-1.48675e-09
-1.48419e-09
-1.45293e-09
-1.41607e-09
-1.41773e-09
-1.39793e-09
-1.37286e-09
-1.36054e-09
-1.34907e-09
-1.31908e-09
-1.29747e-09
-1.28166e-09
-1.25831e-09
-1.225e-09
-1.18974e-09
-1.15415e-09
-1.12275e-09
-1.07346e-09
-1.02745e-09
-9.78177e-10
-9.28738e-10
-8.78815e-10
-8.24934e-10
-7.78886e-10
-7.31498e-10
-6.88311e-10
-6.47363e-10
-6.17426e-10
-5.7953e-10
-5.35316e-10
-4.92386e-10
-4.58492e-10
-4.1204e-10
-3.67464e-10
-3.23319e-10
-2.81911e-10
-2.36898e-10
-1.86891e-10
-1.36017e-10
-7.92462e-11
-4.24539e-11
-1.90698e-11
1.69018e-11
4.70937e-11
6.13437e-11
8.60578e-11
1.20123e-10
1.54046e-10
1.80716e-10
2.04147e-10
2.26972e-10
2.55471e-10
2.75337e-10
2.90408e-10
3.05982e-10
3.2758e-10
3.55763e-10
3.73691e-10
3.98111e-10
4.10653e-10
4.22051e-10
4.19969e-10
4.32208e-10
4.41452e-10
4.21372e-10
4.4106e-10
4.45159e-10
4.45204e-10
4.4218e-10
4.3788e-10
4.4055e-10
4.4324e-10
4.49578e-10
4.63172e-10
4.66258e-10
4.86578e-10
5.03522e-10
5.11256e-10
5.06923e-10
4.88099e-10
4.76972e-10
4.68021e-10
4.60463e-10
4.37446e-10
4.31233e-10
4.23287e-10
4.16507e-10
3.90765e-10
3.63458e-10
3.36678e-10
3.05522e-10
2.92458e-10
2.8621e-10
2.75243e-10
2.56758e-10
2.54322e-10
2.51906e-10
2.41378e-10
2.42486e-10
2.54791e-10
2.63182e-10
2.6721e-10
2.727e-10
2.735e-10
2.77144e-10
2.81177e-10
2.64755e-10
2.62208e-10
2.61921e-10
2.69328e-10
2.77187e-10
2.69282e-10
2.77035e-10
2.93112e-10
2.89623e-10
2.74443e-10
2.6085e-10
2.60075e-10
2.61004e-10
2.56562e-10
2.57559e-10
2.5269e-10
2.49012e-10
2.59693e-10
2.67058e-10
2.66519e-10
2.58696e-10
2.58553e-10
2.5341e-10
2.59163e-10
2.63736e-10
2.69616e-10
2.77593e-10
2.81757e-10
2.76776e-10
2.77902e-10
2.6228e-10
2.57415e-10
2.61802e-10
2.66154e-10
2.77616e-10
2.87617e-10
2.88674e-10
2.87102e-10
2.80361e-10
2.75845e-10
2.475e-10
2.3431e-10
2.40029e-10
2.38972e-10
2.19285e-10
2.07265e-10
1.99085e-10
1.81456e-10
1.57114e-10
1.31775e-10
1.09907e-10
8.96193e-11
6.61301e-11
4.41088e-11
2.91398e-11
2.40289e-11
3.64448e-11
2.01384e-11
4.66907e-12
-1.99201e-09
-1.97138e-09
-1.94211e-09
-1.92959e-09
-1.91795e-09
-1.89336e-09
-1.87405e-09
-1.85557e-09
-1.82582e-09
-1.803e-09
-1.80674e-09
-1.77221e-09
-1.74249e-09
-1.74076e-09
-1.73972e-09
-1.73741e-09
-1.7206e-09
-1.71572e-09
-1.74699e-09
-1.75547e-09
-1.73387e-09
-1.71843e-09
-1.70792e-09
-1.69087e-09
-1.69216e-09
-1.6867e-09
-1.67271e-09
-1.65537e-09
-1.63656e-09
-1.60756e-09
-1.58959e-09
-1.56833e-09
-1.55716e-09
-1.52224e-09
-1.50355e-09
-1.49379e-09
-1.48322e-09
-1.45496e-09
-1.42432e-09
-1.41525e-09
-1.40462e-09
-1.38951e-09
-1.36445e-09
-1.35483e-09
-1.32402e-09
-1.29308e-09
-1.27629e-09
-1.25804e-09
-1.22813e-09
-1.19644e-09
-1.15731e-09
-1.11838e-09
-1.06431e-09
-1.0193e-09
-9.72815e-10
-9.23622e-10
-8.72332e-10
-8.19685e-10
-7.71141e-10
-7.23077e-10
-6.81457e-10
-6.4748e-10
-6.12538e-10
-5.77072e-10
-5.34665e-10
-4.99904e-10
-4.58128e-10
-4.13937e-10
-3.7401e-10
-3.3083e-10
-2.91631e-10
-2.43858e-10
-1.92558e-10
-1.38771e-10
-8.05216e-11
-3.72736e-11
-6.72659e-12
1.18622e-11
4.01302e-11
6.79154e-11
8.30902e-11
1.04826e-10
1.45276e-10
1.72434e-10
2.13439e-10
2.3934e-10
2.621e-10
2.85355e-10
2.99821e-10
3.11632e-10
3.25689e-10
3.40264e-10
3.658e-10
3.83961e-10
4.00201e-10
4.07124e-10
4.17513e-10
4.19257e-10
4.23763e-10
4.26289e-10
4.43636e-10
4.52691e-10
4.45262e-10
4.34493e-10
4.40925e-10
4.52313e-10
4.4484e-10
4.40324e-10
4.57863e-10
4.763e-10
4.94738e-10
5.0268e-10
5.24769e-10
5.05617e-10
4.87839e-10
4.81443e-10
4.87152e-10
4.7874e-10
4.48441e-10
4.26693e-10
4.28515e-10
4.23154e-10
4.03022e-10
3.75876e-10
3.47152e-10
3.24188e-10
3.10301e-10
2.98328e-10
2.81015e-10
2.60564e-10
2.44745e-10
2.41688e-10
2.32821e-10
2.36255e-10
2.52492e-10
2.66881e-10
2.69657e-10
2.66632e-10
2.88992e-10
2.93085e-10
2.81943e-10
2.67891e-10
2.59478e-10
2.72756e-10
2.74228e-10
2.65494e-10
2.56405e-10
2.68136e-10
2.70542e-10
2.68959e-10
2.6278e-10
2.53461e-10
2.45558e-10
2.45182e-10
2.48269e-10
2.54392e-10
2.4599e-10
2.41756e-10
2.52672e-10
2.66404e-10
2.7399e-10
2.6165e-10
2.72051e-10
2.70113e-10
2.63034e-10
2.61593e-10
2.77609e-10
2.88141e-10
2.82996e-10
2.78575e-10
2.72189e-10
2.56556e-10
2.55473e-10
2.5822e-10
2.68438e-10
2.78654e-10
2.82144e-10
2.86925e-10
3.00442e-10
2.97172e-10
2.79354e-10
2.45242e-10
2.37485e-10
2.392e-10
2.37705e-10
2.18901e-10
2.02505e-10
1.93094e-10
1.76467e-10
1.57864e-10
1.34548e-10
1.08329e-10
8.44235e-11
6.00361e-11
3.83885e-11
3.13266e-11
3.23678e-11
4.35664e-11
3.23082e-11
1.16821e-11
-1.98739e-09
-1.98045e-09
-1.9562e-09
-1.93746e-09
-1.92205e-09
-1.90233e-09
-1.87641e-09
-1.85628e-09
-1.82391e-09
-1.79791e-09
-1.78581e-09
-1.75825e-09
-1.73957e-09
-1.74594e-09
-1.75475e-09
-1.73739e-09
-1.72933e-09
-1.72367e-09
-1.74146e-09
-1.75574e-09
-1.73958e-09
-1.72104e-09
-1.70568e-09
-1.70264e-09
-1.69463e-09
-1.68875e-09
-1.67398e-09
-1.65962e-09
-1.63885e-09
-1.61597e-09
-1.59279e-09
-1.57948e-09
-1.55936e-09
-1.52617e-09
-1.51579e-09
-1.512e-09
-1.49894e-09
-1.46035e-09
-1.41872e-09
-1.42674e-09
-1.42366e-09
-1.4017e-09
-1.37642e-09
-1.35676e-09
-1.3246e-09
-1.29253e-09
-1.26319e-09
-1.2473e-09
-1.22072e-09
-1.18858e-09
-1.15605e-09
-1.11457e-09
-1.05956e-09
-9.97794e-10
-9.54503e-10
-9.05856e-10
-8.61314e-10
-8.06717e-10
-7.59936e-10
-7.15565e-10
-6.75972e-10
-6.43389e-10
-6.07849e-10
-5.70941e-10
-5.35915e-10
-5.00841e-10
-4.64802e-10
-4.16487e-10
-3.83985e-10
-3.45123e-10
-3.04768e-10
-2.58145e-10
-2.01898e-10
-1.40606e-10
-7.99138e-11
-3.522e-11
-9.45328e-12
1.0399e-11
3.83642e-11
6.15906e-11
8.6669e-11
1.04498e-10
1.54069e-10
1.76166e-10
2.1756e-10
2.56828e-10
2.83493e-10
2.96421e-10
3.07128e-10
3.26582e-10
3.40891e-10
3.43043e-10
3.63518e-10
3.65756e-10
3.87579e-10
3.96166e-10
4.0374e-10
4.18135e-10
4.1256e-10
4.21812e-10
4.41313e-10
4.51136e-10
4.51945e-10
4.37895e-10
4.4212e-10
4.45931e-10
4.41153e-10
4.35534e-10
4.47407e-10
4.73613e-10
4.93092e-10
5.00544e-10
5.16839e-10
4.96536e-10
4.85263e-10
4.86443e-10
4.87504e-10
4.8618e-10
4.65862e-10
4.44305e-10
4.35831e-10
4.18044e-10
3.96427e-10
3.722e-10
3.60423e-10
3.28148e-10
3.01516e-10
2.96541e-10
2.8353e-10
2.62605e-10
2.46602e-10
2.2697e-10
2.19241e-10
2.3636e-10
2.54945e-10
2.64115e-10
2.76628e-10
2.88308e-10
3.04803e-10
3.07392e-10
2.8663e-10
2.7959e-10
2.80187e-10
2.87489e-10
2.77111e-10
2.7533e-10
2.79797e-10
2.63172e-10
2.55619e-10
2.5539e-10
2.55909e-10
2.45479e-10
2.39271e-10
2.45717e-10
2.48546e-10
2.55883e-10
2.57653e-10
2.51635e-10
2.53477e-10
2.6536e-10
2.68927e-10
2.65926e-10
2.79083e-10
2.7814e-10
2.70763e-10
2.68082e-10
2.77651e-10
2.89513e-10
2.91305e-10
2.89475e-10
2.81391e-10
2.71756e-10
2.52329e-10
2.52294e-10
2.6645e-10
2.71364e-10
2.80534e-10
2.92364e-10
3.0002e-10
2.95732e-10
2.76434e-10
2.55082e-10
2.48438e-10
2.38389e-10
2.2357e-10
2.09649e-10
2.03212e-10
1.95201e-10
1.74642e-10
1.6096e-10
1.41093e-10
1.0986e-10
8.12879e-11
5.61656e-11
4.06403e-11
4.40195e-11
3.94668e-11
3.79647e-11
2.60573e-11
6.62874e-12
-1.98651e-09
-1.98186e-09
-1.9692e-09
-1.9422e-09
-1.92207e-09
-1.90255e-09
-1.87906e-09
-1.85597e-09
-1.83047e-09
-1.79864e-09
-1.78176e-09
-1.75998e-09
-1.74088e-09
-1.7531e-09
-1.76116e-09
-1.75375e-09
-1.73106e-09
-1.73274e-09
-1.74225e-09
-1.74356e-09
-1.73141e-09
-1.71365e-09
-1.70488e-09
-1.70681e-09
-1.6881e-09
-1.68866e-09
-1.6825e-09
-1.66377e-09
-1.64358e-09
-1.62837e-09
-1.59718e-09
-1.57036e-09
-1.55806e-09
-1.55284e-09
-1.51533e-09
-1.51022e-09
-1.49504e-09
-1.46542e-09
-1.44147e-09
-1.43333e-09
-1.42767e-09
-1.41527e-09
-1.37992e-09
-1.36079e-09
-1.31308e-09
-1.29137e-09
-1.26463e-09
-1.23709e-09
-1.21578e-09
-1.17617e-09
-1.14859e-09
-1.10785e-09
-1.05066e-09
-9.78244e-10
-9.37083e-10
-8.94619e-10
-8.46791e-10
-7.97586e-10
-7.36751e-10
-7.10457e-10
-6.72541e-10
-6.30381e-10
-6.08724e-10
-5.72756e-10
-5.43425e-10
-5.02472e-10
-4.63954e-10
-4.38572e-10
-4.0285e-10
-3.67319e-10
-3.2184e-10
-2.63309e-10
-2.04734e-10
-1.52828e-10
-9.0905e-11
-4.30527e-11
-8.15247e-12
5.38373e-12
3.54716e-11
6.35194e-11
9.03387e-11
1.22558e-10
1.57273e-10
1.86581e-10
2.26624e-10
2.57382e-10
2.85293e-10
3.03456e-10
3.20599e-10
3.36183e-10
3.41229e-10
3.40504e-10
3.56881e-10
3.70921e-10
3.83709e-10
3.864e-10
3.99272e-10
4.05808e-10
4.07787e-10
4.18261e-10
4.37941e-10
4.39667e-10
4.39908e-10
4.44159e-10
4.49898e-10
4.41749e-10
4.36885e-10
4.29518e-10
4.42841e-10
4.76186e-10
5.00312e-10
5.08849e-10
5.09659e-10
5.12699e-10
4.96206e-10
4.94274e-10
4.93436e-10
4.81925e-10
4.72895e-10
4.59091e-10
4.4626e-10
4.25283e-10
4.04482e-10
3.84074e-10
3.55071e-10
3.19575e-10
3.02276e-10
2.96433e-10
2.8316e-10
2.68601e-10
2.49395e-10
2.18935e-10
2.19518e-10
2.27666e-10
2.50962e-10
2.63818e-10
2.779e-10
2.89516e-10
2.95058e-10
2.96517e-10
2.90306e-10
2.88334e-10
2.86559e-10
2.89255e-10
2.75518e-10
2.80773e-10
2.8168e-10
2.60989e-10
2.46622e-10
2.49081e-10
2.45497e-10
2.42904e-10
2.33227e-10
2.45116e-10
2.51579e-10
2.50874e-10
2.65198e-10
2.59792e-10
2.58538e-10
2.70191e-10
2.73528e-10
2.68855e-10
2.75037e-10
2.76562e-10
2.71156e-10
2.71079e-10
2.78079e-10
2.88221e-10
2.8798e-10
2.97669e-10
2.84515e-10
2.8277e-10
2.73389e-10
2.65443e-10
2.75199e-10
2.74199e-10
2.93342e-10
3.00452e-10
2.95665e-10
2.93356e-10
2.7357e-10
2.56245e-10
2.58734e-10
2.29088e-10
2.02982e-10
1.85524e-10
1.8708e-10
1.93163e-10
1.82588e-10
1.62644e-10
1.39269e-10
1.21583e-10
1.03269e-10
7.12953e-11
5.48079e-11
5.03745e-11
4.71547e-11
3.97888e-11
3.08891e-11
1.84774e-11
-1.99104e-09
-1.98834e-09
-1.97073e-09
-1.95063e-09
-1.92325e-09
-1.90497e-09
-1.89148e-09
-1.86681e-09
-1.83486e-09
-1.80335e-09
-1.77329e-09
-1.75249e-09
-1.73557e-09
-1.75153e-09
-1.75735e-09
-1.73605e-09
-1.71987e-09
-1.72931e-09
-1.73263e-09
-1.73815e-09
-1.71847e-09
-1.71903e-09
-1.70283e-09
-1.70214e-09
-1.6902e-09
-1.68538e-09
-1.69612e-09
-1.67043e-09
-1.64317e-09
-1.63416e-09
-1.61597e-09
-1.57165e-09
-1.56065e-09
-1.54824e-09
-1.53222e-09
-1.52699e-09
-1.50197e-09
-1.4684e-09
-1.45286e-09
-1.4409e-09
-1.43308e-09
-1.41054e-09
-1.38094e-09
-1.35312e-09
-1.30874e-09
-1.27443e-09
-1.25498e-09
-1.22778e-09
-1.19793e-09
-1.16175e-09
-1.13302e-09
-1.10574e-09
-1.04199e-09
-9.76847e-10
-9.19825e-10
-8.78921e-10
-8.40135e-10
-7.85586e-10
-7.39938e-10
-7.15976e-10
-6.81495e-10
-6.37662e-10
-6.20146e-10
-5.85965e-10
-5.60355e-10
-5.2098e-10
-4.75409e-10
-4.45399e-10
-4.17238e-10
-3.7436e-10
-3.39136e-10
-2.72273e-10
-2.15791e-10
-1.56484e-10
-9.50355e-11
-4.51289e-11
-1.72792e-11
7.42102e-12
3.23825e-11
7.39715e-11
1.19214e-10
1.45507e-10
1.68184e-10
1.84046e-10
2.34774e-10
2.70609e-10
2.83053e-10
3.13829e-10
3.29699e-10
3.56327e-10
3.53246e-10
3.51155e-10
3.62956e-10
3.69095e-10
3.79838e-10
3.86174e-10
4.03872e-10
4.0814e-10
4.01675e-10
4.10667e-10
4.29595e-10
4.41905e-10
4.41723e-10
4.31193e-10
4.48166e-10
4.55975e-10
4.38581e-10
4.26333e-10
4.33661e-10
4.71776e-10
4.94695e-10
4.93446e-10
4.99295e-10
5.13363e-10
5.07045e-10
4.96767e-10
4.83214e-10
4.82889e-10
4.7387e-10
4.65154e-10
4.54959e-10
4.37708e-10
4.20643e-10
3.96072e-10
3.45585e-10
3.14849e-10
2.94118e-10
2.91208e-10
2.78332e-10
2.62294e-10
2.54889e-10
2.36374e-10
2.27538e-10
2.30394e-10
2.5197e-10
2.68055e-10
2.78684e-10
2.92753e-10
2.88437e-10
2.91583e-10
2.85349e-10
2.82027e-10
2.88571e-10
2.75037e-10
2.60482e-10
2.83099e-10
2.82427e-10
2.75488e-10
2.53334e-10
2.48481e-10
2.50023e-10
2.47042e-10
2.38599e-10
2.37427e-10
2.41797e-10
2.40244e-10
2.46716e-10
2.55073e-10
2.58027e-10
2.69625e-10
2.72851e-10
2.70258e-10
2.75301e-10
2.76909e-10
2.73366e-10
2.76533e-10
2.83723e-10
2.91527e-10
2.80699e-10
2.94136e-10
2.84083e-10
2.8311e-10
2.80548e-10
2.8037e-10
2.75774e-10
2.76698e-10
2.89465e-10
2.97267e-10
2.85584e-10
2.91891e-10
2.82638e-10
2.60318e-10
2.49904e-10
2.24083e-10
1.93401e-10
1.63035e-10
1.62392e-10
1.92593e-10
1.82351e-10
1.60823e-10
1.29779e-10
1.25287e-10
1.19114e-10
8.77206e-11
6.78325e-11
4.83176e-11
4.64036e-11
4.68334e-11
2.69683e-11
9.44299e-12
-1.99791e-09
-1.99118e-09
-1.9615e-09
-1.9406e-09
-1.92346e-09
-1.90766e-09
-1.88754e-09
-1.87061e-09
-1.83095e-09
-1.7967e-09
-1.77256e-09
-1.74671e-09
-1.73809e-09
-1.75105e-09
-1.75191e-09
-1.73067e-09
-1.71584e-09
-1.71432e-09
-1.71913e-09
-1.72069e-09
-1.71392e-09
-1.70936e-09
-1.70157e-09
-1.69826e-09
-1.69809e-09
-1.69956e-09
-1.70309e-09
-1.68451e-09
-1.66239e-09
-1.6437e-09
-1.62936e-09
-1.5905e-09
-1.57703e-09
-1.56381e-09
-1.54067e-09
-1.52084e-09
-1.50302e-09
-1.47345e-09
-1.45258e-09
-1.4396e-09
-1.43013e-09
-1.40569e-09
-1.3725e-09
-1.3477e-09
-1.30451e-09
-1.2787e-09
-1.25567e-09
-1.22914e-09
-1.19302e-09
-1.15615e-09
-1.13502e-09
-1.09299e-09
-1.04644e-09
-9.85146e-10
-9.20067e-10
-8.8731e-10
-8.42157e-10
-7.84303e-10
-7.5292e-10
-7.21992e-10
-6.86731e-10
-6.52485e-10
-6.26947e-10
-5.97487e-10
-5.53956e-10
-5.23289e-10
-4.86527e-10
-4.51505e-10
-4.10643e-10
-3.70131e-10
-3.44357e-10
-2.76872e-10
-2.23401e-10
-1.66397e-10
-1.0984e-10
-6.65807e-11
-1.73233e-11
1.66952e-11
5.34017e-11
9.41876e-11
1.33981e-10
1.57959e-10
1.77373e-10
1.98094e-10
2.33548e-10
2.61065e-10
2.91139e-10
3.21211e-10
3.29365e-10
3.52177e-10
3.51467e-10
3.54466e-10
3.65769e-10
3.70414e-10
3.85347e-10
3.9751e-10
4.03965e-10
4.00725e-10
3.93634e-10
3.99395e-10
4.27753e-10
4.25192e-10
4.28066e-10
4.39567e-10
4.51535e-10
4.54322e-10
4.38716e-10
4.18026e-10
4.31597e-10
4.63702e-10
4.77319e-10
4.91014e-10
4.98182e-10
5.04583e-10
5.10026e-10
4.99657e-10
4.88438e-10
4.88876e-10
4.7714e-10
4.68776e-10
4.57451e-10
4.45468e-10
4.35268e-10
3.94956e-10
3.49696e-10
3.17586e-10
2.95533e-10
2.84023e-10
2.69262e-10
2.55418e-10
2.42473e-10
2.27649e-10
2.26683e-10
2.25182e-10
2.43952e-10
2.59647e-10
2.77178e-10
2.81094e-10
2.95049e-10
2.84965e-10
2.8215e-10
2.86038e-10
2.85643e-10
2.69134e-10
2.58437e-10
2.68315e-10
2.65943e-10
2.66366e-10
2.57988e-10
2.55874e-10
2.48269e-10
2.50419e-10
2.40227e-10
2.42035e-10
2.40964e-10
2.43225e-10
2.48656e-10
2.40008e-10
2.47976e-10
2.58274e-10
2.56511e-10
2.62032e-10
2.71245e-10
2.68032e-10
2.68528e-10
2.70481e-10
2.81059e-10
2.88172e-10
2.875e-10
2.90384e-10
2.86762e-10
2.82834e-10
2.89565e-10
2.8097e-10
2.68245e-10
2.83182e-10
2.99707e-10
2.91622e-10
2.96243e-10
2.9197e-10
2.80855e-10
2.64524e-10
2.34096e-10
2.12667e-10
1.87973e-10
1.7349e-10
1.71444e-10
1.82551e-10
1.69696e-10
1.57353e-10
1.43545e-10
1.41826e-10
1.17454e-10
9.54772e-11
8.60783e-11
6.65315e-11
5.89624e-11
5.84775e-11
3.79132e-11
2.56237e-11
-2.00602e-09
-1.99313e-09
-1.95911e-09
-1.94619e-09
-1.92501e-09
-1.90505e-09
-1.87825e-09
-1.85377e-09
-1.83244e-09
-1.79994e-09
-1.77669e-09
-1.75284e-09
-1.74631e-09
-1.75322e-09
-1.74998e-09
-1.7221e-09
-1.71031e-09
-1.72161e-09
-1.71222e-09
-1.71124e-09
-1.70782e-09
-1.70947e-09
-1.70326e-09
-1.69319e-09
-1.69346e-09
-1.69804e-09
-1.69599e-09
-1.69513e-09
-1.67697e-09
-1.65955e-09
-1.64781e-09
-1.61424e-09
-1.59436e-09
-1.57737e-09
-1.54927e-09
-1.52025e-09
-1.49184e-09
-1.46106e-09
-1.42874e-09
-1.4181e-09
-1.42141e-09
-1.38824e-09
-1.36063e-09
-1.33416e-09
-1.30538e-09
-1.27812e-09
-1.25444e-09
-1.23336e-09
-1.19501e-09
-1.15971e-09
-1.13871e-09
-1.09132e-09
-1.0481e-09
-9.87173e-10
-9.21728e-10
-8.83304e-10
-8.45179e-10
-7.93954e-10
-7.55282e-10
-7.40752e-10
-7.00607e-10
-6.58659e-10
-6.44817e-10
-6.19551e-10
-5.75939e-10
-5.36459e-10
-4.96522e-10
-4.66451e-10
-4.14497e-10
-3.75782e-10
-3.36697e-10
-2.77884e-10
-2.24569e-10
-1.73247e-10
-1.09423e-10
-5.36211e-11
-5.01337e-12
2.2757e-11
5.73314e-11
9.40288e-11
1.32639e-10
1.62432e-10
1.88128e-10
2.15486e-10
2.47603e-10
2.6494e-10
2.94712e-10
3.20839e-10
3.35111e-10
3.51012e-10
3.58067e-10
3.62594e-10
3.72167e-10
3.85566e-10
3.96471e-10
4.09582e-10
4.03881e-10
3.96129e-10
4.03491e-10
3.97588e-10
4.17366e-10
4.21622e-10
4.19798e-10
4.36891e-10
4.42561e-10
4.43204e-10
4.29665e-10
4.20596e-10
4.33674e-10
4.56928e-10
4.74277e-10
4.85599e-10
5.01852e-10
5.10696e-10
5.1862e-10
5.0457e-10
4.91595e-10
4.93726e-10
4.90193e-10
4.74813e-10
4.51254e-10
4.40558e-10
4.25376e-10
3.96149e-10
3.62518e-10
3.17408e-10
2.92973e-10
2.8766e-10
2.73336e-10
2.54938e-10
2.4593e-10
2.3611e-10
2.44174e-10
2.30566e-10
2.40179e-10
2.60085e-10
2.72465e-10
2.8328e-10
3.02117e-10
2.83131e-10
2.77015e-10
2.7616e-10
2.83671e-10
2.73339e-10
2.73328e-10
2.7519e-10
2.68822e-10
2.8164e-10
2.72348e-10
2.58812e-10
2.50168e-10
2.48075e-10
2.41843e-10
2.354e-10
2.48906e-10
2.42141e-10
2.37015e-10
2.36398e-10
2.40879e-10
2.53448e-10
2.56744e-10
2.53681e-10
2.56974e-10
2.66422e-10
2.5659e-10
2.69712e-10
2.85344e-10
2.89033e-10
2.94625e-10
2.89887e-10
2.85341e-10
2.82223e-10
2.92539e-10
2.88299e-10
2.81059e-10
2.98338e-10
2.94515e-10
2.93329e-10
3.07266e-10
2.97912e-10
2.87831e-10
2.68952e-10
2.21561e-10
1.99741e-10
1.91758e-10
1.89844e-10
1.87783e-10
1.83446e-10
1.74314e-10
1.51993e-10
1.44343e-10
1.28974e-10
1.15628e-10
1.00347e-10
8.10143e-11
7.24604e-11
6.05378e-11
6.35653e-11
4.26233e-11
1.47744e-11
-1.98732e-09
-1.9786e-09
-1.96793e-09
-1.94988e-09
-1.92885e-09
-1.89826e-09
-1.88205e-09
-1.8644e-09
-1.84158e-09
-1.81996e-09
-1.79287e-09
-1.75772e-09
-1.74948e-09
-1.75959e-09
-1.74526e-09
-1.72892e-09
-1.725e-09
-1.71962e-09
-1.71522e-09
-1.7187e-09
-1.71494e-09
-1.72014e-09
-1.71852e-09
-1.6964e-09
-1.69118e-09
-1.7085e-09
-1.69893e-09
-1.68506e-09
-1.6613e-09
-1.65407e-09
-1.65406e-09
-1.6345e-09
-1.60197e-09
-1.56668e-09
-1.53797e-09
-1.51089e-09
-1.47273e-09
-1.43965e-09
-1.41524e-09
-1.40643e-09
-1.39967e-09
-1.37432e-09
-1.34282e-09
-1.31105e-09
-1.29926e-09
-1.28561e-09
-1.26455e-09
-1.23944e-09
-1.20113e-09
-1.17137e-09
-1.14479e-09
-1.09804e-09
-1.04457e-09
-9.84064e-10
-9.42327e-10
-8.94006e-10
-8.38807e-10
-8.00472e-10
-7.72941e-10
-7.43868e-10
-7.15678e-10
-6.82221e-10
-6.58301e-10
-6.23824e-10
-5.88766e-10
-5.51412e-10
-5.22401e-10
-4.73924e-10
-4.15069e-10
-3.65928e-10
-3.2436e-10
-2.78786e-10
-2.27409e-10
-1.64945e-10
-1.17528e-10
-6.55598e-11
-1.50153e-11
1.86756e-11
6.39188e-11
9.84904e-11
1.3334e-10
1.60216e-10
1.9683e-10
2.21762e-10
2.52484e-10
2.82397e-10
2.98747e-10
3.17237e-10
3.32584e-10
3.50927e-10
3.62288e-10
3.71083e-10
3.85286e-10
3.98278e-10
4.13354e-10
4.19974e-10
4.06778e-10
4.04754e-10
3.94258e-10
3.98254e-10
4.13735e-10
4.0804e-10
4.09699e-10
4.19721e-10
4.40791e-10
4.41391e-10
4.30492e-10
4.19611e-10
4.34526e-10
4.59558e-10
4.75889e-10
4.86651e-10
5.01253e-10
5.07226e-10
5.26522e-10
5.10238e-10
4.87494e-10
4.95172e-10
4.89232e-10
4.83222e-10
4.60356e-10
4.38447e-10
4.2269e-10
3.77027e-10
3.52037e-10
3.19187e-10
2.92626e-10
2.85318e-10
2.62343e-10
2.58168e-10
2.39005e-10
2.29262e-10
2.49223e-10
2.36261e-10
2.37812e-10
2.48802e-10
2.53416e-10
2.78117e-10
2.93061e-10
2.91978e-10
2.85489e-10
2.66317e-10
2.78099e-10
2.74256e-10
2.90952e-10
2.83338e-10
2.68883e-10
2.86058e-10
2.78242e-10
2.65297e-10
2.49453e-10
2.42436e-10
2.46172e-10
2.36015e-10
2.45567e-10
2.32047e-10
2.21228e-10
2.33403e-10
2.34932e-10
2.4454e-10
2.42579e-10
2.45312e-10
2.50292e-10
2.70933e-10
2.66875e-10
2.67572e-10
2.83407e-10
2.982e-10
3.00076e-10
2.91857e-10
2.82808e-10
2.83216e-10
2.86811e-10
2.89668e-10
2.82912e-10
2.89921e-10
2.98603e-10
3.08962e-10
3.07336e-10
2.99405e-10
2.89548e-10
2.65633e-10
2.32396e-10
2.09468e-10
2.07396e-10
1.9228e-10
1.9598e-10
1.90915e-10
1.7929e-10
1.60924e-10
1.43868e-10
1.32763e-10
1.27015e-10
1.04076e-10
8.98677e-11
7.11357e-11
6.99073e-11
7.9195e-11
5.03931e-11
1.80061e-11
-1.98775e-09
-1.99325e-09
-1.96668e-09
-1.95147e-09
-1.93078e-09
-1.8927e-09
-1.87845e-09
-1.86644e-09
-1.84353e-09
-1.8221e-09
-1.79398e-09
-1.75477e-09
-1.74826e-09
-1.7566e-09
-1.75218e-09
-1.73738e-09
-1.72576e-09
-1.72146e-09
-1.7258e-09
-1.72527e-09
-1.73405e-09
-1.73608e-09
-1.72425e-09
-1.70036e-09
-1.71181e-09
-1.71844e-09
-1.70676e-09
-1.68147e-09
-1.65975e-09
-1.66512e-09
-1.65715e-09
-1.62524e-09
-1.58493e-09
-1.55209e-09
-1.52321e-09
-1.48233e-09
-1.4476e-09
-1.42677e-09
-1.4068e-09
-1.39815e-09
-1.38394e-09
-1.36472e-09
-1.33894e-09
-1.30862e-09
-1.29007e-09
-1.28566e-09
-1.26574e-09
-1.24252e-09
-1.2076e-09
-1.17019e-09
-1.14155e-09
-1.09459e-09
-1.05312e-09
-9.95871e-10
-9.48734e-10
-9.03853e-10
-8.52419e-10
-8.18298e-10
-7.86829e-10
-7.44495e-10
-7.23098e-10
-7.10885e-10
-6.77099e-10
-6.34366e-10
-5.95633e-10
-5.57303e-10
-5.20084e-10
-4.78506e-10
-4.33658e-10
-3.75138e-10
-3.25783e-10
-2.67497e-10
-2.1458e-10
-1.61362e-10
-1.14813e-10
-6.6252e-11
-1.66431e-11
2.6024e-11
7.51348e-11
1.17674e-10
1.50141e-10
1.6705e-10
1.99013e-10
2.27861e-10
2.53353e-10
2.78677e-10
2.93001e-10
3.07103e-10
3.3553e-10
3.4923e-10
3.57551e-10
3.63326e-10
3.91968e-10
4.06004e-10
4.20049e-10
4.30256e-10
4.11812e-10
4.04469e-10
4.06557e-10
4.09173e-10
4.12349e-10
4.06674e-10
4.11643e-10
4.34037e-10
4.52877e-10
4.5294e-10
4.39669e-10
4.24235e-10
4.41618e-10
4.63229e-10
4.71024e-10
4.91579e-10
5.06498e-10
4.99936e-10
5.08869e-10
5.04842e-10
4.8349e-10
4.84115e-10
4.93073e-10
4.68931e-10
4.46916e-10
4.35975e-10
4.09634e-10
3.77523e-10
3.43571e-10
3.18269e-10
2.99729e-10
2.90554e-10
2.70806e-10
2.4966e-10
2.31425e-10
2.36907e-10
2.50644e-10
2.43333e-10
2.39103e-10
2.51094e-10
2.73937e-10
2.89137e-10
2.96934e-10
2.83659e-10
2.81302e-10
2.79242e-10
2.7474e-10
2.75973e-10
2.85387e-10
2.97685e-10
2.94712e-10
2.88687e-10
2.76803e-10
2.67579e-10
2.68371e-10
2.50083e-10
2.34846e-10
2.37503e-10
2.3382e-10
2.2698e-10
2.17613e-10
2.21386e-10
2.31427e-10
2.271e-10
2.30345e-10
2.44274e-10
2.57292e-10
2.63503e-10
2.63079e-10
2.60827e-10
2.74534e-10
2.92974e-10
3.00415e-10
2.96828e-10
2.9656e-10
2.93932e-10
2.88684e-10
2.8618e-10
2.82378e-10
2.85152e-10
2.88027e-10
2.96054e-10
2.99607e-10
2.94621e-10
2.853e-10
2.67918e-10
2.4241e-10
2.10762e-10
2.06863e-10
2.07535e-10
2.00222e-10
1.874e-10
1.81371e-10
1.57511e-10
1.413e-10
1.29209e-10
1.28503e-10
1.07495e-10
9.44851e-11
8.60341e-11
7.31286e-11
7.06634e-11
5.52868e-11
1.85091e-11
-1.98224e-09
-1.99158e-09
-1.96188e-09
-1.94838e-09
-1.92785e-09
-1.89593e-09
-1.88228e-09
-1.87738e-09
-1.85065e-09
-1.82547e-09
-1.80241e-09
-1.77201e-09
-1.75812e-09
-1.76254e-09
-1.75717e-09
-1.7321e-09
-1.72996e-09
-1.75438e-09
-1.73955e-09
-1.72805e-09
-1.73819e-09
-1.74109e-09
-1.72952e-09
-1.71957e-09
-1.72781e-09
-1.72044e-09
-1.71459e-09
-1.68858e-09
-1.66175e-09
-1.66309e-09
-1.6459e-09
-1.61226e-09
-1.56563e-09
-1.51849e-09
-1.50121e-09
-1.46912e-09
-1.43182e-09
-1.41338e-09
-1.39709e-09
-1.40243e-09
-1.38908e-09
-1.35942e-09
-1.33018e-09
-1.30794e-09
-1.29021e-09
-1.27086e-09
-1.26214e-09
-1.2438e-09
-1.21965e-09
-1.17638e-09
-1.15014e-09
-1.11686e-09
-1.05936e-09
-1.00344e-09
-9.41049e-10
-9.02011e-10
-8.68766e-10
-8.29909e-10
-7.93357e-10
-7.50388e-10
-7.23493e-10
-7.06653e-10
-6.80806e-10
-6.39037e-10
-5.91925e-10
-5.46026e-10
-5.03009e-10
-4.71564e-10
-4.30156e-10
-3.75944e-10
-3.15392e-10
-2.61727e-10
-2.14281e-10
-1.6614e-10
-1.34248e-10
-8.43696e-11
-2.9071e-11
1.71338e-11
6.97713e-11
1.129e-10
1.50674e-10
1.79134e-10
1.97762e-10
2.13217e-10
2.51119e-10
2.7511e-10
2.85333e-10
3.02901e-10
3.24415e-10
3.46147e-10
3.61526e-10
3.72436e-10
3.90709e-10
4.14992e-10
4.2749e-10
4.27505e-10
4.17084e-10
4.18342e-10
4.05903e-10
4.08946e-10
4.12197e-10
4.22132e-10
4.30561e-10
4.52243e-10
4.64454e-10
4.54895e-10
4.52225e-10
4.4214e-10
4.43647e-10
4.60689e-10
4.76897e-10
4.89866e-10
4.89714e-10
4.94689e-10
4.97905e-10
4.93232e-10
4.81238e-10
4.72339e-10
4.78738e-10
4.62235e-10
4.47798e-10
4.35759e-10
3.95774e-10
3.72676e-10
3.40097e-10
3.1128e-10
2.94293e-10
2.84379e-10
2.71287e-10
2.47271e-10
2.22951e-10
2.27944e-10
2.42078e-10
2.4075e-10
2.45576e-10
2.63064e-10
2.88309e-10
2.99038e-10
2.96308e-10
2.93885e-10
2.84769e-10
2.79566e-10
2.73152e-10
2.76162e-10
2.97744e-10
3.0815e-10
3.08808e-10
2.97661e-10
2.79821e-10
2.73769e-10
2.71577e-10
2.50671e-10
2.32885e-10
2.35056e-10
2.40963e-10
2.2599e-10
2.2264e-10
2.23366e-10
2.29261e-10
2.24592e-10
2.28235e-10
2.42891e-10
2.49996e-10
2.5208e-10
2.5857e-10
2.56045e-10
2.7165e-10
2.9022e-10
2.99023e-10
3.06368e-10
3.03792e-10
2.98835e-10
2.84878e-10
2.71646e-10
2.73048e-10
2.73677e-10
2.82457e-10
2.8734e-10
2.93055e-10
2.84111e-10
2.71904e-10
2.67185e-10
2.4892e-10
2.26827e-10
2.12439e-10
2.0978e-10
2.09991e-10
1.9749e-10
1.88187e-10
1.6973e-10
1.51218e-10
1.41573e-10
1.27577e-10
1.1888e-10
1.09334e-10
9.13323e-11
8.27267e-11
7.36216e-11
4.84734e-11
1.85672e-11
-1.96661e-09
-1.98789e-09
-1.95608e-09
-1.92934e-09
-1.93113e-09
-1.90369e-09
-1.8964e-09
-1.88653e-09
-1.86424e-09
-1.83128e-09
-1.81242e-09
-1.78441e-09
-1.75733e-09
-1.7611e-09
-1.76573e-09
-1.74503e-09
-1.74806e-09
-1.765e-09
-1.75141e-09
-1.7458e-09
-1.75185e-09
-1.74852e-09
-1.73919e-09
-1.72563e-09
-1.72811e-09
-1.71867e-09
-1.70856e-09
-1.69506e-09
-1.66397e-09
-1.64711e-09
-1.63084e-09
-1.59465e-09
-1.55574e-09
-1.50934e-09
-1.4972e-09
-1.45637e-09
-1.42262e-09
-1.40245e-09
-1.38788e-09
-1.38922e-09
-1.37914e-09
-1.35413e-09
-1.32635e-09
-1.3061e-09
-1.28642e-09
-1.26076e-09
-1.25425e-09
-1.24441e-09
-1.20989e-09
-1.16766e-09
-1.1354e-09
-1.10821e-09
-1.05523e-09
-1.00371e-09
-9.5388e-10
-9.07965e-10
-8.72222e-10
-8.26033e-10
-7.92977e-10
-7.5845e-10
-7.36636e-10
-7.19378e-10
-6.82834e-10
-6.4342e-10
-6.00754e-10
-5.41513e-10
-5.00857e-10
-4.66273e-10
-4.21633e-10
-3.81058e-10
-3.17266e-10
-2.59881e-10
-2.16605e-10
-1.79753e-10
-1.39179e-10
-8.65728e-11
-3.49096e-11
1.32844e-11
6.36918e-11
1.13507e-10
1.61369e-10
1.812e-10
2.06618e-10
2.0851e-10
2.36403e-10
2.71619e-10
2.82859e-10
3.02738e-10
3.16694e-10
3.3892e-10
3.69438e-10
3.856e-10
3.90084e-10
4.15349e-10
4.22817e-10
4.21662e-10
4.27701e-10
4.27114e-10
4.1976e-10
4.2152e-10
4.21673e-10
4.35783e-10
4.51908e-10
4.70115e-10
4.66822e-10
4.5713e-10
4.48885e-10
4.57425e-10
4.63791e-10
4.69088e-10
4.70595e-10
4.69292e-10
4.70113e-10
4.78592e-10
4.89891e-10
4.8948e-10
4.8067e-10
4.72303e-10
4.71404e-10
4.57622e-10
4.4119e-10
4.20907e-10
3.80635e-10
3.48161e-10
3.25403e-10
3.05356e-10
2.87909e-10
2.81208e-10
2.71788e-10
2.4126e-10
2.21964e-10
2.25743e-10
2.29225e-10
2.40943e-10
2.49187e-10
2.67662e-10
2.92514e-10
3.05991e-10
3.01762e-10
2.94953e-10
2.8177e-10
2.74086e-10
2.74197e-10
2.94202e-10
3.10976e-10
3.19551e-10
3.22153e-10
3.08942e-10
2.83995e-10
2.68759e-10
2.65549e-10
2.53742e-10
2.41574e-10
2.35826e-10
2.37876e-10
2.31121e-10
2.33389e-10
2.27436e-10
2.30228e-10
2.30505e-10
2.31636e-10
2.40635e-10
2.46712e-10
2.43907e-10
2.54335e-10
2.53956e-10
2.65255e-10
2.83063e-10
2.89415e-10
2.96875e-10
2.89852e-10
2.86716e-10
2.75641e-10
2.74428e-10
2.81571e-10
2.70426e-10
2.73772e-10
2.80081e-10
2.78047e-10
2.7581e-10
2.62319e-10
2.59005e-10
2.51072e-10
2.42016e-10
2.3297e-10
2.15058e-10
2.20009e-10
2.04532e-10
1.90717e-10
1.67258e-10
1.45169e-10
1.38289e-10
1.31754e-10
1.21428e-10
1.17157e-10
9.83608e-11
8.80471e-11
7.00671e-11
4.81968e-11
2.3635e-11
-1.9645e-09
-1.97938e-09
-1.95646e-09
-1.93274e-09
-1.9278e-09
-1.90932e-09
-1.90272e-09
-1.8846e-09
-1.85761e-09
-1.83326e-09
-1.82163e-09
-1.80073e-09
-1.76794e-09
-1.76279e-09
-1.76665e-09
-1.76098e-09
-1.76698e-09
-1.77902e-09
-1.76056e-09
-1.75457e-09
-1.75828e-09
-1.74566e-09
-1.73659e-09
-1.72897e-09
-1.72189e-09
-1.71247e-09
-1.70786e-09
-1.68703e-09
-1.64711e-09
-1.63208e-09
-1.62241e-09
-1.59067e-09
-1.55164e-09
-1.51987e-09
-1.48428e-09
-1.43574e-09
-1.41733e-09
-1.4049e-09
-1.38064e-09
-1.37321e-09
-1.36234e-09
-1.33793e-09
-1.32246e-09
-1.30244e-09
-1.26688e-09
-1.25136e-09
-1.2531e-09
-1.24868e-09
-1.20368e-09
-1.1544e-09
-1.1438e-09
-1.09808e-09
-1.04817e-09
-9.97951e-10
-9.47236e-10
-9.15354e-10
-8.79696e-10
-8.33461e-10
-7.87723e-10
-7.71902e-10
-7.44697e-10
-7.14847e-10
-6.81131e-10
-6.43717e-10
-5.9331e-10
-5.42603e-10
-4.88358e-10
-4.59634e-10
-4.21125e-10
-3.80913e-10
-3.28414e-10
-2.76501e-10
-2.3597e-10
-1.87061e-10
-1.39727e-10
-8.27004e-11
-3.07249e-11
8.66392e-12
5.44757e-11
1.10047e-10
1.5399e-10
1.73797e-10
2.08884e-10
2.20739e-10
2.36386e-10
2.55056e-10
2.68962e-10
2.94247e-10
3.2437e-10
3.46173e-10
3.67911e-10
3.7847e-10
4.07558e-10
4.22044e-10
4.30215e-10
4.18953e-10
4.2425e-10
4.3085e-10
4.33313e-10
4.29854e-10
4.41142e-10
4.5589e-10
4.69305e-10
4.7204e-10
4.71679e-10
4.61081e-10
4.54492e-10
4.65524e-10
4.75578e-10
4.70761e-10
4.69003e-10
4.6055e-10
4.53027e-10
4.68068e-10
4.78181e-10
4.82024e-10
4.72636e-10
4.77695e-10
4.71447e-10
4.52068e-10
4.25147e-10
3.9619e-10
3.60569e-10
3.41434e-10
3.2396e-10
3.03421e-10
2.75984e-10
2.85225e-10
2.72756e-10
2.3609e-10
2.20431e-10
2.2099e-10
2.28373e-10
2.51747e-10
2.53689e-10
2.64798e-10
2.84708e-10
2.9008e-10
2.97259e-10
2.91045e-10
2.79873e-10
2.68947e-10
2.78394e-10
3.11094e-10
3.19892e-10
3.21022e-10
3.3188e-10
3.26209e-10
2.9413e-10
2.76485e-10
2.74586e-10
2.67406e-10
2.48879e-10
2.43263e-10
2.46101e-10
2.38537e-10
2.28479e-10
2.24982e-10
2.3828e-10
2.30844e-10
2.2264e-10
2.30272e-10
2.37585e-10
2.42426e-10
2.4844e-10
2.57066e-10
2.63388e-10
2.79694e-10
2.91533e-10
2.88804e-10
2.97616e-10
2.96842e-10
2.87797e-10
2.75717e-10
2.75946e-10
2.88325e-10
2.83905e-10
2.77679e-10
2.78971e-10
2.69522e-10
2.56559e-10
2.51128e-10
2.47089e-10
2.34181e-10
2.14452e-10
2.14614e-10
2.23953e-10
2.09184e-10
1.92163e-10
1.63638e-10
1.62991e-10
1.54376e-10
1.35952e-10
1.25688e-10
1.16979e-10
1.00604e-10
8.86759e-11
6.96829e-11
4.38377e-11
1.25464e-11
-1.9631e-09
-1.97148e-09
-1.95175e-09
-1.93307e-09
-1.92811e-09
-1.91304e-09
-1.89902e-09
-1.8836e-09
-1.8644e-09
-1.85015e-09
-1.83965e-09
-1.81356e-09
-1.78389e-09
-1.77319e-09
-1.77752e-09
-1.78583e-09
-1.77272e-09
-1.7773e-09
-1.76594e-09
-1.75384e-09
-1.75723e-09
-1.74909e-09
-1.72937e-09
-1.70995e-09
-1.7136e-09
-1.70852e-09
-1.69313e-09
-1.6679e-09
-1.63682e-09
-1.62702e-09
-1.60984e-09
-1.5803e-09
-1.54582e-09
-1.50504e-09
-1.47738e-09
-1.44149e-09
-1.41684e-09
-1.39726e-09
-1.36526e-09
-1.36702e-09
-1.36294e-09
-1.33791e-09
-1.31945e-09
-1.29535e-09
-1.26926e-09
-1.25772e-09
-1.25207e-09
-1.23259e-09
-1.1994e-09
-1.15725e-09
-1.13863e-09
-1.10422e-09
-1.05636e-09
-1.00259e-09
-9.57914e-10
-9.20036e-10
-8.82143e-10
-8.3337e-10
-7.96177e-10
-7.7445e-10
-7.50377e-10
-7.21213e-10
-6.74648e-10
-6.35707e-10
-5.83373e-10
-5.38656e-10
-4.97005e-10
-4.59113e-10
-4.18368e-10
-3.76141e-10
-3.35813e-10
-2.94137e-10
-2.48328e-10
-1.91422e-10
-1.3119e-10
-6.67316e-11
-2.4365e-11
1.50243e-11
6.0056e-11
9.89945e-11
1.43202e-10
1.74703e-10
1.96603e-10
2.20139e-10
2.3746e-10
2.52719e-10
2.6869e-10
2.84783e-10
3.16876e-10
3.40915e-10
3.63378e-10
3.84176e-10
4.12713e-10
4.25139e-10
4.29021e-10
4.32515e-10
4.3489e-10
4.3373e-10
4.47167e-10
4.44524e-10
4.46353e-10
4.6156e-10
4.70602e-10
4.7251e-10
4.73526e-10
4.64938e-10
4.59453e-10
4.69323e-10
4.81429e-10
4.78385e-10
4.64237e-10
4.56696e-10
4.52661e-10
4.70857e-10
4.76632e-10
4.74752e-10
4.72313e-10
4.62633e-10
4.57221e-10
4.39209e-10
4.12476e-10
3.9179e-10
3.61851e-10
3.45414e-10
3.23489e-10
2.97058e-10
2.76014e-10
2.73338e-10
2.574e-10
2.32899e-10
2.19433e-10
2.25047e-10
2.36057e-10
2.5149e-10
2.49046e-10
2.64045e-10
2.79557e-10
2.86088e-10
2.91133e-10
2.84169e-10
2.75534e-10
2.7271e-10
2.88967e-10
3.12787e-10
3.1854e-10
3.25846e-10
3.36153e-10
3.26772e-10
3.08643e-10
2.93595e-10
2.87009e-10
2.78273e-10
2.5987e-10
2.5002e-10
2.47777e-10
2.38152e-10
2.36072e-10
2.341e-10
2.42671e-10
2.40177e-10
2.26574e-10
2.26463e-10
2.36318e-10
2.30052e-10
2.39191e-10
2.4472e-10
2.56669e-10
2.71973e-10
2.86971e-10
2.92429e-10
2.93236e-10
2.94487e-10
2.93157e-10
2.81481e-10
2.84065e-10
2.8834e-10
2.9605e-10
2.90182e-10
2.793e-10
2.72975e-10
2.60078e-10
2.5069e-10
2.39146e-10
2.2367e-10
2.09061e-10
2.06865e-10
2.08361e-10
2.02931e-10
1.87572e-10
1.71579e-10
1.70421e-10
1.57304e-10
1.46094e-10
1.30605e-10
1.16547e-10
1.01867e-10
8.47264e-11
6.48955e-11
3.64435e-11
1.58528e-11
-1.95255e-09
-1.9679e-09
-1.96113e-09
-1.9488e-09
-1.93611e-09
-1.91099e-09
-1.89579e-09
-1.89853e-09
-1.87119e-09
-1.85106e-09
-1.83946e-09
-1.81277e-09
-1.78523e-09
-1.78051e-09
-1.78225e-09
-1.78507e-09
-1.77653e-09
-1.78366e-09
-1.78095e-09
-1.768e-09
-1.7622e-09
-1.74699e-09
-1.73249e-09
-1.72958e-09
-1.70955e-09
-1.70039e-09
-1.67279e-09
-1.64306e-09
-1.62189e-09
-1.61675e-09
-1.5982e-09
-1.57043e-09
-1.52968e-09
-1.49352e-09
-1.47097e-09
-1.43883e-09
-1.41022e-09
-1.37597e-09
-1.35401e-09
-1.37152e-09
-1.36252e-09
-1.34085e-09
-1.32108e-09
-1.2921e-09
-1.27466e-09
-1.26411e-09
-1.25368e-09
-1.23639e-09
-1.19774e-09
-1.16115e-09
-1.15311e-09
-1.10632e-09
-1.05283e-09
-1.0048e-09
-9.5215e-10
-9.22073e-10
-8.9589e-10
-8.40013e-10
-7.97153e-10
-7.7606e-10
-7.47246e-10
-7.12941e-10
-6.64748e-10
-6.24169e-10
-5.76794e-10
-5.37245e-10
-4.97503e-10
-4.47992e-10
-4.13242e-10
-3.75554e-10
-3.41477e-10
-3.13211e-10
-2.5198e-10
-1.91792e-10
-1.21908e-10
-5.03029e-11
-1.66837e-11
1.71038e-11
6.42129e-11
1.042e-10
1.38094e-10
1.62369e-10
1.89708e-10
2.06383e-10
2.19926e-10
2.4538e-10
2.64532e-10
2.83e-10
3.27274e-10
3.5041e-10
3.64662e-10
3.79276e-10
4.13252e-10
4.31589e-10
4.27978e-10
4.40286e-10
4.44776e-10
4.37132e-10
4.48669e-10
4.41348e-10
4.38056e-10
4.54788e-10
4.62225e-10
4.65052e-10
4.62251e-10
4.73264e-10
4.67838e-10
4.68018e-10
4.67249e-10
4.73821e-10
4.71119e-10
4.47125e-10
4.44454e-10
4.66568e-10
4.71232e-10
4.65387e-10
4.5946e-10
4.44682e-10
4.37424e-10
4.23122e-10
3.99345e-10
3.86222e-10
3.70433e-10
3.47199e-10
3.24706e-10
2.9265e-10
2.64429e-10
2.66082e-10
2.64085e-10
2.45244e-10
2.25182e-10
2.28004e-10
2.41578e-10
2.56509e-10
2.54024e-10
2.61506e-10
2.66128e-10
2.7168e-10
2.70219e-10
2.73079e-10
2.72328e-10
2.60319e-10
2.81956e-10
3.13432e-10
3.10825e-10
3.11987e-10
3.27163e-10
3.23772e-10
3.13821e-10
3.15598e-10
3.03861e-10
2.79191e-10
2.56805e-10
2.53894e-10
2.51824e-10
2.45257e-10
2.37737e-10
2.31749e-10
2.41719e-10
2.41535e-10
2.3239e-10
2.28836e-10
2.264e-10
2.27712e-10
2.30611e-10
2.4399e-10
2.59533e-10
2.73571e-10
2.86166e-10
2.90051e-10
2.90206e-10
2.90848e-10
2.96376e-10
2.86773e-10
2.93661e-10
3.04387e-10
3.00072e-10
2.95399e-10
2.77462e-10
2.68665e-10
2.52843e-10
2.48754e-10
2.41087e-10
2.24589e-10
2.13789e-10
2.0527e-10
1.98188e-10
1.93163e-10
1.79623e-10
1.76551e-10
1.75803e-10
1.60493e-10
1.54016e-10
1.4243e-10
1.31095e-10
1.06964e-10
8.57554e-11
5.65006e-11
3.12492e-11
6.64792e-12
-1.9508e-09
-1.96172e-09
-1.96646e-09
-1.94513e-09
-1.93601e-09
-1.91444e-09
-1.90538e-09
-1.88848e-09
-1.87565e-09
-1.86668e-09
-1.83815e-09
-1.81074e-09
-1.79132e-09
-1.78082e-09
-1.7896e-09
-1.78992e-09
-1.78135e-09
-1.77515e-09
-1.76996e-09
-1.76502e-09
-1.76882e-09
-1.75383e-09
-1.73985e-09
-1.73297e-09
-1.70857e-09
-1.69196e-09
-1.66697e-09
-1.6328e-09
-1.60411e-09
-1.59155e-09
-1.58155e-09
-1.55598e-09
-1.52526e-09
-1.49076e-09
-1.45697e-09
-1.42973e-09
-1.40372e-09
-1.36865e-09
-1.36265e-09
-1.36555e-09
-1.35809e-09
-1.34745e-09
-1.32936e-09
-1.3081e-09
-1.28913e-09
-1.27357e-09
-1.26322e-09
-1.24709e-09
-1.21356e-09
-1.17258e-09
-1.14775e-09
-1.10536e-09
-1.05061e-09
-9.98404e-10
-9.5697e-10
-9.28086e-10
-8.94067e-10
-8.50204e-10
-8.09713e-10
-7.78131e-10
-7.47382e-10
-7.23587e-10
-6.60378e-10
-6.09916e-10
-5.66539e-10
-5.24321e-10
-4.8906e-10
-4.49741e-10
-4.13856e-10
-3.84257e-10
-3.44449e-10
-3.15465e-10
-2.47665e-10
-1.82462e-10
-1.17413e-10
-4.88587e-11
-1.90363e-11
2.54291e-11
6.7065e-11
1.00004e-10
1.31528e-10
1.60277e-10
1.87984e-10
1.90366e-10
2.05189e-10
2.33731e-10
2.57177e-10
2.92711e-10
3.16888e-10
3.51512e-10
3.70878e-10
3.8338e-10
4.08263e-10
4.19211e-10
4.34669e-10
4.54935e-10
4.49043e-10
4.45551e-10
4.48161e-10
4.44316e-10
4.38853e-10
4.45143e-10
4.49169e-10
4.42414e-10
4.48859e-10
4.58592e-10
4.64959e-10
4.73569e-10
4.6647e-10
4.83666e-10
4.86054e-10
4.63259e-10
4.57703e-10
4.70338e-10
4.74976e-10
4.53858e-10
4.41982e-10
4.31525e-10
4.39261e-10
4.32598e-10
4.00231e-10
3.89199e-10
3.68791e-10
3.42592e-10
3.3033e-10
2.90214e-10
2.71597e-10
2.66254e-10
2.54827e-10
2.5863e-10
2.54143e-10
2.43724e-10
2.33215e-10
2.52007e-10
2.65951e-10
2.4826e-10
2.49997e-10
2.50512e-10
2.59724e-10
2.74381e-10
2.74463e-10
2.58055e-10
2.63945e-10
2.8387e-10
2.97049e-10
3.00807e-10
3.19239e-10
3.34856e-10
3.31449e-10
3.25123e-10
3.06997e-10
2.91226e-10
2.69781e-10
2.57229e-10
2.63964e-10
2.56688e-10
2.43337e-10
2.34472e-10
2.38869e-10
2.40313e-10
2.24226e-10
2.17381e-10
2.17254e-10
2.26168e-10
2.22223e-10
2.4306e-10
2.634e-10
2.75357e-10
2.86706e-10
2.92e-10
2.88561e-10
2.99293e-10
3.07052e-10
2.99878e-10
3.00693e-10
2.98241e-10
2.99854e-10
3.03045e-10
2.74393e-10
2.61544e-10
2.47945e-10
2.53221e-10
2.4719e-10
2.28493e-10
2.18389e-10
2.04562e-10
1.99992e-10
1.89112e-10
1.79774e-10
1.76508e-10
1.80475e-10
1.6115e-10
1.45141e-10
1.3025e-10
1.21956e-10
9.10157e-11
7.21114e-11
5.18647e-11
3.85567e-11
1.34502e-11
-1.94536e-09
-1.9779e-09
-1.98036e-09
-1.94732e-09
-1.93248e-09
-1.91707e-09
-1.90751e-09
-1.88593e-09
-1.88935e-09
-1.86332e-09
-1.82988e-09
-1.80962e-09
-1.79359e-09
-1.79007e-09
-1.79411e-09
-1.78705e-09
-1.78658e-09
-1.77923e-09
-1.76796e-09
-1.75998e-09
-1.75739e-09
-1.74577e-09
-1.73613e-09
-1.71561e-09
-1.69254e-09
-1.6968e-09
-1.67125e-09
-1.63123e-09
-1.59108e-09
-1.56544e-09
-1.56957e-09
-1.55226e-09
-1.50991e-09
-1.47629e-09
-1.46253e-09
-1.44309e-09
-1.42032e-09
-1.38973e-09
-1.36671e-09
-1.37672e-09
-1.36913e-09
-1.34945e-09
-1.34251e-09
-1.3314e-09
-1.30069e-09
-1.28281e-09
-1.25995e-09
-1.2345e-09
-1.20327e-09
-1.1692e-09
-1.14662e-09
-1.10294e-09
-1.05403e-09
-1.00502e-09
-9.55506e-10
-9.23502e-10
-8.85036e-10
-8.53369e-10
-8.13379e-10
-7.78744e-10
-7.34763e-10
-6.97363e-10
-6.56415e-10
-6.04931e-10
-5.65534e-10
-5.2971e-10
-4.81973e-10
-4.45326e-10
-4.04351e-10
-3.8015e-10
-3.40987e-10
-3.00724e-10
-2.438e-10
-1.78185e-10
-1.17441e-10
-4.82931e-11
-8.65679e-12
2.46647e-11
7.19042e-11
1.03379e-10
1.32867e-10
1.55121e-10
1.73924e-10
1.88308e-10
2.04348e-10
2.30239e-10
2.46821e-10
2.78107e-10
3.06314e-10
3.4187e-10
3.62534e-10
3.71044e-10
3.98457e-10
4.11001e-10
4.34066e-10
4.50925e-10
4.52727e-10
4.54667e-10
4.5593e-10
4.49856e-10
4.38451e-10
4.42891e-10
4.41612e-10
4.29376e-10
4.34212e-10
4.42984e-10
4.59369e-10
4.78408e-10
4.80535e-10
4.7988e-10
4.71208e-10
4.69855e-10
4.63172e-10
4.72367e-10
4.69379e-10
4.51517e-10
4.41058e-10
4.37942e-10
4.45167e-10
4.27924e-10
4.0213e-10
3.81072e-10
3.62265e-10
3.46394e-10
3.23472e-10
2.85248e-10
2.71359e-10
2.68072e-10
2.61669e-10
2.66378e-10
2.49515e-10
2.46258e-10
2.44848e-10
2.53034e-10
2.52931e-10
2.43307e-10
2.45298e-10
2.44652e-10
2.49296e-10
2.66501e-10
2.67912e-10
2.53914e-10
2.70271e-10
2.7822e-10
2.9155e-10
2.9282e-10
3.06146e-10
3.30746e-10
3.29709e-10
3.17341e-10
2.96135e-10
2.7963e-10
2.76766e-10
2.75828e-10
2.70273e-10
2.54878e-10
2.46763e-10
2.45547e-10
2.42988e-10
2.40814e-10
2.27295e-10
2.1785e-10
2.18341e-10
2.17196e-10
2.26423e-10
2.40189e-10
2.58406e-10
2.79013e-10
2.89855e-10
2.99321e-10
2.899e-10
2.9968e-10
3.09912e-10
2.95098e-10
2.88286e-10
2.83976e-10
2.90727e-10
2.95646e-10
2.78712e-10
2.67825e-10
2.44298e-10
2.42827e-10
2.40235e-10
2.2581e-10
2.10616e-10
1.95556e-10
1.93123e-10
1.93119e-10
1.92283e-10
1.8664e-10
1.60969e-10
1.47324e-10
1.33806e-10
1.25253e-10
1.14175e-10
8.29812e-11
5.87893e-11
4.65399e-11
2.40945e-11
6.25387e-12
-1.95734e-09
-1.97923e-09
-1.97139e-09
-1.94992e-09
-1.94189e-09
-1.92134e-09
-1.90047e-09
-1.86767e-09
-1.86692e-09
-1.8562e-09
-1.83445e-09
-1.81183e-09
-1.79546e-09
-1.79149e-09
-1.78752e-09
-1.78051e-09
-1.78046e-09
-1.7716e-09
-1.75761e-09
-1.75843e-09
-1.74505e-09
-1.73214e-09
-1.73238e-09
-1.72254e-09
-1.68873e-09
-1.67843e-09
-1.66326e-09
-1.62801e-09
-1.58658e-09
-1.5613e-09
-1.56814e-09
-1.54506e-09
-1.51549e-09
-1.48478e-09
-1.47096e-09
-1.45788e-09
-1.44429e-09
-1.42e-09
-1.3917e-09
-1.38137e-09
-1.36523e-09
-1.35968e-09
-1.35414e-09
-1.33902e-09
-1.30486e-09
-1.28153e-09
-1.25656e-09
-1.2315e-09
-1.19989e-09
-1.17563e-09
-1.13898e-09
-1.1038e-09
-1.0657e-09
-1.01559e-09
-9.67032e-10
-9.29096e-10
-8.91383e-10
-8.57393e-10
-8.15981e-10
-7.74266e-10
-7.25697e-10
-6.79265e-10
-6.47037e-10
-6.04944e-10
-5.60466e-10
-5.17472e-10
-4.65051e-10
-4.42699e-10
-4.10459e-10
-3.74493e-10
-3.22052e-10
-2.83236e-10
-2.29877e-10
-1.7467e-10
-1.1003e-10
-4.14064e-11
-6.95108e-13
2.54384e-11
6.21105e-11
1.01206e-10
1.23514e-10
1.4382e-10
1.70472e-10
1.92038e-10
1.97921e-10
2.1491e-10
2.50147e-10
2.71174e-10
3.05846e-10
3.37828e-10
3.4953e-10
3.58332e-10
3.90634e-10
4.18628e-10
4.33512e-10
4.4149e-10
4.46493e-10
4.51199e-10
4.58413e-10
4.51108e-10
4.39781e-10
4.41459e-10
4.45083e-10
4.41136e-10
4.28849e-10
4.35029e-10
4.45153e-10
4.70275e-10
4.89463e-10
4.83647e-10
4.82586e-10
4.79361e-10
4.73723e-10
4.81454e-10
4.622e-10
4.38307e-10
4.33397e-10
4.29329e-10
4.39479e-10
4.23894e-10
4.03112e-10
3.90037e-10
3.60153e-10
3.38957e-10
3.25754e-10
2.98494e-10
2.71153e-10
2.75536e-10
2.67165e-10
2.52021e-10
2.49858e-10
2.52521e-10
2.50295e-10
2.62222e-10
2.53696e-10
2.52092e-10
2.45389e-10
2.40107e-10
2.42289e-10
2.53592e-10
2.59701e-10
2.61645e-10
2.71948e-10
2.79665e-10
2.8657e-10
2.84439e-10
3.06514e-10
3.31157e-10
3.18271e-10
3.04443e-10
2.91524e-10
2.77058e-10
2.78882e-10
2.83752e-10
2.68043e-10
2.57073e-10
2.48129e-10
2.45599e-10
2.54115e-10
2.47639e-10
2.42545e-10
2.32787e-10
2.17384e-10
2.1227e-10
2.16253e-10
2.42571e-10
2.63476e-10
2.76844e-10
2.92271e-10
2.97855e-10
2.96911e-10
2.96728e-10
3.06881e-10
2.92916e-10
2.85695e-10
2.78703e-10
2.88248e-10
3.05197e-10
2.83743e-10
2.65227e-10
2.54517e-10
2.50027e-10
2.42357e-10
2.2374e-10
2.14468e-10
2.12151e-10
2.05191e-10
1.88516e-10
1.99281e-10
1.85841e-10
1.53485e-10
1.34613e-10
1.15665e-10
1.09178e-10
8.32513e-11
5.38859e-11
3.60222e-11
2.40657e-11
1.19295e-11
4.07937e-12
-1.94673e-09
-1.97311e-09
-1.96321e-09
-1.94564e-09
-1.94145e-09
-1.93244e-09
-1.9101e-09
-1.87039e-09
-1.84816e-09
-1.84563e-09
-1.83758e-09
-1.80609e-09
-1.79243e-09
-1.78304e-09
-1.76772e-09
-1.77117e-09
-1.76761e-09
-1.75756e-09
-1.74488e-09
-1.73083e-09
-1.73633e-09
-1.73102e-09
-1.72382e-09
-1.70637e-09
-1.7021e-09
-1.67619e-09
-1.65685e-09
-1.6303e-09
-1.60047e-09
-1.56373e-09
-1.56606e-09
-1.54895e-09
-1.52458e-09
-1.48901e-09
-1.47622e-09
-1.4775e-09
-1.46161e-09
-1.43699e-09
-1.40078e-09
-1.39082e-09
-1.3826e-09
-1.35964e-09
-1.36172e-09
-1.3449e-09
-1.3137e-09
-1.28873e-09
-1.25684e-09
-1.22809e-09
-1.20486e-09
-1.1659e-09
-1.12984e-09
-1.09938e-09
-1.07093e-09
-1.03252e-09
-9.70786e-10
-9.21996e-10
-8.81738e-10
-8.58714e-10
-8.21007e-10
-7.63553e-10
-7.11921e-10
-6.68238e-10
-6.38344e-10
-6.04487e-10
-5.47501e-10
-5.06549e-10
-4.70544e-10
-4.39961e-10
-4.06072e-10
-3.62664e-10
-3.16736e-10
-2.65114e-10
-2.11446e-10
-1.6655e-10
-9.24405e-11
-4.3968e-11
-7.27684e-12
1.46905e-11
4.48721e-11
9.50325e-11
1.21061e-10
1.46945e-10
1.73635e-10
1.88784e-10
1.97143e-10
2.12191e-10
2.28071e-10
2.638e-10
2.98161e-10
3.25008e-10
3.31236e-10
3.60445e-10
3.90842e-10
4.13927e-10
4.28962e-10
4.31315e-10
4.30869e-10
4.4385e-10
4.6214e-10
4.4522e-10
4.37421e-10
4.37949e-10
4.48492e-10
4.56434e-10
4.44693e-10
4.32502e-10
4.41862e-10
4.68138e-10
4.87699e-10
4.90021e-10
4.94215e-10
4.92086e-10
4.83641e-10
4.77524e-10
4.61606e-10
4.41787e-10
4.34516e-10
4.41825e-10
4.29205e-10
4.31369e-10
4.13051e-10
4.0015e-10
3.66664e-10
3.42674e-10
3.25708e-10
2.96304e-10
2.78641e-10
2.64174e-10
2.69424e-10
2.48413e-10
2.48496e-10
2.59109e-10
2.49122e-10
2.56657e-10
2.51593e-10
2.53907e-10
2.43783e-10
2.34072e-10
2.45466e-10
2.46907e-10
2.54624e-10
2.58709e-10
2.70793e-10
2.82113e-10
2.81703e-10
2.90926e-10
3.01751e-10
3.05938e-10
2.94485e-10
2.94624e-10
2.84754e-10
2.74056e-10
2.75565e-10
2.71551e-10
2.65599e-10
2.57038e-10
2.55566e-10
2.51547e-10
2.54971e-10
2.55114e-10
2.42934e-10
2.30082e-10
2.23764e-10
2.07012e-10
2.23502e-10
2.41954e-10
2.63081e-10
2.79122e-10
2.95286e-10
3.00093e-10
2.99479e-10
2.90076e-10
2.83055e-10
2.82351e-10
2.84074e-10
2.78243e-10
2.82838e-10
2.9027e-10
2.82226e-10
2.70986e-10
2.51134e-10
2.4654e-10
2.40498e-10
2.3253e-10
2.26025e-10
1.99787e-10
2.01302e-10
2.08462e-10
2.0729e-10
1.77193e-10
1.36716e-10
1.24203e-10
1.10745e-10
9.32638e-11
6.91842e-11
4.29353e-11
1.90395e-11
1.62932e-11
1.10042e-11
9.06427e-12
-1.95972e-09
-1.96572e-09
-1.95974e-09
-1.94556e-09
-1.93375e-09
-1.92067e-09
-1.9011e-09
-1.88e-09
-1.84314e-09
-1.82988e-09
-1.82446e-09
-1.80135e-09
-1.78116e-09
-1.77168e-09
-1.76166e-09
-1.76612e-09
-1.76477e-09
-1.74851e-09
-1.73042e-09
-1.72879e-09
-1.72667e-09
-1.72926e-09
-1.72314e-09
-1.70307e-09
-1.68465e-09
-1.67211e-09
-1.66502e-09
-1.63958e-09
-1.60352e-09
-1.56868e-09
-1.56946e-09
-1.56503e-09
-1.53249e-09
-1.49269e-09
-1.47963e-09
-1.46632e-09
-1.47852e-09
-1.44938e-09
-1.40911e-09
-1.40326e-09
-1.37597e-09
-1.3626e-09
-1.35854e-09
-1.33921e-09
-1.31651e-09
-1.29292e-09
-1.26668e-09
-1.24624e-09
-1.20743e-09
-1.16577e-09
-1.1298e-09
-1.1047e-09
-1.06735e-09
-1.02839e-09
-9.74265e-10
-9.2579e-10
-8.86972e-10
-8.49811e-10
-7.99801e-10
-7.53968e-10
-6.99528e-10
-6.62172e-10
-6.24454e-10
-5.84939e-10
-5.46999e-10
-5.05749e-10
-4.71963e-10
-4.2683e-10
-3.94865e-10
-3.58788e-10
-3.04969e-10
-2.43059e-10
-1.86006e-10
-1.37237e-10
-8.16609e-11
-4.05046e-11
-2.45469e-11
7.82375e-12
4.65047e-11
7.22507e-11
1.08632e-10
1.47906e-10
1.72133e-10
1.82193e-10
1.97574e-10
2.22772e-10
2.39321e-10
2.60058e-10
2.86754e-10
3.07538e-10
3.36029e-10
3.69189e-10
3.87858e-10
4.06974e-10
4.31486e-10
4.34181e-10
4.29419e-10
4.36005e-10
4.41555e-10
4.4001e-10
4.39115e-10
4.46221e-10
4.48886e-10
4.3961e-10
4.32538e-10
4.41474e-10
4.51702e-10
4.60515e-10
4.69772e-10
4.74958e-10
4.93383e-10
5.08667e-10
4.99868e-10
4.73571e-10
4.63357e-10
4.4963e-10
4.43232e-10
4.4573e-10
4.36465e-10
4.34297e-10
4.18794e-10
4.07624e-10
3.80936e-10
3.50326e-10
3.26622e-10
2.97249e-10
2.71565e-10
2.62003e-10
2.58819e-10
2.48751e-10
2.48835e-10
2.54455e-10
2.44746e-10
2.58321e-10
2.59465e-10
2.66134e-10
2.6351e-10
2.46754e-10
2.43782e-10
2.51461e-10
2.61831e-10
2.60974e-10
2.60884e-10
2.61799e-10
2.82347e-10
2.84228e-10
2.98723e-10
3.0561e-10
2.84052e-10
2.81922e-10
2.84187e-10
2.7363e-10
2.68623e-10
2.68725e-10
2.69806e-10
2.68064e-10
2.72362e-10
2.6693e-10
2.54965e-10
2.61614e-10
2.47933e-10
2.39328e-10
2.31543e-10
2.28845e-10
2.37152e-10
2.49348e-10
2.62952e-10
2.73828e-10
2.94748e-10
3.00967e-10
2.93096e-10
2.79849e-10
2.73134e-10
2.86344e-10
2.918e-10
2.73622e-10
2.81494e-10
2.89495e-10
2.78441e-10
2.67879e-10
2.52914e-10
2.43363e-10
2.39715e-10
2.34979e-10
2.28654e-10
2.01193e-10
2.03085e-10
2.10572e-10
1.98784e-10
1.70895e-10
1.34474e-10
1.20187e-10
1.0335e-10
7.60774e-11
5.62892e-11
3.82209e-11
1.95068e-11
4.98665e-12
4.38098e-12
6.6312e-12
-1.96519e-09
-1.96423e-09
-1.94538e-09
-1.93559e-09
-1.92709e-09
-1.90491e-09
-1.88588e-09
-1.86333e-09
-1.85038e-09
-1.83481e-09
-1.8226e-09
-1.78699e-09
-1.76339e-09
-1.76074e-09
-1.75418e-09
-1.75325e-09
-1.74772e-09
-1.7362e-09
-1.73247e-09
-1.72814e-09
-1.7262e-09
-1.72571e-09
-1.7116e-09
-1.6894e-09
-1.68585e-09
-1.67577e-09
-1.66859e-09
-1.63524e-09
-1.61383e-09
-1.59596e-09
-1.57606e-09
-1.55967e-09
-1.53289e-09
-1.50293e-09
-1.48983e-09
-1.48139e-09
-1.47873e-09
-1.45352e-09
-1.41705e-09
-1.41449e-09
-1.39148e-09
-1.37087e-09
-1.35903e-09
-1.34217e-09
-1.31763e-09
-1.29486e-09
-1.27426e-09
-1.25052e-09
-1.2177e-09
-1.18099e-09
-1.13693e-09
-1.10317e-09
-1.07006e-09
-1.02901e-09
-9.78189e-10
-9.16504e-10
-8.86528e-10
-8.47364e-10
-7.90516e-10
-7.38599e-10
-6.86951e-10
-6.49541e-10
-6.2107e-10
-5.78808e-10
-5.43712e-10
-5.04561e-10
-4.57813e-10
-4.17801e-10
-3.75913e-10
-3.41323e-10
-2.95371e-10
-2.35179e-10
-1.8162e-10
-1.31947e-10
-8.27246e-11
-4.76773e-11
-2.62666e-11
7.91218e-12
4.43971e-11
6.11963e-11
9.40343e-11
1.32154e-10
1.64832e-10
1.78115e-10
1.95133e-10
2.18848e-10
2.44278e-10
2.68087e-10
2.86993e-10
2.99616e-10
3.24373e-10
3.62334e-10
3.81987e-10
4.00407e-10
4.19315e-10
4.1982e-10
4.19145e-10
4.31075e-10
4.37714e-10
4.26698e-10
4.41033e-10
4.51499e-10
4.48199e-10
4.39986e-10
4.38426e-10
4.4896e-10
4.54166e-10
4.58554e-10
4.65135e-10
4.68408e-10
4.90251e-10
5.12303e-10
5.11967e-10
4.85615e-10
4.71224e-10
4.66362e-10
4.55567e-10
4.50032e-10
4.39302e-10
4.36061e-10
4.3057e-10
4.20107e-10
3.85782e-10
3.56431e-10
3.2617e-10
3.06338e-10
2.86442e-10
2.70892e-10
2.6643e-10
2.56456e-10
2.46882e-10
2.46841e-10
2.48877e-10
2.51344e-10
2.54607e-10
2.59929e-10
2.71908e-10
2.68428e-10
2.51022e-10
2.62819e-10
2.73962e-10
2.67921e-10
2.60275e-10
2.48732e-10
2.61464e-10
2.83867e-10
2.84729e-10
2.84409e-10
2.87719e-10
2.79686e-10
2.79194e-10
2.6366e-10
2.47659e-10
2.59714e-10
2.68514e-10
2.67245e-10
2.58055e-10
2.49787e-10
2.52662e-10
2.59016e-10
2.51317e-10
2.44661e-10
2.47911e-10
2.45941e-10
2.42535e-10
2.53428e-10
2.60837e-10
2.6814e-10
2.85097e-10
2.90473e-10
2.85845e-10
2.74408e-10
2.72109e-10
2.77242e-10
2.74484e-10
2.76734e-10
2.84406e-10
2.88816e-10
2.75842e-10
2.6915e-10
2.63302e-10
2.44448e-10
2.34121e-10
2.3422e-10
2.24872e-10
2.11763e-10
2.09912e-10
1.99411e-10
1.82357e-10
1.58082e-10
1.3227e-10
1.1593e-10
9.68774e-11
6.82368e-11
3.81965e-11
2.73141e-11
2.01483e-11
1.6672e-11
1.08635e-11
1.013e-12
)
;

boundaryField
{
    cyclic1
    {
        type            cyclic;
    }
    cyclic2
    {
        type            cyclic;
    }
    frontAndBack
    {
        type            empty;
    }
    outlet
    {
        type            fixedValue;
        value           uniform 0;
    }
    inlet
    {
        type            zeroGradient;
    }
}


// ************************************************************************* //
