/*--------------------------------*- C++ -*----------------------------------*\
  =========                 |
  \\      /  F ield         | OpenFOAM: The Open Source CFD Toolbox
   \\    /   O peration     | Website:  https://openfoam.org
    \\  /    A nd           | Version:  6
     \\/     M anipulation  |
\*---------------------------------------------------------------------------*/
FoamFile
{
    version     2.0;
    format      ascii;
    class       volVectorField;
    location    "170";
    object      U;
}
// * * * * * * * * * * * * * * * * * * * * * * * * * * * * * * * * * * * * * //

dimensions      [0 1 -1 0 0 0 0];

internalField   nonuniform List<vector> 
4000
(
(400 5.34064e-14 0)
(400 6.27358e-14 0)
(400 5.94934e-14 0)
(400 6.26727e-14 0)
(400 6.26798e-14 0)
(400 6.15811e-14 0)
(400 6.05079e-14 0)
(400 5.41172e-14 0)
(400 6.06762e-14 0)
(400 6.09131e-14 0)
(400 7.07615e-14 0)
(400 8.33084e-14 0)
(400 6.86436e-14 0)
(400 6.08714e-14 0)
(400 7.18089e-14 0)
(400 6.42831e-14 0)
(400 4.25925e-14 0)
(400 1.51911e-14 0)
(400 7.51602e-15 0)
(400 5.26933e-15 0)
(400 4.15901e-15 0)
(400 1.12026e-14 0)
(400 1.88217e-14 0)
(400 1.39723e-14 0)
(400 1.74952e-14 0)
(400 1.73956e-14 0)
(400 2.02135e-14 0)
(400 3.44976e-14 0)
(400 4.69969e-14 0)
(400 6.05831e-14 0)
(400 5.42434e-14 0)
(400 4.27055e-14 0)
(400 3.77229e-14 0)
(400 1.86744e-14 0)
(400 1.11032e-14 0)
(400 5.96722e-15 0)
(400 -8.72334e-15 0)
(400 -2.39266e-14 0)
(400 -2.89034e-14 0)
(400 -2.7872e-14 0)
(400 -1.42577e-14 0)
(400 -1.37383e-14 0)
(400 -2.18984e-14 0)
(400 -1.236e-14 0)
(400 1.3818e-15 0)
(400 1.33243e-14 0)
(400 2.12072e-14 0)
(400 2.60612e-14 0)
(400 2.77458e-14 0)
(400 3.10165e-14 0)
(400 2.93219e-14 0)
(400 3.00461e-14 0)
(400 2.74025e-14 0)
(400 2.23475e-14 0)
(400 2.6506e-14 0)
(400 2.59591e-14 0)
(400 2.53287e-14 0)
(400 2.27522e-14 0)
(400 8.59309e-15 0)
(400 -7.77999e-15 0)
(400 -3.71953e-14 0)
(400 -6.00874e-14 0)
(400 -6.5302e-14 0)
(400 -5.88011e-14 0)
(400 -4.45447e-14 0)
(400 -1.75489e-14 0)
(400 -1.68015e-14 0)
(400 -7.63079e-15 0)
(400 1.33072e-14 0)
(400 1.26182e-14 0)
(400 1.20208e-14 0)
(400 8.80875e-15 0)
(400 -6.64516e-15 0)
(400 -3.5429e-15 0)
(400 2.0168e-15 0)
(400 -2.39902e-15 0)
(400 -7.844e-15 0)
(400 -9.01777e-15 0)
(400 -6.80319e-15 0)
(400 -1.4262e-14 0)
(400 -1.35149e-14 0)
(400 1.0957e-15 0)
(400 3.45726e-15 0)
(400 -1.17223e-14 0)
(400 -2.86545e-14 0)
(400 -3.08723e-14 0)
(400 -2.28001e-14 0)
(400 -2.52755e-14 0)
(400 -4.32087e-14 0)
(400 -4.94597e-14 0)
(400 -3.84801e-14 0)
(400 -1.22289e-14 0)
(400 8.26626e-15 0)
(400 2.16598e-14 0)
(400 3.26547e-14 0)
(400 4.39296e-14 0)
(400 2.44462e-14 0)
(400 3.43754e-14 0)
(400 4.40185e-14 0)
(400 4.3244e-14 0)
(400 5.219e-14 0)
(400 5.15636e-14 0)
(400 5.73544e-14 0)
(400 5.45846e-14 0)
(400 3.02268e-14 0)
(400 8.36343e-15 0)
(400 7.08509e-15 0)
(400 3.49688e-16 0)
(400 -1.97983e-14 0)
(400 -4.04175e-14 0)
(400 -3.84971e-14 0)
(400 -1.15194e-14 0)
(400 -4.93642e-15 0)
(400 -1.05939e-15 0)
(400 2.387e-14 0)
(400 3.80829e-14 0)
(400 4.64395e-14 0)
(400 5.11571e-14 0)
(400 6.26242e-14 0)
(400 9.46896e-14 0)
(400 1.12706e-13 0)
(400 1.26225e-13 0)
(400 1.23771e-13 0)
(400 1.15879e-13 0)
(400 1.07998e-13 0)
(400 9.47213e-14 0)
(400 7.26398e-14 0)
(400 4.85716e-14 0)
(400 2.89399e-14 0)
(400 3.41985e-14 0)
(400 3.11387e-14 0)
(400 2.35405e-14 0)
(400 1.17256e-14 0)
(400 3.79315e-15 0)
(400 2.48218e-15 0)
(400 7.89132e-15 0)
(400 1.41815e-14 0)
(400 3.27333e-14 0)
(400 2.93147e-14 0)
(400 3.04793e-14 0)
(400 2.25885e-14 0)
(400 2.45441e-14 0)
(400 4.80517e-14 0)
(400 2.80448e-14 0)
(400 7.7154e-15 0)
(400 1.72933e-14 0)
(400 2.46555e-14 0)
(400 1.18635e-14 0)
(400 3.36458e-14 0)
(400 4.43885e-14 0)
(400 4.59581e-14 0)
(400 4.63029e-14 0)
(400 3.78305e-14 0)
(400 3.62435e-14 0)
(400 2.35196e-14 0)
(400 1.0465e-14 0)
(400 -1.52811e-15 0)
(400 -6.23251e-15 0)
(400 -2.22299e-14 0)
(400 -3.49082e-14 0)
(400 -3.44006e-14 0)
(400 -1.59027e-14 0)
(400 5.72848e-16 0)
(400 2.65033e-14 0)
(400 5.82972e-14 0)
(400 9.05701e-14 0)
(400 9.37426e-14 0)
(400 8.20295e-14 0)
(400 6.15162e-14 0)
(400 4.91281e-14 0)
(400 2.86657e-14 0)
(400 2.1728e-14 0)
(400 1.76824e-14 0)
(400 2.38058e-14 0)
(400 2.51365e-14 0)
(400 2.11329e-14 0)
(400 2.19481e-14 0)
(400 4.36439e-14 0)
(400 4.41248e-14 0)
(400 1.99929e-14 0)
(400 -8.98108e-15 0)
(400 -3.38715e-15 0)
(400 -9.43399e-15 0)
(400 -1.22788e-14 0)
(400 -9.94842e-15 0)
(400 -1.16754e-15 0)
(400 7.1198e-15 0)
(400 -3.59579e-15 0)
(400 -1.01722e-14 0)
(400 1.01967e-14 0)
(400 3.16732e-14 0)
(400 1.90244e-14 0)
(400 3.64753e-15 0)
(400 6.58147e-15 0)
(400 2.65286e-14 0)
(400 4.55198e-14 0)
(400 4.4572e-14 0)
(400 4.10929e-14 0)
(400 2.17507e-14 0)
(400 -6.58396e-16 0)
(400 6.64967e-15 0)
(400 1.31464e-14 0)
(400 1.96061e-14 0)
(400 3.4999e-14 0)
(400 3.95701e-14 0)
(400 4.96289e-14 0)
(400 6.47429e-14 0)
(400 8.49504e-14 0)
(400 9.73896e-14 0)
(400 9.46492e-14 0)
(400 8.09631e-14 0)
(400 6.24493e-14 0)
(400 3.70849e-14 0)
(400 2.00684e-14 0)
(400 2.14295e-14 0)
(400 3.9609e-15 0)
(400 6.46084e-15 0)
(400 2.09482e-14 0)
(400 1.61097e-14 0)
(400 2.07492e-14 0)
(400 2.04979e-14 0)
(400 1.8807e-14 0)
(400 1.36163e-14 0)
(400 2.94079e-14 0)
(400 2.76727e-14 0)
(400 2.69047e-14 0)
(400 2.35467e-14 0)
(400 2.93206e-14 0)
(400 4.38726e-14 0)
(400 4.70493e-14 0)
(400 6.06265e-14 0)
(400 5.65374e-14 0)
(400 3.87012e-14 0)
(400 -2.79382e-15 0)
(400 -2.03288e-14 0)
(400 -1.10114e-14 0)
(400 1.05573e-14 0)
(400 9.04032e-15 0)
(400 3.56766e-15 0)
(400 1.00961e-15 0)
(400 6.72639e-15 0)
(400 2.84802e-15 0)
(400 4.23204e-15 0)
(400 1.47563e-14 0)
(400 2.58483e-14 0)
(400 4.99986e-14 0)
(400 6.37326e-14 0)
(400 5.09813e-14 0)
(400 3.91508e-14 0)
(400 3.24993e-14 0)
(400 3.97924e-14 0)
(400 3.7014e-14 0)
(400 2.58853e-14 0)
(400 2.94831e-14 0)
(400 1.76448e-14 0)
(400 1.07509e-14 0)
(400 1.3019e-14 0)
(400 7.76719e-15 0)
(400 -2.42434e-15 0)
(400 -1.64312e-14 0)
(400 -3.81541e-14 0)
(400 -5.09422e-14 0)
(400 -5.18897e-14 0)
(400 -3.71484e-14 0)
(400 -2.81876e-14 0)
(400 -1.42018e-14 0)
(400 -4.24808e-15 0)
(400 1.50928e-14 0)
(400 3.69574e-14 0)
(400 5.36696e-14 0)
(400 4.97845e-14 0)
(400 4.77093e-14 0)
(400 4.59806e-14 0)
(400 3.6458e-14 0)
(400 5.96446e-14 0)
(400 6.49707e-14 0)
(400 6.02591e-14 0)
(400 5.81501e-14 0)
(400 5.98841e-14 0)
(400 6.20727e-14 0)
(400 6.12196e-14 0)
(400 7.8011e-14 0)
(400 7.76866e-14 0)
(400 6.57402e-14 0)
(400 4.2905e-14 0)
(400 2.54886e-14 0)
(400 -2.35194e-15 0)
(400 -2.76784e-14 0)
(400 -3.57608e-14 0)
(400 -4.3205e-14 0)
(400 -5.46524e-14 0)
(400 -4.90131e-14 0)
(400 -4.69614e-14 0)
(400 -3.01163e-14 0)
(400 -3.57489e-14 0)
(400 -4.70815e-14 0)
(400 -5.04792e-14 0)
(400 -4.32401e-14 0)
(400 -2.23517e-14 0)
(400 6.3575e-15 0)
(400 1.83191e-14 0)
(400 2.36984e-14 0)
(400 2.63209e-14 0)
(400 2.97289e-14 0)
(400 1.07789e-14 0)
(400 -1.39286e-14 0)
(400 -1.94005e-14 0)
(400 -2.12318e-14 0)
(400 -1.93099e-14 0)
(400 -1.92992e-14 0)
(400 -2.39315e-14 0)
(400 -2.41127e-14 0)
(400 -1.84466e-14 0)
(400 2.29958e-14 0)
(400 3.26502e-14 0)
(400 2.36961e-14 0)
(400 5.74801e-14 0)
(400 6.50783e-14 0)
(400 6.12138e-14 0)
(400 8.54943e-14 0)
(400 9.58509e-14 0)
(400 1.11102e-13 0)
(400 1.11515e-13 0)
(400 9.97281e-14 0)
(400 1.01035e-13 0)
(400 9.37205e-14 0)
(400 7.69693e-14 0)
(400 5.94181e-14 0)
(400 5.73629e-14 0)
(400 5.7803e-14 0)
(400 4.54062e-14 0)
(400 5.33599e-14 0)
(400 4.69982e-14 0)
(400 4.3779e-14 0)
(400 5.46086e-14 0)
(400 6.98425e-14 0)
(400 6.56794e-14 0)
(400 5.85464e-14 0)
(400 4.57399e-14 0)
(400 3.22668e-14 0)
(400 4.06731e-14 0)
(400 2.40563e-14 0)
(400 1.51358e-14 0)
(400 1.72799e-14 0)
(400 1.91833e-14 0)
(400 6.89852e-15 0)
(400 -7.2096e-16 0)
(400 5.01551e-15 0)
(400 2.84446e-14 0)
(400 4.75325e-14 0)
(400 4.73328e-14 0)
(400 4.03542e-14 0)
(400 3.43416e-14 0)
(400 2.22849e-14 0)
(400 4.51226e-15 0)
(400 -9.03011e-15 0)
(400 -3.70906e-14 0)
(400 -4.27892e-14 0)
(400 -4.97844e-14 0)
(400 -5.82486e-14 0)
(400 -5.09626e-14 0)
(400 -2.39343e-14 0)
(400 3.32807e-15 0)
(400 2.52719e-14 0)
(400 3.85056e-14 0)
(400 6.01382e-14 0)
(400 7.62848e-14 0)
(400 1.00314e-13 0)
(400 1.11326e-13 0)
(400 1.03538e-13 0)
(400 1.02084e-13 0)
(400 1.03249e-13 0)
(400 9.54924e-14 0)
(400 1.06703e-13 0)
(400 9.31151e-14 0)
(400 1.0402e-13 0)
(400 1.09308e-13 0)
(400 1.13769e-13 0)
(400 1.0312e-13 0)
(400 9.93421e-14 0)
(400 9.2338e-14 0)
(400 8.84355e-14 0)
(400 6.96522e-14 0)
(400 6.444e-14 0)
(400 7.79359e-14 0)
(400 8.84819e-14 0)
(400 8.89536e-14 0)
(400 8.63016e-14 0)
(400 8.3848e-14 0)
(400 1.06396e-13 0)
(400 1.10788e-13 0)
(400 9.8739e-14 0)
(400 9.20598e-14 0)
(400 7.07267e-14 0)
(400 4.94501e-14 0)
(400 2.2341e-14 0)
(400 -5.08215e-15 0)
(400 -1.33703e-14 0)
(400 -1.15213e-14 0)
(400 -1.3189e-14 0)
(400 -1.61955e-14 0)
(400 -1.65901e-14 0)
(400 -4.07786e-15 0)
(400 1.77352e-14 0)
(400 2.58454e-14 0)
(400 3.81038e-14 0)
(400 5.59195e-14 0)
(400 7.51421e-14 0)
(400 9.00894e-14 0)
(400 8.86716e-14 0)
(400 6.07233e-14 0)
(400 3.41571e-14 0)
(400 9.28195e-15 0)
(400 5.81337e-16 0)
(400 -2.77781e-15 0)
(400 -1.11193e-14 0)
(400 -9.63752e-15 0)
(400 1.77262e-14 0)
(400 2.42895e-14 0)
(400 1.22449e-14 0)
(400 1.8118e-14 0)
(400 1.4929e-14 0)
(400 1.81012e-14 0)
(400 6.23672e-14 0)
(400 7.30846e-14 0)
(400 7.26034e-14 0)
(400 6.8957e-14 0)
(400 6.80225e-14 0)
(400 6.76993e-14 0)
(400 4.97658e-14 0)
(400 4.50065e-14 0)
(400 2.49651e-14 0)
(400 9.67312e-15 0)
(400 1.97508e-14 0)
(400 1.36594e-14 0)
(400 7.94006e-15 0)
(400 1.36687e-14 0)
(400 1.63794e-14 0)
(400 1.768e-15 0)
(400 9.96202e-15 0)
(400 2.15458e-14 0)
(400 3.7842e-14 0)
(400 4.12693e-14 0)
(400 5.67121e-14 0)
(400 6.78759e-14 0)
(400 8.50076e-14 0)
(400 8.66324e-14 0)
(400 7.68312e-14 0)
(400 6.29986e-14 0)
(400 3.90606e-14 0)
(400 4.26688e-14 0)
(400 5.19286e-14 0)
(400 4.60928e-14 0)
(400 2.8911e-14 0)
(400 8.32016e-15 0)
(400 3.52662e-15 0)
(400 -1.15642e-14 0)
(400 -2.25888e-14 0)
(400 -2.77173e-14 0)
(400 -3.00681e-14 0)
(400 -2.81412e-14 0)
(400 -2.37914e-14 0)
(400 -2.90082e-14 0)
(400 -3.79056e-14 0)
(400 -5.22247e-14 0)
(400 -7.38162e-14 0)
(400 -6.63112e-14 0)
(400 -4.94321e-14 0)
(400 -4.0611e-14 0)
(400 -2.18277e-14 0)
(400 -2.05128e-14 0)
(400 -2.28639e-14 0)
(400 -1.45856e-14 0)
(400 -1.87253e-14 0)
(400 -1.39208e-14 0)
(400 -1.5147e-14 0)
(400 -1.94818e-14 0)
(400 -2.58461e-14 0)
(400 -2.85878e-14 0)
(400 3.37633e-15 0)
(400 2.53255e-14 0)
(400 2.16747e-14 0)
(400 1.74424e-14 0)
(400 1.46745e-14 0)
(400 1.76885e-14 0)
(400 1.71895e-14 0)
(400 -7.49793e-15 0)
(400 -1.60133e-14 0)
(400 -1.51099e-14 0)
(400 -7.12763e-15 0)
(400 -7.22088e-15 0)
(400 -8.80802e-15 0)
(400 1.33177e-15 0)
(400 1.92935e-14 0)
(400 2.14186e-14 0)
(400 2.86517e-14 0)
(400 4.54482e-14 0)
(400 4.335e-14 0)
(400 4.64264e-14 0)
(400 5.17151e-14 0)
(400 5.19564e-14 0)
(400 4.35511e-14 0)
(400 4.23276e-14 0)
(400 3.37555e-14 0)
(400 1.20819e-14 0)
(400 4.43811e-15 0)
(400 1.4142e-14 0)
(400 2.5346e-14 0)
(400 2.95246e-14 0)
(400 3.86479e-14 0)
(400 3.26196e-14 0)
(400 2.8706e-14 0)
(400 5.89696e-14 0)
(400 7.8014e-14 0)
(400 7.07202e-14 0)
(400 5.04927e-14 0)
(400 5.66259e-14 0)
(400 6.26116e-14 0)
(400 5.19169e-14 0)
(400 5.15438e-14 0)
(400 6.28751e-14 0)
(400 8.07719e-14 0)
(400 6.20017e-14 0)
(400 5.04371e-14 0)
(400 3.96599e-14 0)
(400 3.05065e-14 0)
(400 2.28643e-14 0)
(400 2.42111e-14 0)
(400 2.10693e-14 0)
(400 1.58492e-14 0)
(400 4.39777e-15 0)
(400 1.03618e-14 0)
(400 2.83752e-14 0)
(400 2.88001e-14 0)
(400 4.05727e-14 0)
(400 5.23859e-14 0)
(400 5.74429e-14 0)
(400 4.8796e-14 0)
(400 3.95446e-14 0)
(400 4.58091e-14 0)
(400 6.03795e-14 0)
(400 5.10027e-14 0)
(400 2.2376e-14 0)
(400 2.26029e-14 0)
(400 4.00465e-14 0)
(400 3.37596e-14 0)
(400 1.01387e-14 0)
(400 1.84491e-15 0)
(400 8.59118e-15 0)
(400 2.39262e-14 0)
(400 3.87213e-14 0)
(400 4.96219e-14 0)
(400 3.15043e-14 0)
(400 8.74957e-15 0)
(400 3.51624e-15 0)
(400 1.48341e-14 0)
(400 1.78112e-14 0)
(400 6.03228e-15 0)
(400 -3.32131e-15 0)
(400 -6.05091e-15 0)
(400 5.42187e-15 0)
(400 8.47241e-15 0)
(400 1.31633e-14 0)
(400 1.54504e-14 0)
(400 2.78753e-14 0)
(400 2.45085e-14 0)
(400 2.9653e-14 0)
(400 4.46716e-14 0)
(400 6.25206e-14 0)
(400 6.37155e-14 0)
(400 5.87063e-14 0)
(400 4.56959e-14 0)
(400 4.01667e-14 0)
(400 3.08687e-14 0)
(400 2.13857e-14 0)
(400 3.37313e-14 0)
(400 3.31427e-14 0)
(400 2.93138e-14 0)
(400 2.66578e-14 0)
(400 2.83773e-14 0)
(400 4.12878e-14 0)
(400 2.87716e-14 0)
(400 8.54619e-15 0)
(400 9.97496e-15 0)
(400 1.9588e-14 0)
(400 2.00425e-14 0)
(400 1.7101e-14 0)
(400 3.43474e-14 0)
(400 6.26062e-14 0)
(400 8.34151e-14 0)
(400 9.21261e-14 0)
(400 9.87353e-14 0)
(400 9.66382e-14 0)
(400 8.6096e-14 0)
(400 6.5335e-14 0)
(400 3.61878e-14 0)
(400 1.43056e-14 0)
(400 1.13057e-14 0)
(400 2.75837e-14 0)
(400 3.88976e-14 0)
(400 9.2456e-17 0)
(400 5.46943e-16 0)
(400 9.38151e-15 0)
(400 3.23708e-14 0)
(400 3.78915e-14 0)
(400 3.11448e-14 0)
(400 3.60469e-14 0)
(400 4.48838e-14 0)
(400 5.34644e-14 0)
(400 5.50146e-14 0)
(400 4.47407e-14 0)
(400 3.03504e-14 0)
(400 2.31124e-14 0)
(400 1.64098e-14 0)
(400 4.07045e-15 0)
(400 -2.93079e-15 0)
(400 -9.08062e-15 0)
(400 2.04415e-15 0)
(400 1.48471e-14 0)
(400 2.75193e-14 0)
(400 2.72794e-14 0)
(400 3.38219e-14 0)
(400 3.39357e-14 0)
(400 4.55727e-14 0)
(400 6.31527e-14 0)
(400 6.71959e-14 0)
(400 6.99363e-14 0)
(400 6.22199e-14 0)
(400 4.14447e-14 0)
(400 3.07179e-14 0)
(400 3.11103e-14 0)
(400 9.57601e-15 0)
(400 1.40835e-14 0)
(400 4.03185e-14 0)
(400 3.71242e-14 0)
(400 3.40042e-14 0)
(400 1.82088e-14 0)
(400 1.24034e-14 0)
(400 4.79503e-15 0)
(400 1.94597e-15 0)
(400 3.11377e-15 0)
(400 1.86781e-14 0)
(400 3.41457e-14 0)
(400 4.31418e-14 0)
(400 5.34374e-14 0)
(400 5.41277e-14 0)
(400 5.70337e-14 0)
(400 5.61276e-14 0)
(400 4.09284e-14 0)
(400 2.33932e-14 0)
(400 1.01072e-14 0)
(400 7.05162e-15 0)
(400 1.18085e-14 0)
(400 -6.87286e-17 0)
(400 -1.5189e-14 0)
(400 -2.7875e-14 0)
(400 -3.96041e-14 0)
(400 -3.95372e-14 0)
(400 -4.03126e-14 0)
(400 -2.85959e-14 0)
(400 -2.02437e-14 0)
(400 -1.89339e-14 0)
(400 -1.37782e-14 0)
(400 -9.57087e-15 0)
(400 -9.02951e-15 0)
(400 -4.13428e-15 0)
(400 -6.69903e-15 0)
(400 -2.63939e-16 0)
(400 1.92935e-14 0)
(400 2.58668e-14 0)
(400 1.88943e-14 0)
(400 1.95362e-14 0)
(400 2.40101e-14 0)
(400 2.94614e-14 0)
(400 2.25999e-14 0)
(400 2.04752e-14 0)
(400 1.68589e-14 0)
(400 1.52002e-14 0)
(400 3.16501e-14 0)
(400 5.29157e-14 0)
(400 5.47189e-14 0)
(400 4.37593e-14 0)
(400 3.46057e-14 0)
(400 3.64361e-14 0)
(400 2.76892e-14 0)
(400 1.24958e-14 0)
(400 -9.01305e-16 0)
(400 9.79806e-15 0)
(400 1.57782e-14 0)
(400 7.28651e-15 0)
(400 4.98112e-15 0)
(400 4.49263e-15 0)
(400 1.40117e-14 0)
(400 1.8416e-14 0)
(400 2.98218e-14 0)
(400 4.81908e-14 0)
(400 5.32254e-14 0)
(400 5.24553e-14 0)
(400 3.93486e-14 0)
(400 2.20318e-14 0)
(400 4.17002e-15 0)
(400 -1.0538e-14 0)
(400 -2.57766e-14 0)
(400 -4.71439e-14 0)
(400 -5.19888e-14 0)
(400 -3.46017e-14 0)
(400 -8.80309e-15 0)
(400 1.54447e-14 0)
(400 2.57081e-14 0)
(400 2.49078e-14 0)
(400 1.88809e-14 0)
(400 3.20843e-14 0)
(400 4.93411e-14 0)
(400 4.22359e-14 0)
(400 3.48281e-14 0)
(400 5.79182e-14 0)
(400 6.5887e-14 0)
(400 6.39779e-14 0)
(400 7.60834e-14 0)
(400 6.91783e-14 0)
(400 7.33765e-14 0)
(400 7.13458e-14 0)
(400 7.32138e-14 0)
(400 6.4562e-14 0)
(400 4.07723e-14 0)
(400 4.0188e-14 0)
(400 3.18011e-14 0)
(400 5.27037e-14 0)
(400 5.42745e-14 0)
(400 4.02617e-14 0)
(400 3.29151e-14 0)
(400 3.34942e-14 0)
(400 5.14344e-14 0)
(400 6.04825e-14 0)
(400 5.27871e-14 0)
(400 5.16463e-14 0)
(400 6.10896e-14 0)
(400 6.04639e-14 0)
(400 6.64815e-14 0)
(400 7.01582e-14 0)
(400 6.08374e-14 0)
(400 4.9981e-14 0)
(400 3.16512e-14 0)
(400 2.30194e-14 0)
(400 3.93036e-14 0)
(400 1.60066e-14 0)
(400 -1.01972e-14 0)
(400 -2.26613e-14 0)
(400 -2.14804e-14 0)
(400 -2.0274e-14 0)
(400 -1.50837e-14 0)
(400 1.69188e-15 0)
(400 6.05293e-15 0)
(400 2.04182e-15 0)
(400 -2.56407e-15 0)
(400 2.83259e-15 0)
(400 2.49955e-14 0)
(400 1.24796e-14 0)
(400 1.76293e-14 0)
(400 1.17554e-14 0)
(400 7.04017e-15 0)
(400 9.01444e-16 0)
(400 -4.61922e-15 0)
(400 8.63867e-15 0)
(400 3.85567e-14 0)
(400 5.13225e-14 0)
(400 7.50399e-14 0)
(400 8.81827e-14 0)
(400 9.82453e-14 0)
(400 1.05896e-13 0)
(400 1.04734e-13 0)
(400 9.80218e-14 0)
(400 9.11923e-14 0)
(400 7.36253e-14 0)
(400 7.46265e-14 0)
(400 8.19141e-14 0)
(400 8.77439e-14 0)
(400 7.23592e-14 0)
(400 8.07854e-14 0)
(400 6.99344e-14 0)
(400 7.11405e-14 0)
(400 6.22466e-14 0)
(400 7.53007e-14 0)
(400 8.29052e-14 0)
(400 7.88187e-14 0)
(400 7.92045e-14 0)
(400 7.63459e-14 0)
(400 7.95555e-14 0)
(400 1.02297e-13 0)
(400 1.19211e-13 0)
(400 1.19477e-13 0)
(400 1.16324e-13 0)
(400 1.07217e-13 0)
(400 9.02572e-14 0)
(400 6.81449e-14 0)
(400 4.19025e-14 0)
(400 2.88392e-14 0)
(400 9.75098e-16 0)
(400 -1.93679e-14 0)
(400 -3.99595e-14 0)
(400 1.27114e-14 0)
(400 3.01577e-14 0)
(400 2.15001e-14 0)
(400 2.14179e-14 0)
(400 3.30877e-14 0)
(400 4.10667e-14 0)
(400 4.46134e-14 0)
(400 5.90056e-14 0)
(400 6.35135e-14 0)
(400 6.63381e-14 0)
(400 5.7825e-14 0)
(400 5.30766e-14 0)
(400 5.47577e-14 0)
(400 4.56312e-14 0)
(400 2.09017e-14 0)
(400 -5.57879e-15 0)
(400 -1.22744e-14 0)
(400 -1.64184e-14 0)
(400 -7.71886e-15 0)
(400 2.34703e-14 0)
(400 2.9775e-14 0)
(400 3.07284e-14 0)
(400 2.6609e-14 0)
(400 1.73756e-14 0)
(400 2.74774e-14 0)
(400 3.82044e-14 0)
(400 3.65277e-14 0)
(400 2.83782e-14 0)
(400 1.27374e-14 0)
(400 1.02188e-14 0)
(400 1.28313e-14 0)
(400 1.32387e-14 0)
(400 2.32814e-14 0)
(400 2.75672e-14 0)
(400 3.35851e-14 0)
(400 3.67189e-14 0)
(400 3.05906e-14 0)
(400 2.79094e-14 0)
(400 3.62245e-14 0)
(400 3.34471e-14 0)
(400 2.33855e-14 0)
(400 2.10289e-14 0)
(400 3.25726e-14 0)
(400 3.73216e-14 0)
(400 3.81623e-14 0)
(400 3.11185e-14 0)
(400 3.51003e-14 0)
(400 3.9657e-14 0)
(400 2.95641e-14 0)
(400 1.84965e-14 0)
(400 2.07411e-15 0)
(400 -2.06783e-14 0)
(400 -2.52263e-14 0)
(400 -1.87916e-14 0)
(400 -2.97807e-14 0)
(400 -4.94232e-14 0)
(400 -4.97324e-14 0)
(400 -3.89757e-14 0)
(400 -3.04048e-14 0)
(400 -1.7215e-14 0)
(400 -7.12599e-15 0)
(400 -5.12374e-15 0)
(400 -9.74417e-15 0)
(400 -1.30036e-14 0)
(400 -1.45658e-14 0)
(400 -9.95277e-15 0)
(400 -3.31438e-15 0)
(400 9.39073e-16 0)
(400 9.4479e-15 0)
(400 1.63559e-14 0)
(400 2.26089e-14 0)
(400 3.83909e-14 0)
(400 3.50575e-14 0)
(400 3.78832e-14 0)
(400 4.66835e-14 0)
(400 6.04807e-14 0)
(400 6.54486e-14 0)
(400 6.12714e-14 0)
(400 7.1356e-14 0)
(400 5.69296e-14 0)
(400 2.4706e-14 0)
(400 9.66977e-15 0)
(400 1.59796e-15 0)
(400 -9.67476e-15 0)
(400 -1.13237e-14 0)
(400 -1.66113e-14 0)
(400 -1.89681e-14 0)
(400 -1.22068e-14 0)
(400 6.54813e-15 0)
(400 -4.93323e-15 0)
(400 -1.40205e-15 0)
(400 2.97102e-15 0)
(400 1.91418e-14 0)
(400 3.72281e-14 0)
(400 6.227e-14 0)
(400 6.36543e-14 0)
(400 6.43669e-14 0)
(400 7.38339e-14 0)
(400 5.38744e-14 0)
(400 4.27973e-14 0)
(400 2.465e-14 0)
(400 1.9924e-14 0)
(400 -3.88667e-16 0)
(400 -1.9161e-14 0)
(400 -8.15617e-15 0)
(400 -3.77929e-15 0)
(400 1.68465e-15 0)
(400 2.53955e-14 0)
(400 3.48365e-14 0)
(400 2.65453e-14 0)
(400 2.71947e-14 0)
(400 2.09862e-14 0)
(400 3.23565e-15 0)
(400 1.47001e-15 0)
(400 -7.44797e-15 0)
(400 9.53734e-15 0)
(400 1.89989e-14 0)
(400 2.34077e-14 0)
(400 4.24657e-14 0)
(400 4.62772e-14 0)
(400 4.64286e-14 0)
(400 2.57855e-14 0)
(400 3.91743e-14 0)
(400 4.68604e-14 0)
(400 4.04356e-14 0)
(400 3.59363e-14 0)
(400 3.76928e-14 0)
(400 4.85805e-14 0)
(400 5.75923e-14 0)
(400 3.796e-14 0)
(400 4.64241e-14 0)
(400 4.97769e-14 0)
(400 4.19759e-14 0)
(400 4.64489e-14 0)
(400 3.98944e-14 0)
(400 3.27546e-14 0)
(400 4.60084e-14 0)
(400 5.656e-14 0)
(400 6.17239e-14 0)
(400 5.14918e-14 0)
(400 3.95702e-14 0)
(400 3.44759e-14 0)
(400 3.57314e-14 0)
(400 4.41105e-14 0)
(400 5.59981e-14 0)
(400 4.35095e-14 0)
(400 3.56756e-14 0)
(400 5.05538e-14 0)
(400 4.66015e-14 0)
(400 3.42246e-14 0)
(400 3.07334e-14 0)
(400 2.97172e-14 0)
(400 4.60885e-14 0)
(400 4.22508e-14 0)
(400 3.3941e-14 0)
(400 1.97164e-14 0)
(400 -2.70124e-15 0)
(400 -1.69711e-14 0)
(400 -1.43154e-14 0)
(400 -5.46837e-15 0)
(400 2.4097e-15 0)
(400 -2.84913e-15 0)
(400 -6.5633e-15 0)
(400 6.44534e-15 0)
(400 1.43867e-14 0)
(400 2.03037e-14 0)
(400 3.67291e-14 0)
(400 5.64773e-14 0)
(400 6.58526e-14 0)
(400 6.67248e-14 0)
(400 6.06156e-14 0)
(400 5.52967e-14 0)
(400 4.06818e-14 0)
(400 2.83032e-14 0)
(400 2.61609e-14 0)
(400 8.08704e-15 0)
(400 -4.32153e-15 0)
(400 -9.0774e-15 0)
(400 -1.49754e-14 0)
(400 -1.86428e-14 0)
(400 -1.28302e-14 0)
(400 -6.30774e-15 0)
(400 1.58374e-14 0)
(400 1.3261e-14 0)
(400 4.68209e-15 0)
(400 1.52237e-14 0)
(400 3.96573e-14 0)
(400 4.07874e-14 0)
(400 5.3945e-14 0)
(400 6.50155e-14 0)
(400 6.59012e-14 0)
(400 5.92083e-14 0)
(400 5.90684e-14 0)
(400 5.75929e-14 0)
(400 4.12411e-14 0)
(400 2.76546e-14 0)
(400 1.51524e-14 0)
(400 1.16884e-14 0)
(400 4.95129e-15 0)
(400 2.42688e-15 0)
(400 1.04968e-14 0)
(400 1.23269e-14 0)
(400 -3.34889e-15 0)
(400 6.7184e-16 0)
(400 1.57467e-14 0)
(400 1.29363e-14 0)
(400 1.62539e-14 0)
(400 2.16477e-14 0)
(400 3.89636e-14 0)
(400 3.98619e-14 0)
(400 4.3673e-14 0)
(400 5.1057e-14 0)
(400 6.20134e-14 0)
(400 5.86902e-14 0)
(400 3.7123e-14 0)
(400 2.39524e-14 0)
(400 1.28576e-14 0)
(400 2.14196e-15 0)
(400 6.53605e-15 0)
(400 9.20531e-15 0)
(400 3.1837e-14 0)
(400 3.45162e-14 0)
(400 5.07808e-14 0)
(400 3.86037e-14 0)
(400 3.39592e-14 0)
(400 4.62843e-14 0)
(400 3.00613e-14 0)
(400 1.98257e-14 0)
(400 1.54252e-14 0)
(400 9.97379e-15 0)
(400 8.6711e-15 0)
(400 1.94987e-14 0)
(400 1.82263e-14 0)
(400 1.66105e-14 0)
(400 3.13042e-14 0)
(400 2.4253e-14 0)
(400 2.13377e-14 0)
(400 3.01752e-14 0)
(400 3.58735e-14 0)
(400 1.96127e-14 0)
(400 2.02286e-14 0)
(400 1.47365e-14 0)
(400 2.06329e-14 0)
(400 2.20092e-14 0)
(400 1.63049e-14 0)
(400 8.35742e-15 0)
(400 2.06591e-15 0)
(400 5.58027e-15 0)
(400 -5.13333e-15 0)
(400 -2.02152e-14 0)
(400 -3.4593e-14 0)
(400 -6.19242e-14 0)
(400 -7.33887e-14 0)
(400 -6.72896e-14 0)
(400 -6.4257e-14 0)
(400 -6.38704e-14 0)
(400 -6.44685e-14 0)
(400 -6.5205e-14 0)
(400 -6.00443e-14 0)
(400 -4.40336e-14 0)
(400 -1.8346e-14 0)
(400 -2.26036e-15 0)
(400 1.00364e-15 0)
(400 1.02745e-14 0)
(400 1.72726e-14 0)
(400 1.18777e-14 0)
(400 2.48451e-14 0)
(400 2.67333e-14 0)
(400 1.84305e-14 0)
(400 2.65372e-14 0)
(400 3.95082e-14 0)
(400 3.9398e-14 0)
(400 3.89846e-14 0)
(400 4.26482e-14 0)
(400 4.73911e-14 0)
(400 4.34429e-14 0)
(400 4.0947e-14 0)
(400 4.0064e-14 0)
(400 2.93647e-14 0)
(400 -4.73191e-15 0)
(400 -3.76207e-14 0)
(400 -5.25365e-14 0)
(400 -4.4111e-14 0)
(400 -5.50162e-14 0)
(400 -4.86039e-14 0)
(400 -2.67432e-14 0)
(400 -1.69368e-14 0)
(400 -2.9772e-14 0)
(400 -3.29085e-14 0)
(400 -2.43927e-14 0)
(400 -8.57079e-15 0)
(400 -1.06461e-15 0)
(400 2.7917e-14 0)
(400 3.9709e-14 0)
(400 5.63275e-14 0)
(400 3.13024e-14 0)
(400 3.74037e-14 0)
(400 4.09541e-14 0)
(400 2.31136e-14 0)
(400 2.36152e-14 0)
(400 1.03926e-14 0)
(400 1.79376e-14 0)
(400 2.46623e-14 0)
(400 1.57723e-14 0)
(400 1.75498e-14 0)
(400 1.88882e-14 0)
(400 1.52761e-14 0)
(400 1.30597e-14 0)
(400 1.97961e-14 0)
(400 1.51266e-14 0)
(400 3.14965e-14 0)
(400 1.88972e-14 0)
(400 -2.60155e-15 0)
(400 -5.01714e-15 0)
(400 -5.65786e-15 0)
(400 -1.48187e-14 0)
(400 -1.26087e-14 0)
(400 4.9719e-15 0)
(400 6.40083e-15 0)
(400 -9.36429e-16 0)
(400 -1.90488e-14 0)
(400 -3.22118e-14 0)
(400 -3.07353e-14 0)
(400 -1.04593e-14 0)
(400 2.25277e-15 0)
(400 3.00849e-15 0)
(400 2.03977e-14 0)
(400 2.14946e-14 0)
(400 2.08412e-14 0)
(400 2.75263e-14 0)
(400 4.49203e-14 0)
(400 5.14302e-14 0)
(400 4.59789e-14 0)
(400 4.2005e-14 0)
(400 3.02318e-14 0)
(400 1.93107e-14 0)
(400 2.64817e-14 0)
(400 4.60379e-14 0)
(400 2.96042e-14 0)
(400 1.95971e-14 0)
(400 -1.66849e-15 0)
(400 3.28971e-15 0)
(400 1.89808e-14 0)
(400 1.73665e-14 0)
(400 7.67172e-15 0)
(400 2.49356e-14 0)
(400 4.8798e-14 0)
(400 4.76291e-14 0)
(400 3.31325e-14 0)
(400 3.51882e-14 0)
(400 4.4508e-14 0)
(400 5.16138e-14 0)
(400 5.21549e-14 0)
(400 3.58306e-14 0)
(400 1.60761e-14 0)
(400 1.55953e-14 0)
(400 -1.13122e-15 0)
(400 -4.45002e-15 0)
(400 -3.08452e-14 0)
(400 -2.97375e-14 0)
(400 -2.09588e-14 0)
(400 -2.43255e-14 0)
(400 -2.47066e-14 0)
(400 -2.52867e-14 0)
(400 -2.08578e-14 0)
(400 -1.89254e-14 0)
(400 -7.79546e-15 0)
(400 2.32364e-14 0)
(400 3.88217e-14 0)
(400 4.49442e-14 0)
(400 3.33872e-14 0)
(400 2.03146e-14 0)
(400 4.91099e-15 0)
(400 -2.85519e-15 0)
(400 -2.56042e-15 0)
(400 -1.3536e-14 0)
(400 -2.59275e-14 0)
(400 -6.10457e-15 0)
(400 5.85582e-15 0)
(400 1.61644e-14 0)
(400 2.76089e-14 0)
(400 5.03522e-14 0)
(400 3.85927e-14 0)
(400 2.56993e-14 0)
(400 3.41306e-14 0)
(400 3.8776e-14 0)
(400 5.46358e-14 0)
(400 5.91078e-14 0)
(400 5.98946e-14 0)
(400 6.25309e-14 0)
(400 5.5052e-14 0)
(400 5.61576e-14 0)
(400 5.26469e-14 0)
(400 5.79648e-14 0)
(400 6.30783e-14 0)
(400 6.33025e-14 0)
(400 5.29394e-14 0)
(400 5.96521e-14 0)
(400 6.0828e-14 0)
(400 6.20421e-14 0)
(400 -1.43802e-14 0)
(400 -4.42906e-14 0)
(400 -2.88301e-14 0)
(400 -4.11263e-15 0)
(400 -1.03306e-14 0)
(400 -2.2098e-14 0)
(400 -4.88668e-15 0)
(400 -3.14862e-16 0)
(400 8.93786e-15 0)
(400 9.82831e-15 0)
(400 2.45856e-14 0)
(400 3.28961e-14 0)
(400 4.25839e-14 0)
(400 5.72907e-14 0)
(400 5.72779e-14 0)
(400 6.50595e-14 0)
(400 6.13898e-14 0)
(400 4.56031e-14 0)
(400 4.19095e-14 0)
(400 3.71294e-14 0)
(400 5.13432e-14 0)
(400 6.9284e-14 0)
(400 8.63239e-14 0)
(400 6.86385e-14 0)
(400 4.81282e-14 0)
(400 6.29387e-14 0)
(400 5.03621e-14 0)
(400 2.93205e-14 0)
(400 3.55293e-15 0)
(400 -7.61531e-15 0)
(400 -2.17651e-15 0)
(400 2.31423e-14 0)
(400 2.90407e-14 0)
(400 2.11137e-14 0)
(400 1.25019e-14 0)
(400 8.82774e-15 0)
(400 3.61273e-15 0)
(400 5.2428e-15 0)
(400 8.80643e-17 0)
(400 -1.23473e-14 0)
(400 -3.42216e-15 0)
(400 1.56102e-15 0)
(400 6.19623e-15 0)
(400 -8.56007e-16 0)
(400 -1.99334e-15 0)
(400 2.68961e-15 0)
(400 2.48067e-15 0)
(400 1.17332e-16 0)
(400 -8.99492e-15 0)
(400 -1.78787e-14 0)
(400 -4.5729e-14 0)
(400 -6.21076e-14 0)
(400 -7.74203e-14 0)
(400 -7.45828e-14 0)
(400 -6.45478e-14 0)
(400 -5.08701e-14 0)
(400 -4.02069e-14 0)
(400 -3.62518e-14 0)
(400 -1.5688e-14 0)
(400 -7.965e-15 0)
(400 1.32081e-14 0)
(400 3.09763e-14 0)
(400 2.9944e-14 0)
(400 3.20564e-14 0)
(400 5.38948e-14 0)
(400 6.27395e-14 0)
(400 6.60988e-14 0)
(400 6.24521e-14 0)
(400 5.30362e-14 0)
(400 5.46604e-14 0)
(400 3.96836e-14 0)
(400 3.66402e-14 0)
(400 5.37765e-14 0)
(400 6.02422e-14 0)
(400 6.34715e-14 0)
(400 4.8443e-14 0)
(400 4.68729e-14 0)
(400 4.41356e-14 0)
(400 2.26537e-14 0)
(400 -3.07132e-16 0)
(400 -5.32843e-15 0)
(400 -6.76739e-15 0)
(400 -1.2035e-15 0)
(400 8.50703e-15 0)
(400 7.82612e-15 0)
(400 4.16072e-16 0)
(400 4.8344e-15 0)
(400 -6.60991e-15 0)
(400 -1.18736e-14 0)
(400 -2.05693e-15 0)
(400 -6.29809e-15 0)
(400 -4.01397e-15 0)
(400 9.88103e-15 0)
(400 2.59177e-14 0)
(400 1.48957e-14 0)
(400 5.83604e-15 0)
(400 1.60734e-14 0)
(400 4.85203e-15 0)
(400 1.69219e-15 0)
(400 -3.30883e-15 0)
(400 -7.20825e-16 0)
(400 -7.70809e-15 0)
(400 1.20503e-15 0)
(400 1.34116e-14 0)
(400 1.08185e-14 0)
(400 5.78022e-15 0)
(400 4.41556e-15 0)
(400 -1.41932e-14 0)
(400 -6.63444e-15 0)
(400 -3.81918e-15 0)
(400 -8.22354e-15 0)
(400 -1.88948e-14 0)
(400 -3.72153e-14 0)
(400 -4.36999e-14 0)
(400 -4.45077e-14 0)
(400 -5.2537e-14 0)
(400 -5.22341e-14 0)
(400 -5.64364e-14 0)
(400 -7.36501e-14 0)
(400 -9.5901e-14 0)
(400 -1.26877e-13 0)
(400 -1.25855e-13 0)
(400 -1.03605e-13 0)
(400 -6.85265e-14 0)
(400 -4.03466e-14 0)
(400 -2.08808e-14 0)
(400 -2.04053e-15 0)
(400 -5.41011e-15 0)
(400 -8.96971e-16 0)
(400 2.71671e-14 0)
(400 3.86142e-14 0)
(400 4.69062e-14 0)
(400 4.75725e-14 0)
(400 4.48281e-14 0)
(400 2.02763e-14 0)
(400 2.08004e-14 0)
(400 3.0755e-14 0)
(400 3.38384e-14 0)
(400 3.01967e-14 0)
(400 3.08665e-14 0)
(400 3.0878e-14 0)
(400 3.54349e-14 0)
(400 5.8001e-14 0)
(400 5.75566e-14 0)
(400 3.42806e-14 0)
(400 4.97885e-14 0)
(400 8.47284e-14 0)
(400 7.87373e-14 0)
(400 6.01082e-14 0)
(400 5.74702e-14 0)
(400 5.40711e-14 0)
(400 5.18867e-14 0)
(400 4.93649e-14 0)
(400 3.96702e-14 0)
(400 1.56446e-14 0)
(400 2.13936e-14 0)
(400 3.39771e-14 0)
(400 1.6901e-14 0)
(400 -3.04959e-15 0)
(400 -1.16954e-14 0)
(400 -2.07888e-14 0)
(400 -2.60005e-14 0)
(400 -2.87715e-14 0)
(400 -4.1182e-14 0)
(400 -4.2959e-14 0)
(400 -1.64793e-14 0)
(400 9.55571e-15 0)
(400 3.19962e-14 0)
(400 3.92112e-14 0)
(400 3.75243e-14 0)
(400 2.49031e-14 0)
(400 -1.44279e-15 0)
(400 -2.80744e-14 0)
(400 -4.9687e-14 0)
(400 -6.04554e-14 0)
(400 -6.11191e-14 0)
(400 -6.12879e-14 0)
(400 -6.38389e-14 0)
(400 -5.9542e-14 0)
(400 -5.33654e-14 0)
(400 -3.59891e-14 0)
(400 -2.31725e-14 0)
(400 -3.11572e-14 0)
(400 -1.96961e-14 0)
(400 8.34802e-15 0)
(400 2.78968e-14 0)
(400 2.75424e-14 0)
(400 2.69152e-14 0)
(400 2.5098e-14 0)
(400 3.15143e-14 0)
(400 4.48633e-14 0)
(400 6.12132e-14 0)
(400 6.33677e-14 0)
(400 6.34186e-14 0)
(400 6.9517e-14 0)
(400 7.13361e-14 0)
(400 6.43442e-14 0)
(400 4.16534e-14 0)
(400 1.49168e-14 0)
(400 1.26583e-14 0)
(400 -1.7569e-14 0)
(400 -1.58412e-14 0)
(400 1.01566e-14 0)
(400 5.66454e-15 0)
(400 -6.41164e-15 0)
(400 -1.11282e-14 0)
(400 -6.22343e-15 0)
(400 9.39988e-17 0)
(400 -1.69089e-14 0)
(400 -8.27872e-15 0)
(400 -3.18966e-15 0)
(400 -7.37916e-15 0)
(400 5.31788e-15 0)
(400 1.3519e-14 0)
(400 2.76654e-14 0)
(400 3.74029e-14 0)
(400 2.56674e-14 0)
(400 1.25291e-15 0)
(400 -4.00295e-15 0)
(400 1.63493e-14 0)
(400 3.77198e-14 0)
(400 5.63679e-14 0)
(400 5.50001e-14 0)
(400 3.77157e-14 0)
(400 2.9662e-14 0)
(400 1.70666e-14 0)
(400 1.56725e-14 0)
(400 5.23636e-15 0)
(400 -9.90894e-15 0)
(400 -1.51011e-14 0)
(400 -1.566e-14 0)
(400 -5.4823e-15 0)
(400 7.93479e-15 0)
(400 1.15602e-14 0)
(400 1.24274e-15 0)
(400 -6.89307e-15 0)
(400 -3.98531e-15 0)
(400 -1.06536e-14 0)
(400 -5.69212e-15 0)
(400 -9.6842e-16 0)
(400 -4.06225e-15 0)
(400 1.19386e-14 0)
(400 5.4659e-15 0)
(400 2.22751e-15 0)
(400 -7.28296e-15 0)
(400 4.28962e-15 0)
(400 9.65052e-15 0)
(400 8.50459e-15 0)
(400 1.70078e-15 0)
(400 -3.14758e-15 0)
(400 -2.34666e-14 0)
(400 -3.90496e-14 0)
(400 -5.84678e-14 0)
(400 -6.45476e-14 0)
(400 -5.48968e-14 0)
(400 -3.49706e-14 0)
(400 -1.63451e-14 0)
(400 -6.35211e-15 0)
(400 2.05955e-14 0)
(400 3.18488e-15 0)
(400 -6.32719e-15 0)
(400 6.0895e-16 0)
(400 -1.1669e-15 0)
(400 -1.35813e-14 0)
(400 -2.58287e-15 0)
(400 2.24616e-14 0)
(400 3.03731e-14 0)
(400 2.91212e-14 0)
(400 1.49396e-14 0)
(400 3.46584e-15 0)
(400 -1.2966e-14 0)
(400 -1.61627e-14 0)
(400 3.91822e-15 0)
(400 8.00844e-15 0)
(400 1.31281e-14 0)
(400 3.156e-14 0)
(400 3.53516e-14 0)
(400 2.64543e-14 0)
(400 1.00546e-14 0)
(400 1.08236e-14 0)
(400 2.07314e-14 0)
(400 2.89756e-14 0)
(400 3.37334e-14 0)
(400 3.56832e-14 0)
(400 3.82089e-14 0)
(400 1.77945e-14 0)
(400 2.03186e-14 0)
(400 3.4876e-14 0)
(400 2.24963e-14 0)
(400 1.67921e-14 0)
(400 7.367e-15 0)
(400 3.50906e-16 0)
(400 -9.45349e-15 0)
(400 -3.95132e-15 0)
(400 -9.0088e-15 0)
(400 5.89274e-15 0)
(400 1.12073e-14 0)
(400 -7.45984e-15 0)
(400 -2.48115e-14 0)
(400 -4.48486e-14 0)
(400 -4.02205e-14 0)
(400 -4.8186e-14 0)
(400 -5.45367e-14 0)
(400 -3.29772e-14 0)
(400 -3.05928e-14 0)
(400 -3.80336e-14 0)
(400 -3.54073e-14 0)
(400 -4.26767e-14 0)
(400 -4.68558e-14 0)
(400 -3.33185e-14 0)
(400 -2.73343e-14 0)
(400 -3.52048e-14 0)
(400 -5.77724e-14 0)
(400 -5.66665e-14 0)
(400 -5.66614e-14 0)
(400 -6.06782e-14 0)
(400 -6.50555e-14 0)
(400 -6.78734e-14 0)
(400 -7.8635e-14 0)
(400 -7.63819e-14 0)
(400 -6.51437e-14 0)
(400 -5.05272e-14 0)
(400 -1.80347e-14 0)
(400 -3.38143e-15 0)
(400 2.08604e-14 0)
(400 3.19556e-14 0)
(400 1.85366e-14 0)
(400 3.12289e-15 0)
(400 -4.64595e-16 0)
(400 8.79337e-15 0)
(400 2.14086e-14 0)
(400 3.24334e-14 0)
(400 7.8788e-15 0)
(400 -2.55081e-15 0)
(400 2.19993e-15 0)
(400 2.12419e-15 0)
(400 -9.22126e-15 0)
(400 -2.54516e-14 0)
(400 -1.38182e-14 0)
(400 4.40509e-15 0)
(400 2.51832e-14 0)
(400 1.45317e-14 0)
(400 -7.80985e-15 0)
(400 -6.07826e-15 0)
(400 9.19301e-16 0)
(400 4.72468e-15 0)
(400 1.41198e-14 0)
(400 4.36025e-14 0)
(400 3.38596e-14 0)
(400 2.22368e-14 0)
(400 3.82178e-15 0)
(400 -2.1246e-14 0)
(400 -3.50228e-14 0)
(400 -4.60338e-14 0)
(400 -4.5466e-14 0)
(400 -5.62423e-14 0)
(400 -5.00576e-14 0)
(400 -5.72842e-14 0)
(400 -6.30286e-14 0)
(400 -4.14469e-14 0)
(400 -2.61924e-14 0)
(400 -2.19562e-14 0)
(400 -2.46782e-14 0)
(400 -2.37372e-14 0)
(400 -1.38095e-14 0)
(400 1.25637e-15 0)
(400 1.03926e-14 0)
(400 1.81252e-14 0)
(400 2.64347e-14 0)
(400 2.56856e-14 0)
(400 1.07385e-14 0)
(400 -6.19956e-15 0)
(400 -1.83941e-14 0)
(400 -9.37535e-15 0)
(400 -7.69995e-15 0)
(400 -1.87761e-14 0)
(400 -2.5274e-14 0)
(400 -3.31422e-14 0)
(400 -4.34897e-14 0)
(400 -2.97354e-14 0)
(400 -1.42703e-14 0)
(400 -9.22686e-15 0)
(400 1.3722e-14 0)
(400 3.41362e-14 0)
(400 5.00086e-14 0)
(400 5.47302e-14 0)
(400 4.42531e-14 0)
(400 3.96144e-14 0)
(400 3.34567e-14 0)
(400 3.25065e-14 0)
(400 4.44666e-14 0)
(400 4.62038e-14 0)
(400 3.49447e-14 0)
(400 2.04661e-14 0)
(400 9.08119e-15 0)
(400 1.25209e-14 0)
(400 -2.00495e-16 0)
(400 -1.0961e-14 0)
(400 -1.44659e-14 0)
(400 -8.63275e-15 0)
(400 -5.66315e-15 0)
(400 2.39553e-14 0)
(400 3.24813e-14 0)
(400 1.66862e-14 0)
(400 1.92589e-14 0)
(400 1.81119e-14 0)
(400 5.94161e-15 0)
(400 5.22962e-15 0)
(400 -3.46472e-15 0)
(400 -6.5552e-15 0)
(400 -1.111e-14 0)
(400 -9.34282e-15 0)
(400 -1.46959e-14 0)
(400 -2.17714e-14 0)
(400 -1.58486e-14 0)
(400 -3.00354e-14 0)
(400 -4.02425e-14 0)
(400 -3.40805e-14 0)
(400 -3.94907e-14 0)
(400 -3.93198e-14 0)
(400 -3.55534e-14 0)
(400 -2.32238e-14 0)
(400 -1.85107e-14 0)
(400 -1.24381e-14 0)
(400 2.00917e-15 0)
(400 -2.35427e-14 0)
(400 -4.79164e-15 0)
(400 1.34171e-14 0)
(400 1.63591e-14 0)
(400 1.903e-14 0)
(400 3.5705e-15 0)
(400 -9.2581e-15 0)
(400 -1.18536e-14 0)
(400 -1.99519e-14 0)
(400 -1.81483e-14 0)
(400 -1.15316e-14 0)
(400 2.92941e-15 0)
(400 -3.06085e-15 0)
(400 2.56438e-15 0)
(400 2.15567e-14 0)
(400 2.57553e-14 0)
(400 2.51257e-14 0)
(400 2.65345e-14 0)
(400 2.15172e-14 0)
(400 1.66367e-14 0)
(400 4.70593e-15 0)
(400 -6.09339e-15 0)
(400 -1.25009e-14 0)
(400 -1.48247e-14 0)
(400 -2.87571e-14 0)
(400 -3.39123e-14 0)
(400 -4.09988e-14 0)
(400 -4.80622e-14 0)
(400 -5.43845e-14 0)
(400 -4.11788e-14 0)
(400 -2.60306e-14 0)
(400 -9.68184e-15 0)
(400 -2.45807e-15 0)
(400 -1.72081e-14 0)
(400 -3.25811e-14 0)
(400 -4.88308e-14 0)
(400 -6.05143e-14 0)
(400 -4.87062e-14 0)
(400 -2.79296e-14 0)
(400 -1.52439e-14 0)
(400 9.39794e-15 0)
(400 1.94468e-14 0)
(400 1.24149e-14 0)
(400 4.8178e-16 0)
(400 -1.75902e-14 0)
(400 -9.94467e-15 0)
(400 -1.71823e-14 0)
(400 -1.85782e-14 0)
(400 -1.56681e-14 0)
(400 -1.85733e-14 0)
(400 -9.21079e-15 0)
(400 -2.97838e-16 0)
(400 1.19713e-14 0)
(400 2.37515e-14 0)
(400 3.61463e-14 0)
(400 4.5277e-14 0)
(400 4.52418e-14 0)
(400 3.68065e-14 0)
(400 3.66936e-14 0)
(400 2.05568e-14 0)
(400 -4.39442e-15 0)
(400 4.42819e-15 0)
(400 1.79049e-14 0)
(400 1.90858e-14 0)
(400 2.22674e-14 0)
(400 1.52511e-14 0)
(400 1.01774e-14 0)
(400 5.26598e-15 0)
(400 -1.78595e-14 0)
(400 -9.40133e-15 0)
(400 6.53393e-15 0)
(400 -4.84551e-15 0)
(400 -1.74737e-14 0)
(400 -2.56622e-14 0)
(400 -3.30988e-14 0)
(400 -4.54143e-14 0)
(400 -4.8656e-14 0)
(400 -5.99688e-14 0)
(400 -5.53933e-14 0)
(400 -5.23008e-14 0)
(400 -4.91082e-14 0)
(400 -6.2417e-14 0)
(400 -6.58594e-14 0)
(400 -6.71973e-14 0)
(400 -4.99235e-14 0)
(400 -4.60922e-14 0)
(400 -5.6506e-14 0)
(400 -5.53295e-14 0)
(400 -5.84855e-14 0)
(400 -5.70325e-14 0)
(400 -5.17481e-14 0)
(400 -6.39738e-14 0)
(400 -7.73388e-14 0)
(400 -8.95159e-14 0)
(400 -7.66294e-14 0)
(400 -5.30905e-14 0)
(400 -3.18898e-14 0)
(400 -1.13703e-14 0)
(400 -1.84011e-14 0)
(400 -1.23244e-14 0)
(400 -1.05019e-14 0)
(400 -1.94756e-14 0)
(400 -1.40506e-14 0)
(400 -5.56882e-15 0)
(400 1.88199e-15 0)
(400 -4.6525e-15 0)
(400 -1.12576e-14 0)
(400 -1.19082e-14 0)
(400 -1.70727e-14 0)
(400 3.46822e-15 0)
(400 -1.48127e-18 0)
(400 -1.54922e-14 0)
(400 -1.87941e-14 0)
(400 -1.01699e-14 0)
(400 1.14438e-15 0)
(400 1.83519e-15 0)
(400 -6.4173e-15 0)
(400 -2.52397e-14 0)
(400 -2.59638e-14 0)
(400 -8.03103e-15 0)
(400 -6.38124e-15 0)
(400 -2.01516e-14 0)
(400 -1.09746e-14 0)
(400 -3.85767e-15 0)
(400 -7.69584e-15 0)
(400 -2.04036e-14 0)
(400 -5.26711e-14 0)
(400 -8.04734e-14 0)
(400 -8.04221e-14 0)
(400 -5.63077e-14 0)
(400 -5.32444e-14 0)
(400 -6.48688e-14 0)
(400 -6.07516e-14 0)
(400 -4.78686e-14 0)
(400 -2.66143e-14 0)
(400 3.92318e-17 0)
(400 1.36433e-14 0)
(400 2.37146e-14 0)
(400 4.38814e-14 0)
(400 5.78422e-14 0)
(400 4.09307e-14 0)
(400 1.48107e-14 0)
(400 -5.473e-15 0)
(400 -1.41292e-14 0)
(400 -2.19344e-14 0)
(400 -1.16738e-14 0)
(400 -1.45426e-15 0)
(400 3.65489e-15 0)
(400 1.80595e-14 0)
(400 1.35899e-14 0)
(400 1.73119e-15 0)
(400 -1.339e-14 0)
(400 -3.11436e-14 0)
(400 -3.20151e-14 0)
(400 -3.20418e-14 0)
(400 -2.85193e-14 0)
(400 -7.32095e-15 0)
(400 1.68021e-14 0)
(400 3.60032e-14 0)
(400 2.22709e-14 0)
(400 1.50866e-14 0)
(400 4.24538e-15 0)
(400 4.9489e-15 0)
(400 4.77879e-16 0)
(400 -2.8302e-15 0)
(400 1.95997e-15 0)
(400 -1.29167e-15 0)
(400 -1.26732e-14 0)
(400 -2.45875e-14 0)
(400 -2.9748e-14 0)
(400 -2.80563e-14 0)
(400 -2.89463e-14 0)
(400 -1.93975e-14 0)
(400 3.47026e-15 0)
(400 8.82434e-15 0)
(400 -2.38679e-14 0)
(400 -6.61823e-15 0)
(400 -4.02321e-16 0)
(400 -6.8535e-15 0)
(400 5.97384e-15 0)
(400 1.8339e-14 0)
(400 3.34818e-15 0)
(400 -1.13181e-14 0)
(400 -8.30077e-15 0)
(400 -1.9001e-14 0)
(400 -3.15455e-14 0)
(400 -1.56465e-14 0)
(400 -2.35182e-14 0)
(400 -3.26235e-14 0)
(400 -5.36812e-14 0)
(400 -7.50499e-14 0)
(400 -6.18308e-14 0)
(400 -3.54697e-14 0)
(400 -3.89593e-14 0)
(400 -5.6051e-14 0)
(400 -7.16729e-14 0)
(400 -5.77662e-14 0)
(400 -3.52213e-14 0)
(400 -1.76581e-14 0)
(400 -1.29275e-14 0)
(400 -1.09715e-14 0)
(400 5.30299e-15 0)
(400 3.27845e-14 0)
(400 3.31637e-14 0)
(400 2.32688e-14 0)
(400 9.01614e-15 0)
(400 -4.9212e-15 0)
(400 -2.29525e-14 0)
(400 -4.07973e-14 0)
(400 -3.94077e-14 0)
(400 -2.97582e-14 0)
(400 -2.65984e-14 0)
(400 -8.51219e-15 0)
(400 7.42318e-15 0)
(400 3.06814e-14 0)
(400 5.43094e-14 0)
(400 5.43945e-14 0)
(400 5.99771e-14 0)
(400 4.14281e-14 0)
(400 3.34966e-14 0)
(400 5.72911e-16 0)
(400 -2.15275e-14 0)
(400 -4.73683e-14 0)
(400 -5.90159e-14 0)
(400 -6.75984e-14 0)
(400 -6.76019e-14 0)
(400 -5.82739e-14 0)
(400 -5.75931e-14 0)
(400 -5.32389e-14 0)
(400 -2.91024e-14 0)
(400 -1.55795e-14 0)
(400 1.4613e-15 0)
(400 1.41608e-15 0)
(400 -3.14645e-14 0)
(400 -2.38855e-14 0)
(400 -2.32592e-14 0)
(400 -1.62657e-14 0)
(400 -3.28528e-15 0)
(400 1.85509e-14 0)
(400 2.52862e-14 0)
(400 2.58984e-14 0)
(400 3.26847e-14 0)
(400 1.77466e-14 0)
(400 2.23485e-14 0)
(400 1.25267e-14 0)
(400 -1.58834e-16 0)
(400 -1.34461e-14 0)
(400 -3.11288e-14 0)
(400 -3.51577e-14 0)
(400 -4.01167e-14 0)
(400 -5.13149e-14 0)
(400 -4.08405e-14 0)
(400 -1.61061e-14 0)
(400 1.37812e-14 0)
(400 4.30355e-14 0)
(400 3.9573e-14 0)
(400 2.73071e-14 0)
(400 2.16615e-14 0)
(400 2.43717e-14 0)
(400 2.08343e-14 0)
(400 1.35808e-14 0)
(400 5.76923e-15 0)
(400 2.49967e-15 0)
(400 2.4904e-14 0)
(400 3.17822e-14 0)
(400 8.81593e-15 0)
(400 2.12958e-15 0)
(400 -3.42439e-15 0)
(400 -1.54881e-14 0)
(400 -3.04372e-14 0)
(400 -3.96828e-14 0)
(400 -5.88387e-14 0)
(400 -6.7554e-14 0)
(400 -5.83322e-14 0)
(400 -5.416e-14 0)
(400 -6.23292e-14 0)
(400 -6.61941e-14 0)
(400 -5.60778e-14 0)
(400 -4.43886e-14 0)
(400 -2.12055e-14 0)
(400 -1.47525e-14 0)
(400 -3.03192e-14 0)
(400 -3.73189e-14 0)
(400 -1.74702e-14 0)
(400 -1.82467e-15 0)
(400 -3.5199e-15 0)
(400 -8.54244e-16 0)
(400 3.1419e-14 0)
(400 3.42129e-14 0)
(400 3.77707e-14 0)
(400 3.09662e-14 0)
(400 5.87466e-15 0)
(400 -2.23576e-14 0)
(400 -2.95504e-14 0)
(400 -2.67776e-14 0)
(400 -2.1026e-14 0)
(400 -5.94841e-15 0)
(400 3.52546e-15 0)
(400 1.46397e-14 0)
(400 8.46888e-15 0)
(400 2.37728e-15 0)
(400 -1.68675e-15 0)
(400 1.26043e-14 0)
(400 1.46334e-14 0)
(400 8.33543e-15 0)
(400 -1.27039e-14 0)
(400 -4.29575e-14 0)
(400 -3.03547e-14 0)
(400 -3.60613e-14 0)
(400 -4.17897e-14 0)
(400 -3.90018e-14 0)
(400 -4.10093e-14 0)
(400 -2.46913e-14 0)
(400 -8.35497e-15 0)
(400 -5.38386e-16 0)
(400 -1.50893e-15 0)
(400 1.95177e-14 0)
(400 4.86596e-14 0)
(400 4.57456e-14 0)
(400 3.65641e-14 0)
(400 3.51997e-14 0)
(400 1.31152e-14 0)
(400 -1.33972e-14 0)
(400 -8.62741e-15 0)
(400 -1.57303e-14 0)
(400 -2.44939e-14 0)
(400 -4.49905e-14 0)
(400 -7.68784e-14 0)
(400 -7.5396e-14 0)
(400 -5.56557e-14 0)
(400 -3.44659e-14 0)
(400 -3.076e-14 0)
(400 -1.59481e-14 0)
(400 1.05838e-14 0)
(400 2.00324e-14 0)
(400 3.16439e-14 0)
(400 4.42558e-14 0)
(400 6.13351e-14 0)
(400 7.36959e-14 0)
(400 6.82074e-14 0)
(400 5.20884e-14 0)
(400 2.74474e-14 0)
(400 6.64048e-16 0)
(400 -2.41167e-14 0)
(400 -3.91192e-14 0)
(400 -2.91573e-14 0)
(400 -1.43781e-14 0)
(400 1.35886e-14 0)
(400 2.70387e-14 0)
(400 2.91293e-14 0)
(400 2.64666e-14 0)
(400 2.09481e-14 0)
(400 7.26775e-15 0)
(400 -9.36775e-15 0)
(400 -2.78974e-14 0)
(400 -1.24593e-14 0)
(400 -6.94084e-16 0)
(400 2.09164e-15 0)
(400 -5.57271e-15 0)
(400 -3.43451e-14 0)
(400 -2.7407e-14 0)
(400 -2.04117e-14 0)
(400 -1.93326e-14 0)
(400 -2.51576e-14 0)
(400 -3.7874e-14 0)
(400 -3.04238e-14 0)
(400 -3.37684e-14 0)
(400 -3.24315e-14 0)
(400 -3.62673e-14 0)
(400 -3.66113e-14 0)
(400 -3.92204e-14 0)
(400 -3.46055e-14 0)
(400 -2.76313e-14 0)
(400 -2.6731e-14 0)
(400 -3.37978e-14 0)
(400 -1.82553e-14 0)
(400 -1.18908e-14 0)
(400 4.64284e-15 0)
(400 3.0143e-15 0)
(400 9.77139e-15 0)
(400 2.29712e-14 0)
(400 1.34272e-14 0)
(400 -3.34095e-15 0)
(400 -7.70164e-15 0)
(400 -9.12031e-15 0)
(400 -1.24574e-14 0)
(400 -1.10129e-14 0)
(400 -2.07771e-15 0)
(400 -2.79117e-14 0)
(400 -7.46212e-14 0)
(400 -8.54542e-14 0)
(400 -7.14917e-14 0)
(400 -5.04075e-14 0)
(400 -4.84821e-14 0)
(400 -5.87165e-14 0)
(400 -6.67252e-14 0)
(400 -6.76479e-14 0)
(400 -5.01363e-14 0)
(400 -3.18208e-14 0)
(400 -3.83884e-14 0)
(400 -3.56322e-14 0)
(400 -1.92478e-14 0)
(400 6.25124e-15 0)
(400 1.19159e-14 0)
(400 -2.37858e-15 0)
(400 -1.04343e-14 0)
(400 -2.17627e-14 0)
(400 -2.70689e-14 0)
(400 -2.43836e-14 0)
(400 -2.97357e-14 0)
(400 -3.81002e-14 0)
(400 -5.15203e-14 0)
(400 -3.57748e-14 0)
(400 -1.17394e-14 0)
(400 -4.32367e-15 0)
(400 1.7087e-14 0)
(400 3.03163e-14 0)
(400 2.86592e-14 0)
(400 1.93053e-14 0)
(400 -9.50384e-15 0)
(400 -3.61847e-14 0)
(400 -5.73502e-14 0)
(400 -8.29638e-14 0)
(400 -9.97812e-14 0)
(400 -9.30874e-14 0)
(400 -6.99184e-14 0)
(400 -6.80789e-14 0)
(400 -6.61636e-14 0)
(400 -5.81528e-14 0)
(400 -5.06926e-14 0)
(400 -3.33467e-14 0)
(400 -1.81227e-14 0)
(400 -1.83688e-14 0)
(400 -2.47733e-14 0)
(400 -7.23194e-15 0)
(400 8.35983e-15 0)
(400 2.77482e-14 0)
(400 4.05056e-14 0)
(400 5.19521e-14 0)
(400 5.71206e-14 0)
(400 5.53836e-14 0)
(400 5.60916e-14 0)
(400 5.78695e-14 0)
(400 5.49072e-14 0)
(400 4.83932e-14 0)
(400 2.91732e-14 0)
(400 2.33331e-15 0)
(400 -1.50183e-14 0)
(400 -2.56089e-14 0)
(400 -3.14205e-14 0)
(400 -3.44023e-14 0)
(400 -4.16262e-14 0)
(400 -3.32787e-14 0)
(400 -7.26509e-15 0)
(400 -1.57313e-15 0)
(400 -1.45445e-14 0)
(400 -1.9687e-14 0)
(400 -1.55796e-14 0)
(400 -2.53864e-14 0)
(400 -1.15184e-14 0)
(400 2.26532e-14 0)
(400 2.18944e-14 0)
(400 3.10498e-14 0)
(400 3.22536e-14 0)
(400 1.42013e-14 0)
(400 1.24838e-14 0)
(400 1.28791e-14 0)
(400 3.18313e-17 0)
(400 -1.77977e-14 0)
(400 -5.20416e-14 0)
(400 -8.25169e-14 0)
(400 -8.91457e-14 0)
(400 -1.01929e-13 0)
(400 -1.10961e-13 0)
(400 -1.11862e-13 0)
(400 -1.0021e-13 0)
(400 -8.68586e-14 0)
(400 -6.34779e-14 0)
(400 -6.00342e-14 0)
(400 -4.80811e-14 0)
(400 -4.8098e-14 0)
(400 -2.6672e-14 0)
(400 -1.01981e-14 0)
(400 -4.90569e-15 0)
(400 -4.90409e-15 0)
(400 -8.57264e-15 0)
(400 2.18019e-15 0)
(400 1.83913e-14 0)
(400 8.62442e-15 0)
(400 -1.10984e-15 0)
(400 -1.21941e-14 0)
(400 -8.81871e-15 0)
(400 -1.25034e-14 0)
(400 -3.61617e-14 0)
(400 -4.36443e-14 0)
(400 -3.03674e-14 0)
(400 -2.29585e-14 0)
(400 -2.04146e-14 0)
(400 -1.13619e-14 0)
(400 -2.12484e-14 0)
(400 -3.13268e-14 0)
(400 -5.69163e-15 0)
(400 -5.28343e-15 0)
(400 -1.94713e-14 0)
(400 -2.66045e-14 0)
(400 -3.58149e-14 0)
(400 -3.89335e-14 0)
(400 -3.67869e-14 0)
(400 -6.75506e-14 0)
(400 -8.05279e-14 0)
(400 -6.89928e-14 0)
(400 -5.1335e-14 0)
(400 -4.11619e-14 0)
(400 -3.19745e-14 0)
(400 -1.46855e-14 0)
(400 5.79581e-15 0)
(400 3.33736e-14 0)
(400 2.69148e-14 0)
(400 -3.08939e-15 0)
(400 -2.35785e-14 0)
(400 -2.53606e-14 0)
(400 -4.45263e-14 0)
(400 -6.03442e-14 0)
(400 -6.06224e-14 0)
(400 -6.83456e-14 0)
(400 -7.64226e-14 0)
(400 -7.99171e-14 0)
(400 -8.87186e-14 0)
(400 -1.00419e-13 0)
(400 -9.64007e-14 0)
(400 -8.47325e-14 0)
(400 -6.00328e-14 0)
(400 -3.63749e-14 0)
(400 -2.31065e-14 0)
(400 -1.6539e-14 0)
(400 -2.46871e-14 0)
(400 -2.11584e-14 0)
(400 -1.42915e-14 0)
(400 -1.81748e-14 0)
(400 -2.91868e-14 0)
(400 -4.42003e-14 0)
(400 -3.86509e-14 0)
(400 -3.47446e-14 0)
(400 -3.80387e-14 0)
(400 -3.54391e-14 0)
(400 -5.51808e-14 0)
(400 -6.78198e-14 0)
(400 -4.26679e-14 0)
(400 -2.46538e-14 0)
(400 -6.76987e-15 0)
(400 -1.6421e-14 0)
(400 -1.76206e-14 0)
(400 -3.43889e-15 0)
(400 -5.25231e-15 0)
(400 1.83304e-14 0)
(400 2.35115e-14 0)
(400 1.88183e-14 0)
(400 1.23703e-14 0)
(400 -1.28043e-14 0)
(400 -6.95542e-15 0)
(400 -1.03427e-14 0)
(400 -3.34925e-15 0)
(400 4.1918e-15 0)
(400 -2.32912e-15 0)
(400 3.43481e-16 0)
(400 -2.56576e-14 0)
(400 -5.01258e-14 0)
(400 -4.5759e-14 0)
(400 -5.60029e-14 0)
(400 -4.63623e-14 0)
(400 -5.48501e-14 0)
(400 -5.24405e-14 0)
(400 -4.42772e-14 0)
(400 -3.9008e-14 0)
(400 -3.11549e-14 0)
(400 -1.66187e-16 0)
(400 -9.05883e-15 0)
(400 1.3151e-14 0)
(400 2.53095e-14 0)
(400 5.24756e-15 0)
(400 8.45393e-16 0)
(400 1.26836e-14 0)
(400 1.32792e-15 0)
(400 -8.66821e-15 0)
(400 -5.70063e-15 0)
(400 6.4331e-15 0)
(400 -5.89279e-15 0)
(400 -1.58795e-14 0)
(400 -4.71681e-14 0)
(400 -5.67554e-14 0)
(400 -3.47001e-14 0)
(400 -4.66296e-14 0)
(400 -5.00414e-14 0)
(400 -4.32165e-14 0)
(400 -5.13392e-14 0)
(400 -5.25632e-14 0)
(400 -6.62403e-14 0)
(400 -7.10778e-14 0)
(400 -5.74663e-14 0)
(400 -4.134e-14 0)
(400 -3.34648e-14 0)
(400 -1.71914e-14 0)
(400 -2.21891e-15 0)
(400 1.4672e-14 0)
(400 1.09929e-14 0)
(400 9.72854e-15 0)
(400 1.1622e-14 0)
(400 4.22633e-15 0)
(400 -7.17908e-15 0)
(400 -1.43307e-14 0)
(400 -1.47038e-14 0)
(400 -2.08864e-14 0)
(400 -3.17689e-14 0)
(400 -2.36996e-14 0)
(400 -7.84082e-15 0)
(400 1.49792e-14 0)
(400 2.33029e-14 0)
(400 2.05184e-14 0)
(400 1.86351e-14 0)
(400 -9.1257e-15 0)
(400 -2.53764e-14 0)
(400 -4.46522e-14 0)
(400 -6.03359e-14 0)
(400 -7.99041e-14 0)
(400 -8.46131e-14 0)
(400 -7.06126e-14 0)
(400 -6.14754e-14 0)
(400 -4.49274e-14 0)
(400 -3.46019e-14 0)
(400 -3.6959e-14 0)
(400 -2.77869e-14 0)
(400 -2.80507e-14 0)
(400 -4.31193e-15 0)
(400 2.90171e-14 0)
(400 3.82586e-14 0)
(400 4.90781e-14 0)
(400 5.37643e-14 0)
(400 6.42647e-14 0)
(400 6.94804e-14 0)
(400 5.91961e-14 0)
(400 4.39156e-14 0)
(400 4.31292e-14 0)
(400 4.0708e-14 0)
(400 2.15341e-14 0)
(400 1.91055e-14 0)
(400 1.18799e-14 0)
(400 -8.68382e-15 0)
(400 -1.53051e-14 0)
(400 -2.1074e-14 0)
(400 -2.36406e-14 0)
(400 -2.64999e-14 0)
(400 -3.16911e-14 0)
(400 -3.97723e-14 0)
(400 -2.65045e-14 0)
(400 -2.0823e-14 0)
(400 -3.9345e-15 0)
(400 7.2445e-15 0)
(400 1.63176e-14 0)
(400 1.66889e-14 0)
(400 2.9514e-14 0)
(400 5.15694e-14 0)
(400 5.31801e-14 0)
(400 5.60929e-14 0)
(400 4.7347e-14 0)
(400 3.7173e-14 0)
(400 4.08661e-14 0)
(400 3.66497e-14 0)
(400 1.35473e-14 0)
(400 -6.03798e-16 0)
(400 -1.74827e-14 0)
(400 -4.39135e-14 0)
(400 -5.70485e-14 0)
(400 -6.89688e-14 0)
(400 -6.27172e-14 0)
(400 -4.28455e-14 0)
(400 -2.58466e-14 0)
(400 -2.10795e-14 0)
(400 -1.39874e-14 0)
(400 -6.67964e-15 0)
(400 -2.43534e-15 0)
(400 1.15919e-14 0)
(400 3.07907e-14 0)
(400 6.26986e-14 0)
(400 7.23859e-14 0)
(400 7.03736e-14 0)
(400 6.58853e-14 0)
(400 7.07566e-14 0)
(400 6.20694e-14 0)
(400 4.51997e-14 0)
(400 3.74193e-14 0)
(400 3.68761e-14 0)
(400 3.05941e-14 0)
(400 2.9931e-14 0)
(400 1.13042e-14 0)
(400 -1.33899e-14 0)
(400 -3.48034e-14 0)
(400 -4.52385e-14 0)
(400 -5.1647e-14 0)
(400 -5.45207e-14 0)
(400 -6.93197e-14 0)
(400 -7.89988e-14 0)
(400 -6.12255e-14 0)
(400 -6.39566e-14 0)
(400 -5.54731e-14 0)
(400 -6.01575e-14 0)
(400 -6.39236e-14 0)
(400 -5.75585e-14 0)
(400 -6.54136e-14 0)
(400 -8.11619e-14 0)
(400 -7.84084e-14 0)
(400 -7.63132e-14 0)
(400 -6.67321e-14 0)
(400 -6.64986e-14 0)
(400 -4.64011e-14 0)
(400 -3.56538e-14 0)
(400 -1.9556e-14 0)
(400 -7.67831e-15 0)
(400 -2.47668e-14 0)
(400 -2.3169e-14 0)
(400 -2.57694e-14 0)
(400 -3.12514e-14 0)
(400 -3.03611e-14 0)
(400 -3.24225e-14 0)
(400 -3.15076e-14 0)
(400 -3.56851e-14 0)
(400 -4.03793e-14 0)
(400 -3.13879e-14 0)
(400 -2.56193e-14 0)
(400 -2.26424e-14 0)
(400 -1.4802e-14 0)
(400 -1.32409e-14 0)
(400 -9.98429e-15 0)
(400 -6.01838e-16 0)
(400 2.18286e-14 0)
(400 2.58923e-14 0)
(400 1.99798e-14 0)
(400 -2.66473e-16 0)
(400 -2.40675e-14 0)
(400 -2.8675e-14 0)
(400 -3.24898e-14 0)
(400 -5.23411e-14 0)
(400 -6.82683e-14 0)
(400 -7.82993e-14 0)
(400 -6.71598e-14 0)
(400 -5.41009e-14 0)
(400 -6.26428e-14 0)
(400 -7.76794e-14 0)
(400 -7.3959e-14 0)
(400 -6.80433e-14 0)
(400 -7.00963e-14 0)
(400 -7.17554e-14 0)
(400 -7.51934e-14 0)
(400 -7.55889e-14 0)
(400 -5.76005e-14 0)
(400 -2.20599e-14 0)
(400 -2.38223e-14 0)
(400 -3.34449e-14 0)
(400 -4.10904e-14 0)
(400 -3.00715e-14 0)
(400 -1.07804e-14 0)
(400 -1.39179e-14 0)
(400 -1.18514e-14 0)
(400 -2.81202e-15 0)
(400 3.26734e-15 0)
(400 -2.88588e-15 0)
(400 -2.95739e-14 0)
(400 -4.7838e-14 0)
(400 -4.6713e-14 0)
(400 -4.67246e-14 0)
(400 -4.00738e-14 0)
(400 -4.38058e-14 0)
(400 -4.14377e-14 0)
(400 -3.37462e-14 0)
(400 -1.16837e-14 0)
(400 2.25915e-14 0)
(400 -1.44622e-14 0)
(400 -1.77291e-14 0)
(400 -1.05285e-14 0)
(400 1.00107e-14 0)
(400 5.60975e-15 0)
(400 -1.46063e-14 0)
(400 -1.93945e-14 0)
(400 -7.14744e-15 0)
(400 -1.60665e-14 0)
(400 -3.41945e-14 0)
(400 -2.94377e-14 0)
(400 -3.24469e-14 0)
(400 -4.53046e-14 0)
(400 -4.02344e-14 0)
(400 -1.42711e-14 0)
(400 -6.81533e-15 0)
(400 -1.88989e-14 0)
(400 -4.26985e-14 0)
(400 -3.94932e-14 0)
(400 -2.25078e-14 0)
(400 -2.49187e-14 0)
(400 -4.28054e-14 0)
(400 -5.89166e-14 0)
(400 -3.69221e-14 0)
(400 -1.07578e-14 0)
(400 5.00432e-15 0)
(400 -7.31873e-15 0)
(400 -1.933e-14 0)
(400 7.85244e-15 0)
(400 2.49543e-14 0)
(400 2.00694e-14 0)
(400 2.35756e-14 0)
(400 9.84904e-15 0)
(400 -1.07282e-14 0)
(400 -1.49374e-14 0)
(400 -6.99148e-15 0)
(400 3.30557e-15 0)
(400 6.18727e-15 0)
(400 8.33545e-15 0)
(400 3.52218e-14 0)
(400 4.32795e-14 0)
(400 3.10277e-14 0)
(400 2.3169e-14 0)
(400 1.2578e-14 0)
(400 6.46309e-15 0)
(400 -7.57877e-15 0)
(400 -3.0554e-14 0)
(400 -4.43161e-14 0)
(400 -6.94399e-14 0)
(400 -8.43409e-14 0)
(400 -8.75426e-14 0)
(400 -7.01145e-14 0)
(400 -6.26884e-14 0)
(400 -5.82385e-14 0)
(400 -4.70625e-14 0)
(400 -4.15506e-14 0)
(400 -3.31296e-14 0)
(400 -5.11878e-15 0)
(400 2.65228e-14 0)
(400 3.56766e-14 0)
(400 4.72603e-14 0)
(400 4.97524e-14 0)
(400 4.92972e-14 0)
(400 4.4731e-14 0)
(400 2.63181e-14 0)
(400 1.82702e-15 0)
(400 -2.49725e-14 0)
(400 -3.91584e-14 0)
(400 -4.21746e-14 0)
(400 -4.4177e-14 0)
(400 -4.72393e-14 0)
(400 -6.22166e-14 0)
(400 -6.33486e-14 0)
(400 -7.253e-14 0)
(400 -5.89204e-14 0)
(400 -4.13842e-14 0)
(400 -4.49682e-14 0)
(400 -3.38243e-14 0)
(400 -2.05541e-14 0)
(400 -2.4805e-15 0)
(400 2.9809e-14 0)
(400 5.39193e-14 0)
(400 6.80308e-14 0)
(400 8.71398e-14 0)
(400 9.87993e-14 0)
(400 9.28305e-14 0)
(400 8.02445e-14 0)
(400 7.27018e-14 0)
(400 5.93594e-14 0)
(400 6.24344e-14 0)
(400 5.8727e-14 0)
(400 4.28065e-14 0)
(400 1.41964e-14 0)
(400 -1.47005e-14 0)
(400 -2.62023e-14 0)
(400 -4.85157e-14 0)
(400 -6.851e-14 0)
(400 -6.76205e-14 0)
(400 -6.40252e-14 0)
(400 -4.90311e-14 0)
(400 -1.93991e-14 0)
(400 -9.75906e-15 0)
(400 -9.57346e-15 0)
(400 -4.50115e-15 0)
(400 -5.83604e-15 0)
(400 1.98907e-15 0)
(400 -3.7763e-15 0)
(400 -1.01027e-14 0)
(400 -4.04099e-15 0)
(400 -1.94199e-15 0)
(400 1.56856e-15 0)
(400 4.02559e-15 0)
(400 1.04976e-14 0)
(400 3.91876e-14 0)
(400 4.81996e-14 0)
(400 3.91855e-14 0)
(400 1.16436e-14 0)
(400 5.39631e-15 0)
(400 7.6674e-15 0)
(400 -1.50388e-14 0)
(400 -3.50613e-14 0)
(400 -4.58439e-14 0)
(400 -4.97051e-14 0)
(400 -4.33011e-14 0)
(400 -3.76945e-14 0)
(400 -2.61025e-14 0)
(400 -3.19584e-14 0)
(400 -2.88289e-14 0)
(400 -2.57229e-14 0)
(400 -4.03883e-14 0)
(400 -3.62742e-14 0)
(400 -3.18335e-14 0)
(400 -3.25071e-14 0)
(400 -1.90147e-14 0)
(400 -1.56087e-14 0)
(400 -2.95779e-14 0)
(400 -5.04291e-14 0)
(400 -5.14335e-14 0)
(400 -3.32015e-14 0)
(400 -3.31027e-14 0)
(400 -3.25206e-14 0)
(400 -4.60065e-14 0)
(400 -3.57228e-14 0)
(400 -2.46308e-14 0)
(400 -1.58962e-14 0)
(400 -2.75508e-14 0)
(400 -3.99454e-14 0)
(400 -4.64986e-14 0)
(400 -3.75492e-14 0)
(400 -4.61003e-14 0)
(400 -7.21923e-14 0)
(400 -7.324e-14 0)
(400 -5.4011e-14 0)
(400 -2.70616e-14 0)
(400 -1.32625e-14 0)
(400 -1.31861e-14 0)
(400 -2.46973e-14 0)
(400 -1.40662e-14 0)
(400 1.49732e-14 0)
(400 2.50227e-14 0)
(400 2.85521e-14 0)
(400 1.7831e-14 0)
(400 6.79366e-15 0)
(400 -1.0259e-15 0)
(400 -5.83262e-15 0)
(400 -2.96693e-14 0)
(400 -6.6138e-14 0)
(400 -7.88281e-14 0)
(400 -7.81554e-14 0)
(400 -7.96435e-14 0)
(400 -6.43926e-14 0)
(400 -5.08189e-14 0)
(400 -5.26726e-14 0)
(400 -5.17706e-14 0)
(400 -5.36558e-14 0)
(400 -4.70976e-14 0)
(400 -4.07853e-14 0)
(400 -3.92143e-14 0)
(400 -3.6088e-14 0)
(400 -4.48264e-14 0)
(400 -5.15073e-14 0)
(400 -6.92587e-14 0)
(400 -6.03701e-14 0)
(400 -2.67663e-14 0)
(400 -2.93114e-14 0)
(400 -2.66447e-14 0)
(400 -2.82538e-14 0)
(400 -2.4031e-14 0)
(400 -1.73585e-14 0)
(400 -4.27236e-14 0)
(400 -4.10744e-14 0)
(400 -1.88092e-14 0)
(400 -2.18493e-14 0)
(400 -1.21886e-14 0)
(400 -2.96473e-14 0)
(400 -2.82915e-14 0)
(400 -1.77658e-14 0)
(400 -1.98948e-14 0)
(400 -1.66664e-14 0)
(400 -7.77723e-15 0)
(400 -2.31945e-14 0)
(400 -2.69909e-14 0)
(400 -3.22041e-14 0)
(400 -2.25275e-14 0)
(400 -1.49036e-14 0)
(400 -2.74908e-14 0)
(400 -3.72431e-14 0)
(400 -3.24218e-14 0)
(400 -3.90845e-14 0)
(400 -4.43832e-14 0)
(400 -5.07206e-14 0)
(400 -4.5131e-14 0)
(400 -3.16165e-14 0)
(400 -1.6036e-14 0)
(400 -1.56376e-15 0)
(400 -2.56408e-15 0)
(400 1.46467e-14 0)
(400 1.74415e-14 0)
(400 -3.79683e-15 0)
(400 -1.5057e-14 0)
(400 -2.78585e-14 0)
(400 -4.25502e-14 0)
(400 -3.98978e-14 0)
(400 -1.55503e-14 0)
(400 7.75571e-15 0)
(400 1.88384e-14 0)
(400 1.69471e-15 0)
(400 -1.95815e-14 0)
(400 -2.27291e-15 0)
(400 -4.41582e-15 0)
(400 -8.99181e-15 0)
(400 -7.15921e-15 0)
(400 -1.12418e-14 0)
(400 -1.02604e-14 0)
(400 -9.08993e-15 0)
(400 -5.32856e-15 0)
(400 -2.51908e-15 0)
(400 1.86e-14 0)
(400 4.64454e-14 0)
(400 6.04958e-14 0)
(400 4.28374e-14 0)
(400 3.19723e-14 0)
(400 2.82348e-14 0)
(400 2.30821e-14 0)
(400 2.97241e-14 0)
(400 2.55624e-14 0)
(400 1.23794e-14 0)
(400 6.76926e-16 0)
(400 -3.39054e-15 0)
(400 -1.11058e-14 0)
(400 -2.29198e-14 0)
(400 -3.94839e-15 0)
(400 -1.71373e-14 0)
(400 -2.5001e-14 0)
(400 -1.74045e-14 0)
(400 -9.84088e-15 0)
(400 7.70405e-15 0)
(400 2.24692e-14 0)
(400 2.47285e-14 0)
(400 2.90358e-14 0)
(400 5.21807e-14 0)
(400 7.75595e-14 0)
(400 6.12757e-14 0)
(400 4.35811e-14 0)
(400 3.02942e-14 0)
(400 2.82637e-14 0)
(400 -1.24779e-14 0)
(400 -2.35545e-14 0)
(400 -2.96902e-14 0)
(400 -5.79181e-14 0)
(400 -7.12598e-14 0)
(400 -6.54675e-14 0)
(400 -7.50949e-14 0)
(400 -8.22978e-14 0)
(400 -8.2486e-14 0)
(400 -7.98623e-14 0)
(400 -8.20877e-14 0)
(400 -6.45325e-14 0)
(400 -6.56939e-14 0)
(400 -5.8665e-14 0)
(400 -3.8268e-14 0)
(400 -1.89848e-14 0)
(400 -1.61914e-14 0)
(400 8.83541e-15 0)
(400 1.13105e-14 0)
(400 1.66191e-14 0)
(400 3.31569e-14 0)
(400 2.92702e-14 0)
(400 4.48124e-14 0)
(400 4.51784e-14 0)
(400 4.43234e-14 0)
(400 3.94219e-14 0)
(400 3.15405e-14 0)
(400 1.86978e-14 0)
(400 5.07912e-16 0)
(400 -1.66303e-14 0)
(400 -2.66086e-14 0)
(400 -1.39584e-14 0)
(400 -1.23319e-14 0)
(400 -1.68e-14 0)
(400 -6.66969e-15 0)
(400 1.22447e-14 0)
(400 1.17571e-14 0)
(400 5.38084e-15 0)
(400 2.29229e-15 0)
(400 1.32711e-14 0)
(400 1.98697e-14 0)
(400 -7.12088e-15 0)
(400 -2.35969e-14 0)
(400 -2.78181e-14 0)
(400 -3.59239e-14 0)
(400 -3.93961e-14 0)
(400 -2.98266e-14 0)
(400 -1.75578e-14 0)
(400 -9.01432e-15 0)
(400 -1.04788e-14 0)
(400 -2.12582e-14 0)
(400 -3.49683e-14 0)
(400 -3.55936e-14 0)
(400 -4.9246e-14 0)
(400 -5.29568e-14 0)
(400 -6.38802e-14 0)
(400 -7.95471e-14 0)
(400 -7.84927e-14 0)
(400 -7.49329e-14 0)
(400 -6.53633e-14 0)
(400 -7.13669e-14 0)
(400 -7.22634e-14 0)
(400 -6.3769e-14 0)
(400 -6.94436e-14 0)
(400 -7.01445e-14 0)
(400 -5.57136e-14 0)
(400 -3.51699e-14 0)
(400 -2.64583e-14 0)
(400 -2.73508e-14 0)
(400 -3.21663e-14 0)
(400 -3.84157e-14 0)
(400 -3.87717e-14 0)
(400 -5.49912e-14 0)
(400 -7.04807e-14 0)
(400 -6.91303e-14 0)
(400 -8.28963e-14 0)
(400 -5.70681e-14 0)
(400 -5.09019e-14 0)
(400 -5.58081e-14 0)
(400 -5.35634e-14 0)
(400 -5.11475e-14 0)
(400 -5.66193e-14 0)
(400 -5.41093e-14 0)
(400 -5.09648e-14 0)
(400 -5.52235e-14 0)
(400 -5.58578e-14 0)
(400 -3.57526e-14 0)
(400 -9.11798e-15 0)
(400 4.3147e-15 0)
(400 1.78595e-14 0)
(400 2.95216e-14 0)
(400 3.54044e-14 0)
(400 4.07956e-14 0)
(400 4.70217e-14 0)
(400 4.49071e-14 0)
(400 5.1999e-14 0)
(400 5.93174e-14 0)
(400 2.80967e-14 0)
(400 -1.54041e-14 0)
(400 -6.19109e-14 0)
(400 -7.73908e-14 0)
(400 -8.13135e-14 0)
(400 -8.42711e-14 0)
(400 -8.22319e-14 0)
(400 -8.12791e-14 0)
(400 -6.55442e-14 0)
(400 -6.49452e-14 0)
(400 -6.54349e-14 0)
(400 -6.36527e-14 0)
(400 -6.0292e-14 0)
(400 -5.4003e-14 0)
(400 -4.0785e-14 0)
(400 -4.26455e-14 0)
(400 -5.38464e-14 0)
(400 -6.79722e-14 0)
(400 -7.80137e-14 0)
(400 -5.86726e-14 0)
(400 -4.95459e-14 0)
(400 -3.62741e-14 0)
(400 -3.89804e-14 0)
(400 -3.88281e-14 0)
(400 -2.97618e-14 0)
(400 -3.80715e-14 0)
(400 -4.55741e-14 0)
(400 -4.50593e-14 0)
(400 -2.14172e-14 0)
(400 -1.41634e-14 0)
(400 -2.51833e-15 0)
(400 -1.16514e-14 0)
(400 -9.0061e-15 0)
(400 1.4469e-14 0)
(400 2.36228e-14 0)
(400 2.54182e-14 0)
(400 2.40205e-14 0)
(400 -2.66433e-14 0)
(400 -3.79481e-14 0)
(400 -4.15912e-14 0)
(400 -4.93974e-14 0)
(400 -4.95344e-14 0)
(400 -4.41731e-14 0)
(400 -2.77893e-14 0)
(400 -4.10049e-14 0)
(400 -3.71884e-14 0)
(400 -3.04748e-14 0)
(400 -4.81448e-14 0)
(400 -4.51851e-14 0)
(400 -2.60782e-14 0)
(400 -1.12795e-14 0)
(400 -2.05043e-14 0)
(400 -1.04638e-14 0)
(400 6.72669e-15 0)
(400 1.24834e-14 0)
(400 -2.58288e-15 0)
(400 -2.36281e-14 0)
(400 -3.87603e-14 0)
(400 -3.61333e-14 0)
(400 -3.12123e-14 0)
(400 -3.67181e-14 0)
(400 -3.01014e-14 0)
(400 -2.90212e-14 0)
(400 -2.64822e-14 0)
(400 -2.46961e-14 0)
(400 -3.09662e-14 0)
(400 -4.05418e-14 0)
(400 -2.65455e-14 0)
(400 -2.50929e-14 0)
(400 -2.71694e-14 0)
(400 -1.78443e-14 0)
(400 -1.37438e-14 0)
(400 -2.23341e-14 0)
(400 -1.79699e-14 0)
(400 -4.027e-15 0)
(400 1.84761e-14 0)
(400 1.52788e-14 0)
(400 3.94383e-15 0)
(400 5.25278e-15 0)
(400 1.2565e-14 0)
(400 1.62774e-14 0)
(400 5.05373e-15 0)
(400 1.22264e-14 0)
(400 2.82737e-15 0)
(400 -4.60028e-15 0)
(400 5.9074e-15 0)
(400 4.06224e-15 0)
(400 9.31117e-15 0)
(400 2.01909e-14 0)
(400 4.00409e-14 0)
(400 4.19994e-14 0)
(400 3.25627e-14 0)
(400 3.73624e-14 0)
(400 2.65541e-14 0)
(400 2.64152e-14 0)
(400 3.03211e-14 0)
(400 2.47622e-14 0)
(400 2.61826e-14 0)
(400 4.63066e-14 0)
(400 5.65578e-14 0)
(400 3.69363e-14 0)
(400 1.41189e-14 0)
(400 2.65706e-14 0)
(400 2.01826e-14 0)
(400 8.43594e-15 0)
(400 -1.85378e-14 0)
(400 -4.75918e-14 0)
(400 -3.4087e-14 0)
(400 3.40847e-15 0)
(400 1.24611e-14 0)
(400 1.39517e-14 0)
(400 1.06435e-15 0)
(400 3.60628e-15 0)
(400 2.21494e-14 0)
(400 2.55085e-14 0)
(400 4.6869e-15 0)
(400 -4.72162e-15 0)
(400 -8.45626e-16 0)
(400 1.0059e-15 0)
(400 -1.9859e-15 0)
(400 7.52225e-15 0)
(400 1.55658e-14 0)
(400 2.8063e-14 0)
(400 4.2056e-14 0)
(400 3.91091e-14 0)
(400 5.69145e-14 0)
(400 6.38616e-14 0)
(400 5.95581e-14 0)
(400 5.06004e-14 0)
(400 4.58228e-14 0)
(400 5.94154e-14 0)
(400 3.77697e-14 0)
(400 1.64149e-14 0)
(400 1.79706e-15 0)
(400 4.56506e-15 0)
(400 1.97215e-14 0)
(400 1.31239e-14 0)
(400 -4.44676e-15 0)
(400 -3.95677e-15 0)
(400 -5.39006e-15 0)
(400 8.9941e-15 0)
(400 2.63076e-14 0)
(400 4.33554e-14 0)
(400 5.70951e-14 0)
(400 4.70992e-14 0)
(400 3.87874e-14 0)
(400 3.13796e-14 0)
(400 3.35792e-14 0)
(400 3.23529e-14 0)
(400 1.63311e-14 0)
(400 -1.83803e-14 0)
(400 -1.93026e-14 0)
(400 -1.67259e-14 0)
(400 -1.69315e-14 0)
(400 -2.89173e-14 0)
(400 -1.29206e-14 0)
(400 -5.32585e-15 0)
(400 -9.96966e-15 0)
(400 -1.50068e-14 0)
(400 -2.4983e-14 0)
(400 -2.46165e-14 0)
(400 -2.27978e-14 0)
(400 -2.63086e-14 0)
(400 -3.05054e-14 0)
(400 -3.38726e-14 0)
(400 -2.78887e-14 0)
(400 -2.61239e-14 0)
(400 -2.63327e-14 0)
(400 -2.11096e-14 0)
(400 -1.97966e-14 0)
(400 -2.08189e-14 0)
(400 -2.30029e-14 0)
(400 -1.75629e-14 0)
(400 -1.45504e-14 0)
(400 -2.94643e-14 0)
(400 -5.25064e-14 0)
(400 -5.30418e-14 0)
(400 -4.94122e-14 0)
(400 -4.06962e-14 0)
(400 -4.53107e-14 0)
(400 -4.23147e-14 0)
(400 -5.33434e-14 0)
(400 -5.70261e-14 0)
(400 -4.13039e-14 0)
(400 -3.72066e-14 0)
(400 -4.72658e-14 0)
(400 -4.47506e-14 0)
(400 -2.0204e-14 0)
(400 -3.56163e-16 0)
(400 5.00501e-15 0)
(400 1.95509e-14 0)
(400 2.70782e-14 0)
(400 3.68708e-14 0)
(400 6.04605e-14 0)
(400 6.21852e-14 0)
(400 4.71657e-14 0)
(400 2.76735e-14 0)
(400 1.96354e-14 0)
(400 2.61071e-14 0)
(400 7.39758e-15 0)
(400 -1.8086e-14 0)
(400 -5.40467e-14 0)
(400 -7.53683e-14 0)
(400 -7.39179e-14 0)
(400 -8.53178e-14 0)
(400 -8.63463e-14 0)
(400 -7.66601e-14 0)
(400 -7.6078e-14 0)
(400 -6.07626e-14 0)
(400 -5.04406e-14 0)
(400 -4.39166e-14 0)
(400 -3.88959e-14 0)
(400 -2.49632e-14 0)
(400 -1.89919e-14 0)
(400 -3.17854e-14 0)
(400 -3.88268e-14 0)
(400 -3.9201e-14 0)
(400 -3.80895e-14 0)
(400 -3.08515e-14 0)
(400 -3.33455e-14 0)
(400 -3.55507e-14 0)
(400 -3.13201e-14 0)
(400 -2.58114e-14 0)
(400 -9.58415e-15 0)
(400 1.81777e-15 0)
(400 -5.62885e-15 0)
(400 -1.34448e-14 0)
(400 -3.04223e-15 0)
(400 4.67534e-15 0)
(400 2.41291e-14 0)
(400 2.17315e-14 0)
(400 1.30866e-14 0)
(400 2.12336e-14 0)
(400 2.72577e-14 0)
(400 2.56904e-14 0)
(400 9.54073e-15 0)
(400 -1.55537e-14 0)
(400 -3.46123e-15 0)
(400 -9.79682e-15 0)
(400 -3.83919e-14 0)
(400 -6.84682e-14 0)
(400 -6.46004e-14 0)
(400 -5.09162e-14 0)
(400 -4.78507e-14 0)
(400 -4.69935e-14 0)
(400 -4.30693e-14 0)
(400 -4.09439e-14 0)
(400 -3.79324e-14 0)
(400 -3.53379e-14 0)
(400 -2.93158e-14 0)
(400 -4.72611e-15 0)
(400 -7.9317e-15 0)
(400 -2.28134e-14 0)
(400 -1.10756e-14 0)
(400 -9.31134e-15 0)
(400 -3.00814e-15 0)
(400 1.07275e-15 0)
(400 -1.36897e-14 0)
(400 -2.33073e-14 0)
(400 -2.70049e-14 0)
(400 -4.05796e-14 0)
(400 -7.68706e-14 0)
(400 -9.38188e-14 0)
(400 -8.34025e-14 0)
(400 -7.50637e-14 0)
(400 -8.80573e-14 0)
(400 -6.69834e-14 0)
(400 -4.41567e-14 0)
(400 -3.50678e-14 0)
(400 -1.7021e-14 0)
(400 1.73883e-15 0)
(400 4.4479e-15 0)
(400 -2.28694e-15 0)
(400 6.08639e-15 0)
(400 1.47823e-14 0)
(400 1.28244e-14 0)
(400 -7.90688e-15 0)
(400 -2.62829e-14 0)
(400 -2.94699e-14 0)
(400 -2.77508e-14 0)
(400 -2.49125e-14 0)
(400 -4.37727e-14 0)
(400 -5.73285e-14 0)
(400 -5.93033e-14 0)
(400 -3.69038e-14 0)
(400 -1.18888e-14 0)
(400 1.20379e-14 0)
(400 3.97007e-14 0)
(400 2.34924e-14 0)
(400 5.52577e-14 0)
(400 7.72626e-14 0)
(400 5.71462e-14 0)
(400 3.92011e-14 0)
(400 2.34551e-14 0)
(400 1.34657e-14 0)
(400 2.32667e-14 0)
(400 2.74854e-14 0)
(400 1.78717e-14 0)
(400 5.07943e-15 0)
(400 1.53237e-14 0)
(400 4.42717e-15 0)
(400 -4.41746e-15 0)
(400 -1.80247e-14 0)
(400 -2.68001e-14 0)
(400 -4.03805e-14 0)
(400 -5.71337e-14 0)
(400 -4.97486e-14 0)
(400 -3.50427e-14 0)
(400 -7.70468e-15 0)
(400 1.31919e-14 0)
(400 3.84003e-15 0)
(400 3.11013e-15 0)
(400 1.66566e-14 0)
(400 2.48576e-14 0)
(400 1.44157e-14 0)
(400 -8.64132e-15 0)
(400 -3.08648e-14 0)
(400 -2.8724e-14 0)
(400 -2.81794e-14 0)
(400 -3.7044e-14 0)
(400 -6.42928e-14 0)
(400 -5.57439e-14 0)
(400 -3.58728e-14 0)
(400 -2.89043e-14 0)
(400 -1.4989e-14 0)
(400 -1.51528e-14 0)
(400 -5.74475e-15 0)
(400 1.41725e-14 0)
(400 2.18652e-14 0)
(400 1.15624e-14 0)
(400 -1.08781e-14 0)
(400 -1.16064e-14 0)
(400 1.63491e-15 0)
(400 1.1604e-14 0)
(400 1.7995e-14 0)
(400 9.78479e-15 0)
(400 8.88898e-15 0)
(400 2.4168e-14 0)
(400 3.23576e-14 0)
(400 3.3446e-14 0)
(400 3.31085e-14 0)
(400 3.93501e-14 0)
(400 3.575e-14 0)
(400 3.55702e-14 0)
(400 2.97267e-14 0)
(400 1.48078e-14 0)
(400 3.00174e-15 0)
(400 1.28477e-14 0)
(400 2.30455e-14 0)
(400 -4.68915e-15 0)
(400 -4.73248e-14 0)
(400 -6.53428e-14 0)
(400 -6.24798e-14 0)
(400 -5.69145e-14 0)
(400 -6.08971e-14 0)
(400 -6.66965e-14 0)
(400 -5.92841e-14 0)
(400 -5.5845e-14 0)
(400 -5.31159e-14 0)
(400 -6.04289e-14 0)
(400 -7.27208e-14 0)
(400 -7.54401e-14 0)
(400 -6.73942e-14 0)
(400 -3.46849e-14 0)
(400 -3.54877e-14 0)
(400 -4.33835e-14 0)
(400 -2.82701e-14 0)
(400 -1.40411e-14 0)
(400 -1.82769e-14 0)
(400 -3.0072e-14 0)
(400 -3.00714e-14 0)
(400 -2.30712e-14 0)
(400 -1.82047e-14 0)
(400 -2.3064e-14 0)
(400 -4.33292e-14 0)
(400 -5.04528e-14 0)
(400 -3.10387e-14 0)
(400 -2.62335e-14 0)
(400 -1.20545e-14 0)
(400 -2.60736e-14 0)
(400 -3.74882e-14 0)
(400 -3.63957e-14 0)
(400 -3.82471e-14 0)
(400 -2.71844e-14 0)
(400 -1.86572e-14 0)
(400 -1.05315e-14 0)
(400 -1.4415e-14 0)
(400 -3.17203e-15 0)
(400 2.67092e-14 0)
(400 5.10182e-14 0)
(400 5.25205e-14 0)
(400 5.49102e-14 0)
(400 6.14123e-14 0)
(400 7.79442e-14 0)
(400 9.21051e-14 0)
(400 6.69981e-14 0)
(400 4.52889e-14 0)
(400 3.3532e-14 0)
(400 3.30603e-14 0)
(400 1.46488e-14 0)
(400 1.51554e-15 0)
(400 -8.38928e-15 0)
(400 -1.95303e-14 0)
(400 -3.47975e-14 0)
(400 -4.74047e-14 0)
(400 -5.87664e-14 0)
(400 -6.06831e-14 0)
(400 -6.45138e-14 0)
(400 -5.53327e-14 0)
(400 -5.99362e-14 0)
(400 -5.14039e-14 0)
(400 -3.32286e-14 0)
(400 -1.70089e-14 0)
(400 -1.4808e-14 0)
(400 -4.4035e-14 0)
(400 -5.42784e-14 0)
(400 -6.35216e-14 0)
(400 -6.95939e-14 0)
(400 -6.75243e-14 0)
(400 -7.37874e-14 0)
(400 -7.36777e-14 0)
(400 -8.04732e-14 0)
(400 -9.37574e-14 0)
(400 -1.02371e-13 0)
(400 -1.00862e-13 0)
(400 -9.98665e-14 0)
(400 -8.45975e-14 0)
(400 -7.16786e-14 0)
(400 -6.53714e-14 0)
(400 -5.58133e-14 0)
(400 -6.02065e-14 0)
(400 -3.56795e-14 0)
(400 -2.40173e-14 0)
(400 -2.53364e-14 0)
(400 -2.1395e-14 0)
(400 -2.90217e-14 0)
(400 -4.28266e-14 0)
(400 7.53407e-15 0)
(400 1.58152e-14 0)
(400 -2.64892e-14 0)
(400 -6.6327e-14 0)
(400 -7.34502e-14 0)
(400 -6.05147e-14 0)
(400 -7.06483e-14 0)
(400 -8.36033e-14 0)
(400 -9.12865e-14 0)
(400 -6.4885e-14 0)
(400 -3.76193e-14 0)
(400 -5.08323e-14 0)
(400 -5.03612e-14 0)
(400 -3.77302e-14 0)
(400 -2.40995e-14 0)
(400 -1.28717e-14 0)
(400 3.9912e-15 0)
(400 1.37467e-14 0)
(400 1.46897e-14 0)
(400 8.60641e-15 0)
(400 1.40356e-14 0)
(400 1.06727e-14 0)
(400 -3.75996e-15 0)
(400 -4.26454e-14 0)
(400 -6.07349e-14 0)
(400 -6.90009e-14 0)
(400 -8.17274e-14 0)
(400 -8.97505e-14 0)
(400 -8.26935e-14 0)
(400 -5.803e-14 0)
(400 -3.70085e-14 0)
(400 -2.59996e-14 0)
(400 -3.03017e-15 0)
(400 1.68167e-14 0)
(400 2.63007e-14 0)
(400 3.40737e-14 0)
(400 3.14714e-14 0)
(400 2.79667e-14 0)
(400 1.19626e-14 0)
(400 -2.26637e-14 0)
(400 -5.17838e-14 0)
(400 -5.88646e-14 0)
(400 -5.77654e-14 0)
(400 -4.79776e-14 0)
(400 -2.82206e-14 0)
(400 -3.45431e-14 0)
(400 -1.53839e-14 0)
(400 1.9516e-14 0)
(400 6.75604e-14 0)
(400 1.04034e-13 0)
(400 1.03634e-13 0)
(400 9.35124e-14 0)
(400 1.01232e-13 0)
(400 1.21261e-13 0)
(400 1.03171e-13 0)
(400 6.85382e-14 0)
(400 4.71448e-14 0)
(400 3.16679e-14 0)
(400 3.0749e-14 0)
(400 3.55209e-14 0)
(400 2.59569e-14 0)
(400 9.2186e-15 0)
(400 -5.40957e-15 0)
(400 9.9906e-16 0)
(400 1.30896e-14 0)
(400 -1.80946e-14 0)
(400 -1.99516e-14 0)
(400 -2.16565e-14 0)
(400 -1.56764e-15 0)
(400 1.62479e-14 0)
(400 4.28781e-15 0)
(400 -2.27783e-16 0)
(400 3.30686e-15 0)
(400 1.70454e-14 0)
(400 5.65816e-15 0)
(400 -4.34315e-15 0)
(400 -4.93671e-15 0)
(400 -1.84268e-14 0)
(400 -2.97885e-14 0)
(400 -4.38986e-14 0)
(400 -5.83148e-14 0)
(400 -6.7564e-14 0)
(400 -6.61481e-14 0)
(400 -8.95269e-14 0)
(400 -9.07661e-14 0)
(400 -8.18498e-14 0)
(400 -6.01417e-14 0)
(400 -4.07285e-14 0)
(400 -3.73392e-14 0)
(400 -2.25939e-14 0)
(400 -1.10342e-14 0)
(400 -1.00069e-14 0)
(400 -2.39455e-14 0)
(400 -4.7008e-14 0)
(400 -3.06857e-14 0)
(400 5.55598e-15 0)
(400 3.25046e-14 0)
(400 3.34863e-14 0)
(400 1.73249e-14 0)
(400 1.97896e-14 0)
(400 2.84538e-14 0)
(400 3.15084e-14 0)
(400 2.6588e-14 0)
(400 6.76324e-15 0)
(400 1.10044e-14 0)
(400 3.25948e-14 0)
(400 3.51317e-14 0)
(400 1.87411e-14 0)
(400 -4.70057e-15 0)
(400 -4.11593e-15 0)
(400 1.88011e-14 0)
(400 2.33876e-14 0)
(400 -8.57572e-15 0)
(400 -2.38491e-14 0)
(400 -3.31952e-14 0)
(400 -2.88701e-14 0)
(400 -2.07911e-14 0)
(400 -1.05227e-14 0)
(400 -2.03712e-14 0)
(400 -2.45025e-14 0)
(400 -1.18091e-14 0)
(400 -2.01168e-14 0)
(400 -4.22501e-14 0)
(400 -6.8069e-14 0)
(400 -6.97651e-14 0)
(400 -4.88985e-14 0)
(400 -3.38747e-14 0)
(400 -3.06036e-14 0)
(400 -1.74645e-14 0)
(400 -1.28064e-14 0)
(400 -2.30422e-15 0)
(400 4.75405e-15 0)
(400 -2.91557e-15 0)
(400 1.65417e-15 0)
(400 2.34982e-15 0)
(400 6.26427e-15 0)
(400 -3.62853e-15 0)
(400 -1.29215e-14 0)
(400 -2.009e-14 0)
(400 -3.73225e-14 0)
(400 -4.74303e-14 0)
(400 -4.75727e-14 0)
(400 -3.36296e-14 0)
(400 -2.68116e-14 0)
(400 -2.09475e-14 0)
(400 -1.93979e-14 0)
(400 -9.87012e-15 0)
(400 -8.5386e-15 0)
(400 -1.86445e-14 0)
(400 -2.01003e-14 0)
(400 -1.51492e-14 0)
(400 -7.51372e-15 0)
(400 7.9689e-15 0)
(400 9.14519e-15 0)
(400 8.43297e-15 0)
(400 2.2307e-14 0)
(400 2.89496e-14 0)
(400 3.37323e-14 0)
(400 3.27321e-14 0)
(400 4.61713e-14 0)
(400 5.10319e-14 0)
(400 3.95875e-14 0)
(400 2.7834e-14 0)
(400 2.04443e-14 0)
(400 1.4841e-14 0)
(400 1.44627e-14 0)
(400 9.28099e-15 0)
(400 8.90602e-15 0)
(400 -1.29437e-15 0)
(400 -1.49259e-14 0)
(400 -1.18227e-14 0)
(400 -2.77857e-15 0)
(400 -3.11561e-16 0)
(400 5.81378e-15 0)
(400 1.18311e-14 0)
(400 2.45497e-14 0)
(400 3.81848e-14 0)
(400 4.59996e-14 0)
(400 4.67943e-14 0)
(400 3.47083e-14 0)
(400 2.47001e-14 0)
(400 1.83092e-14 0)
(400 9.89923e-15 0)
(400 -7.87213e-15 0)
(400 -2.51104e-14 0)
(400 -3.46561e-14 0)
(400 -6.21587e-14 0)
(400 -9.84762e-14 0)
(400 -1.07949e-13 0)
(400 -8.11087e-14 0)
(400 -7.18347e-14 0)
(400 -7.35175e-14 0)
(400 -7.68091e-14 0)
(400 -5.8654e-14 0)
(400 -3.42269e-14 0)
(400 -2.18371e-14 0)
(400 -2.23418e-14 0)
(400 -2.18148e-14 0)
(400 -1.85665e-14 0)
(400 -8.37137e-15 0)
(400 6.77682e-15 0)
(400 -4.27062e-15 0)
(400 -1.06071e-14 0)
(400 -2.02847e-14 0)
(400 -3.43204e-14 0)
(400 -3.65733e-14 0)
(400 -3.48772e-14 0)
(400 -2.62104e-14 0)
(400 -3.78153e-14 0)
(400 -4.60663e-14 0)
(400 -5.2199e-14 0)
(400 -5.84798e-14 0)
(400 -4.70935e-14 0)
(400 -4.16896e-14 0)
(400 -2.91135e-14 0)
(400 2.66537e-15 0)
(400 2.18434e-14 0)
(400 3.6096e-14 0)
(400 2.70183e-14 0)
(400 2.33029e-14 0)
(400 3.18861e-14 0)
(400 2.72202e-14 0)
(400 5.206e-15 0)
(400 -2.54124e-14 0)
(400 -3.86368e-14 0)
(400 -4.64877e-14 0)
(400 -5.62255e-14 0)
(400 -5.75157e-14 0)
(400 -4.71646e-14 0)
(400 -3.97796e-14 0)
(400 -3.21675e-14 0)
(400 -1.24175e-14 0)
(400 2.3119e-15 0)
(400 1.24626e-15 0)
(400 1.12186e-14 0)
(400 5.38966e-15 0)
(400 1.00054e-14 0)
(400 9.428e-15 0)
(400 -2.13729e-14 0)
(400 -5.31965e-14 0)
(400 -7.40053e-14 0)
(400 -8.6879e-14 0)
(400 -8.51414e-14 0)
(400 -8.6199e-14 0)
(400 -6.15388e-14 0)
(400 -3.92811e-14 0)
(400 -1.77456e-14 0)
(400 4.85094e-15 0)
(400 4.21047e-14 0)
(400 7.32187e-14 0)
(400 7.92894e-14 0)
(400 1.01536e-13 0)
(400 1.00198e-13 0)
(400 9.66053e-14 0)
(400 9.57553e-14 0)
(400 8.28706e-14 0)
(400 6.17222e-14 0)
(400 3.31582e-14 0)
(400 2.22315e-14 0)
(400 2.1611e-14 0)
(400 3.74019e-15 0)
(400 -1.47786e-14 0)
(400 -4.1659e-14 0)
(400 -5.81363e-14 0)
(400 -5.40182e-14 0)
(400 -6.66234e-14 0)
(400 -5.06236e-14 0)
(400 -4.53886e-14 0)
(400 -2.08598e-14 0)
(400 -6.52616e-15 0)
(400 1.80901e-15 0)
(400 -2.67359e-16 0)
(400 6.64857e-16 0)
(400 2.45287e-14 0)
(400 2.06565e-14 0)
(400 -2.39126e-15 0)
(400 -3.01774e-15 0)
(400 -1.62287e-14 0)
(400 -2.46561e-14 0)
(400 -3.18437e-14 0)
(400 -5.98945e-14 0)
(400 -7.55937e-14 0)
(400 -5.61642e-14 0)
(400 -3.54853e-14 0)
(400 -3.5929e-14 0)
(400 -4.84569e-14 0)
(400 -4.13844e-14 0)
(400 -2.96551e-14 0)
(400 -2.38546e-14 0)
(400 -9.99209e-15 0)
(400 -1.76068e-14 0)
(400 -3.20083e-14 0)
(400 -3.43754e-14 0)
(400 -2.87205e-14 0)
(400 -1.58017e-14 0)
(400 1.00986e-14 0)
(400 2.22454e-14 0)
(400 2.27044e-14 0)
(400 3.99707e-14 0)
(400 3.80668e-14 0)
(400 1.54974e-14 0)
(400 9.30305e-15 0)
(400 -1.35306e-15 0)
(400 -3.1562e-15 0)
(400 2.03494e-14 0)
(400 4.176e-14 0)
(400 2.51852e-14 0)
(400 1.76919e-14 0)
(400 1.52385e-14 0)
(400 2.40161e-14 0)
(400 2.36144e-14 0)
(400 -3.85778e-15 0)
(400 -2.19221e-14 0)
(400 -1.21221e-14 0)
(400 -8.83281e-15 0)
(400 -1.69122e-14 0)
(400 -2.58527e-14 0)
(400 -5.21593e-15 0)
(400 2.66696e-14 0)
(400 3.26554e-14 0)
(400 3.08474e-14 0)
(400 1.60067e-14 0)
(400 -2.25323e-15 0)
(400 -1.43342e-14 0)
(400 -1.01576e-14 0)
(400 -1.07548e-14 0)
(400 -1.75027e-14 0)
(400 -7.80445e-15 0)
(400 1.71974e-15 0)
(400 -1.26285e-14 0)
(400 -1.13073e-14 0)
(400 -5.16146e-15 0)
(400 3.14268e-15 0)
(400 1.92837e-14 0)
(400 2.05764e-14 0)
(400 3.20711e-14 0)
(400 3.69981e-14 0)
(400 3.78419e-14 0)
(400 2.57586e-14 0)
(400 -1.52534e-15 0)
(400 -1.90018e-14 0)
(400 -3.13357e-14 0)
(400 -2.89989e-14 0)
(400 -1.59486e-14 0)
(400 -1.55759e-14 0)
(400 -1.13885e-14 0)
(400 3.52917e-15 0)
(400 2.7666e-14 0)
(400 1.16395e-14 0)
(400 1.54091e-14 0)
(400 2.54714e-14 0)
(400 1.6111e-14 0)
(400 1.7059e-14 0)
(400 3.59392e-14 0)
(400 4.14462e-14 0)
(400 2.66376e-14 0)
(400 8.44774e-15 0)
(400 5.8061e-15 0)
(400 1.90609e-14 0)
(400 7.02406e-15 0)
(400 -6.65319e-15 0)
(400 -2.61683e-14 0)
(400 -3.13449e-14 0)
(400 -4.04204e-14 0)
(400 -4.86151e-14 0)
(400 -2.82951e-14 0)
(400 -2.31822e-14 0)
(400 -3.81754e-14 0)
(400 -5.13196e-14 0)
(400 -6.0426e-14 0)
(400 -3.15082e-14 0)
(400 -5.76949e-15 0)
(400 9.36078e-15 0)
(400 -1.55846e-14 0)
(400 -2.88431e-14 0)
(400 -2.88522e-14 0)
(400 -1.75608e-14 0)
(400 -6.63814e-15 0)
(400 -3.80457e-15 0)
(400 4.61899e-15 0)
(400 -6.69099e-16 0)
(400 -1.49257e-14 0)
(400 -3.70363e-14 0)
(400 -5.77189e-14 0)
(400 -7.02918e-14 0)
(400 -6.40791e-14 0)
(400 -6.54734e-14 0)
(400 -8.06764e-14 0)
(400 -8.69976e-14 0)
(400 -9.15634e-14 0)
(400 -9.64838e-14 0)
(400 -9.09456e-14 0)
(400 -7.46003e-14 0)
(400 -4.96611e-14 0)
(400 -3.53664e-14 0)
(400 -2.48429e-14 0)
(400 -7.40324e-15 0)
(400 -1.59296e-15 0)
(400 5.22984e-15 0)
(400 1.89995e-14 0)
(400 2.19478e-14 0)
(400 -4.21538e-15 0)
(400 -6.60078e-15 0)
(400 -1.17e-14 0)
(400 -2.29379e-14 0)
(400 -4.04426e-14 0)
(400 -5.76908e-14 0)
(400 -5.80831e-14 0)
(400 -6.75091e-14 0)
(400 -8.05213e-14 0)
(400 -7.51263e-14 0)
(400 -5.46183e-14 0)
(400 -3.67497e-14 0)
(400 -2.54474e-14 0)
(400 2.13388e-15 0)
(400 3.2996e-14 0)
(400 3.78449e-14 0)
(400 3.88542e-14 0)
(400 4.93629e-14 0)
(400 5.74516e-14 0)
(400 4.85267e-14 0)
(400 3.29936e-14 0)
(400 1.26798e-14 0)
(400 -1.80917e-15 0)
(400 -2.82123e-14 0)
(400 -3.89496e-14 0)
(400 -3.64926e-14 0)
(400 -4.61107e-14 0)
(400 -5.34547e-14 0)
(400 -5.59864e-14 0)
(400 -5.95564e-14 0)
(400 -4.55139e-14 0)
(400 -4.04452e-14 0)
(400 -3.10148e-14 0)
(400 -2.05853e-14 0)
(400 -1.45701e-14 0)
(400 -7.36488e-15 0)
(400 -1.68964e-14 0)
(400 -3.87765e-14 0)
(400 -4.82598e-14 0)
(400 -6.49147e-14 0)
(400 -7.84045e-14 0)
(400 -8.92199e-14 0)
(400 -1.00507e-13 0)
(400 -9.39894e-14 0)
(400 -6.9516e-14 0)
(400 -3.8297e-14 0)
(400 -1.78532e-14 0)
(400 -1.16204e-15 0)
(400 2.72685e-14 0)
(400 4.98872e-14 0)
(400 6.57419e-14 0)
(400 6.37142e-14 0)
(400 4.79638e-14 0)
(400 6.04585e-14 0)
(400 6.30907e-14 0)
(400 6.02835e-14 0)
(400 3.95629e-14 0)
(400 1.61621e-14 0)
(400 3.51712e-15 0)
(400 -2.80757e-15 0)
(400 -1.72477e-14 0)
(400 -2.04024e-14 0)
(400 -3.07038e-14 0)
(400 -3.89476e-14 0)
(400 -3.67415e-14 0)
(400 -2.9909e-14 0)
(400 -2.2853e-14 0)
(400 -2.60794e-14 0)
(400 -1.40592e-14 0)
(400 7.83379e-15 0)
(400 1.7488e-14 0)
(400 1.88547e-14 0)
(400 1.28699e-14 0)
(400 1.04181e-14 0)
(400 1.30932e-15 0)
(400 -7.98043e-15 0)
(400 -1.48725e-14 0)
(400 -2.16464e-14 0)
(400 -2.13287e-14 0)
(400 -2.47172e-14 0)
(400 -3.08708e-14 0)
(400 -3.49371e-14 0)
(400 -1.10832e-14 0)
(400 -1.14623e-14 0)
(400 -2.12345e-14 0)
(400 -3.84632e-14 0)
(400 -5.50233e-14 0)
(400 -6.24655e-14 0)
(400 -7.32292e-14 0)
(400 -7.9068e-14 0)
(400 -8.27448e-14 0)
(400 -7.92729e-14 0)
(400 -6.63594e-14 0)
(400 -5.18266e-14 0)
(400 -4.16294e-14 0)
(400 -2.51475e-14 0)
(400 -1.136e-14 0)
(400 1.27876e-14 0)
(400 2.09791e-14 0)
(400 6.47875e-15 0)
(400 3.16441e-15 0)
(400 3.38111e-15 0)
(400 1.29753e-14 0)
(400 1.4723e-14 0)
(400 -5.29593e-15 0)
(400 -3.69384e-14 0)
(400 -2.72574e-14 0)
(400 -6.92086e-15 0)
(400 -2.8121e-15 0)
(400 -2.39946e-14 0)
(400 -3.65362e-14 0)
(400 -1.33356e-14 0)
(400 6.10993e-15 0)
(400 7.68185e-15 0)
(400 1.26378e-14 0)
(400 1.69246e-14 0)
(400 3.10844e-14 0)
(400 5.59683e-14 0)
(400 5.66636e-14 0)
(400 3.34273e-14 0)
(400 1.7297e-14 0)
(400 1.59498e-14 0)
(400 9.83876e-15 0)
(400 4.99945e-15 0)
(400 -8.04832e-15 0)
(400 -2.03721e-14 0)
(400 -1.38549e-14 0)
(400 -2.09516e-14 0)
(400 -2.1324e-14 0)
(400 -2.52192e-14 0)
(400 -4.20676e-14 0)
(400 -3.54441e-14 0)
(400 -1.06318e-14 0)
(400 6.6856e-16 0)
(400 -1.32599e-14 0)
(400 -2.21298e-14 0)
(400 -2.72163e-14 0)
(400 -2.17947e-14 0)
(400 -3.04954e-14 0)
(400 -4.04464e-14 0)
(400 -4.68114e-14 0)
(400 -5.97601e-14 0)
(400 -3.80114e-14 0)
(400 -2.46727e-14 0)
(400 -1.69877e-14 0)
(400 -7.68076e-15 0)
(400 1.23553e-14 0)
(400 1.08561e-14 0)
(400 1.89166e-14 0)
(400 2.68907e-14 0)
(400 2.82412e-14 0)
(400 3.75812e-14 0)
(400 4.45005e-14 0)
(400 4.61145e-14 0)
(400 1.79189e-14 0)
(400 5.03863e-15 0)
(400 8.01862e-15 0)
(400 1.15565e-14 0)
(400 -4.99404e-15 0)
(400 -3.45574e-14 0)
(400 -4.70178e-14 0)
(400 -3.70834e-14 0)
(400 -4.14391e-14 0)
(400 -4.83532e-14 0)
(400 -3.21511e-14 0)
(400 -2.2118e-14 0)
(400 -2.67339e-14 0)
(400 -1.81214e-14 0)
(400 4.5535e-15 0)
(400 3.93245e-14 0)
(400 5.54441e-14 0)
(400 6.50859e-14 0)
(400 5.62953e-14 0)
(400 5.48018e-14 0)
(400 5.35057e-14 0)
(400 5.62645e-14 0)
(400 5.26883e-14 0)
(400 6.22727e-14 0)
(400 7.98207e-14 0)
(400 7.95717e-14 0)
(400 6.75566e-14 0)
(400 6.40123e-14 0)
(400 4.88952e-14 0)
(400 4.09301e-14 0)
(400 1.35564e-14 0)
(400 8.76812e-16 0)
(400 6.30836e-15 0)
(400 -5.4542e-15 0)
(400 -5.71164e-14 0)
(400 -1.01622e-13 0)
(400 -1.05784e-13 0)
(400 -9.63895e-14 0)
(400 -9.05684e-14 0)
(400 -8.22508e-14 0)
(400 -7.53634e-14 0)
(400 -5.05373e-14 0)
(400 -3.23732e-14 0)
(400 -1.422e-14 0)
(400 -5.45348e-15 0)
(400 4.42431e-14 0)
(400 4.65563e-14 0)
(400 3.26591e-14 0)
(400 1.91183e-14 0)
(400 1.58065e-14 0)
(400 1.3214e-14 0)
(400 -6.88092e-15 0)
(400 -3.59599e-14 0)
(400 -3.59707e-14 0)
(400 -2.51519e-14 0)
(400 -2.22695e-16 0)
(400 2.40106e-14 0)
(400 1.98949e-14 0)
(400 3.35558e-14 0)
(400 5.87573e-14 0)
(400 7.00766e-14 0)
(400 4.71406e-14 0)
(400 1.48978e-14 0)
(400 2.84727e-14 0)
(400 2.42485e-14 0)
(400 1.65642e-14 0)
(400 1.9131e-14 0)
(400 1.4663e-14 0)
(400 5.36677e-15 0)
(400 7.57284e-15 0)
(400 8.45292e-15 0)
(400 1.0605e-14 0)
(400 4.99294e-15 0)
(400 -1.17428e-15 0)
(400 4.27726e-15 0)
(400 -1.81765e-14 0)
(400 -3.2186e-14 0)
(400 -3.42687e-14 0)
(400 -1.04436e-14 0)
(400 -2.18036e-15 0)
(400 6.33515e-15 0)
(400 -1.22064e-14 0)
(400 -4.34945e-14 0)
(400 -6.01644e-14 0)
(400 -4.38327e-14 0)
(400 -3.49036e-14 0)
(400 -3.78584e-14 0)
(400 -5.6397e-14 0)
(400 -5.07213e-14 0)
(400 -3.50449e-14 0)
(400 -2.1424e-14 0)
(400 -2.68672e-15 0)
(400 1.62631e-14 0)
(400 3.32368e-14 0)
(400 4.27208e-14 0)
(400 4.6895e-14 0)
(400 5.15811e-14 0)
(400 5.38062e-14 0)
(400 3.631e-14 0)
(400 4.16868e-14 0)
(400 4.1079e-14 0)
(400 3.46828e-14 0)
(400 3.0346e-14 0)
(400 7.30274e-15 0)
(400 -1.40148e-14 0)
(400 -2.41706e-14 0)
(400 -4.16708e-14 0)
(400 -3.81018e-14 0)
(400 -3.60269e-14 0)
(400 -4.20613e-14 0)
(400 -3.77387e-14 0)
(400 -3.85047e-14 0)
(400 -2.81078e-14 0)
(400 -3.4041e-14 0)
(400 -3.50838e-14 0)
(400 -1.03949e-14 0)
(400 -2.65944e-15 0)
(400 -1.27364e-14 0)
(400 -1.36667e-14 0)
(400 -2.72512e-14 0)
(400 -2.36973e-14 0)
(400 -2.69842e-14 0)
(400 -2.36769e-14 0)
(400 -2.49627e-14 0)
(400 -2.73475e-14 0)
(400 -1.29548e-14 0)
(400 -1.49082e-14 0)
(400 -3.51826e-14 0)
(400 -3.74685e-14 0)
(400 -3.45511e-14 0)
(400 -3.07411e-14 0)
(400 -2.61545e-14 0)
(400 -3.4636e-14 0)
(400 -5.18825e-14 0)
(400 -5.91672e-14 0)
(400 -4.4092e-14 0)
(400 -2.73621e-14 0)
(400 -9.07676e-15 0)
(400 8.01997e-15 0)
(400 2.82855e-14 0)
(400 4.47973e-14 0)
(400 5.1633e-14 0)
(400 6.11389e-14 0)
(400 6.21074e-14 0)
(400 5.31835e-14 0)
(400 5.57165e-14 0)
(400 4.33635e-14 0)
(400 4.8167e-14 0)
(400 4.26978e-14 0)
(400 7.97541e-15 0)
(400 -2.81301e-14 0)
(400 -4.11934e-14 0)
(400 -3.89377e-14 0)
(400 -4.95872e-14 0)
(400 -6.42538e-14 0)
(400 -7.12939e-14 0)
(400 -5.08126e-14 0)
(400 -1.71881e-14 0)
(400 -1.57222e-14 0)
(400 -7.06193e-15 0)
(400 5.88342e-15 0)
(400 1.17118e-14 0)
(400 1.71069e-14 0)
(400 1.84612e-14 0)
(400 2.82575e-14 0)
(400 3.8237e-14 0)
(400 4.188e-14 0)
(400 4.37344e-14 0)
(400 4.42556e-14 0)
(400 4.56747e-14 0)
(400 4.04165e-14 0)
(400 2.78616e-14 0)
(400 1.92149e-14 0)
(400 3.25432e-15 0)
(400 1.67279e-14 0)
(400 1.63731e-14 0)
(400 -2.18875e-15 0)
(400 -5.60042e-15 0)
(400 -4.593e-16 0)
(400 -1.02764e-15 0)
(400 -2.0579e-14 0)
(400 -2.30979e-14 0)
(400 -1.54551e-14 0)
(400 -4.88324e-15 0)
(400 1.489e-15 0)
(400 -9.11866e-16 0)
(400 1.12817e-14 0)
(400 1.90017e-14 0)
(400 1.89127e-14 0)
(400 1.86795e-14 0)
(400 3.54998e-14 0)
(400 2.89142e-14 0)
(400 8.76832e-15 0)
(400 8.17051e-15 0)
(400 5.76737e-15 0)
(400 6.36472e-15 0)
(400 6.23747e-15 0)
(400 1.97718e-15 0)
(400 -5.99456e-15 0)
(400 -1.32326e-14 0)
(400 -2.17072e-14 0)
(400 -2.21183e-14 0)
(400 -3.48353e-14 0)
(400 -4.32292e-14 0)
(400 -3.74484e-14 0)
(400 -4.20769e-14 0)
(400 -4.31805e-14 0)
(400 -3.87012e-14 0)
(400 -2.84627e-14 0)
(400 -1.49433e-14 0)
(400 7.0797e-15 0)
(400 1.32708e-14 0)
(400 5.78754e-15 0)
(400 2.03457e-15 0)
(400 7.8336e-15 0)
(400 9.59555e-15 0)
(400 -5.14507e-15 0)
(400 -5.68129e-15 0)
(400 -2.95339e-15 0)
(400 1.00788e-15 0)
(400 -1.0306e-14 0)
(400 -1.32893e-14 0)
(400 4.90642e-15 0)
(400 1.34927e-14 0)
(400 -8.78435e-16 0)
(400 -1.01315e-14 0)
(400 -4.99245e-15 0)
(400 3.47838e-15 0)
(400 1.69135e-15 0)
(400 -1.64134e-14 0)
(400 -3.07082e-14 0)
(400 -3.28865e-14 0)
(400 -3.8747e-14 0)
(400 -4.02644e-14 0)
(400 -6.57274e-14 0)
(400 -6.41261e-14 0)
(400 -6.56308e-14 0)
(400 -7.06805e-14 0)
(400 -5.15566e-14 0)
(400 -3.78777e-14 0)
(400 -6.66535e-15 0)
(400 1.03428e-14 0)
(400 1.69889e-14 0)
(400 1.38766e-14 0)
(400 3.33417e-15 0)
)
;

boundaryField
{
    cyclic1
    {
        type            cyclic;
    }
    cyclic2
    {
        type            cyclic;
    }
    frontAndBack
    {
        type            empty;
    }
    outlet
    {
        type            zeroGradient;
    }
    inlet
    {
        type            fixedValue;
        value           uniform (400 0 0);
    }
}


// ************************************************************************* //
