/*--------------------------------*- C++ -*----------------------------------*\
  =========                 |
  \\      /  F ield         | OpenFOAM: The Open Source CFD Toolbox
   \\    /   O peration     | Website:  https://openfoam.org
    \\  /    A nd           | Version:  6
     \\/     M anipulation  |
\*---------------------------------------------------------------------------*/
FoamFile
{
    version     2.0;
    format      ascii;
    class       surfaceScalarField;
    location    "387";
    object      phi;
}
// * * * * * * * * * * * * * * * * * * * * * * * * * * * * * * * * * * * * * //

dimensions      [0 3 -1 0 0 0 0];

internalField   nonuniform List<scalar> 
6280
(
1
-3.84363e-09
1
-5.92284e-09
1
-7.56873e-09
1
-8.79638e-09
1
-9.61778e-09
1
-1.00379e-08
1
-1.00558e-08
1
-9.66409e-09
1
-8.85334e-09
1
-7.60834e-09
1
-5.91269e-09
1
-3.74337e-09
1
-1.07684e-09
1
2.11917e-09
1
5.87753e-09
1
1.02426e-08
1
1.5255e-08
1
2.09591e-08
1
2.74413e-08
1
4.43725e-07
0.999999
0.204458
0.999999
0.374833
0.999999
0.518764
0.999999
0.64185
0.999999
0.747985
0.999999
0.840159
0.999999
0.92074
0.999999
0.991598
0.999999
1.05422
0.999999
1.10982
0.999999
1.15938
0.999999
1.20371
0.999999
1.2435
0.999999
1.2793
0.999999
1.31161
0.999999
1.34084
0.999999
1.36733
0.999998
1.39138
0.999998
1.41326
0.999998
1.4332
0.999998
1.45139
0.999998
1.46801
0.999998
1.48321
0.999998
1.49712
0.999998
1.50988
0.999998
1.52159
0.999998
1.53233
0.999998
1.54221
0.999998
1.55129
0.999998
1.55964
0.999998
1.56733
0.999998
1.57441
0.999997
1.58094
0.999997
1.58696
0.999997
1.59252
0.999997
1.59764
0.999997
1.60237
0.999997
1.60674
0.999997
1.61077
0.999997
1.6145
0.999997
1.6145
0.999997
1.6145
0.999997
1.6145
0.999997
1.6145
0.999997
1.6145
0.999997
1.6145
0.999997
1.6145
0.999997
1.6145
0.999996
1.6145
0.999996
1.6145
0.999996
1.6145
0.999996
1.6145
0.999996
1.6145
0.999996
1.6145
0.999996
1.6145
0.999996
1.6145
0.999996
1.6145
0.999996
1.6145
0.999996
1.6145
1.6145
1
-2.93063e-09
1
-3.94855e-09
1
-4.44399e-09
1
-4.41935e-09
1
-3.86719e-09
1
-2.77199e-09
1
-1.10277e-09
1
1.17503e-09
1
4.11078e-09
1
7.75629e-09
1
1.2182e-08
1
1.74611e-08
1
2.36909e-08
1
3.09734e-08
1
3.94412e-08
1
4.92342e-08
1
6.05354e-08
1
7.35265e-08
1
8.8469e-08
1
5.14705e-07
0.999999
0.204458
0.999999
0.374833
0.999999
0.518764
0.999999
0.64185
0.999999
0.747985
0.999999
0.840159
0.999999
0.92074
0.999999
0.991598
0.999999
1.05422
0.999999
1.10982
0.999999
1.15938
0.999999
1.20371
0.999999
1.2435
0.999999
1.2793
0.999999
1.31161
0.999999
1.34084
0.999999
1.36733
0.999999
1.39138
0.999998
1.41326
0.999998
1.4332
0.999998
1.45139
0.999998
1.46801
0.999998
1.48321
0.999998
1.49712
0.999998
1.50988
0.999998
1.52159
0.999998
1.53233
0.999998
1.54221
0.999998
1.55129
0.999998
1.55964
0.999998
1.56733
0.999998
1.57441
0.999998
1.58094
0.999998
1.58696
0.999997
1.59252
0.999997
1.59764
0.999997
1.60237
0.999997
1.60674
0.999997
1.61077
0.999997
1.6145
0.999997
1.6145
0.999997
1.6145
0.999997
1.6145
0.999997
1.6145
0.999997
1.6145
0.999997
1.6145
0.999997
1.6145
0.999997
1.6145
0.999997
1.6145
0.999996
1.6145
0.999996
1.6145
0.999996
1.6145
0.999996
1.6145
0.999996
1.6145
0.999996
1.6145
0.999996
1.6145
0.999996
1.6145
0.999996
1.6145
0.999996
1.6145
1.6145
1
-1.98548e-09
1
-1.88553e-09
1
-1.20979e-09
1
6.8472e-11
1
1.9794e-09
1
4.56425e-09
1
7.87793e-09
1
1.19878e-08
1
1.69746e-08
1
2.29339e-08
1
2.99786e-08
1
3.8242e-08
1
4.78797e-08
1
5.90756e-08
1
7.20442e-08
1
8.70401e-08
1
1.0436e-07
1
1.24347e-07
1
1.47466e-07
1
5.83267e-07
0.999999
0.204459
0.999999
0.374833
0.999999
0.518764
0.999999
0.64185
0.999999
0.747985
0.999999
0.840159
0.999999
0.92074
0.999999
0.991598
0.999999
1.05422
0.999999
1.10982
0.999999
1.15938
0.999999
1.20371
0.999999
1.2435
0.999999
1.2793
0.999999
1.31161
0.999999
1.34084
0.999999
1.36733
0.999999
1.39138
0.999999
1.41326
0.999999
1.4332
0.999998
1.45139
0.999998
1.46801
0.999998
1.48321
0.999998
1.49712
0.999998
1.50988
0.999998
1.52159
0.999998
1.53233
0.999998
1.54221
0.999998
1.55129
0.999998
1.55964
0.999998
1.56733
0.999998
1.57441
0.999998
1.58094
0.999998
1.58696
0.999998
1.59252
0.999998
1.59764
0.999997
1.60237
0.999997
1.60674
0.999997
1.61077
0.999997
1.6145
0.999997
1.6145
0.999997
1.6145
0.999997
1.6145
0.999997
1.6145
0.999997
1.6145
0.999997
1.6145
0.999997
1.6145
0.999997
1.6145
0.999997
1.6145
0.999997
1.6145
0.999997
1.6145
0.999996
1.6145
0.999996
1.6145
0.999996
1.6145
0.999996
1.6145
0.999996
1.6145
0.999996
1.6145
0.999996
1.6145
0.999996
1.6145
1.6145
1
-9.50597e-10
1
2.36405e-10
1
2.05797e-09
1
4.55669e-09
1
7.77962e-09
1
1.17899e-08
1
1.66671e-08
1
2.25072e-08
1
2.94232e-08
1
3.75487e-08
1
4.70405e-08
1
5.80832e-08
1
7.08936e-08
1
8.57258e-08
1
1.02879e-07
1
1.22703e-07
1
1.45616e-07
1
1.72101e-07
1
2.02746e-07
1
6.47405e-07
1
0.204459
0.999999
0.374833
0.999999
0.518764
0.999999
0.64185
0.999999
0.747985
0.999999
0.840159
0.999999
0.92074
0.999999
0.991598
0.999999
1.05422
0.999999
1.10982
0.999999
1.15938
0.999999
1.20371
0.999999
1.2435
0.999999
1.2793
0.999999
1.31161
0.999999
1.34084
0.999999
1.36733
0.999999
1.39138
0.999999
1.41326
0.999999
1.4332
0.999999
1.45139
0.999999
1.46801
0.999999
1.48321
0.999998
1.49712
0.999998
1.50988
0.999998
1.52159
0.999998
1.53233
0.999998
1.54221
0.999998
1.55129
0.999998
1.55964
0.999998
1.56733
0.999998
1.57442
0.999998
1.58094
0.999998
1.58696
0.999998
1.59252
0.999998
1.59764
0.999998
1.60237
0.999998
1.60674
0.999998
1.61077
0.999998
1.6145
0.999998
1.6145
0.999998
1.6145
0.999998
1.6145
0.999997
1.6145
0.999997
1.6145
0.999997
1.6145
0.999997
1.6145
0.999997
1.6145
0.999997
1.6145
0.999997
1.6145
0.999997
1.6145
0.999997
1.6145
0.999997
1.6145
0.999997
1.6145
0.999996
1.6145
0.999996
1.6145
0.999996
1.6145
0.999996
1.6145
0.999996
1.6145
1.6145
1
6.87961e-11
1
2.34078e-09
1
5.27223e-09
1
8.93081e-09
1
1.33865e-08
1
1.87232e-08
1
2.50439e-08
1
3.247e-08
1
4.11448e-08
1
5.12358e-08
1
6.29406e-08
1
7.64903e-08
1
9.21568e-08
1
1.10259e-07
1
1.31171e-07
1
1.55333e-07
1
1.83263e-07
1
2.15567e-07
1
2.52993e-07
1
7.0551e-07
1
0.204459
1
0.374833
0.999999
0.518764
0.999999
0.64185
0.999999
0.747985
0.999999
0.840159
0.999999
0.92074
0.999999
0.991598
0.999999
1.05422
0.999999
1.10982
0.999999
1.15938
0.999999
1.20371
0.999999
1.2435
0.999999
1.2793
0.999999
1.31161
0.999999
1.34084
0.999999
1.36733
0.999999
1.39138
0.999999
1.41326
0.999999
1.4332
0.999999
1.45139
0.999999
1.46801
0.999999
1.48321
0.999999
1.49713
0.999999
1.50988
0.999999
1.52159
0.999998
1.53233
0.999998
1.54221
0.999998
1.55129
0.999998
1.55964
0.999998
1.56733
0.999998
1.57442
0.999998
1.58094
0.999998
1.58696
0.999998
1.59252
0.999998
1.59764
0.999998
1.60237
0.999998
1.60674
0.999998
1.61077
0.999998
1.6145
0.999998
1.6145
0.999998
1.6145
0.999998
1.6145
0.999998
1.6145
0.999998
1.6145
0.999998
1.6145
0.999998
1.6145
0.999997
1.6145
0.999997
1.6145
0.999997
1.6145
0.999997
1.6145
0.999997
1.6145
0.999997
1.6145
0.999997
1.6145
0.999997
1.6145
0.999997
1.6145
0.999997
1.6145
0.999996
1.6145
0.999996
1.6145
1.6145
1
1.12388e-09
1
4.39891e-09
1
8.35922e-09
1
1.30866e-08
1
1.86648e-08
1
2.51966e-08
1
3.28046e-08
1
4.16339e-08
1
5.18532e-08
1
6.36612e-08
1
7.72897e-08
1
9.30121e-08
1
1.11147e-07
1
1.32071e-07
1
1.56224e-07
1
1.84122e-07
1
2.16374e-07
1
2.53696e-07
1
2.9691e-07
1
7.56222e-07
1
0.204459
1
0.374833
1
0.518764
1
0.64185
1
0.747985
1
0.840159
0.999999
0.92074
0.999999
0.991598
0.999999
1.05422
0.999999
1.10982
0.999999
1.15938
0.999999
1.20371
0.999999
1.2435
0.999999
1.2793
0.999999
1.31161
0.999999
1.34084
0.999999
1.36733
0.999999
1.39138
0.999999
1.41326
0.999999
1.4332
0.999999
1.45139
0.999999
1.46801
0.999999
1.48321
0.999999
1.49713
0.999999
1.50988
0.999999
1.52159
0.999999
1.53233
0.999999
1.54221
0.999999
1.55129
0.999999
1.55964
0.999999
1.56733
0.999998
1.57442
0.999998
1.58094
0.999998
1.58696
0.999998
1.59252
0.999998
1.59764
0.999998
1.60237
0.999998
1.60674
0.999998
1.61077
0.999998
1.6145
0.999998
1.6145
0.999998
1.6145
0.999998
1.6145
0.999998
1.6145
0.999998
1.6145
0.999998
1.6145
0.999998
1.6145
0.999998
1.6145
0.999998
1.6145
0.999998
1.6145
0.999998
1.6145
0.999998
1.6145
0.999997
1.6145
0.999997
1.6145
0.999997
1.6145
0.999997
1.6145
0.999997
1.6145
0.999997
1.6145
0.999997
1.6145
1.6145
1
2.11598e-09
1
6.33751e-09
1
1.12375e-08
1
1.69179e-08
1
2.34816e-08
1
3.1047e-08
1
3.97551e-08
1
4.97694e-08
1
6.12818e-08
1
7.45149e-08
1
8.97315e-08
1
1.07238e-07
1
1.27394e-07
1
1.50622e-07
1
1.77416e-07
1
2.08358e-07
1
2.44129e-07
1
2.85526e-07
1
3.33494e-07
1
7.98297e-07
1
0.204459
1
0.374833
1
0.518764
1
0.64185
1
0.747985
1
0.840159
1
0.92074
1
0.991598
1
1.05422
1
1.10982
1
1.15938
1
1.20371
1
1.2435
1
1.2793
0.999999
1.31161
0.999999
1.34084
0.999999
1.36733
0.999999
1.39138
0.999999
1.41326
0.999999
1.4332
0.999999
1.45139
0.999999
1.46801
0.999999
1.48321
0.999999
1.49713
0.999999
1.50988
0.999999
1.52159
0.999999
1.53233
0.999999
1.54221
0.999999
1.55129
0.999999
1.55964
0.999999
1.56733
0.999999
1.57442
0.999999
1.58094
0.999999
1.58696
0.999999
1.59252
0.999999
1.59764
0.999999
1.60237
0.999999
1.60674
0.999999
1.61077
0.999999
1.6145
0.999999
1.6145
0.999999
1.6145
0.999999
1.6145
0.999999
1.6145
0.999999
1.6145
0.999998
1.6145
0.999998
1.6145
0.999998
1.6145
0.999998
1.6145
0.999998
1.6145
0.999998
1.6145
0.999998
1.6145
0.999998
1.6145
0.999998
1.6145
0.999998
1.6145
0.999998
1.6145
0.999998
1.6145
0.999997
1.6145
0.999997
1.6145
1.6145
1
3.08813e-09
1
8.13037e-09
1
1.38415e-08
1
2.03342e-08
1
2.77212e-08
1
3.61343e-08
1
4.57274e-08
1
5.66805e-08
1
6.92013e-08
1
8.3534e-08
1
9.99624e-08
1
1.18821e-07
1
1.405e-07
1
1.65458e-07
1
1.94232e-07
1
2.27451e-07
1
2.65853e-07
1
3.1031e-07
1
3.61797e-07
1
8.30744e-07
1
0.204459
1
0.374833
1
0.518764
1
0.64185
1
0.747985
1
0.840159
1
0.92074
1
0.991598
1
1.05422
1
1.10982
1
1.15938
1
1.20371
1
1.2435
1
1.2793
1
1.31161
1
1.34084
1
1.36733
1
1.39138
1
1.41326
1
1.4332
1
1.45139
1
1.46801
0.999999
1.48321
0.999999
1.49713
0.999999
1.50988
0.999999
1.52159
0.999999
1.53233
0.999999
1.54221
0.999999
1.55129
0.999999
1.55964
0.999999
1.56733
0.999999
1.57442
0.999999
1.58094
0.999999
1.58696
0.999999
1.59252
0.999999
1.59764
0.999999
1.60237
0.999999
1.60674
0.999999
1.61077
0.999999
1.6145
0.999999
1.6145
0.999999
1.6145
0.999999
1.6145
0.999999
1.6145
0.999999
1.6145
0.999999
1.6145
0.999999
1.6145
0.999999
1.6145
0.999999
1.6145
0.999999
1.6145
0.999999
1.6145
0.999999
1.6145
0.999998
1.6145
0.999998
1.6145
0.999998
1.6145
0.999998
1.6145
0.999998
1.6145
0.999998
1.6145
0.999998
1.6145
1.6145
1
3.95556e-09
1
9.71324e-09
1
1.61018e-08
1
2.32477e-08
1
3.12765e-08
1
4.03295e-08
1
5.05719e-08
1
6.21932e-08
1
7.54149e-08
1
9.0493e-08
1
1.07729e-07
1
1.27474e-07
1
1.50142e-07
1
1.76213e-07
1
2.06256e-07
1
2.40931e-07
1
2.81016e-07
1
3.27421e-07
1
3.81195e-07
1
8.52768e-07
1
0.204459
1
0.374833
1
0.518764
1
0.64185
1
0.747985
1
0.840159
1
0.92074
1
0.991598
1
1.05422
1
1.10982
1
1.15938
1
1.20371
1
1.2435
1
1.2793
1
1.31161
1
1.34084
1
1.36733
1
1.39138
1
1.41326
1
1.4332
1
1.45139
1
1.46801
1
1.48321
1
1.49713
1
1.50988
1
1.52159
1
1.53233
1
1.54221
1
1.55129
1
1.55964
1
1.56733
1
1.57442
1
1.58094
0.999999
1.58696
0.999999
1.59252
0.999999
1.59764
0.999999
1.60237
0.999999
1.60674
1
1.61077
1
1.6145
1
1.6145
1
1.6145
1
1.6145
1
1.6145
1
1.6145
0.999999
1.6145
0.999999
1.6145
0.999999
1.6145
0.999999
1.6145
0.999999
1.6145
0.999999
1.6145
0.999999
1.6145
0.999999
1.6145
0.999999
1.6145
0.999999
1.6145
0.999999
1.6145
0.999999
1.6145
0.999999
1.6145
0.999999
1.6145
1.6145
1
4.74961e-09
1
1.10654e-08
1
1.79681e-08
1
2.55905e-08
1
3.40628e-08
1
4.35334e-08
1
5.41721e-08
1
6.61761e-08
1
7.97719e-08
1
9.52247e-08
1
1.12843e-07
1
1.32989e-07
1
1.56085e-07
1
1.82628e-07
1
2.13197e-07
1
2.48475e-07
1
2.89252e-07
1
3.36473e-07
1
3.91173e-07
1
8.6386e-07
1
0.204459
1
0.374833
1
0.518764
1
0.64185
1
0.747985
1
0.840159
1
0.92074
1
0.991598
1
1.05422
1
1.10982
1
1.15938
1
1.20371
1
1.2435
1
1.2793
1
1.31161
1
1.34084
1
1.36733
1
1.39138
1
1.41326
1
1.4332
1
1.45139
1
1.46801
1
1.48321
1
1.49713
1
1.50988
1
1.52159
1
1.53233
1
1.54221
1
1.55129
1
1.55964
1
1.56733
1
1.57442
1
1.58094
1
1.58696
1
1.59252
1
1.59764
1
1.60237
1
1.60674
1
1.61077
1
1.6145
1
1.6145
1
1.6145
1
1.6145
1
1.6145
1
1.6145
1
1.6145
1
1.6145
1
1.6145
1
1.6145
1
1.6145
1
1.6145
1
1.6145
1
1.6145
1
1.6145
1
1.6145
0.999999
1.6145
0.999999
1.6145
0.999999
1.6145
0.999999
1.6145
1.6145
1
5.40743e-09
1
1.21376e-08
1
1.93893e-08
1
2.73011e-08
1
3.60091e-08
1
4.56634e-08
1
5.64372e-08
1
6.85277e-08
1
8.21638e-08
1
9.761e-08
1
1.15177e-07
1
1.35227e-07
1
1.58184e-07
1
1.84544e-07
1
2.14889e-07
1
2.49897e-07
1
2.90366e-07
1
3.37229e-07
1
3.91543e-07
1
8.63753e-07
1
0.204459
1
0.374833
1
0.518764
1
0.64185
1
0.747985
1
0.840159
1
0.92074
1
0.991598
1
1.05422
1
1.10982
1
1.15938
1
1.20371
1
1.2435
1
1.2793
1
1.31161
1
1.34084
1
1.36733
1
1.39138
1
1.41326
1
1.4332
1
1.45139
1
1.46801
1
1.48321
1
1.49713
1
1.50988
1
1.52159
1
1.53233
1
1.54221
1
1.55129
1
1.55964
1
1.56733
1
1.57442
1
1.58094
1
1.58696
1
1.59252
1
1.59764
1
1.60237
1
1.60674
1
1.61077
1
1.6145
1
1.6145
1
1.6145
1
1.6145
1
1.6145
1
1.6145
1
1.6145
1
1.6145
1
1.6145
1
1.6145
1
1.6145
1
1.6145
1
1.6145
1
1.6145
1
1.6145
1
1.6145
1
1.6145
1
1.6145
1
1.6145
1
1.6145
1.6145
1
5.94567e-09
1
1.29168e-08
1
2.03354e-08
1
2.83414e-08
1
3.70699e-08
1
4.66709e-08
1
5.73138e-08
1
6.91937e-08
1
8.25334e-08
1
9.75936e-08
1
1.14676e-07
1
1.34137e-07
1
1.56389e-07
1
1.81918e-07
1
2.1129e-07
1
2.45172e-07
1
2.84334e-07
1
3.297e-07
1
3.82267e-07
1
8.52467e-07
1
0.204459
1
0.374833
1
0.518764
1
0.64185
1
0.747985
1
0.840159
1
0.92074
1
0.991598
1
1.05422
1
1.10982
1
1.15938
1
1.20371
1
1.2435
1
1.2793
1
1.31161
1
1.34084
1
1.36733
1
1.39138
1
1.41326
1
1.4332
1
1.45139
1
1.46801
1
1.48321
1
1.49713
1
1.50988
1
1.52159
1
1.53233
1
1.54221
1
1.55129
1
1.55964
1
1.56733
1
1.57442
1
1.58094
1
1.58696
1
1.59252
1
1.59764
1
1.60237
1
1.60674
1
1.61077
1
1.6145
1
1.6145
1
1.6145
1
1.6145
1
1.6145
1
1.6145
1
1.6145
1
1.6145
1
1.6145
1
1.6145
1
1.6145
1
1.6145
1
1.6145
1
1.6145
1
1.6145
1
1.6145
1
1.6145
1
1.6145
1
1.6145
1
1.6145
1.6145
1
6.32951e-09
1
1.33734e-08
1
2.07786e-08
1
2.86821e-08
1
3.72169e-08
1
4.65278e-08
1
5.67788e-08
1
6.81551e-08
1
8.08712e-08
1
9.51741e-08
1
1.11353e-07
1
1.29745e-07
1
1.50746e-07
1
1.74816e-07
1
2.02496e-07
1
2.34414e-07
1
2.71313e-07
1
3.14057e-07
1
3.6361e-07
1
8.30289e-07
1
0.204459
1
0.374833
1
0.518764
1
0.64185
1
0.747985
1
0.840159
1
0.92074
1
0.991598
1
1.05422
1
1.10982
1
1.15938
1
1.20371
1
1.2435
1
1.2793
1
1.31161
1
1.34084
1
1.36733
1
1.39138
1
1.41326
1
1.4332
1
1.45139
1
1.46801
1
1.48321
1
1.49713
1
1.50988
1
1.52159
1
1.53233
1
1.54221
1
1.55129
1
1.55964
1
1.56733
1
1.57442
1
1.58094
1
1.58696
1
1.59252
1
1.59764
1
1.60237
1
1.60674
1
1.61077
1
1.6145
1
1.6145
1
1.6145
1
1.6145
1
1.6145
1
1.6145
1
1.6145
1
1.6145
1
1.6145
1
1.6145
1
1.6145
1
1.6145
1
1.6145
1
1.6145
1
1.6145
1
1.6145
1
1.6145
1
1.6145
1
1.6145
1
1.6145
1.6145
1
6.55931e-09
1
1.35034e-08
1
2.07121e-08
1
2.83183e-08
1
3.64488e-08
1
4.52409e-08
1
5.48468e-08
1
6.54402e-08
1
7.7219e-08
1
9.04133e-08
1
1.0529e-07
1
1.22162e-07
1
1.41394e-07
1
1.63414e-07
1
1.88719e-07
1
2.17896e-07
1
2.5162e-07
1
2.90705e-07
1
3.36018e-07
1
7.97764e-07
1
0.204459
1
0.374833
1
0.518764
1
0.64185
1
0.747984
1
0.840159
1
0.92074
1
0.991598
1
1.05422
1
1.10982
1
1.15938
1
1.20371
1
1.2435
1
1.2793
1
1.31161
1
1.34084
1
1.36733
1
1.39138
1
1.41326
1
1.4332
1
1.45139
1
1.46801
1
1.48321
1
1.49713
1
1.50988
1
1.52159
1
1.53233
1
1.54221
1
1.55129
1
1.55964
1
1.56733
1
1.57442
1
1.58094
1
1.58696
1
1.59252
1
1.59764
1
1.60237
1
1.60674
1
1.61077
1
1.6145
1
1.6145
1
1.6145
1
1.6145
1
1.6145
1
1.6145
1
1.6145
1
1.6145
1
1.6145
1
1.6145
1
1.6145
1
1.6145
1
1.6145
1
1.6145
1
1.6145
1
1.6145
1
1.6145
1
1.6145
1
1.6145
1
1.6145
1.6145
1
6.63171e-09
1
1.33e-08
1
2.0134e-08
1
2.72559e-08
1
3.47827e-08
1
4.28393e-08
1
5.15646e-08
1
6.11141e-08
1
7.16666e-08
1
8.34275e-08
1
9.66371e-08
1
1.11574e-07
1
1.28566e-07
1
1.47995e-07
1
1.70307e-07
1
1.96021e-07
1
2.25751e-07
1
2.60209e-07
1
3.00181e-07
1
7.55708e-07
1
0.204459
1
0.374833
1
0.518764
1
0.641849
1
0.747984
1
0.840159
1
0.92074
1
0.991598
1
1.05422
1
1.10982
1
1.15938
1
1.20371
1
1.2435
1
1.2793
1
1.31161
1
1.34084
1
1.36733
1
1.39138
1
1.41326
1
1.4332
1
1.45139
1
1.46801
1
1.48321
1
1.49713
1
1.50988
1
1.52159
1
1.53233
1
1.54221
1
1.55129
1
1.55964
1
1.56733
1
1.57442
1
1.58094
1
1.58696
1
1.59252
1
1.59764
1
1.60237
1
1.60674
1
1.61077
1
1.6145
1
1.6145
1
1.6145
1
1.6145
1
1.6145
1
1.6145
1
1.6145
1
1.6145
1
1.6145
1
1.6145
1
1.6145
1
1.6145
1
1.6145
1
1.6145
1
1.6145
1
1.6145
1
1.6145
1
1.6145
1
1.6145
1
1.6145
1.6145
1
6.53071e-09
1
1.27683e-08
1
1.90616e-08
1
2.55239e-08
1
3.22612e-08
1
3.93844e-08
1
4.70138e-08
1
5.52849e-08
1
6.43509e-08
1
7.43896e-08
1
8.56064e-08
1
9.82419e-08
1
1.12576e-07
1
1.28937e-07
1
1.47706e-07
1
1.69333e-07
1
1.94334e-07
1
2.23329e-07
1
2.56982e-07
1
7.0514e-07
1
0.204459
1
0.374833
1
0.518763
1
0.641849
1
0.747984
1
0.840159
1
0.92074
1
0.991598
1
1.05422
1
1.10982
1
1.15938
1
1.20371
1
1.2435
1
1.2793
1
1.31161
1
1.34084
1
1.36733
1
1.39138
1
1.41326
1
1.4332
1
1.45139
1
1.46801
1
1.48321
1
1.49713
1
1.50988
1
1.52159
1
1.53233
1
1.54221
1
1.55129
1
1.55964
1
1.56733
1
1.57442
1
1.58094
1
1.58696
1
1.59252
1
1.59764
1
1.60237
1
1.60674
1
1.61077
1
1.6145
1
1.6145
1
1.6145
1
1.6145
1
1.6145
1
1.6145
1
1.6145
1
1.6145
1
1.6145
1
1.6145
1
1.6145
1
1.6145
1
1.6145
1
1.6145
1
1.6145
1
1.6145
1
1.6145
1
1.6145
1
1.6145
1
1.6145
1.6145
1
6.28468e-09
1
1.19249e-08
1
1.75191e-08
1
2.31627e-08
1
2.89452e-08
1
3.49596e-08
1
4.1306e-08
1
4.80951e-08
1
5.54524e-08
1
6.3522e-08
1
7.24712e-08
1
8.24944e-08
1
9.38194e-08
1
1.06711e-07
1
1.21479e-07
1
1.38483e-07
1
1.58151e-07
1
1.80967e-07
1
2.07474e-07
1
6.47321e-07
1
0.204458
1
0.374833
1
0.518763
1
0.641849
1
0.747984
1
0.840158
1
0.92074
1
0.991598
1
1.05422
1
1.10982
1
1.15938
1
1.20371
1
1.2435
1
1.2793
1
1.31161
1
1.34084
1
1.36733
1
1.39138
1
1.41326
1
1.4332
1
1.45139
1
1.46801
1
1.48321
1
1.49713
1
1.50988
1
1.52159
1
1.53233
1
1.54221
1
1.55129
1
1.55964
1
1.56733
1
1.57442
1
1.58094
1
1.58696
1
1.59252
1
1.59764
1
1.60237
1
1.60674
1
1.61077
1
1.6145
1
1.6145
1
1.6145
1
1.6145
1
1.6145
1
1.6145
1
1.6145
1
1.6145
1
1.6145
1
1.6145
1
1.6145
1
1.6145
1
1.6145
1
1.6145
1
1.6145
1
1.6145
1
1.6145
1
1.6145
1
1.6145
1
1.6145
1.6145
1
5.86287e-09
1
1.07836e-08
1
1.55459e-08
1
2.02321e-08
1
2.49172e-08
1
2.96749e-08
1
3.45819e-08
1
3.9722e-08
1
4.51893e-08
1
5.10915e-08
1
5.75527e-08
1
6.47178e-08
1
7.2755e-08
1
8.18612e-08
1
9.22648e-08
1
1.04235e-07
1
1.18081e-07
1
1.34164e-07
1
1.52892e-07
1
5.83648e-07
1
0.204458
1
0.374833
1
0.518763
1
0.641849
1
0.747984
1
0.840158
1
0.92074
1
0.991597
1
1.05422
1
1.10982
1
1.15938
1
1.20371
1
1.2435
1
1.2793
1
1.31161
1
1.34084
1
1.36733
1
1.39138
1
1.41326
1
1.4332
1
1.45139
1
1.46801
1
1.48321
1
1.49713
1
1.50988
1
1.52159
1
1.53233
1
1.54221
1
1.55129
1
1.55964
1
1.56733
1
1.57442
1
1.58094
1
1.58696
1
1.59252
1
1.59764
1
1.60237
1
1.60674
1
1.61077
1
1.6145
1
1.6145
1
1.6145
1
1.6145
1
1.6145
1
1.6145
1
1.6145
1
1.6145
1
1.6145
1
1.6145
1
1.6145
1
1.6145
1
1.6145
1
1.6145
1
1.6145
1
1.6145
1
1.6145
1
1.6145
1
1.6145
1
1.6145
1.6145
1
5.3226e-09
1
9.38279e-09
1
1.319e-08
1
1.68033e-08
1
2.0276e-08
1
2.366e-08
1
2.70071e-08
1
3.0372e-08
1
3.38152e-08
1
3.7405e-08
1
4.122e-08
1
4.5351e-08
1
4.99038e-08
1
5.50013e-08
1
6.07873e-08
1
6.74257e-08
1
7.51175e-08
1
8.40707e-08
1
9.45518e-08
1
5.15706e-07
1
0.204458
1
0.374833
1
0.518763
1
0.641849
1
0.747984
1
0.840158
1
0.92074
1
0.991597
1
1.05422
1
1.10982
1
1.15938
1
1.20371
1
1.24349
1
1.2793
1
1.31161
1
1.34084
1
1.36733
1
1.39138
1
1.41326
1
1.4332
1
1.45139
1
1.46801
1
1.48321
1
1.49712
1
1.50988
1
1.52159
1
1.53233
1
1.54221
1
1.55129
1
1.55964
1
1.56733
1
1.57441
1
1.58094
1
1.58696
1
1.59252
1
1.59764
1
1.60237
1
1.60674
1
1.61077
1
1.6145
1
1.6145
1
1.6145
1
1.6145
1
1.6145
1
1.6145
1
1.6145
1
1.6145
1
1.6145
1
1.6145
1
1.6145
1
1.6145
1
1.6145
1
1.6145
1
1.6145
1
1.6145
1
1.6145
1
1.6145
1
1.6145
1
1.6145
1.6145
1
4.62134e-09
1
7.74374e-09
1
1.05091e-08
1
1.29609e-08
1
1.51356e-08
1
1.70625e-08
1
1.87673e-08
1
2.0274e-08
1
2.16083e-08
1
2.27975e-08
1
2.38723e-08
1
2.48678e-08
1
2.58242e-08
1
2.6788e-08
1
2.78127e-08
1
2.89607e-08
1
3.03038e-08
1
3.19005e-08
1
3.39388e-08
1
4.45123e-07
1
0.204458
1
0.374833
1
0.518763
1
0.641849
1
0.747984
1
0.840158
1
0.92074
1
0.991597
1
1.05422
1
1.10982
1
1.15938
1
1.20371
1
1.24349
1
1.2793
1
1.31161
1
1.34084
1
1.36733
1
1.39138
1
1.41326
1
1.4332
1
1.45139
1
1.46801
1
1.48321
1
1.49712
1
1.50988
1
1.52159
1
1.53233
1
1.54221
1
1.55129
1
1.55964
1
1.56733
1
1.57441
1
1.58094
1
1.58696
1
1.59252
1
1.59764
1
1.60237
1
1.60674
1
1.61077
1
1.6145
1
1.6145
1
1.6145
1
1.6145
1
1.6145
1
1.6145
1
1.6145
1
1.6145
1
1.6145
1
1.6145
1
1.6145
1
1.6145
1
1.6145
1
1.6145
1
1.6145
1
1.6145
1
1.6145
1
1.6145
1
1.6145
1
1.6145
1.6145
1
3.83972e-09
1
5.92264e-09
1
7.57031e-09
1
8.79976e-09
1
9.62296e-09
1
1.00457e-08
1
1.00661e-08
1
9.67804e-09
1
8.8707e-09
1
7.63025e-09
1
5.93861e-09
1
3.77431e-09
1
1.11119e-09
1
-2.08181e-09
1
-5.84195e-09
1
-1.02159e-08
1
-1.52493e-08
1
-2.10448e-08
1
-2.75294e-08
1
3.73668e-07
1
0.204458
1
0.374833
1
0.518763
1
0.641849
1
0.747984
1
0.840158
1
0.92074
1
0.991597
1
1.05422
1
1.10982
1
1.15938
1
1.20371
1
1.24349
1
1.2793
1
1.31161
1
1.34084
1
1.36733
1
1.39138
1
1.41326
1
1.4332
1
1.45139
1
1.46801
1
1.48321
1
1.49712
1
1.50988
1
1.52159
1
1.53233
1
1.54221
1
1.55129
1
1.55964
1
1.56733
1
1.57441
1
1.58094
1
1.58696
1
1.59252
1
1.59764
1
1.60237
1
1.60674
1
1.61077
1
1.6145
1
1.6145
1
1.6145
1
1.6145
1
1.6145
1
1.6145
1
1.6145
1
1.6145
1
1.6145
1
1.6145
1
1.6145
1
1.6145
1
1.6145
1
1.6145
1
1.6145
1
1.6145
1
1.6145
1
1.6145
1
1.6145
1
1.6145
1.6145
1
2.92763e-09
1
3.94617e-09
1
4.44401e-09
1
4.4214e-09
1
3.87292e-09
1
2.78065e-09
1
1.11641e-09
1
-1.15747e-09
1
-4.08652e-09
1
-7.72648e-09
1
-1.21429e-08
1
-1.74139e-08
1
-2.36311e-08
1
-3.0903e-08
1
-3.93567e-08
1
-4.91416e-08
1
-6.04327e-08
1
-7.34716e-08
1
-8.83188e-08
1
3.03067e-07
1
0.204458
1
0.374833
1
0.518763
1
0.641849
1
0.747984
1
0.840158
1
0.92074
1
0.991597
1
1.05422
1
1.10982
1
1.15938
1
1.20371
1
1.24349
1
1.2793
1
1.31161
1
1.34084
1
1.36733
1
1.39138
1
1.41326
1
1.4332
1
1.45139
1
1.46801
1
1.48321
1
1.49712
1
1.50988
1
1.52159
1
1.53233
1
1.54221
1
1.55129
1
1.55964
1
1.56733
1
1.57441
1
1.58094
1
1.58696
1
1.59252
1
1.59764
1
1.60237
1
1.60674
1
1.61077
1
1.6145
1
1.6145
1
1.6145
1
1.6145
1
1.6145
1
1.6145
1
1.6145
1
1.6145
1
1.6145
1
1.6145
1
1.6145
1
1.6145
1
1.6145
1
1.6145
1
1.6145
1
1.6145
1
1.6145
1
1.6145
1
1.6145
1
1.6145
1.6145
1
1.98117e-09
1
1.88294e-09
1
1.20977e-09
1
-6.49897e-11
1
-1.97192e-09
1
-4.55194e-09
1
-7.86021e-09
1
-1.19635e-08
1
-1.69425e-08
1
-2.2892e-08
1
-2.99249e-08
1
-3.81728e-08
1
-4.77916e-08
1
-5.89631e-08
1
-7.19018e-08
1
-8.68602e-08
1
-1.04128e-07
1
-1.24084e-07
1
-1.46978e-07
1
2.35077e-07
1
0.204458
1
0.374833
1
0.518763
1
0.641849
1
0.747984
1
0.840158
1
0.92074
1
0.991597
1
1.05422
1
1.10982
1
1.15938
1
1.20371
1
1.24349
1
1.2793
1
1.31161
1
1.34084
1
1.36733
1
1.39138
1
1.41326
1
1.4332
1
1.45139
1
1.46801
1
1.48321
1
1.49712
1
1.50988
1
1.52159
1
1.53233
1
1.54221
1
1.55129
1
1.55964
1
1.56733
1
1.57441
1
1.58094
1
1.58696
1
1.59252
1
1.59764
1
1.60237
1
1.60674
1
1.61077
1
1.6145
1
1.6145
1
1.6145
1
1.6145
1
1.6145
1
1.6145
1
1.6145
1
1.6145
1
1.6145
1
1.6145
1
1.6145
1
1.6145
1
1.6145
1
1.6145
1
1.6145
1
1.6145
1
1.6145
1
1.6145
1
1.6145
1
1.6145
1.6145
1
9.47483e-10
1
-2.37637e-10
1
-2.05619e-09
1
-4.5511e-09
1
-7.76928e-09
1
-1.17741e-08
1
-1.66448e-08
1
-2.24771e-08
1
-2.93833e-08
1
-3.74968e-08
1
-4.69729e-08
1
-5.79956e-08
1
-7.07793e-08
1
-8.55769e-08
1
-1.02684e-07
1
-1.22447e-07
1
-1.45271e-07
1
-1.71665e-07
1
-2.02004e-07
1
1.71332e-07
1
0.204458
1
0.374833
1
0.518763
1
0.641849
1
0.747984
1
0.840158
1
0.92074
1
0.991597
1
1.05422
1
1.10982
1
1.15938
1
1.20371
1
1.24349
1
1.2793
1
1.31161
1
1.34084
1
1.36733
1
1.39138
1
1.41326
1
1.4332
1
1.45139
1
1.46801
1
1.48321
1
1.49712
1
1.50988
1
1.52159
1
1.53233
1
1.54221
1
1.55129
1
1.55964
1
1.56733
1
1.57441
1
1.58094
1
1.58696
1
1.59252
1
1.59764
1
1.60237
1
1.60674
1
1.61077
1
1.6145
1
1.6145
1
1.6145
1
1.6145
1
1.6145
1
1.6145
1
1.6145
1
1.6145
1
1.6145
1
1.6145
1
1.6145
1
1.6145
1
1.6145
1
1.6145
1
1.6145
1
1.6145
1
1.6145
1
1.6145
1
1.6145
1
1.6145
1.6145
1
-7.12601e-11
1
-2.34117e-09
1
-5.2695e-09
1
-8.92395e-09
1
-1.33747e-08
1
-1.87054e-08
1
-2.5019e-08
1
-3.24365e-08
1
-4.11006e-08
1
-5.11779e-08
1
-6.2865e-08
1
-7.63911e-08
1
-9.20263e-08
1
-1.10086e-07
1
-1.30941e-07
1
-1.55024e-07
1
-1.82845e-07
1
-2.15016e-07
1
-2.5211e-07
1
1.1342e-07
1
0.204458
1
0.374832
1
0.518763
1
0.641849
1
0.747984
1
0.840158
1
0.92074
1
0.991597
1
1.05422
1
1.10982
1
1.15938
1
1.20371
1
1.24349
1
1.2793
1
1.31161
1
1.34084
1
1.36733
1
1.39138
1
1.41326
1
1.4332
1
1.45139
1
1.46801
1
1.48321
1
1.49712
1
1.50988
1
1.52159
1
1.53233
1
1.54221
1
1.55128
1
1.55964
1
1.56733
1
1.57441
1
1.58094
1
1.58696
1
1.59252
1
1.59764
1
1.60237
1
1.60674
1
1.61077
1
1.6145
1
1.6145
1
1.6145
1
1.6145
1
1.6145
1
1.6145
1
1.6145
1
1.6145
1
1.6145
1
1.6145
1
1.6145
1
1.6145
1
1.6145
1
1.6145
1
1.6145
1
1.6145
1
1.6145
1
1.6145
1
1.6145
1
1.6145
1.6145
1
-1.12541e-09
1
-4.39839e-09
1
-8.3556e-09
1
-1.3079e-08
1
-1.86523e-08
1
-2.51783e-08
1
-3.27792e-08
1
-4.16e-08
1
-5.18084e-08
1
-6.36026e-08
1
-7.72127e-08
1
-9.29105e-08
1
-1.11013e-07
1
-1.31891e-07
1
-1.55982e-07
1
-1.83795e-07
1
-2.15928e-07
1
-2.53101e-07
1
-2.95992e-07
1
6.27109e-08
1
0.204458
1
0.374832
1
0.518763
1
0.641849
1
0.747984
1
0.840158
1
0.92074
1
0.991597
1
1.05422
1
1.10982
1
1.15938
1
1.20371
1
1.24349
1
1.2793
1
1.31161
1
1.34084
1
1.36733
1
1.39138
1
1.41326
1
1.4332
1
1.45139
1
1.46801
1
1.48321
1
1.49712
1
1.50988
1
1.52159
1
1.53233
1
1.54221
1
1.55128
1
1.55964
1
1.56733
1
1.57441
1
1.58094
1
1.58696
1
1.59252
1
1.59764
1
1.60237
1
1.60674
1
1.61077
1
1.6145
1
1.6145
1
1.6145
1
1.6145
1
1.6145
1
1.6145
1
1.6145
1
1.6145
1
1.6145
1
1.6145
1
1.6145
1
1.6145
1
1.6145
1
1.6145
1
1.6145
1
1.6145
1
1.6145
1
1.6145
1
1.6145
1
1.6145
1.6145
1
-2.11674e-09
1
-6.33639e-09
1
-1.12336e-08
1
-1.69104e-08
1
-2.34698e-08
1
-3.10299e-08
1
-3.97318e-08
1
-4.97383e-08
1
-6.12407e-08
1
-7.44609e-08
1
-8.96604e-08
1
-1.07143e-07
1
-1.27268e-07
1
-1.50453e-07
1
-1.77188e-07
1
-2.08047e-07
1
-2.43705e-07
1
-2.84947e-07
1
-3.32627e-07
1
2.04624e-08
1
0.204458
1
0.374832
1
0.518763
1
0.641849
1
0.747984
1
0.840158
1
0.92074
1
0.991597
1
1.05422
1
1.10982
1
1.15938
1
1.20371
1
1.24349
1
1.2793
1
1.31161
1
1.34084
1
1.36733
1
1.39138
1
1.41326
1
1.4332
1
1.45139
1
1.46801
1
1.48321
1
1.49712
1
1.50988
1
1.52159
1
1.53233
1
1.54221
1
1.55128
1
1.55964
1
1.56733
1
1.57441
1
1.58094
1
1.58696
1
1.59252
1
1.59764
1
1.60237
1
1.60674
1
1.61077
1
1.6145
1
1.6145
1
1.6145
1
1.6145
1
1.6145
1
1.6145
1
1.6145
1
1.6145
1
1.6145
1
1.6145
1
1.6145
1
1.6145
1
1.6145
1
1.6145
1
1.6145
1
1.6145
1
1.6145
1
1.6145
1
1.6145
1
1.6145
1.6145
1
-3.08818e-09
1
-8.12889e-09
1
-1.38377e-08
1
-2.03276e-08
1
-2.77111e-08
1
-3.612e-08
1
-4.5708e-08
1
-5.66548e-08
1
-6.91675e-08
1
-8.34895e-08
1
-9.99035e-08
1
-1.18743e-07
1
-1.40395e-07
1
-1.65317e-07
1
-1.94039e-07
1
-2.27189e-07
1
-2.65494e-07
1
-3.09814e-07
1
-3.61083e-07
1
-1.22018e-08
1
0.204458
1
0.374832
1
0.518763
1
0.641849
1
0.747984
1
0.840158
1
0.92074
1
0.991597
1
1.05422
1
1.10982
1
1.15938
1
1.20371
1
1.24349
1
1.2793
1
1.31161
1
1.34084
1
1.36733
1
1.39138
1
1.41326
1
1.4332
1
1.45139
1
1.46801
1
1.48321
1
1.49712
1
1.50988
1
1.52159
1
1.53233
1
1.54221
1
1.55128
1
1.55964
1
1.56733
1
1.57441
1
1.58094
1
1.58696
1
1.59252
1
1.59764
1
1.60237
1
1.60674
1
1.61077
1
1.6145
1
1.6145
1
1.6145
1
1.6145
1
1.6145
1
1.6145
1
1.6145
1
1.6145
1
1.6145
1
1.6145
1
1.6145
1
1.6145
1
1.6145
1
1.6145
1
1.6145
1
1.6145
1
1.6145
1
1.6145
1
1.6145
1
1.6145
1.6145
1
-3.95503e-09
1
-9.7116e-09
1
-1.60986e-08
1
-2.32426e-08
1
-3.12691e-08
1
-4.03193e-08
1
-5.05582e-08
1
-6.21752e-08
1
-7.53912e-08
1
-9.04618e-08
1
-1.07688e-07
1
-1.27419e-07
1
-1.50067e-07
1
-1.76112e-07
1
-2.06118e-07
1
-2.40742e-07
1
-2.8076e-07
1
-3.27062e-07
1
-3.80721e-07
1
-3.44186e-08
1
0.204458
1
0.374832
1
0.518763
1
0.641849
1
0.747984
1
0.840158
1
0.92074
1
0.991597
1
1.05422
1
1.10982
1
1.15938
1
1.20371
1
1.24349
1
1.2793
1
1.31161
1
1.34084
1
1.36733
1
1.39138
1
1.41326
1
1.4332
1
1.45139
1
1.46801
1
1.48321
1
1.49712
1
1.50988
1
1.52159
1
1.53233
1
1.54221
1
1.55128
1
1.55964
1
1.56733
1
1.57441
1
1.58094
1
1.58696
1
1.59252
1
1.59764
1
1.60237
1
1.60674
1
1.61077
1
1.6145
1
1.6145
1
1.6145
1
1.6145
1
1.6145
1
1.6145
1
1.6145
1
1.6145
1
1.6145
1
1.6145
1
1.6145
1
1.6145
1
1.6145
1
1.6145
1
1.6145
1
1.6145
1
1.6145
1
1.6145
1
1.6145
1
1.6145
1.6145
1
-4.74862e-09
1
-1.10638e-08
1
-1.79658e-08
1
-2.55873e-08
1
-3.40586e-08
1
-4.35279e-08
1
-5.41651e-08
1
-6.61671e-08
1
-7.97601e-08
1
-9.52093e-08
1
-1.12822e-07
1
-1.32961e-07
1
-1.56047e-07
1
-1.82576e-07
1
-2.13126e-07
1
-2.48377e-07
1
-2.89122e-07
1
-3.36283e-07
1
-3.9097e-07
1
-4.57205e-08
1
0.204458
1
0.374832
1
0.518763
1
0.641849
1
0.747984
1
0.840158
1
0.92074
1
0.991597
1
1.05422
1
1.10982
1
1.15938
1
1.20371
1
1.24349
1
1.2793
1
1.31161
1
1.34084
1
1.36733
1
1.39138
1
1.41326
1
1.4332
1
1.45139
1
1.46801
1
1.48321
1
1.49712
1
1.50988
1
1.52159
1
1.53233
1
1.54221
1
1.55128
1
1.55964
1
1.56733
1
1.57441
1
1.58094
1
1.58696
1
1.59252
1
1.59764
1
1.60237
1
1.60674
1
1.61077
1
1.6145
1
1.6145
1
1.6145
1
1.6145
1
1.6145
1
1.6145
1
1.6145
1
1.6145
1
1.6145
1
1.6145
1
1.6145
1
1.6145
1
1.6145
1
1.6145
1
1.6145
1
1.6145
1
1.6145
1
1.6145
1
1.6145
1
1.6145
1.6145
1
-5.40605e-09
1
-1.21362e-08
1
-1.9388e-08
1
-2.73001e-08
1
-3.60084e-08
1
-4.56632e-08
1
-5.64375e-08
1
-6.85284e-08
1
-8.2165e-08
1
-9.76116e-08
1
-1.15179e-07
1
-1.35229e-07
1
-1.58186e-07
1
-1.84545e-07
1
-2.14889e-07
1
-2.49896e-07
1
-2.90369e-07
1
-3.3722e-07
1
-3.91612e-07
1
-4.58361e-08
1
0.204458
1
0.374832
1
0.518763
1
0.641849
1
0.747984
1
0.840158
1
0.92074
1
0.991597
1
1.05422
1
1.10982
1
1.15938
1
1.20371
1
1.24349
1
1.2793
1
1.31161
1
1.34084
1
1.36733
1
1.39138
1
1.41326
1
1.4332
1
1.45139
1
1.46801
1
1.48321
1
1.49712
1
1.50988
1
1.52159
1
1.53233
1
1.54221
1
1.55128
1
1.55964
1
1.56733
1
1.57441
1
1.58094
1
1.58696
1
1.59252
1
1.59764
1
1.60237
1
1.60674
1
1.61077
1
1.6145
1
1.6145
1
1.6145
1
1.6145
0.999999
1.6145
1
1.6145
1
1.6145
1
1.6145
1
1.6145
1
1.6145
1
1.6145
1
1.6145
1
1.6145
1
1.6145
1
1.6145
1
1.6145
1
1.6145
1
1.6145
1
1.6145
1
1.6145
1.6145
1
-5.94404e-09
1
-1.29156e-08
1
-2.03353e-08
1
-2.83427e-08
1
-3.70729e-08
1
-4.6676e-08
1
-5.73214e-08
1
-6.92042e-08
1
-8.25474e-08
1
-9.7612e-08
1
-1.147e-07
1
-1.34168e-07
1
-1.56429e-07
1
-1.81971e-07
1
-2.1136e-07
1
-2.45264e-07
1
-2.84464e-07
1
-3.29862e-07
1
-3.82587e-07
1
-3.47792e-08
1
0.204458
1
0.374833
1
0.518763
1
0.641849
1
0.747984
1
0.840158
1
0.92074
1
0.991597
1
1.05422
1
1.10982
1
1.15938
1
1.20371
0.999999
1.24349
0.999999
1.2793
0.999999
1.31161
0.999999
1.34084
0.999999
1.36733
0.999999
1.39138
0.999999
1.41326
0.999999
1.4332
0.999999
1.45139
0.999999
1.46801
0.999999
1.48321
0.999999
1.49712
0.999999
1.50988
0.999999
1.52159
0.999999
1.53233
0.999999
1.54221
0.999999
1.55128
0.999999
1.55964
0.999999
1.56733
0.999999
1.57441
0.999999
1.58094
0.999999
1.58696
0.999999
1.59252
0.999999
1.59764
0.999999
1.60237
0.999999
1.60674
0.999999
1.61077
0.999999
1.6145
0.999999
1.6145
0.999999
1.6145
0.999999
1.6145
0.999999
1.6145
0.999999
1.6145
0.999999
1.6145
0.999999
1.6145
0.999999
1.6145
0.999999
1.6145
0.999999
1.6145
0.999999
1.6145
0.999999
1.6145
0.999999
1.6145
0.999999
1.6145
0.999999
1.6145
0.999999
1.6145
0.999999
1.6145
0.999999
1.6145
0.999999
1.6145
1.6145
1
-6.32769e-09
1
-1.33727e-08
1
-2.07797e-08
1
-2.86857e-08
1
-3.72236e-08
1
-4.65381e-08
1
-5.67932e-08
1
-6.81747e-08
1
-8.08971e-08
1
-9.5208e-08
1
-1.11398e-07
1
-1.29803e-07
1
-1.50821e-07
1
-1.74915e-07
1
-2.02626e-07
1
-2.34588e-07
1
-2.7155e-07
1
-3.1436e-07
1
-3.64113e-07
1
-1.28939e-08
1
0.204458
1
0.374833
1
0.518763
1
0.641849
1
0.747984
1
0.840158
1
0.92074
1
0.991597
0.999999
1.05422
0.999999
1.10982
0.999999
1.15938
0.999999
1.20371
0.999999
1.24349
0.999999
1.2793
0.999999
1.31161
0.999999
1.34084
0.999999
1.36733
0.999999
1.39138
0.999999
1.41326
0.999999
1.4332
0.999999
1.45139
0.999999
1.46801
0.999999
1.48321
0.999999
1.49712
0.999999
1.50988
0.999999
1.52159
0.999999
1.53233
0.999999
1.54221
0.999999
1.55128
0.999999
1.55964
0.999999
1.56733
0.999999
1.57441
0.999999
1.58094
0.999999
1.58696
0.999999
1.59252
0.999999
1.59764
0.999999
1.60237
0.999999
1.60674
0.999999
1.61077
0.999999
1.6145
0.999999
1.6145
0.999999
1.6145
0.999999
1.6145
0.999999
1.6145
0.999999
1.6145
0.999999
1.6145
0.999999
1.6145
0.999999
1.6145
0.999999
1.6145
0.999999
1.6145
0.999999
1.6145
0.999999
1.6145
0.999999
1.6145
0.999999
1.6145
0.999999
1.6145
0.999999
1.6145
0.999999
1.6145
0.999999
1.6145
0.999999
1.6145
1.6145
1
-6.55749e-09
1
-1.35032e-08
1
-2.07145e-08
1
-2.83241e-08
1
-3.64588e-08
1
-4.52557e-08
1
-5.48674e-08
1
-6.54678e-08
1
-7.72552e-08
1
-9.04604e-08
1
-1.05351e-07
1
-1.22242e-07
1
-1.41498e-07
1
-1.63551e-07
1
-1.88899e-07
1
-2.18134e-07
1
-2.51941e-07
1
-2.91109e-07
1
-3.36643e-07
1
1.9353e-08
1
0.204458
1
0.374833
1
0.518763
1
0.641849
1
0.747984
1
0.840158
0.999999
0.92074
0.999999
0.991597
0.999999
1.05422
0.999999
1.10982
0.999999
1.15938
0.999999
1.20371
0.999999
1.24349
0.999999
1.2793
0.999999
1.31161
0.999999
1.34084
0.999999
1.36733
0.999999
1.39138
0.999999
1.41326
0.999999
1.4332
0.999999
1.45139
0.999999
1.46801
0.999999
1.48321
0.999999
1.49712
0.999999
1.50988
0.999999
1.52159
0.999999
1.53233
0.999999
1.54221
0.999999
1.55128
0.999999
1.55964
0.999999
1.56733
0.999999
1.57441
0.999999
1.58094
0.999999
1.58696
0.999999
1.59252
0.999999
1.59764
0.999998
1.60237
0.999998
1.60674
0.999998
1.61077
0.999998
1.6145
0.999998
1.6145
0.999998
1.6145
0.999998
1.6145
0.999998
1.6145
0.999998
1.6145
0.999998
1.6145
0.999998
1.6145
0.999998
1.6145
0.999998
1.6145
0.999998
1.6145
0.999998
1.6145
0.999998
1.6145
0.999998
1.6145
0.999998
1.6145
0.999998
1.6145
0.999998
1.6145
0.999998
1.6145
0.999998
1.6145
0.999998
1.6145
1.6145
1
-6.62995e-09
1
-1.33004e-08
1
-2.01377e-08
1
-2.72638e-08
1
-3.47955e-08
1
-4.28579e-08
1
-5.15901e-08
1
-6.11478e-08
1
-7.17107e-08
1
-8.34845e-08
1
-9.6711e-08
1
-1.1167e-07
1
-1.28691e-07
1
-1.48158e-07
1
-1.70521e-07
1
-1.96303e-07
1
-2.26125e-07
1
-2.60679e-07
1
-3.00893e-07
1
6.12715e-08
1
0.204458
1
0.374833
1
0.518763
1
0.641849
0.999999
0.747984
0.999999
0.840158
0.999999
0.92074
0.999999
0.991597
0.999999
1.05422
0.999999
1.10982
0.999999
1.15938
0.999999
1.20371
0.999999
1.24349
0.999999
1.2793
0.999999
1.31161
0.999999
1.34084
0.999999
1.36733
0.999999
1.39138
0.999999
1.41326
0.999999
1.4332
0.999999
1.45139
0.999999
1.46801
0.999999
1.48321
0.999999
1.49712
0.999999
1.50988
0.999999
1.52159
0.999998
1.53233
0.999998
1.54221
0.999998
1.55128
0.999998
1.55964
0.999998
1.56733
0.999998
1.57441
0.999998
1.58094
0.999998
1.58696
0.999998
1.59252
0.999998
1.59764
0.999998
1.60237
0.999998
1.60674
0.999998
1.61077
0.999998
1.6145
0.999998
1.6145
0.999998
1.6145
0.999998
1.6145
0.999998
1.6145
0.999998
1.6145
0.999998
1.6145
0.999998
1.6145
0.999998
1.6145
0.999998
1.6145
0.999998
1.6145
0.999998
1.6145
0.999998
1.6145
0.999998
1.6145
0.999998
1.6145
0.999998
1.6145
0.999998
1.6145
0.999998
1.6145
0.999998
1.6145
0.999998
1.6145
1.6145
1
-6.52916e-09
1
-1.27692e-08
1
-1.90661e-08
1
-2.5533e-08
1
-3.22755e-08
1
-3.94052e-08
1
-4.70417e-08
1
-5.53221e-08
1
-6.43989e-08
1
-7.44522e-08
1
-8.56867e-08
1
-9.83466e-08
1
-1.12711e-07
1
-1.29114e-07
1
-1.47937e-07
1
-1.69635e-07
1
-1.94731e-07
1
-2.23825e-07
1
-2.57726e-07
1
1.11819e-07
1
0.204458
1
0.374833
1
0.518763
0.999999
0.641849
0.999999
0.747984
0.999999
0.840158
0.999999
0.92074
0.999999
0.991597
0.999999
1.05422
0.999999
1.10982
0.999999
1.15938
0.999999
1.20371
0.999999
1.24349
0.999999
1.2793
0.999999
1.31161
0.999999
1.34084
0.999999
1.36733
0.999999
1.39138
0.999999
1.41326
0.999999
1.4332
0.999999
1.45139
0.999998
1.46801
0.999998
1.48321
0.999998
1.49712
0.999998
1.50988
0.999998
1.52159
0.999998
1.53233
0.999998
1.54221
0.999998
1.55128
0.999998
1.55964
0.999998
1.56733
0.999998
1.57441
0.999998
1.58094
0.999998
1.58696
0.999998
1.59252
0.999998
1.59764
0.999998
1.60237
0.999998
1.60674
0.999998
1.61077
0.999998
1.6145
0.999998
1.6145
0.999998
1.6145
0.999997
1.6145
0.999997
1.6145
0.999997
1.6145
0.999997
1.6145
0.999997
1.6145
0.999997
1.6145
0.999997
1.6145
0.999997
1.6145
0.999997
1.6145
0.999997
1.6145
0.999997
1.6145
0.999997
1.6145
0.999997
1.6145
0.999997
1.6145
0.999997
1.6145
0.999997
1.6145
0.999997
1.6145
1.6145
1
-6.28323e-09
1
-1.1926e-08
1
-1.75238e-08
1
-2.31717e-08
1
-2.89595e-08
1
-3.49799e-08
1
-4.13338e-08
1
-4.81314e-08
1
-5.55001e-08
1
-6.35833e-08
1
-7.2551e-08
1
-8.25975e-08
1
-9.39543e-08
1
-1.06886e-07
1
-1.21709e-07
1
-1.38782e-07
1
-1.58539e-07
1
-1.81448e-07
1
-2.08191e-07
1
1.69711e-07
1
0.204458
1
0.374833
0.999999
0.518763
0.999999
0.641849
0.999999
0.747984
0.999999
0.840158
0.999999
0.92074
0.999999
0.991597
0.999999
1.05422
0.999999
1.10982
0.999999
1.15938
0.999999
1.20371
0.999999
1.24349
0.999999
1.2793
0.999999
1.31161
0.999999
1.34084
0.999999
1.36733
0.999999
1.39138
0.999998
1.41326
0.999998
1.4332
0.999998
1.45139
0.999998
1.46801
0.999998
1.48321
0.999998
1.49712
0.999998
1.50988
0.999998
1.52159
0.999998
1.53233
0.999998
1.54221
0.999998
1.55128
0.999998
1.55964
0.999998
1.56733
0.999998
1.57441
0.999998
1.58094
0.999998
1.58696
0.999998
1.59252
0.999998
1.59764
0.999998
1.60237
0.999998
1.60674
0.999997
1.61077
0.999997
1.6145
0.999997
1.6145
0.999997
1.6145
0.999997
1.6145
0.999997
1.6145
0.999997
1.6145
0.999997
1.6145
0.999997
1.6145
0.999997
1.6145
0.999997
1.6145
0.999997
1.6145
0.999997
1.6145
0.999997
1.6145
0.999997
1.6145
0.999997
1.6145
0.999997
1.6145
0.999997
1.6145
0.999997
1.6145
0.999997
1.6145
0.999997
1.6145
1.6145
1
-5.86003e-09
1
-1.07832e-08
1
-1.55488e-08
1
-2.02383e-08
1
-2.49284e-08
1
-2.96908e-08
1
-3.46047e-08
1
-3.97517e-08
1
-4.52296e-08
1
-5.11431e-08
1
-5.76216e-08
1
-6.48067e-08
1
-7.28732e-08
1
-8.2015e-08
1
-9.24687e-08
1
-1.045e-07
1
-1.18425e-07
1
-1.3459e-07
1
-1.53528e-07
1
2.33523e-07
1
0.204458
0.999999
0.374833
0.999999
0.518763
0.999999
0.641849
0.999999
0.747984
0.999999
0.840159
0.999999
0.92074
0.999999
0.991598
0.999999
1.05422
0.999999
1.10982
0.999999
1.15938
0.999999
1.20371
0.999999
1.24349
0.999999
1.2793
0.999999
1.31161
0.999999
1.34084
0.999999
1.36733
0.999998
1.39138
0.999998
1.41326
0.999998
1.4332
0.999998
1.45139
0.999998
1.46801
0.999998
1.48321
0.999998
1.49712
0.999998
1.50988
0.999998
1.52159
0.999998
1.53233
0.999998
1.54221
0.999998
1.55128
0.999998
1.55964
0.999998
1.56733
0.999998
1.57441
0.999998
1.58094
0.999998
1.58696
0.999998
1.59252
0.999997
1.59764
0.999997
1.60237
0.999997
1.60674
0.999997
1.61077
0.999997
1.6145
0.999997
1.6145
0.999997
1.6145
0.999997
1.6145
0.999997
1.6145
0.999997
1.6145
0.999997
1.6145
0.999997
1.6145
0.999997
1.6145
0.999997
1.6145
0.999997
1.6145
0.999997
1.6145
0.999997
1.6145
0.999996
1.6145
0.999996
1.6145
0.999996
1.6145
0.999996
1.6145
0.999996
1.6145
0.999996
1.6145
0.999996
1.6145
1.6145
1
-5.32631e-09
1
-9.38462e-09
1
-1.31913e-08
1
-1.68079e-08
1
-2.02827e-08
1
-2.36721e-08
1
-2.70225e-08
1
-3.03952e-08
1
-3.38442e-08
1
-3.74461e-08
1
-4.12717e-08
1
-4.54226e-08
1
-4.99957e-08
1
-5.51272e-08
1
-6.09506e-08
1
-6.76466e-08
1
-7.54014e-08
1
-8.44389e-08
1
-9.509e-08
1
3.01565e-07
1
0.204458
0.999999
0.374833
0.999999
0.518763
0.999999
0.641849
0.999999
0.747984
0.999999
0.840159
0.999999
0.92074
0.999999
0.991598
0.999999
1.05422
0.999999
1.10982
0.999999
1.15938
0.999999
1.20371
0.999999
1.2435
0.999999
1.2793
0.999999
1.31161
0.999999
1.34084
0.999998
1.36733
0.999998
1.39138
0.999998
1.41326
0.999998
1.4332
0.999998
1.45139
0.999998
1.46801
0.999998
1.48321
0.999998
1.49712
0.999998
1.50988
0.999998
1.52159
0.999998
1.53233
0.999998
1.54221
0.999998
1.55129
0.999998
1.55964
0.999998
1.56733
0.999998
1.57441
0.999998
1.58094
0.999997
1.58696
0.999997
1.59252
0.999997
1.59764
0.999997
1.60237
0.999997
1.60674
0.999997
1.61077
0.999997
1.6145
0.999997
1.6145
0.999997
1.6145
0.999997
1.6145
0.999997
1.6145
0.999997
1.6145
0.999997
1.6145
0.999997
1.6145
0.999997
1.6145
0.999997
1.6145
0.999996
1.6145
0.999996
1.6145
0.999996
1.6145
0.999996
1.6145
0.999996
1.6145
0.999996
1.6145
0.999996
1.6145
0.999996
1.6145
0.999996
1.6145
0.999996
1.6145
1.6145
1
1
1
1
1
1
1
1
1
1
1
1
1
1
1
1
1
1
1
1
0.999999
0.999999
0.999999
0.999999
0.999999
0.999999
0.999999
0.999999
0.999999
0.999999
0.999999
0.999999
0.999999
0.999999
0.999999
0.999999
0.999998
0.999998
0.999998
0.999998
0.999998
0.999998
0.999998
0.999998
0.999998
0.999998
0.999998
0.999998
0.999998
0.999998
0.999998
0.999998
0.999997
0.999997
0.999997
0.999997
0.999997
0.999997
0.999997
0.999997
0.999997
0.999997
0.999997
0.999997
0.999997
0.999997
0.999997
0.999997
0.999996
0.999996
0.999996
0.999996
0.999996
0.999996
0.999996
0.999996
0.999996
0.999996
0.999996
)
;

boundaryField
{
    cyclic1
    {
        type            cyclic;
        value           nonuniform List<scalar> 
80
(
-4.61425e-09
-7.74289e-09
-1.05128e-08
-1.29658e-08
-1.51438e-08
-1.70727e-08
-1.87827e-08
-2.02928e-08
-2.1635e-08
-2.28302e-08
-2.39175e-08
-2.49245e-08
-2.59016e-08
-2.68876e-08
-2.79483e-08
-2.91404e-08
-3.05428e-08
-3.22409e-08
-3.43927e-08
3.72079e-07
0.204458
0.374833
0.518764
0.64185
0.747984
0.840159
0.92074
0.991598
1.05422
1.10982
1.15938
1.20371
1.2435
1.2793
1.31161
1.34084
1.36733
1.39138
1.41326
1.4332
1.45139
1.46801
1.48321
1.49712
1.50988
1.52159
1.53233
1.54221
1.55129
1.55964
1.56733
1.57441
1.58094
1.58696
1.59252
1.59764
1.60237
1.60674
1.61077
1.6145
1.6145
1.6145
1.6145
1.6145
1.6145
1.6145
1.6145
1.6145
1.6145
1.6145
1.6145
1.6145
1.6145
1.6145
1.6145
1.6145
1.6145
1.6145
1.6145
1.6145
)
;
    }
    cyclic2
    {
        type            cyclic;
        value           nonuniform List<scalar> 
80
(
4.61425e-09
7.74289e-09
1.05128e-08
1.29658e-08
1.51438e-08
1.70727e-08
1.87827e-08
2.02928e-08
2.1635e-08
2.28302e-08
2.39175e-08
2.49245e-08
2.59016e-08
2.68876e-08
2.79483e-08
2.91404e-08
3.05428e-08
3.22409e-08
3.43927e-08
-3.72079e-07
-0.204458
-0.374833
-0.518764
-0.64185
-0.747984
-0.840159
-0.92074
-0.991598
-1.05422
-1.10982
-1.15938
-1.20371
-1.2435
-1.2793
-1.31161
-1.34084
-1.36733
-1.39138
-1.41326
-1.4332
-1.45139
-1.46801
-1.48321
-1.49712
-1.50988
-1.52159
-1.53233
-1.54221
-1.55129
-1.55964
-1.56733
-1.57441
-1.58094
-1.58696
-1.59252
-1.59764
-1.60237
-1.60674
-1.61077
-1.6145
-1.6145
-1.6145
-1.6145
-1.6145
-1.6145
-1.6145
-1.6145
-1.6145
-1.6145
-1.6145
-1.6145
-1.6145
-1.6145
-1.6145
-1.6145
-1.6145
-1.6145
-1.6145
-1.6145
-1.6145
)
;
    }
    frontAndBack
    {
        type            empty;
        value           nonuniform 0();
    }
    outlet
    {
        type            calculated;
        value           nonuniform List<scalar> 
40
(
0.999995
0.999995
0.999996
0.999996
0.999996
0.999997
0.999997
0.999998
0.999998
0.999999
1
1
1
1
1
1
1
1
1
1
1
1
1
1
1
1
1
1
1
1
1
1
0.999999
0.999998
0.999998
0.999997
0.999996
0.999996
0.999996
0.999996
)
;
    }
    inlet
    {
        type            calculated;
        value           nonuniform List<scalar> 
40
(
-1
-1
-1
-1
-1
-1
-1
-1
-1
-1
-1
-1
-1
-1
-1
-1
-1
-1
-1
-1
-1
-1
-1
-1
-1
-1
-1
-1
-1
-1
-1
-1
-1
-1
-1
-1
-1
-1
-1
-1
)
;
    }
}


// ************************************************************************* //
