/*--------------------------------*- C++ -*----------------------------------*\
  =========                 |
  \\      /  F ield         | OpenFOAM: The Open Source CFD Toolbox
   \\    /   O peration     | Website:  https://openfoam.org
    \\  /    A nd           | Version:  6
     \\/     M anipulation  |
\*---------------------------------------------------------------------------*/
FoamFile
{
    version     2.0;
    format      ascii;
    class       volScalarField;
    location    "190";
    object      p;
}
// * * * * * * * * * * * * * * * * * * * * * * * * * * * * * * * * * * * * * //

dimensions      [0 2 -2 0 0 0 0];

internalField   nonuniform List<scalar> 
4000
(
-8.78361e-09
-8.77126e-09
-8.73255e-09
-8.71321e-09
-8.70977e-09
-8.71289e-09
-8.6961e-09
-8.67437e-09
-8.66342e-09
-8.65751e-09
-8.64637e-09
-8.61966e-09
-8.59213e-09
-8.59648e-09
-8.59481e-09
-8.57669e-09
-8.5368e-09
-8.50907e-09
-8.50316e-09
-8.48499e-09
-8.47071e-09
-8.46578e-09
-8.46207e-09
-8.44731e-09
-8.42146e-09
-8.40164e-09
-8.38813e-09
-8.35553e-09
-8.32594e-09
-8.31721e-09
-8.28336e-09
-8.26717e-09
-8.26352e-09
-8.24645e-09
-8.23101e-09
-8.20662e-09
-8.1741e-09
-8.14413e-09
-8.10623e-09
-8.08048e-09
-8.0415e-09
-7.99798e-09
-7.96122e-09
-7.93146e-09
-7.90739e-09
-7.86741e-09
-7.83879e-09
-7.81344e-09
-7.78536e-09
-7.74617e-09
-7.70794e-09
-7.66706e-09
-7.62974e-09
-7.60489e-09
-7.59306e-09
-7.57902e-09
-7.55688e-09
-7.53719e-09
-7.51726e-09
-7.49117e-09
-7.46109e-09
-7.43363e-09
-7.4104e-09
-7.37934e-09
-7.34702e-09
-7.29768e-09
-7.25576e-09
-7.20331e-09
-7.15032e-09
-7.09819e-09
-7.04089e-09
-6.97966e-09
-6.92591e-09
-6.87567e-09
-6.81503e-09
-6.75525e-09
-6.6959e-09
-6.64504e-09
-6.59631e-09
-6.53211e-09
-6.46022e-09
-6.40365e-09
-6.33912e-09
-6.27852e-09
-6.22058e-09
-6.17332e-09
-6.11785e-09
-6.05217e-09
-5.99444e-09
-5.921e-09
-5.84849e-09
-5.77793e-09
-5.72442e-09
-5.6818e-09
-5.61478e-09
-5.5444e-09
-5.47005e-09
-5.40567e-09
-5.34293e-09
-5.27724e-09
-5.22807e-09
-5.18355e-09
-5.13392e-09
-5.07668e-09
-5.03226e-09
-4.97623e-09
-4.93248e-09
-4.88549e-09
-4.84898e-09
-4.80405e-09
-4.7823e-09
-4.76447e-09
-4.74053e-09
-4.71373e-09
-4.66594e-09
-4.61762e-09
-4.56634e-09
-4.52012e-09
-4.47202e-09
-4.43456e-09
-4.39708e-09
-4.34219e-09
-4.27862e-09
-4.22e-09
-4.17062e-09
-4.12164e-09
-4.08059e-09
-4.04498e-09
-4.01194e-09
-3.98778e-09
-3.96904e-09
-3.94914e-09
-3.90707e-09
-3.86054e-09
-3.80283e-09
-3.76451e-09
-3.72261e-09
-3.69433e-09
-3.65509e-09
-3.60316e-09
-3.54529e-09
-3.49399e-09
-3.4405e-09
-3.39041e-09
-3.32649e-09
-3.27404e-09
-3.2147e-09
-3.14076e-09
-3.06167e-09
-3.01891e-09
-2.96457e-09
-2.89702e-09
-2.82397e-09
-2.76003e-09
-2.69857e-09
-2.62679e-09
-2.58593e-09
-2.54554e-09
-2.4848e-09
-2.42925e-09
-2.38746e-09
-2.33782e-09
-2.28416e-09
-2.23578e-09
-2.17889e-09
-2.13578e-09
-2.08376e-09
-2.02567e-09
-1.97699e-09
-1.91622e-09
-1.86124e-09
-1.80108e-09
-1.73921e-09
-1.66778e-09
-1.5902e-09
-1.51828e-09
-1.45912e-09
-1.39682e-09
-1.33526e-09
-1.26801e-09
-1.20713e-09
-1.17044e-09
-1.12584e-09
-1.07699e-09
-1.0295e-09
-9.76403e-10
-9.24192e-10
-8.56664e-10
-7.80663e-10
-7.25078e-10
-6.33979e-10
-5.58119e-10
-4.90538e-10
-4.0963e-10
-3.26433e-10
-2.59649e-10
-1.91169e-10
-1.41985e-10
-9.83109e-11
-3.6719e-11
-8.7929e-09
-8.76997e-09
-8.72888e-09
-8.71552e-09
-8.71464e-09
-8.71376e-09
-8.70481e-09
-8.68324e-09
-8.66077e-09
-8.64713e-09
-8.63997e-09
-8.62456e-09
-8.59386e-09
-8.58985e-09
-8.59209e-09
-8.58089e-09
-8.53676e-09
-8.51432e-09
-8.51727e-09
-8.49765e-09
-8.4726e-09
-8.46774e-09
-8.45687e-09
-8.44721e-09
-8.41707e-09
-8.40107e-09
-8.39271e-09
-8.35953e-09
-8.32743e-09
-8.31978e-09
-8.28796e-09
-8.27015e-09
-8.25527e-09
-8.2329e-09
-8.22549e-09
-8.20486e-09
-8.17742e-09
-8.14389e-09
-8.10821e-09
-8.08973e-09
-8.05493e-09
-8.01076e-09
-7.97001e-09
-7.93694e-09
-7.9063e-09
-7.87021e-09
-7.84532e-09
-7.81736e-09
-7.78971e-09
-7.76113e-09
-7.72365e-09
-7.67999e-09
-7.644e-09
-7.60903e-09
-7.58858e-09
-7.58644e-09
-7.5704e-09
-7.5447e-09
-7.51962e-09
-7.49942e-09
-7.47425e-09
-7.43652e-09
-7.41736e-09
-7.39326e-09
-7.34804e-09
-7.3024e-09
-7.25312e-09
-7.2012e-09
-7.15117e-09
-7.09665e-09
-7.04062e-09
-6.97838e-09
-6.92009e-09
-6.86662e-09
-6.80377e-09
-6.7484e-09
-6.69174e-09
-6.65198e-09
-6.59013e-09
-6.52878e-09
-6.47363e-09
-6.41787e-09
-6.35384e-09
-6.29196e-09
-6.23159e-09
-6.17591e-09
-6.12748e-09
-6.05299e-09
-5.98521e-09
-5.91994e-09
-5.85182e-09
-5.78985e-09
-5.7393e-09
-5.68339e-09
-5.62855e-09
-5.55006e-09
-5.47713e-09
-5.41537e-09
-5.34715e-09
-5.28675e-09
-5.23292e-09
-5.18306e-09
-5.12988e-09
-5.07858e-09
-5.03054e-09
-4.96958e-09
-4.92805e-09
-4.89267e-09
-4.84899e-09
-4.80854e-09
-4.77757e-09
-4.76519e-09
-4.74202e-09
-4.71866e-09
-4.67654e-09
-4.63127e-09
-4.57732e-09
-4.53033e-09
-4.48576e-09
-4.44731e-09
-4.39541e-09
-4.34099e-09
-4.28728e-09
-4.23123e-09
-4.18197e-09
-4.13623e-09
-4.09157e-09
-4.05076e-09
-4.01861e-09
-3.99805e-09
-3.97587e-09
-3.94878e-09
-3.90942e-09
-3.87494e-09
-3.81739e-09
-3.75543e-09
-3.71466e-09
-3.68791e-09
-3.64629e-09
-3.59025e-09
-3.54191e-09
-3.48768e-09
-3.43538e-09
-3.38819e-09
-3.3215e-09
-3.27323e-09
-3.21723e-09
-3.1531e-09
-3.08205e-09
-3.01889e-09
-2.94822e-09
-2.88212e-09
-2.82564e-09
-2.76247e-09
-2.68386e-09
-2.61053e-09
-2.57562e-09
-2.54368e-09
-2.48066e-09
-2.42045e-09
-2.38504e-09
-2.35203e-09
-2.30482e-09
-2.24545e-09
-2.18479e-09
-2.14672e-09
-2.08982e-09
-2.02473e-09
-1.97199e-09
-1.91814e-09
-1.86476e-09
-1.80532e-09
-1.73667e-09
-1.66127e-09
-1.57888e-09
-1.51776e-09
-1.46998e-09
-1.41317e-09
-1.33584e-09
-1.24836e-09
-1.20368e-09
-1.16722e-09
-1.11897e-09
-1.07069e-09
-1.02966e-09
-9.86552e-10
-9.33017e-10
-8.5603e-10
-7.85564e-10
-7.13813e-10
-6.47369e-10
-5.73902e-10
-4.96445e-10
-4.19777e-10
-3.36711e-10
-2.73407e-10
-2.06278e-10
-1.46027e-10
-9.45555e-11
-3.2306e-11
-8.77987e-09
-8.76852e-09
-8.73236e-09
-8.7199e-09
-8.72192e-09
-8.72064e-09
-8.70941e-09
-8.69218e-09
-8.66668e-09
-8.64999e-09
-8.63506e-09
-8.6187e-09
-8.592e-09
-8.59152e-09
-8.59536e-09
-8.57378e-09
-8.5503e-09
-8.52997e-09
-8.51618e-09
-8.50133e-09
-8.47908e-09
-8.46411e-09
-8.45001e-09
-8.44485e-09
-8.42145e-09
-8.39763e-09
-8.39756e-09
-8.36746e-09
-8.33542e-09
-8.3238e-09
-8.30054e-09
-8.27422e-09
-8.24722e-09
-8.22905e-09
-8.21778e-09
-8.20322e-09
-8.17168e-09
-8.13993e-09
-8.10685e-09
-8.10215e-09
-8.06591e-09
-8.01794e-09
-7.97335e-09
-7.93957e-09
-7.90468e-09
-7.87536e-09
-7.85165e-09
-7.83113e-09
-7.79739e-09
-7.76156e-09
-7.73815e-09
-7.70255e-09
-7.65176e-09
-7.61216e-09
-7.5943e-09
-7.59597e-09
-7.58205e-09
-7.54847e-09
-7.52775e-09
-7.51294e-09
-7.48315e-09
-7.44664e-09
-7.41904e-09
-7.38569e-09
-7.34889e-09
-7.3073e-09
-7.2583e-09
-7.19861e-09
-7.15656e-09
-7.09533e-09
-7.03665e-09
-6.97473e-09
-6.91663e-09
-6.86531e-09
-6.80735e-09
-6.75701e-09
-6.69615e-09
-6.64339e-09
-6.5957e-09
-6.52121e-09
-6.46525e-09
-6.42338e-09
-6.34903e-09
-6.2993e-09
-6.23841e-09
-6.17708e-09
-6.12099e-09
-6.05111e-09
-5.9834e-09
-5.91825e-09
-5.85549e-09
-5.803e-09
-5.74548e-09
-5.68634e-09
-5.63259e-09
-5.55775e-09
-5.49113e-09
-5.41238e-09
-5.35704e-09
-5.29742e-09
-5.241e-09
-5.19032e-09
-5.11914e-09
-5.0628e-09
-5.01639e-09
-4.95376e-09
-4.91196e-09
-4.86756e-09
-4.84005e-09
-4.80806e-09
-4.7607e-09
-4.75349e-09
-4.74198e-09
-4.7116e-09
-4.6676e-09
-4.62421e-09
-4.58705e-09
-4.54704e-09
-4.50174e-09
-4.44798e-09
-4.38673e-09
-4.33912e-09
-4.28608e-09
-4.23565e-09
-4.18762e-09
-4.14186e-09
-4.09981e-09
-4.05051e-09
-4.03282e-09
-4.01704e-09
-3.97823e-09
-3.95295e-09
-3.92099e-09
-3.87555e-09
-3.82183e-09
-3.76689e-09
-3.7244e-09
-3.68546e-09
-3.64091e-09
-3.58581e-09
-3.54551e-09
-3.48377e-09
-3.4213e-09
-3.38203e-09
-3.32843e-09
-3.26907e-09
-3.2106e-09
-3.16069e-09
-3.10775e-09
-3.03445e-09
-2.94639e-09
-2.87932e-09
-2.81759e-09
-2.75304e-09
-2.67304e-09
-2.61117e-09
-2.56199e-09
-2.53604e-09
-2.47928e-09
-2.42462e-09
-2.39151e-09
-2.36598e-09
-2.33163e-09
-2.25209e-09
-2.18677e-09
-2.14698e-09
-2.08573e-09
-2.02249e-09
-1.95714e-09
-1.90053e-09
-1.85249e-09
-1.79145e-09
-1.72338e-09
-1.65502e-09
-1.58662e-09
-1.53054e-09
-1.46969e-09
-1.41813e-09
-1.33378e-09
-1.26391e-09
-1.21159e-09
-1.15896e-09
-1.10116e-09
-1.05987e-09
-1.02097e-09
-9.93847e-10
-9.40539e-10
-8.74318e-10
-7.79092e-10
-7.16985e-10
-6.4983e-10
-5.71171e-10
-4.98723e-10
-4.23256e-10
-3.46403e-10
-2.87033e-10
-2.25718e-10
-1.58958e-10
-9.66117e-11
-2.71413e-11
-8.77086e-09
-8.75972e-09
-8.7383e-09
-8.72846e-09
-8.71741e-09
-8.71554e-09
-8.70443e-09
-8.68569e-09
-8.67154e-09
-8.65467e-09
-8.63642e-09
-8.62253e-09
-8.59449e-09
-8.59902e-09
-8.60648e-09
-8.59564e-09
-8.55646e-09
-8.53574e-09
-8.5231e-09
-8.48998e-09
-8.47547e-09
-8.46495e-09
-8.45359e-09
-8.44599e-09
-8.43488e-09
-8.4152e-09
-8.39783e-09
-8.36912e-09
-8.34916e-09
-8.33068e-09
-8.31587e-09
-8.27116e-09
-8.24663e-09
-8.24268e-09
-8.21703e-09
-8.19871e-09
-8.17264e-09
-8.14517e-09
-8.11689e-09
-8.09376e-09
-8.05517e-09
-8.02326e-09
-7.977e-09
-7.9487e-09
-7.90649e-09
-7.8876e-09
-7.86903e-09
-7.84562e-09
-7.81534e-09
-7.76741e-09
-7.75154e-09
-7.72485e-09
-7.66895e-09
-7.62019e-09
-7.61172e-09
-7.61754e-09
-7.59032e-09
-7.56199e-09
-7.52412e-09
-7.5121e-09
-7.49211e-09
-7.45619e-09
-7.42622e-09
-7.39724e-09
-7.34776e-09
-7.29844e-09
-7.2605e-09
-7.21192e-09
-7.15747e-09
-7.09089e-09
-7.03554e-09
-6.97674e-09
-6.91822e-09
-6.87228e-09
-6.80752e-09
-6.74701e-09
-6.68942e-09
-6.64402e-09
-6.58681e-09
-6.51692e-09
-6.46144e-09
-6.41838e-09
-6.3515e-09
-6.29601e-09
-6.23201e-09
-6.1722e-09
-6.12907e-09
-6.05615e-09
-5.98349e-09
-5.91751e-09
-5.8625e-09
-5.81194e-09
-5.75396e-09
-5.69824e-09
-5.63889e-09
-5.56323e-09
-5.50663e-09
-5.43192e-09
-5.37347e-09
-5.30538e-09
-5.24328e-09
-5.18523e-09
-5.11859e-09
-5.05786e-09
-5.01217e-09
-4.95074e-09
-4.90188e-09
-4.85753e-09
-4.83094e-09
-4.78982e-09
-4.75931e-09
-4.73872e-09
-4.73555e-09
-4.70966e-09
-4.67057e-09
-4.631e-09
-4.58974e-09
-4.54974e-09
-4.50907e-09
-4.44562e-09
-4.38433e-09
-4.32811e-09
-4.29201e-09
-4.2439e-09
-4.19253e-09
-4.14231e-09
-4.09948e-09
-4.05325e-09
-4.03804e-09
-4.01779e-09
-3.98975e-09
-3.95515e-09
-3.91513e-09
-3.8706e-09
-3.8263e-09
-3.7871e-09
-3.74294e-09
-3.69366e-09
-3.6468e-09
-3.59033e-09
-3.52757e-09
-3.47812e-09
-3.43104e-09
-3.38257e-09
-3.3279e-09
-3.26701e-09
-3.21732e-09
-3.177e-09
-3.11146e-09
-3.02979e-09
-2.94806e-09
-2.87315e-09
-2.80515e-09
-2.74593e-09
-2.67335e-09
-2.61113e-09
-2.56716e-09
-2.52559e-09
-2.47448e-09
-2.42294e-09
-2.39747e-09
-2.37078e-09
-2.33354e-09
-2.25009e-09
-2.18786e-09
-2.13924e-09
-2.07207e-09
-2.01707e-09
-1.95011e-09
-1.8956e-09
-1.83895e-09
-1.77077e-09
-1.70016e-09
-1.65374e-09
-1.58905e-09
-1.53326e-09
-1.47208e-09
-1.41128e-09
-1.33956e-09
-1.27189e-09
-1.21372e-09
-1.15605e-09
-1.10235e-09
-1.05835e-09
-1.02356e-09
-9.81549e-10
-9.31107e-10
-8.63966e-10
-7.89908e-10
-7.22704e-10
-6.53067e-10
-5.75701e-10
-5.00284e-10
-4.2901e-10
-3.61901e-10
-2.94118e-10
-2.25463e-10
-1.59546e-10
-8.64625e-11
-1.9318e-11
-8.77218e-09
-8.76781e-09
-8.75317e-09
-8.74183e-09
-8.72523e-09
-8.70913e-09
-8.70144e-09
-8.69154e-09
-8.67644e-09
-8.65782e-09
-8.63496e-09
-8.62239e-09
-8.59429e-09
-8.61164e-09
-8.63326e-09
-8.59756e-09
-8.56932e-09
-8.55405e-09
-8.53023e-09
-8.50349e-09
-8.48693e-09
-8.47207e-09
-8.45386e-09
-8.44508e-09
-8.43439e-09
-8.41553e-09
-8.4014e-09
-8.37687e-09
-8.35003e-09
-8.34228e-09
-8.32752e-09
-8.28367e-09
-8.25395e-09
-8.24408e-09
-8.22211e-09
-8.20843e-09
-8.17029e-09
-8.13186e-09
-8.11074e-09
-8.0846e-09
-8.04818e-09
-8.01948e-09
-7.98681e-09
-7.96146e-09
-7.91464e-09
-7.88697e-09
-7.87768e-09
-7.86085e-09
-7.81758e-09
-7.77493e-09
-7.77425e-09
-7.73635e-09
-7.68543e-09
-7.64229e-09
-7.61612e-09
-7.6118e-09
-7.59636e-09
-7.56561e-09
-7.53514e-09
-7.5117e-09
-7.4854e-09
-7.44233e-09
-7.41815e-09
-7.38986e-09
-7.34366e-09
-7.28956e-09
-7.23389e-09
-7.19741e-09
-7.15754e-09
-7.09425e-09
-7.03869e-09
-6.97736e-09
-6.92635e-09
-6.87066e-09
-6.81169e-09
-6.74727e-09
-6.69163e-09
-6.64544e-09
-6.59671e-09
-6.51732e-09
-6.45848e-09
-6.41668e-09
-6.35231e-09
-6.31284e-09
-6.23581e-09
-6.1734e-09
-6.12644e-09
-6.06182e-09
-5.98708e-09
-5.90748e-09
-5.85902e-09
-5.81239e-09
-5.75892e-09
-5.70775e-09
-5.64268e-09
-5.57711e-09
-5.50803e-09
-5.43975e-09
-5.38139e-09
-5.31449e-09
-5.22952e-09
-5.15688e-09
-5.11218e-09
-5.05848e-09
-5.00512e-09
-4.93856e-09
-4.88927e-09
-4.87037e-09
-4.82878e-09
-4.78537e-09
-4.75504e-09
-4.73937e-09
-4.72461e-09
-4.69715e-09
-4.66702e-09
-4.63966e-09
-4.59266e-09
-4.5427e-09
-4.49207e-09
-4.42669e-09
-4.36873e-09
-4.31377e-09
-4.29314e-09
-4.23423e-09
-4.17932e-09
-4.13966e-09
-4.10509e-09
-4.05986e-09
-4.03623e-09
-4.01145e-09
-3.9844e-09
-3.94739e-09
-3.9155e-09
-3.87599e-09
-3.8406e-09
-3.80106e-09
-3.75769e-09
-3.70972e-09
-3.65936e-09
-3.6043e-09
-3.53803e-09
-3.48298e-09
-3.43315e-09
-3.39618e-09
-3.33786e-09
-3.27436e-09
-3.215e-09
-3.174e-09
-3.11829e-09
-3.04467e-09
-2.94953e-09
-2.87238e-09
-2.81038e-09
-2.75064e-09
-2.68067e-09
-2.62341e-09
-2.57404e-09
-2.52342e-09
-2.48936e-09
-2.43093e-09
-2.39857e-09
-2.363e-09
-2.3119e-09
-2.25015e-09
-2.18957e-09
-2.12795e-09
-2.06707e-09
-2.00097e-09
-1.9392e-09
-1.87622e-09
-1.83443e-09
-1.76213e-09
-1.69873e-09
-1.63758e-09
-1.57434e-09
-1.52697e-09
-1.47375e-09
-1.40722e-09
-1.3479e-09
-1.27613e-09
-1.21805e-09
-1.16049e-09
-1.104e-09
-1.05757e-09
-1.00596e-09
-9.68014e-10
-9.20927e-10
-8.43411e-10
-7.78255e-10
-7.208e-10
-6.58248e-10
-5.7857e-10
-5.0399e-10
-4.32419e-10
-3.55713e-10
-2.93029e-10
-2.19141e-10
-1.47986e-10
-8.59829e-11
-1.48102e-11
-8.77803e-09
-8.77011e-09
-8.75338e-09
-8.74531e-09
-8.73209e-09
-8.7166e-09
-8.70845e-09
-8.71025e-09
-8.68242e-09
-8.65955e-09
-8.62945e-09
-8.61259e-09
-8.60484e-09
-8.61927e-09
-8.63097e-09
-8.606e-09
-8.58713e-09
-8.57056e-09
-8.53886e-09
-8.51266e-09
-8.49599e-09
-8.47819e-09
-8.45705e-09
-8.45348e-09
-8.43103e-09
-8.40957e-09
-8.39093e-09
-8.3683e-09
-8.34597e-09
-8.34162e-09
-8.32173e-09
-8.28699e-09
-8.25944e-09
-8.24198e-09
-8.22834e-09
-8.20899e-09
-8.16633e-09
-8.13559e-09
-8.10789e-09
-8.08341e-09
-8.05571e-09
-8.02072e-09
-7.98801e-09
-7.96242e-09
-7.92202e-09
-7.89531e-09
-7.88413e-09
-7.85493e-09
-7.82524e-09
-7.79001e-09
-7.78651e-09
-7.74504e-09
-7.69591e-09
-7.65817e-09
-7.63412e-09
-7.61871e-09
-7.59525e-09
-7.56291e-09
-7.52719e-09
-7.50413e-09
-7.47352e-09
-7.44005e-09
-7.41235e-09
-7.38212e-09
-7.33524e-09
-7.28569e-09
-7.23664e-09
-7.19443e-09
-7.14756e-09
-7.0933e-09
-7.0356e-09
-6.97178e-09
-6.92266e-09
-6.87407e-09
-6.81385e-09
-6.75689e-09
-6.69837e-09
-6.64633e-09
-6.59276e-09
-6.53015e-09
-6.46178e-09
-6.4214e-09
-6.36781e-09
-6.31019e-09
-6.24257e-09
-6.17998e-09
-6.1082e-09
-6.04541e-09
-5.97351e-09
-5.90298e-09
-5.86233e-09
-5.81047e-09
-5.75383e-09
-5.70426e-09
-5.64505e-09
-5.5739e-09
-5.50088e-09
-5.44045e-09
-5.373e-09
-5.30281e-09
-5.23374e-09
-5.17405e-09
-5.12783e-09
-5.07061e-09
-5.00299e-09
-4.9454e-09
-4.90356e-09
-4.87139e-09
-4.82916e-09
-4.78868e-09
-4.76153e-09
-4.73904e-09
-4.71454e-09
-4.6751e-09
-4.66473e-09
-4.62819e-09
-4.57989e-09
-4.54065e-09
-4.4758e-09
-4.41412e-09
-4.34898e-09
-4.30715e-09
-4.26625e-09
-4.21722e-09
-4.17243e-09
-4.13136e-09
-4.09735e-09
-4.06075e-09
-4.02466e-09
-3.99279e-09
-3.97816e-09
-3.95277e-09
-3.92046e-09
-3.88427e-09
-3.84491e-09
-3.80489e-09
-3.76962e-09
-3.72025e-09
-3.66936e-09
-3.60394e-09
-3.54399e-09
-3.48542e-09
-3.4326e-09
-3.39372e-09
-3.34261e-09
-3.28397e-09
-3.22174e-09
-3.17798e-09
-3.10951e-09
-3.05178e-09
-2.96543e-09
-2.8859e-09
-2.81212e-09
-2.75224e-09
-2.6917e-09
-2.6381e-09
-2.57903e-09
-2.54025e-09
-2.49351e-09
-2.43524e-09
-2.41153e-09
-2.36006e-09
-2.29714e-09
-2.24333e-09
-2.18749e-09
-2.11927e-09
-2.05879e-09
-1.99595e-09
-1.92824e-09
-1.87531e-09
-1.83127e-09
-1.76554e-09
-1.69379e-09
-1.62703e-09
-1.56966e-09
-1.51379e-09
-1.45362e-09
-1.39801e-09
-1.33387e-09
-1.27338e-09
-1.21693e-09
-1.1595e-09
-1.09138e-09
-1.03837e-09
-1.0001e-09
-9.67785e-10
-9.13876e-10
-8.43708e-10
-7.76689e-10
-7.1666e-10
-6.48789e-10
-5.64042e-10
-4.95298e-10
-4.22057e-10
-3.46299e-10
-2.8725e-10
-2.23111e-10
-1.51058e-10
-8.57006e-11
-2.43181e-11
-8.78736e-09
-8.78111e-09
-8.75589e-09
-8.75504e-09
-8.74354e-09
-8.72666e-09
-8.71482e-09
-8.70994e-09
-8.68711e-09
-8.65843e-09
-8.63796e-09
-8.62252e-09
-8.6104e-09
-8.62602e-09
-8.63866e-09
-8.62653e-09
-8.60268e-09
-8.5874e-09
-8.55477e-09
-8.52291e-09
-8.51168e-09
-8.48873e-09
-8.47213e-09
-8.45466e-09
-8.42598e-09
-8.39823e-09
-8.37532e-09
-8.35667e-09
-8.34641e-09
-8.33739e-09
-8.32268e-09
-8.2795e-09
-8.2554e-09
-8.2384e-09
-8.22608e-09
-8.20329e-09
-8.17348e-09
-8.14261e-09
-8.10686e-09
-8.07889e-09
-8.06143e-09
-8.01955e-09
-7.9863e-09
-7.95409e-09
-7.9229e-09
-7.88689e-09
-7.86426e-09
-7.84709e-09
-7.82708e-09
-7.78784e-09
-7.78385e-09
-7.74492e-09
-7.71438e-09
-7.67529e-09
-7.63797e-09
-7.61106e-09
-7.58815e-09
-7.55194e-09
-7.51987e-09
-7.49417e-09
-7.45817e-09
-7.42771e-09
-7.41228e-09
-7.38667e-09
-7.34818e-09
-7.29023e-09
-7.23309e-09
-7.19757e-09
-7.14331e-09
-7.08878e-09
-7.02466e-09
-6.95999e-09
-6.90915e-09
-6.8696e-09
-6.81785e-09
-6.75202e-09
-6.69899e-09
-6.64915e-09
-6.59784e-09
-6.53912e-09
-6.47897e-09
-6.42471e-09
-6.36703e-09
-6.30328e-09
-6.23591e-09
-6.17562e-09
-6.10365e-09
-6.03845e-09
-5.96696e-09
-5.89753e-09
-5.84784e-09
-5.79981e-09
-5.74766e-09
-5.69017e-09
-5.63899e-09
-5.56412e-09
-5.50342e-09
-5.44135e-09
-5.36598e-09
-5.2998e-09
-5.23247e-09
-5.17708e-09
-5.13065e-09
-5.06373e-09
-4.99974e-09
-4.94686e-09
-4.91255e-09
-4.8764e-09
-4.82861e-09
-4.79307e-09
-4.77032e-09
-4.74014e-09
-4.69359e-09
-4.6664e-09
-4.64722e-09
-4.61747e-09
-4.58517e-09
-4.52495e-09
-4.45434e-09
-4.39507e-09
-4.33957e-09
-4.29666e-09
-4.25554e-09
-4.21416e-09
-4.15308e-09
-4.12092e-09
-4.08534e-09
-4.05448e-09
-4.01632e-09
-3.98859e-09
-3.97287e-09
-3.94308e-09
-3.91324e-09
-3.88073e-09
-3.84689e-09
-3.81213e-09
-3.7845e-09
-3.72535e-09
-3.66024e-09
-3.59336e-09
-3.5284e-09
-3.48824e-09
-3.43666e-09
-3.38554e-09
-3.34583e-09
-3.29803e-09
-3.2353e-09
-3.17511e-09
-3.11429e-09
-3.06129e-09
-2.97312e-09
-2.89742e-09
-2.82151e-09
-2.75387e-09
-2.6921e-09
-2.65003e-09
-2.59689e-09
-2.53572e-09
-2.49413e-09
-2.44071e-09
-2.41598e-09
-2.37368e-09
-2.30873e-09
-2.25157e-09
-2.19204e-09
-2.11895e-09
-2.05794e-09
-1.99685e-09
-1.92757e-09
-1.86652e-09
-1.81782e-09
-1.76234e-09
-1.69965e-09
-1.62771e-09
-1.56253e-09
-1.50783e-09
-1.4473e-09
-1.38342e-09
-1.3274e-09
-1.2602e-09
-1.2073e-09
-1.14725e-09
-1.08768e-09
-1.03085e-09
-9.89369e-10
-9.56414e-10
-9.08135e-10
-8.37754e-10
-7.74551e-10
-7.12474e-10
-6.30943e-10
-5.52581e-10
-4.89756e-10
-4.1295e-10
-3.3682e-10
-2.86226e-10
-2.23009e-10
-1.58682e-10
-8.76234e-11
-2.68044e-11
-8.77989e-09
-8.7692e-09
-8.76848e-09
-8.76165e-09
-8.73781e-09
-8.73206e-09
-8.72138e-09
-8.71265e-09
-8.68926e-09
-8.67841e-09
-8.66691e-09
-8.64379e-09
-8.6296e-09
-8.63515e-09
-8.64019e-09
-8.64092e-09
-8.61254e-09
-8.59629e-09
-8.5733e-09
-8.54332e-09
-8.525e-09
-8.4952e-09
-8.47444e-09
-8.44958e-09
-8.4237e-09
-8.40609e-09
-8.37731e-09
-8.35338e-09
-8.34133e-09
-8.33024e-09
-8.30347e-09
-8.26669e-09
-8.25351e-09
-8.23615e-09
-8.22582e-09
-8.21239e-09
-8.19143e-09
-8.15545e-09
-8.11369e-09
-8.0824e-09
-8.05562e-09
-8.01178e-09
-7.97473e-09
-7.93609e-09
-7.90936e-09
-7.8735e-09
-7.84943e-09
-7.83156e-09
-7.80993e-09
-7.78818e-09
-7.76457e-09
-7.74748e-09
-7.71443e-09
-7.67316e-09
-7.64456e-09
-7.60714e-09
-7.57704e-09
-7.53525e-09
-7.51287e-09
-7.48617e-09
-7.4412e-09
-7.42217e-09
-7.4035e-09
-7.36918e-09
-7.34126e-09
-7.28624e-09
-7.25301e-09
-7.20969e-09
-7.15544e-09
-7.08762e-09
-7.01029e-09
-6.97448e-09
-6.91658e-09
-6.87059e-09
-6.81817e-09
-6.74665e-09
-6.70223e-09
-6.64464e-09
-6.5971e-09
-6.54161e-09
-6.49088e-09
-6.43912e-09
-6.36914e-09
-6.30259e-09
-6.22544e-09
-6.15773e-09
-6.09862e-09
-6.03121e-09
-5.95276e-09
-5.88349e-09
-5.82994e-09
-5.79056e-09
-5.7441e-09
-5.69581e-09
-5.62582e-09
-5.5528e-09
-5.49641e-09
-5.42604e-09
-5.36228e-09
-5.2951e-09
-5.23058e-09
-5.1782e-09
-5.12009e-09
-5.06554e-09
-5.00026e-09
-4.96837e-09
-4.93627e-09
-4.88604e-09
-4.84327e-09
-4.79181e-09
-4.7558e-09
-4.74501e-09
-4.68869e-09
-4.6579e-09
-4.62943e-09
-4.60262e-09
-4.57453e-09
-4.5088e-09
-4.44895e-09
-4.37504e-09
-4.32571e-09
-4.28998e-09
-4.2499e-09
-4.20689e-09
-4.15549e-09
-4.12225e-09
-4.08667e-09
-4.05681e-09
-4.01252e-09
-3.97542e-09
-3.96655e-09
-3.949e-09
-3.90684e-09
-3.87309e-09
-3.83768e-09
-3.82145e-09
-3.79468e-09
-3.72401e-09
-3.66142e-09
-3.5936e-09
-3.5384e-09
-3.49909e-09
-3.439e-09
-3.38893e-09
-3.33756e-09
-3.29183e-09
-3.23717e-09
-3.17303e-09
-3.10708e-09
-3.04494e-09
-2.98432e-09
-2.9038e-09
-2.82797e-09
-2.7589e-09
-2.68691e-09
-2.64364e-09
-2.60037e-09
-2.5423e-09
-2.49437e-09
-2.44611e-09
-2.42158e-09
-2.37547e-09
-2.31429e-09
-2.24801e-09
-2.18848e-09
-2.12703e-09
-2.06657e-09
-1.99328e-09
-1.92244e-09
-1.86923e-09
-1.81291e-09
-1.75954e-09
-1.70382e-09
-1.63789e-09
-1.57163e-09
-1.52019e-09
-1.45287e-09
-1.38046e-09
-1.32226e-09
-1.25687e-09
-1.20383e-09
-1.1431e-09
-1.09136e-09
-1.03602e-09
-9.91394e-10
-9.48977e-10
-8.96539e-10
-8.37319e-10
-7.68004e-10
-6.95477e-10
-6.04452e-10
-5.33496e-10
-4.80841e-10
-4.08308e-10
-3.34594e-10
-2.76939e-10
-2.18634e-10
-1.55162e-10
-7.64313e-11
-2.25553e-11
-8.78589e-09
-8.78818e-09
-8.77295e-09
-8.75945e-09
-8.74699e-09
-8.72732e-09
-8.71917e-09
-8.71333e-09
-8.70179e-09
-8.68803e-09
-8.67854e-09
-8.65005e-09
-8.64528e-09
-8.65597e-09
-8.6586e-09
-8.65525e-09
-8.61691e-09
-8.58854e-09
-8.57812e-09
-8.55733e-09
-8.53712e-09
-8.50227e-09
-8.47038e-09
-8.44866e-09
-8.42851e-09
-8.4101e-09
-8.38428e-09
-8.35686e-09
-8.33666e-09
-8.32373e-09
-8.29476e-09
-8.2603e-09
-8.24484e-09
-8.22891e-09
-8.22321e-09
-8.20895e-09
-8.19511e-09
-8.15137e-09
-8.10905e-09
-8.07364e-09
-8.04436e-09
-8.00087e-09
-7.96239e-09
-7.92014e-09
-7.891e-09
-7.85913e-09
-7.83624e-09
-7.81762e-09
-7.78595e-09
-7.77259e-09
-7.75904e-09
-7.73098e-09
-7.70829e-09
-7.66429e-09
-7.6215e-09
-7.60314e-09
-7.56653e-09
-7.53263e-09
-7.50619e-09
-7.4704e-09
-7.4424e-09
-7.43833e-09
-7.40508e-09
-7.37081e-09
-7.32003e-09
-7.28077e-09
-7.24567e-09
-7.20819e-09
-7.16356e-09
-7.09624e-09
-7.02015e-09
-6.9736e-09
-6.91071e-09
-6.85822e-09
-6.80349e-09
-6.73947e-09
-6.69259e-09
-6.64745e-09
-6.59532e-09
-6.54539e-09
-6.49138e-09
-6.43701e-09
-6.36891e-09
-6.28693e-09
-6.22188e-09
-6.14766e-09
-6.09467e-09
-6.02463e-09
-5.93385e-09
-5.86562e-09
-5.82426e-09
-5.77138e-09
-5.72394e-09
-5.68175e-09
-5.62158e-09
-5.54476e-09
-5.48309e-09
-5.41375e-09
-5.34112e-09
-5.29165e-09
-5.23579e-09
-5.17199e-09
-5.12027e-09
-5.06891e-09
-5.00712e-09
-4.97028e-09
-4.93814e-09
-4.89316e-09
-4.85007e-09
-4.79772e-09
-4.76363e-09
-4.73281e-09
-4.68543e-09
-4.65704e-09
-4.62623e-09
-4.59818e-09
-4.56252e-09
-4.50286e-09
-4.44383e-09
-4.36881e-09
-4.32171e-09
-4.28891e-09
-4.25368e-09
-4.2169e-09
-4.18309e-09
-4.13216e-09
-4.08495e-09
-4.05263e-09
-4.01743e-09
-3.98823e-09
-3.96572e-09
-3.9485e-09
-3.91721e-09
-3.87068e-09
-3.83256e-09
-3.81017e-09
-3.77631e-09
-3.72475e-09
-3.6661e-09
-3.59269e-09
-3.54602e-09
-3.49895e-09
-3.44202e-09
-3.39047e-09
-3.3334e-09
-3.27043e-09
-3.21701e-09
-3.15903e-09
-3.10461e-09
-3.0474e-09
-2.97612e-09
-2.90539e-09
-2.83243e-09
-2.76131e-09
-2.695e-09
-2.65233e-09
-2.60596e-09
-2.56016e-09
-2.50017e-09
-2.46328e-09
-2.42116e-09
-2.3576e-09
-2.29079e-09
-2.2381e-09
-2.17811e-09
-2.12578e-09
-2.05191e-09
-1.98263e-09
-1.92195e-09
-1.86183e-09
-1.81157e-09
-1.76545e-09
-1.7135e-09
-1.6632e-09
-1.60575e-09
-1.53303e-09
-1.4637e-09
-1.38796e-09
-1.32065e-09
-1.26413e-09
-1.20054e-09
-1.14366e-09
-1.09525e-09
-1.04431e-09
-9.99648e-10
-9.55616e-10
-8.89239e-10
-8.21913e-10
-7.51313e-10
-6.79489e-10
-6.03849e-10
-5.3135e-10
-4.73628e-10
-4.03455e-10
-3.36398e-10
-2.72484e-10
-1.99765e-10
-1.36716e-10
-7.34047e-11
-2.71155e-11
-8.78937e-09
-8.79446e-09
-8.77019e-09
-8.75451e-09
-8.74617e-09
-8.73129e-09
-8.71767e-09
-8.70961e-09
-8.70486e-09
-8.69347e-09
-8.68806e-09
-8.67289e-09
-8.65953e-09
-8.66576e-09
-8.6715e-09
-8.64869e-09
-8.62062e-09
-8.60564e-09
-8.58091e-09
-8.55385e-09
-8.52756e-09
-8.49768e-09
-8.47354e-09
-8.44447e-09
-8.42739e-09
-8.41139e-09
-8.39644e-09
-8.36575e-09
-8.33229e-09
-8.31666e-09
-8.29292e-09
-8.26415e-09
-8.23832e-09
-8.20652e-09
-8.20331e-09
-8.19976e-09
-8.18975e-09
-8.1401e-09
-8.10535e-09
-8.08558e-09
-8.05076e-09
-7.99156e-09
-7.95156e-09
-7.91182e-09
-7.88835e-09
-7.84758e-09
-7.83202e-09
-7.81339e-09
-7.78022e-09
-7.75717e-09
-7.7382e-09
-7.72087e-09
-7.69164e-09
-7.65071e-09
-7.61016e-09
-7.59037e-09
-7.55918e-09
-7.52991e-09
-7.50432e-09
-7.47313e-09
-7.43605e-09
-7.41654e-09
-7.39596e-09
-7.35268e-09
-7.31766e-09
-7.28743e-09
-7.25099e-09
-7.2023e-09
-7.15387e-09
-7.09874e-09
-7.03394e-09
-6.97918e-09
-6.91428e-09
-6.85372e-09
-6.80103e-09
-6.72753e-09
-6.68102e-09
-6.63792e-09
-6.59201e-09
-6.54761e-09
-6.49849e-09
-6.43524e-09
-6.3676e-09
-6.29381e-09
-6.2102e-09
-6.13381e-09
-6.07345e-09
-6.00967e-09
-5.93732e-09
-5.85786e-09
-5.80573e-09
-5.75548e-09
-5.72008e-09
-5.66928e-09
-5.61505e-09
-5.53794e-09
-5.45215e-09
-5.40457e-09
-5.35591e-09
-5.30071e-09
-5.23834e-09
-5.16469e-09
-5.1146e-09
-5.07462e-09
-5.01806e-09
-4.96877e-09
-4.92754e-09
-4.89718e-09
-4.85828e-09
-4.80655e-09
-4.76193e-09
-4.72502e-09
-4.68811e-09
-4.66615e-09
-4.62571e-09
-4.59377e-09
-4.55696e-09
-4.50756e-09
-4.44952e-09
-4.38261e-09
-4.33976e-09
-4.29653e-09
-4.26048e-09
-4.21924e-09
-4.18227e-09
-4.1425e-09
-4.09318e-09
-4.0471e-09
-4.02393e-09
-4.00169e-09
-3.96751e-09
-3.94114e-09
-3.91461e-09
-3.88136e-09
-3.84408e-09
-3.80646e-09
-3.76993e-09
-3.72191e-09
-3.65862e-09
-3.60113e-09
-3.55027e-09
-3.50257e-09
-3.43812e-09
-3.37954e-09
-3.31917e-09
-3.25194e-09
-3.2005e-09
-3.13894e-09
-3.09653e-09
-3.03761e-09
-2.97328e-09
-2.90867e-09
-2.84508e-09
-2.77172e-09
-2.72269e-09
-2.66037e-09
-2.59944e-09
-2.55615e-09
-2.49876e-09
-2.45299e-09
-2.40831e-09
-2.33856e-09
-2.27181e-09
-2.21443e-09
-2.1459e-09
-2.10274e-09
-2.04622e-09
-1.98429e-09
-1.92399e-09
-1.86731e-09
-1.82562e-09
-1.77908e-09
-1.71734e-09
-1.66883e-09
-1.61761e-09
-1.55791e-09
-1.47019e-09
-1.3923e-09
-1.32854e-09
-1.25726e-09
-1.19771e-09
-1.14553e-09
-1.08686e-09
-1.03849e-09
-9.88362e-10
-9.47734e-10
-8.79411e-10
-8.10931e-10
-7.42581e-10
-6.77762e-10
-6.09613e-10
-5.40073e-10
-4.7307e-10
-3.97211e-10
-3.21496e-10
-2.59465e-10
-1.96329e-10
-1.3176e-10
-7.15481e-11
-1.98056e-11
-8.78717e-09
-8.79704e-09
-8.76501e-09
-8.74498e-09
-8.74592e-09
-8.73865e-09
-8.71914e-09
-8.716e-09
-8.71385e-09
-8.70022e-09
-8.69089e-09
-8.67622e-09
-8.65924e-09
-8.66864e-09
-8.66496e-09
-8.63688e-09
-8.62309e-09
-8.60792e-09
-8.56698e-09
-8.54841e-09
-8.5099e-09
-8.48684e-09
-8.46205e-09
-8.43498e-09
-8.425e-09
-8.4109e-09
-8.39639e-09
-8.37352e-09
-8.32785e-09
-8.30151e-09
-8.28375e-09
-8.26048e-09
-8.24287e-09
-8.20757e-09
-8.18534e-09
-8.18179e-09
-8.16437e-09
-8.12825e-09
-8.10102e-09
-8.07163e-09
-8.0381e-09
-7.99515e-09
-7.95235e-09
-7.91236e-09
-7.87378e-09
-7.85433e-09
-7.84068e-09
-7.8039e-09
-7.76373e-09
-7.74098e-09
-7.72375e-09
-7.70063e-09
-7.67828e-09
-7.64163e-09
-7.61495e-09
-7.58804e-09
-7.55068e-09
-7.51495e-09
-7.49615e-09
-7.47499e-09
-7.43798e-09
-7.41025e-09
-7.37359e-09
-7.33705e-09
-7.30782e-09
-7.27232e-09
-7.23984e-09
-7.20416e-09
-7.15949e-09
-7.10708e-09
-7.03761e-09
-6.97655e-09
-6.91311e-09
-6.86067e-09
-6.80736e-09
-6.73687e-09
-6.68911e-09
-6.64718e-09
-6.60185e-09
-6.54094e-09
-6.48111e-09
-6.41062e-09
-6.34702e-09
-6.27371e-09
-6.19804e-09
-6.12377e-09
-6.05941e-09
-5.99264e-09
-5.92737e-09
-5.85818e-09
-5.80176e-09
-5.74342e-09
-5.70969e-09
-5.66558e-09
-5.60378e-09
-5.52926e-09
-5.45368e-09
-5.40578e-09
-5.36061e-09
-5.30487e-09
-5.23172e-09
-5.16802e-09
-5.12002e-09
-5.09055e-09
-5.04039e-09
-4.97955e-09
-4.93866e-09
-4.89553e-09
-4.86812e-09
-4.81844e-09
-4.76242e-09
-4.72061e-09
-4.68723e-09
-4.67597e-09
-4.6333e-09
-4.59346e-09
-4.55181e-09
-4.50487e-09
-4.44415e-09
-4.39272e-09
-4.34205e-09
-4.29357e-09
-4.2566e-09
-4.22816e-09
-4.18637e-09
-4.14154e-09
-4.09115e-09
-4.05629e-09
-4.02186e-09
-4.00138e-09
-3.97001e-09
-3.93967e-09
-3.91402e-09
-3.88012e-09
-3.84759e-09
-3.80452e-09
-3.76153e-09
-3.71614e-09
-3.6691e-09
-3.60778e-09
-3.54616e-09
-3.49488e-09
-3.43082e-09
-3.36644e-09
-3.30652e-09
-3.2448e-09
-3.18297e-09
-3.13792e-09
-3.08963e-09
-3.03222e-09
-2.96934e-09
-2.91165e-09
-2.85243e-09
-2.78783e-09
-2.72734e-09
-2.66464e-09
-2.60126e-09
-2.54379e-09
-2.49813e-09
-2.44117e-09
-2.39191e-09
-2.32809e-09
-2.2549e-09
-2.20932e-09
-2.13773e-09
-2.08896e-09
-2.03786e-09
-1.98257e-09
-1.92117e-09
-1.86942e-09
-1.82521e-09
-1.77723e-09
-1.72669e-09
-1.67941e-09
-1.63328e-09
-1.56416e-09
-1.48559e-09
-1.41111e-09
-1.33254e-09
-1.26366e-09
-1.20698e-09
-1.14952e-09
-1.09421e-09
-1.03398e-09
-9.75481e-10
-9.41241e-10
-8.74535e-10
-8.13063e-10
-7.53854e-10
-6.99298e-10
-6.2695e-10
-5.4667e-10
-4.70127e-10
-3.89093e-10
-3.11111e-10
-2.44926e-10
-1.83346e-10
-1.22777e-10
-6.30599e-11
-2.08891e-11
-8.78518e-09
-8.79146e-09
-8.77287e-09
-8.75242e-09
-8.751e-09
-8.73268e-09
-8.7263e-09
-8.7169e-09
-8.70306e-09
-8.69665e-09
-8.69279e-09
-8.68478e-09
-8.67413e-09
-8.66239e-09
-8.6427e-09
-8.63462e-09
-8.62916e-09
-8.6018e-09
-8.55257e-09
-8.51613e-09
-8.4917e-09
-8.46327e-09
-8.45115e-09
-8.42166e-09
-8.40448e-09
-8.39313e-09
-8.39776e-09
-8.36633e-09
-8.31201e-09
-8.28756e-09
-8.27805e-09
-8.26475e-09
-8.24055e-09
-8.20807e-09
-8.18678e-09
-8.16368e-09
-8.14937e-09
-8.12636e-09
-8.10109e-09
-8.07048e-09
-8.03111e-09
-7.99144e-09
-7.94633e-09
-7.90913e-09
-7.86559e-09
-7.86538e-09
-7.8444e-09
-7.80521e-09
-7.76197e-09
-7.72485e-09
-7.71904e-09
-7.68265e-09
-7.66734e-09
-7.63623e-09
-7.61001e-09
-7.58576e-09
-7.55993e-09
-7.52348e-09
-7.48988e-09
-7.47529e-09
-7.44053e-09
-7.39474e-09
-7.35177e-09
-7.31923e-09
-7.29645e-09
-7.26538e-09
-7.23402e-09
-7.19852e-09
-7.15736e-09
-7.1031e-09
-7.03638e-09
-6.96971e-09
-6.91855e-09
-6.86864e-09
-6.81246e-09
-6.75074e-09
-6.69818e-09
-6.65694e-09
-6.60614e-09
-6.53531e-09
-6.47403e-09
-6.40487e-09
-6.32305e-09
-6.24406e-09
-6.18778e-09
-6.1262e-09
-6.05813e-09
-5.99114e-09
-5.92391e-09
-5.85657e-09
-5.8092e-09
-5.75759e-09
-5.69903e-09
-5.64428e-09
-5.58882e-09
-5.53151e-09
-5.46881e-09
-5.40637e-09
-5.35025e-09
-5.31061e-09
-5.24963e-09
-5.18896e-09
-5.13322e-09
-5.0865e-09
-5.04122e-09
-4.97784e-09
-4.94569e-09
-4.90821e-09
-4.85581e-09
-4.80967e-09
-4.76229e-09
-4.72898e-09
-4.70446e-09
-4.66105e-09
-4.62273e-09
-4.58432e-09
-4.54593e-09
-4.49574e-09
-4.43855e-09
-4.39348e-09
-4.34303e-09
-4.29575e-09
-4.26587e-09
-4.22073e-09
-4.1855e-09
-4.14492e-09
-4.10217e-09
-4.05587e-09
-4.0143e-09
-3.98892e-09
-3.95912e-09
-3.93299e-09
-3.90853e-09
-3.87253e-09
-3.84055e-09
-3.79998e-09
-3.75708e-09
-3.71252e-09
-3.66439e-09
-3.60345e-09
-3.54623e-09
-3.48992e-09
-3.42264e-09
-3.36119e-09
-3.30635e-09
-3.25514e-09
-3.18962e-09
-3.1418e-09
-3.08794e-09
-3.02877e-09
-2.96709e-09
-2.9172e-09
-2.8585e-09
-2.79984e-09
-2.73962e-09
-2.67799e-09
-2.61062e-09
-2.53834e-09
-2.47666e-09
-2.43046e-09
-2.37362e-09
-2.3057e-09
-2.23934e-09
-2.19179e-09
-2.1356e-09
-2.06439e-09
-2.02276e-09
-1.97723e-09
-1.92042e-09
-1.88334e-09
-1.82247e-09
-1.76719e-09
-1.73273e-09
-1.69204e-09
-1.6364e-09
-1.55152e-09
-1.48803e-09
-1.4214e-09
-1.34475e-09
-1.28038e-09
-1.22222e-09
-1.16396e-09
-1.08777e-09
-1.02391e-09
-9.84798e-10
-9.30089e-10
-8.7184e-10
-8.16685e-10
-7.62128e-10
-7.06335e-10
-6.21913e-10
-5.42421e-10
-4.73443e-10
-3.87398e-10
-3.15544e-10
-2.42316e-10
-1.77864e-10
-1.22811e-10
-6.74422e-11
-2.56878e-11
-8.77995e-09
-8.78972e-09
-8.77918e-09
-8.76158e-09
-8.74809e-09
-8.73716e-09
-8.72622e-09
-8.71223e-09
-8.69509e-09
-8.69504e-09
-8.69494e-09
-8.68526e-09
-8.6668e-09
-8.65249e-09
-8.6392e-09
-8.63438e-09
-8.60971e-09
-8.57736e-09
-8.54121e-09
-8.49938e-09
-8.48201e-09
-8.46609e-09
-8.4437e-09
-8.41009e-09
-8.40748e-09
-8.38493e-09
-8.38157e-09
-8.36299e-09
-8.32663e-09
-8.30153e-09
-8.28653e-09
-8.26941e-09
-8.23913e-09
-8.20465e-09
-8.18717e-09
-8.16874e-09
-8.13314e-09
-8.10807e-09
-8.08171e-09
-8.06256e-09
-8.02929e-09
-7.98064e-09
-7.93687e-09
-7.90115e-09
-7.86817e-09
-7.86582e-09
-7.84301e-09
-7.80245e-09
-7.7617e-09
-7.71796e-09
-7.70975e-09
-7.68721e-09
-7.65484e-09
-7.63158e-09
-7.60302e-09
-7.58542e-09
-7.55988e-09
-7.52918e-09
-7.48717e-09
-7.47245e-09
-7.44237e-09
-7.39652e-09
-7.3533e-09
-7.32866e-09
-7.29675e-09
-7.25649e-09
-7.21915e-09
-7.19941e-09
-7.14986e-09
-7.09804e-09
-7.03481e-09
-6.979e-09
-6.92829e-09
-6.8678e-09
-6.81966e-09
-6.75023e-09
-6.70192e-09
-6.66666e-09
-6.6062e-09
-6.53196e-09
-6.46256e-09
-6.39428e-09
-6.3117e-09
-6.2297e-09
-6.16926e-09
-6.11168e-09
-6.05597e-09
-5.9972e-09
-5.92327e-09
-5.8593e-09
-5.81044e-09
-5.7682e-09
-5.70107e-09
-5.63684e-09
-5.58744e-09
-5.52714e-09
-5.46709e-09
-5.40812e-09
-5.35444e-09
-5.308e-09
-5.25144e-09
-5.19124e-09
-5.14318e-09
-5.10684e-09
-5.04813e-09
-4.98178e-09
-4.94125e-09
-4.90011e-09
-4.85957e-09
-4.80633e-09
-4.75892e-09
-4.7345e-09
-4.69791e-09
-4.66494e-09
-4.62553e-09
-4.57806e-09
-4.52704e-09
-4.48705e-09
-4.44996e-09
-4.40154e-09
-4.34783e-09
-4.28999e-09
-4.25803e-09
-4.2253e-09
-4.18462e-09
-4.14012e-09
-4.09822e-09
-4.0539e-09
-4.00739e-09
-3.98668e-09
-3.9606e-09
-3.92693e-09
-3.89476e-09
-3.86949e-09
-3.84235e-09
-3.79425e-09
-3.75111e-09
-3.70976e-09
-3.65873e-09
-3.6012e-09
-3.54209e-09
-3.48054e-09
-3.42354e-09
-3.36826e-09
-3.31446e-09
-3.25557e-09
-3.19791e-09
-3.14294e-09
-3.09019e-09
-3.0356e-09
-2.96422e-09
-2.90264e-09
-2.85611e-09
-2.80704e-09
-2.75447e-09
-2.68045e-09
-2.60236e-09
-2.535e-09
-2.46349e-09
-2.41031e-09
-2.35723e-09
-2.29632e-09
-2.22688e-09
-2.18203e-09
-2.12784e-09
-2.07085e-09
-2.03011e-09
-1.98128e-09
-1.93059e-09
-1.87829e-09
-1.83053e-09
-1.78598e-09
-1.74471e-09
-1.69183e-09
-1.63428e-09
-1.56123e-09
-1.49201e-09
-1.41857e-09
-1.35012e-09
-1.28116e-09
-1.2228e-09
-1.15565e-09
-1.09426e-09
-1.03819e-09
-9.77907e-10
-9.31951e-10
-8.69767e-10
-8.07616e-10
-7.65321e-10
-6.99179e-10
-6.24779e-10
-5.4645e-10
-4.73714e-10
-3.96581e-10
-3.16838e-10
-2.45399e-10
-1.72811e-10
-1.1465e-10
-6.37357e-11
-1.97789e-11
-8.76652e-09
-8.78374e-09
-8.77938e-09
-8.77043e-09
-8.7562e-09
-8.73483e-09
-8.72333e-09
-8.71683e-09
-8.68756e-09
-8.67554e-09
-8.68735e-09
-8.66863e-09
-8.64759e-09
-8.64075e-09
-8.63752e-09
-8.62114e-09
-8.59587e-09
-8.56892e-09
-8.53829e-09
-8.49893e-09
-8.47879e-09
-8.4563e-09
-8.43477e-09
-8.42036e-09
-8.40617e-09
-8.39354e-09
-8.3728e-09
-8.34875e-09
-8.33117e-09
-8.31841e-09
-8.29244e-09
-8.27641e-09
-8.23287e-09
-8.19929e-09
-8.19138e-09
-8.1809e-09
-8.14237e-09
-8.10117e-09
-8.06949e-09
-8.06235e-09
-8.02759e-09
-7.96898e-09
-7.93144e-09
-7.89221e-09
-7.86819e-09
-7.85694e-09
-7.84415e-09
-7.79415e-09
-7.74182e-09
-7.70518e-09
-7.70726e-09
-7.68884e-09
-7.65296e-09
-7.64192e-09
-7.61224e-09
-7.58697e-09
-7.56806e-09
-7.53768e-09
-7.49704e-09
-7.47251e-09
-7.44037e-09
-7.39888e-09
-7.36653e-09
-7.34831e-09
-7.30013e-09
-7.24411e-09
-7.21225e-09
-7.1891e-09
-7.14852e-09
-7.09307e-09
-7.02887e-09
-6.97867e-09
-6.93143e-09
-6.87289e-09
-6.82571e-09
-6.76266e-09
-6.71317e-09
-6.67124e-09
-6.60026e-09
-6.51471e-09
-6.4537e-09
-6.38542e-09
-6.29469e-09
-6.21232e-09
-6.16304e-09
-6.11122e-09
-6.0455e-09
-5.99082e-09
-5.93407e-09
-5.86464e-09
-5.82401e-09
-5.78382e-09
-5.71665e-09
-5.64957e-09
-5.59521e-09
-5.53274e-09
-5.4748e-09
-5.41775e-09
-5.35359e-09
-5.30302e-09
-5.2578e-09
-5.20191e-09
-5.15235e-09
-5.10898e-09
-5.05329e-09
-4.98264e-09
-4.94782e-09
-4.91469e-09
-4.87433e-09
-4.81123e-09
-4.75984e-09
-4.73808e-09
-4.70943e-09
-4.65587e-09
-4.60755e-09
-4.56012e-09
-4.51291e-09
-4.47944e-09
-4.43794e-09
-4.38873e-09
-4.34478e-09
-4.2937e-09
-4.26635e-09
-4.22806e-09
-4.17901e-09
-4.13593e-09
-4.09474e-09
-4.04233e-09
-4.00509e-09
-3.9866e-09
-3.96221e-09
-3.93513e-09
-3.89696e-09
-3.86289e-09
-3.84121e-09
-3.78911e-09
-3.74723e-09
-3.7156e-09
-3.66162e-09
-3.59761e-09
-3.53115e-09
-3.4834e-09
-3.43196e-09
-3.3657e-09
-3.3199e-09
-3.25803e-09
-3.2053e-09
-3.15108e-09
-3.08744e-09
-3.03668e-09
-2.97439e-09
-2.91373e-09
-2.85933e-09
-2.80363e-09
-2.74121e-09
-2.67812e-09
-2.60808e-09
-2.53235e-09
-2.46061e-09
-2.39737e-09
-2.33946e-09
-2.28774e-09
-2.21885e-09
-2.16648e-09
-2.11644e-09
-2.07724e-09
-2.0314e-09
-1.98759e-09
-1.93703e-09
-1.88384e-09
-1.84706e-09
-1.80608e-09
-1.75298e-09
-1.69144e-09
-1.63901e-09
-1.5692e-09
-1.49068e-09
-1.42488e-09
-1.34462e-09
-1.27815e-09
-1.22543e-09
-1.1579e-09
-1.09799e-09
-1.04607e-09
-9.76047e-10
-9.20433e-10
-8.69077e-10
-8.18474e-10
-7.70988e-10
-7.06325e-10
-6.31367e-10
-5.5753e-10
-4.78828e-10
-3.94663e-10
-3.10021e-10
-2.40527e-10
-1.69591e-10
-1.07768e-10
-5.46174e-11
-2.01355e-11
-8.76092e-09
-8.77791e-09
-8.77767e-09
-8.75922e-09
-8.74955e-09
-8.73604e-09
-8.73231e-09
-8.70831e-09
-8.679e-09
-8.66874e-09
-8.67296e-09
-8.65755e-09
-8.64502e-09
-8.63219e-09
-8.62483e-09
-8.61304e-09
-8.58664e-09
-8.55745e-09
-8.52913e-09
-8.49926e-09
-8.47475e-09
-8.4598e-09
-8.44756e-09
-8.43105e-09
-8.41287e-09
-8.40189e-09
-8.37892e-09
-8.35256e-09
-8.32847e-09
-8.30973e-09
-8.30069e-09
-8.28009e-09
-8.24057e-09
-8.21435e-09
-8.19697e-09
-8.17516e-09
-8.13594e-09
-8.1049e-09
-8.08195e-09
-8.05269e-09
-8.01225e-09
-7.96201e-09
-7.92096e-09
-7.88264e-09
-7.86273e-09
-7.84515e-09
-7.83961e-09
-7.79063e-09
-7.7319e-09
-7.70677e-09
-7.69855e-09
-7.6884e-09
-7.6504e-09
-7.6422e-09
-7.62097e-09
-7.59599e-09
-7.57777e-09
-7.54422e-09
-7.5025e-09
-7.46428e-09
-7.43249e-09
-7.41447e-09
-7.36671e-09
-7.34915e-09
-7.30647e-09
-7.25556e-09
-7.22643e-09
-7.19063e-09
-7.14447e-09
-7.08795e-09
-7.0316e-09
-7.00186e-09
-6.94372e-09
-6.87999e-09
-6.83612e-09
-6.76673e-09
-6.71806e-09
-6.66772e-09
-6.59038e-09
-6.51388e-09
-6.44319e-09
-6.37021e-09
-6.29064e-09
-6.21741e-09
-6.1537e-09
-6.09007e-09
-6.05067e-09
-5.99086e-09
-5.93268e-09
-5.87482e-09
-5.82532e-09
-5.78577e-09
-5.72978e-09
-5.67401e-09
-5.60389e-09
-5.5408e-09
-5.47988e-09
-5.41823e-09
-5.359e-09
-5.30179e-09
-5.24863e-09
-5.20889e-09
-5.15519e-09
-5.10058e-09
-5.04637e-09
-4.99406e-09
-4.96498e-09
-4.92684e-09
-4.88179e-09
-4.81144e-09
-4.75403e-09
-4.73641e-09
-4.703e-09
-4.66436e-09
-4.60322e-09
-4.54989e-09
-4.50085e-09
-4.46244e-09
-4.43794e-09
-4.38493e-09
-4.33835e-09
-4.2897e-09
-4.26215e-09
-4.23268e-09
-4.1713e-09
-4.11311e-09
-4.06791e-09
-4.02844e-09
-3.99812e-09
-3.97227e-09
-3.95628e-09
-3.93738e-09
-3.91361e-09
-3.88065e-09
-3.82445e-09
-3.78785e-09
-3.76121e-09
-3.72845e-09
-3.66764e-09
-3.59469e-09
-3.5251e-09
-3.48214e-09
-3.43759e-09
-3.38102e-09
-3.31509e-09
-3.26362e-09
-3.21288e-09
-3.1447e-09
-3.0841e-09
-3.03654e-09
-2.97741e-09
-2.92176e-09
-2.86232e-09
-2.79744e-09
-2.72342e-09
-2.66543e-09
-2.59666e-09
-2.528e-09
-2.45751e-09
-2.39694e-09
-2.33524e-09
-2.28036e-09
-2.21211e-09
-2.15986e-09
-2.12005e-09
-2.08987e-09
-2.04359e-09
-1.99253e-09
-1.94571e-09
-1.90117e-09
-1.8728e-09
-1.82409e-09
-1.75988e-09
-1.68659e-09
-1.63942e-09
-1.5804e-09
-1.49593e-09
-1.41635e-09
-1.34966e-09
-1.28416e-09
-1.22864e-09
-1.16435e-09
-1.11041e-09
-1.0466e-09
-9.79555e-10
-9.23103e-10
-8.66363e-10
-8.14921e-10
-7.72684e-10
-7.07976e-10
-6.332e-10
-5.60135e-10
-4.76661e-10
-3.87184e-10
-3.1224e-10
-2.36444e-10
-1.6288e-10
-1.06007e-10
-4.72301e-11
-7.80372e-12
-8.75516e-09
-8.78468e-09
-8.77631e-09
-8.75659e-09
-8.74292e-09
-8.7199e-09
-8.71474e-09
-8.69128e-09
-8.68033e-09
-8.65864e-09
-8.64555e-09
-8.64268e-09
-8.64434e-09
-8.63296e-09
-8.61638e-09
-8.60472e-09
-8.57331e-09
-8.54481e-09
-8.52205e-09
-8.49935e-09
-8.46616e-09
-8.44827e-09
-8.43982e-09
-8.4205e-09
-8.40728e-09
-8.40345e-09
-8.38727e-09
-8.35711e-09
-8.32808e-09
-8.31616e-09
-8.30689e-09
-8.27632e-09
-8.25012e-09
-8.22722e-09
-8.20133e-09
-8.17263e-09
-8.14572e-09
-8.11174e-09
-8.07757e-09
-8.0447e-09
-8.00891e-09
-7.96275e-09
-7.92469e-09
-7.89079e-09
-7.85406e-09
-7.85048e-09
-7.83133e-09
-7.79153e-09
-7.74506e-09
-7.71397e-09
-7.70112e-09
-7.68615e-09
-7.65489e-09
-7.64917e-09
-7.6237e-09
-7.589e-09
-7.56211e-09
-7.5327e-09
-7.50439e-09
-7.47082e-09
-7.42539e-09
-7.39767e-09
-7.3705e-09
-7.33712e-09
-7.31473e-09
-7.2711e-09
-7.22369e-09
-7.1758e-09
-7.13739e-09
-7.10319e-09
-7.04621e-09
-7.00492e-09
-6.95928e-09
-6.88573e-09
-6.84078e-09
-6.7756e-09
-6.72682e-09
-6.66131e-09
-6.57648e-09
-6.51772e-09
-6.43174e-09
-6.35881e-09
-6.28473e-09
-6.21439e-09
-6.15493e-09
-6.09155e-09
-6.04653e-09
-5.98739e-09
-5.93467e-09
-5.88072e-09
-5.82409e-09
-5.7803e-09
-5.73047e-09
-5.68086e-09
-5.61733e-09
-5.55189e-09
-5.48704e-09
-5.42315e-09
-5.35997e-09
-5.30264e-09
-5.24828e-09
-5.19831e-09
-5.15701e-09
-5.10168e-09
-5.04585e-09
-5.0016e-09
-4.97069e-09
-4.9265e-09
-4.88554e-09
-4.81869e-09
-4.76684e-09
-4.73781e-09
-4.7047e-09
-4.67293e-09
-4.62458e-09
-4.56446e-09
-4.51183e-09
-4.47398e-09
-4.4332e-09
-4.38559e-09
-4.33142e-09
-4.28126e-09
-4.25318e-09
-4.2149e-09
-4.16172e-09
-4.10498e-09
-4.05352e-09
-4.0101e-09
-3.98989e-09
-3.96709e-09
-3.95006e-09
-3.93333e-09
-3.90861e-09
-3.8803e-09
-3.83601e-09
-3.7893e-09
-3.76435e-09
-3.7347e-09
-3.67445e-09
-3.60595e-09
-3.5437e-09
-3.4893e-09
-3.4363e-09
-3.3756e-09
-3.31344e-09
-3.27351e-09
-3.22515e-09
-3.15213e-09
-3.09342e-09
-3.02922e-09
-2.97564e-09
-2.92544e-09
-2.8632e-09
-2.79316e-09
-2.71142e-09
-2.65377e-09
-2.58303e-09
-2.51825e-09
-2.45477e-09
-2.39592e-09
-2.32542e-09
-2.2703e-09
-2.20957e-09
-2.15492e-09
-2.11945e-09
-2.09792e-09
-2.05409e-09
-1.99888e-09
-1.9472e-09
-1.90667e-09
-1.88564e-09
-1.83245e-09
-1.76265e-09
-1.70078e-09
-1.64687e-09
-1.58325e-09
-1.49597e-09
-1.41391e-09
-1.34766e-09
-1.28725e-09
-1.23534e-09
-1.16817e-09
-1.10899e-09
-1.04074e-09
-9.79703e-10
-9.19428e-10
-8.71403e-10
-8.22121e-10
-7.69681e-10
-7.08675e-10
-6.35845e-10
-5.49672e-10
-4.72738e-10
-3.86942e-10
-3.07803e-10
-2.33936e-10
-1.60504e-10
-1.03577e-10
-3.89389e-11
-2.84568e-12
-8.77002e-09
-8.78701e-09
-8.764e-09
-8.73973e-09
-8.73315e-09
-8.71357e-09
-8.69593e-09
-8.66901e-09
-8.65891e-09
-8.64735e-09
-8.63877e-09
-8.62915e-09
-8.62561e-09
-8.62429e-09
-8.60873e-09
-8.58425e-09
-8.56951e-09
-8.54481e-09
-8.51482e-09
-8.49745e-09
-8.46393e-09
-8.44567e-09
-8.4387e-09
-8.43242e-09
-8.403e-09
-8.39784e-09
-8.38958e-09
-8.36041e-09
-8.32159e-09
-8.31148e-09
-8.308e-09
-8.27759e-09
-8.26759e-09
-8.2426e-09
-8.21414e-09
-8.17012e-09
-8.15304e-09
-8.11762e-09
-8.0787e-09
-8.0372e-09
-7.998e-09
-7.96425e-09
-7.93909e-09
-7.90248e-09
-7.85495e-09
-7.84148e-09
-7.81735e-09
-7.79755e-09
-7.75681e-09
-7.72489e-09
-7.69702e-09
-7.6697e-09
-7.65104e-09
-7.63394e-09
-7.59723e-09
-7.57009e-09
-7.55751e-09
-7.53683e-09
-7.49769e-09
-7.4553e-09
-7.42345e-09
-7.39464e-09
-7.37514e-09
-7.35374e-09
-7.31712e-09
-7.27521e-09
-7.21732e-09
-7.17617e-09
-7.12912e-09
-7.0888e-09
-7.04816e-09
-7.00585e-09
-6.95426e-09
-6.90245e-09
-6.84344e-09
-6.78394e-09
-6.72391e-09
-6.66408e-09
-6.58694e-09
-6.50669e-09
-6.42565e-09
-6.3618e-09
-6.28103e-09
-6.21176e-09
-6.16619e-09
-6.11977e-09
-6.06149e-09
-6.00517e-09
-5.93979e-09
-5.88543e-09
-5.83677e-09
-5.78752e-09
-5.72978e-09
-5.6658e-09
-5.62789e-09
-5.56751e-09
-5.49035e-09
-5.42728e-09
-5.35932e-09
-5.3088e-09
-5.25773e-09
-5.19619e-09
-5.14921e-09
-5.09885e-09
-5.03942e-09
-4.99116e-09
-4.96348e-09
-4.91886e-09
-4.87279e-09
-4.82096e-09
-4.77412e-09
-4.74275e-09
-4.71385e-09
-4.67426e-09
-4.62762e-09
-4.57248e-09
-4.52444e-09
-4.47277e-09
-4.43411e-09
-4.39754e-09
-4.34269e-09
-4.28888e-09
-4.24536e-09
-4.20435e-09
-4.15185e-09
-4.10501e-09
-4.06855e-09
-4.00072e-09
-3.97472e-09
-3.96987e-09
-3.95958e-09
-3.93899e-09
-3.90453e-09
-3.86323e-09
-3.83373e-09
-3.79342e-09
-3.76171e-09
-3.72365e-09
-3.6712e-09
-3.61134e-09
-3.55264e-09
-3.49707e-09
-3.44086e-09
-3.37606e-09
-3.33008e-09
-3.29087e-09
-3.22762e-09
-3.15679e-09
-3.10135e-09
-3.03588e-09
-2.96965e-09
-2.9165e-09
-2.86277e-09
-2.79444e-09
-2.71222e-09
-2.64254e-09
-2.57907e-09
-2.51889e-09
-2.45889e-09
-2.39923e-09
-2.33081e-09
-2.27294e-09
-2.20831e-09
-2.1653e-09
-2.12617e-09
-2.09803e-09
-2.0512e-09
-1.99912e-09
-1.95832e-09
-1.92086e-09
-1.887e-09
-1.82788e-09
-1.75562e-09
-1.70465e-09
-1.64821e-09
-1.57227e-09
-1.48167e-09
-1.40034e-09
-1.34027e-09
-1.28728e-09
-1.22789e-09
-1.16817e-09
-1.10547e-09
-1.04304e-09
-9.84055e-10
-9.18855e-10
-8.71311e-10
-8.26092e-10
-7.54024e-10
-6.9433e-10
-6.34489e-10
-5.6175e-10
-4.73247e-10
-3.78307e-10
-3.04613e-10
-2.38229e-10
-1.74147e-10
-1.16678e-10
-4.88595e-11
-1.10047e-11
-8.7527e-09
-8.78076e-09
-8.76473e-09
-8.71955e-09
-8.717e-09
-8.70987e-09
-8.69807e-09
-8.67231e-09
-8.64981e-09
-8.64895e-09
-8.64082e-09
-8.61627e-09
-8.6173e-09
-8.61392e-09
-8.60145e-09
-8.58258e-09
-8.5643e-09
-8.53597e-09
-8.50911e-09
-8.48596e-09
-8.46642e-09
-8.45526e-09
-8.44416e-09
-8.41557e-09
-8.40033e-09
-8.39068e-09
-8.37991e-09
-8.35911e-09
-8.3258e-09
-8.31176e-09
-8.30446e-09
-8.28154e-09
-8.26844e-09
-8.24189e-09
-8.21493e-09
-8.18518e-09
-8.15476e-09
-8.1171e-09
-8.07598e-09
-8.03079e-09
-8.00559e-09
-7.96364e-09
-7.9374e-09
-7.91018e-09
-7.87186e-09
-7.85718e-09
-7.8258e-09
-7.79852e-09
-7.76972e-09
-7.72494e-09
-7.69099e-09
-7.656e-09
-7.64067e-09
-7.62012e-09
-7.59275e-09
-7.55443e-09
-7.55337e-09
-7.5466e-09
-7.51116e-09
-7.4583e-09
-7.42296e-09
-7.39077e-09
-7.37847e-09
-7.36073e-09
-7.3202e-09
-7.2765e-09
-7.23765e-09
-7.18802e-09
-7.14058e-09
-7.08352e-09
-7.04085e-09
-7.00153e-09
-6.94555e-09
-6.89867e-09
-6.83127e-09
-6.78377e-09
-6.72645e-09
-6.65944e-09
-6.58648e-09
-6.50324e-09
-6.43076e-09
-6.37399e-09
-6.29832e-09
-6.22123e-09
-6.17679e-09
-6.13842e-09
-6.08289e-09
-6.02084e-09
-5.95196e-09
-5.90099e-09
-5.85095e-09
-5.78492e-09
-5.72282e-09
-5.65976e-09
-5.61242e-09
-5.56764e-09
-5.49709e-09
-5.42183e-09
-5.35032e-09
-5.30074e-09
-5.26079e-09
-5.21339e-09
-5.1495e-09
-5.08519e-09
-5.04262e-09
-5.00177e-09
-4.95728e-09
-4.90614e-09
-4.86562e-09
-4.82413e-09
-4.78185e-09
-4.75193e-09
-4.71735e-09
-4.68067e-09
-4.64376e-09
-4.59208e-09
-4.5383e-09
-4.48828e-09
-4.4535e-09
-4.39828e-09
-4.35123e-09
-4.3043e-09
-4.24671e-09
-4.1951e-09
-4.1545e-09
-4.11131e-09
-4.06451e-09
-4.0129e-09
-3.98928e-09
-3.97168e-09
-3.95567e-09
-3.93119e-09
-3.89696e-09
-3.85808e-09
-3.81533e-09
-3.78152e-09
-3.75762e-09
-3.7265e-09
-3.67246e-09
-3.60926e-09
-3.54523e-09
-3.4918e-09
-3.44896e-09
-3.38105e-09
-3.32798e-09
-3.26959e-09
-3.20736e-09
-3.15e-09
-3.08838e-09
-3.02741e-09
-2.97163e-09
-2.90623e-09
-2.85406e-09
-2.79397e-09
-2.71412e-09
-2.64028e-09
-2.57879e-09
-2.52449e-09
-2.46423e-09
-2.40832e-09
-2.35063e-09
-2.28421e-09
-2.21107e-09
-2.17804e-09
-2.13034e-09
-2.1043e-09
-2.05574e-09
-2.00793e-09
-1.96513e-09
-1.91689e-09
-1.88634e-09
-1.82563e-09
-1.75655e-09
-1.69581e-09
-1.6335e-09
-1.56485e-09
-1.48083e-09
-1.40015e-09
-1.33985e-09
-1.27581e-09
-1.22846e-09
-1.16995e-09
-1.10586e-09
-1.0374e-09
-9.79845e-10
-9.29632e-10
-8.76325e-10
-8.16779e-10
-7.48915e-10
-6.94418e-10
-6.45892e-10
-5.71035e-10
-4.81622e-10
-3.8709e-10
-3.09372e-10
-2.43989e-10
-1.79192e-10
-1.26416e-10
-6.89728e-11
-1.34757e-11
-8.75896e-09
-8.76633e-09
-8.75232e-09
-8.72309e-09
-8.70874e-09
-8.70461e-09
-8.70052e-09
-8.68192e-09
-8.65122e-09
-8.64937e-09
-8.64037e-09
-8.62306e-09
-8.61109e-09
-8.60427e-09
-8.58625e-09
-8.57545e-09
-8.5557e-09
-8.52973e-09
-8.5023e-09
-8.48599e-09
-8.46997e-09
-8.45827e-09
-8.44901e-09
-8.44108e-09
-8.41011e-09
-8.39377e-09
-8.38579e-09
-8.36214e-09
-8.3317e-09
-8.30417e-09
-8.29357e-09
-8.28721e-09
-8.26978e-09
-8.23424e-09
-8.22013e-09
-8.19151e-09
-8.16723e-09
-8.12836e-09
-8.0802e-09
-8.03458e-09
-8.00669e-09
-7.97486e-09
-7.94773e-09
-7.9199e-09
-7.88724e-09
-7.85981e-09
-7.83634e-09
-7.81201e-09
-7.77622e-09
-7.73355e-09
-7.69798e-09
-7.66432e-09
-7.63346e-09
-7.60695e-09
-7.58824e-09
-7.55509e-09
-7.5413e-09
-7.53868e-09
-7.51361e-09
-7.46666e-09
-7.43348e-09
-7.41453e-09
-7.38334e-09
-7.35321e-09
-7.33436e-09
-7.29589e-09
-7.24658e-09
-7.19227e-09
-7.1432e-09
-7.08795e-09
-7.03655e-09
-6.98928e-09
-6.93633e-09
-6.88835e-09
-6.83306e-09
-6.77388e-09
-6.72028e-09
-6.65395e-09
-6.58707e-09
-6.52415e-09
-6.43943e-09
-6.37463e-09
-6.31336e-09
-6.25132e-09
-6.19866e-09
-6.14491e-09
-6.08378e-09
-6.02838e-09
-5.97459e-09
-5.91583e-09
-5.84749e-09
-5.77817e-09
-5.72482e-09
-5.67192e-09
-5.61419e-09
-5.55412e-09
-5.48264e-09
-5.41405e-09
-5.35139e-09
-5.29332e-09
-5.2477e-09
-5.19593e-09
-5.14102e-09
-5.08856e-09
-5.04261e-09
-4.98622e-09
-4.93197e-09
-4.8972e-09
-4.86903e-09
-4.81602e-09
-4.77822e-09
-4.75581e-09
-4.73038e-09
-4.69456e-09
-4.65299e-09
-4.59825e-09
-4.53976e-09
-4.49782e-09
-4.46136e-09
-4.40942e-09
-4.35903e-09
-4.30624e-09
-4.24913e-09
-4.20823e-09
-4.15539e-09
-4.11438e-09
-4.07223e-09
-4.0241e-09
-4.00818e-09
-3.98438e-09
-3.9618e-09
-3.92962e-09
-3.89677e-09
-3.85355e-09
-3.81005e-09
-3.7742e-09
-3.74024e-09
-3.70778e-09
-3.67769e-09
-3.61552e-09
-3.55184e-09
-3.49068e-09
-3.44154e-09
-3.39838e-09
-3.32735e-09
-3.25354e-09
-3.19492e-09
-3.14589e-09
-3.09127e-09
-3.02714e-09
-2.96587e-09
-2.90955e-09
-2.86447e-09
-2.79105e-09
-2.71175e-09
-2.64203e-09
-2.59042e-09
-2.53733e-09
-2.47899e-09
-2.40914e-09
-2.35772e-09
-2.29369e-09
-2.23813e-09
-2.19451e-09
-2.14058e-09
-2.10471e-09
-2.05499e-09
-2.0057e-09
-1.96789e-09
-1.91508e-09
-1.87355e-09
-1.81785e-09
-1.74917e-09
-1.67863e-09
-1.61237e-09
-1.54324e-09
-1.46251e-09
-1.39576e-09
-1.33883e-09
-1.27575e-09
-1.22267e-09
-1.17278e-09
-1.12151e-09
-1.05998e-09
-1.00176e-09
-9.45723e-10
-8.88834e-10
-8.26185e-10
-7.62602e-10
-7.06988e-10
-6.48863e-10
-5.6796e-10
-4.91404e-10
-4.04551e-10
-3.13093e-10
-2.43539e-10
-1.84732e-10
-1.2434e-10
-7.74989e-11
-2.64597e-11
-8.76114e-09
-8.76391e-09
-8.7378e-09
-8.71425e-09
-8.70201e-09
-8.70107e-09
-8.69289e-09
-8.67592e-09
-8.66228e-09
-8.66591e-09
-8.65389e-09
-8.62067e-09
-8.60149e-09
-8.60174e-09
-8.59502e-09
-8.58154e-09
-8.54867e-09
-8.52417e-09
-8.50817e-09
-8.49406e-09
-8.47075e-09
-8.45904e-09
-8.45236e-09
-8.43996e-09
-8.41325e-09
-8.39306e-09
-8.38176e-09
-8.34797e-09
-8.32325e-09
-8.32195e-09
-8.29918e-09
-8.28267e-09
-8.26339e-09
-8.23911e-09
-8.23577e-09
-8.20742e-09
-8.17657e-09
-8.1394e-09
-8.09126e-09
-8.06213e-09
-8.02115e-09
-7.98247e-09
-7.95703e-09
-7.93494e-09
-7.90018e-09
-7.86122e-09
-7.84347e-09
-7.81538e-09
-7.78502e-09
-7.74302e-09
-7.6989e-09
-7.65605e-09
-7.62521e-09
-7.59975e-09
-7.58725e-09
-7.56051e-09
-7.54192e-09
-7.53324e-09
-7.50874e-09
-7.48076e-09
-7.45269e-09
-7.42565e-09
-7.39214e-09
-7.36413e-09
-7.34275e-09
-7.30697e-09
-7.25824e-09
-7.2065e-09
-7.15286e-09
-7.09251e-09
-7.03325e-09
-6.97637e-09
-6.93318e-09
-6.8831e-09
-6.8253e-09
-6.76286e-09
-6.70386e-09
-6.65056e-09
-6.59859e-09
-6.52748e-09
-6.45639e-09
-6.39173e-09
-6.32669e-09
-6.26617e-09
-6.21638e-09
-6.1586e-09
-6.10426e-09
-6.04543e-09
-5.98647e-09
-5.91817e-09
-5.84441e-09
-5.77922e-09
-5.7195e-09
-5.66909e-09
-5.61296e-09
-5.546e-09
-5.47622e-09
-5.40613e-09
-5.34855e-09
-5.29098e-09
-5.2359e-09
-5.19389e-09
-5.13825e-09
-5.08667e-09
-5.03117e-09
-4.97193e-09
-4.9322e-09
-4.89858e-09
-4.86127e-09
-4.8134e-09
-4.78038e-09
-4.76112e-09
-4.75158e-09
-4.70793e-09
-4.65779e-09
-4.60177e-09
-4.55643e-09
-4.51661e-09
-4.47578e-09
-4.42628e-09
-4.37673e-09
-4.32562e-09
-4.25984e-09
-4.21461e-09
-4.16933e-09
-4.12546e-09
-4.08262e-09
-4.03717e-09
-4.00877e-09
-3.98563e-09
-3.96052e-09
-3.92998e-09
-3.89498e-09
-3.8491e-09
-3.79947e-09
-3.75854e-09
-3.71941e-09
-3.69662e-09
-3.66651e-09
-3.61375e-09
-3.54956e-09
-3.4992e-09
-3.44374e-09
-3.40044e-09
-3.32635e-09
-3.24702e-09
-3.19778e-09
-3.13639e-09
-3.06538e-09
-3.01768e-09
-2.96279e-09
-2.90273e-09
-2.84612e-09
-2.78233e-09
-2.70981e-09
-2.63164e-09
-2.5922e-09
-2.54386e-09
-2.48066e-09
-2.41398e-09
-2.37215e-09
-2.3251e-09
-2.27264e-09
-2.21783e-09
-2.1672e-09
-2.12836e-09
-2.06999e-09
-2.01989e-09
-1.97499e-09
-1.91704e-09
-1.86948e-09
-1.80659e-09
-1.73882e-09
-1.67334e-09
-1.60031e-09
-1.52691e-09
-1.4634e-09
-1.39791e-09
-1.33806e-09
-1.27568e-09
-1.2248e-09
-1.17313e-09
-1.11952e-09
-1.0707e-09
-1.01588e-09
-9.53582e-10
-9.02814e-10
-8.42798e-10
-7.77371e-10
-7.14727e-10
-6.44113e-10
-5.73452e-10
-4.9469e-10
-4.07752e-10
-3.17606e-10
-2.50574e-10
-1.85958e-10
-1.33277e-10
-8.97755e-11
-3.24805e-11
)
;

boundaryField
{
    cyclic1
    {
        type            cyclic;
    }
    cyclic2
    {
        type            cyclic;
    }
    frontAndBack
    {
        type            empty;
    }
    outlet
    {
        type            fixedValue;
        value           uniform 0;
    }
    inlet
    {
        type            zeroGradient;
    }
}


// ************************************************************************* //
