/*--------------------------------*- C++ -*----------------------------------*\
  =========                 |
  \\      /  F ield         | OpenFOAM: The Open Source CFD Toolbox
   \\    /   O peration     | Website:  https://openfoam.org
    \\  /    A nd           | Version:  6
     \\/     M anipulation  |
\*---------------------------------------------------------------------------*/
FoamFile
{
    version     2.0;
    format      ascii;
    class       surfaceScalarField;
    location    "40";
    object      phi;
}
// * * * * * * * * * * * * * * * * * * * * * * * * * * * * * * * * * * * * * //

dimensions      [0 3 -1 0 0 0 0];

internalField   nonuniform List<scalar> 
7780
(
2
1.26845e-16
2
-2.63607e-17
2
7.24412e-17
2
9.01046e-17
2
1.3343e-16
2
2.26241e-16
2
2.03543e-16
2
5.36195e-17
2
1.57975e-16
2
2.44763e-17
2
1.15695e-16
2
3.10304e-17
2
1.88163e-17
2
1.18056e-16
2
1.40018e-17
2
1.71262e-16
2
-1.86466e-17
2
-1.96225e-17
2
8.52023e-17
2
1.17703e-16
2
1.06174e-16
2
7.16988e-17
2
1.76928e-16
2
-5.8527e-17
2
-1.21245e-16
2
1.09869e-16
2
1.16559e-16
2
-5.81128e-18
2
-7.01456e-17
2
7.66835e-17
2
2.79933e-16
2
4.65402e-17
2
2.3467e-16
2
1.21904e-16
2
1.6196e-16
2
1.11467e-16
2
1.79067e-16
2
3.0786e-16
2
1.64209e-16
2
5.39239e-17
2
1.89414e-16
2
2.29921e-16
2
1.36418e-16
2
1.10525e-16
2
-5.73852e-17
2
-1.77794e-16
2
-4.81238e-17
2
-1.42848e-16
2
-1.4073e-17
2
5.12795e-17
2
-1.31043e-16
2
6.47717e-17
2
6.65529e-17
2
5.54063e-17
2
8.00612e-17
2
2.2167e-17
2
1.47348e-16
2
1.36693e-16
2
3.58931e-17
2
4.37603e-18
2
-2.29369e-16
2
1.23436e-17
2
-2.10142e-16
2
-9.38099e-17
2
-1.46165e-16
2
-3.21198e-16
2
-1.93275e-16
2
-1.08251e-16
2
-1.32571e-16
2
1.28494e-16
2
9.13919e-17
2
9.90788e-17
2
1.80919e-17
2
-2.22611e-17
2
-1.46549e-17
2
-8.73931e-18
2
2.06043e-17
2
4.88035e-17
2
1.39459e-16
2
-3.77587e-17
2
1.76801e-16
2
2.70732e-16
2
2.95293e-16
2
3.90189e-16
2
4.75787e-16
2
3.68319e-16
2
3.56124e-16
2
4.24226e-16
2
2.77978e-16
2
2.65623e-16
2
3.1114e-16
2
3.68734e-16
2
2.21544e-16
2
1.58772e-16
2
1.97897e-16
2
1.78598e-16
2
-2.26986e-17
2
-1.1696e-16
2
-7.52984e-17
2
1.67478e-19
2
-4.04441e-18
2
-2.02343e-16
2
-1.6124e-16
2
-9.65296e-17
2
-1.31232e-16
2
-2.29005e-16
2
-3.17298e-16
2
-3.22988e-16
2
-2.55608e-16
2
-1.25728e-16
2
-4.45954e-17
2
-2.98525e-17
2
-2.93985e-16
2
-1.00001e-16
2
-8.05925e-17
2
-6.64263e-17
2
-5.96762e-17
2
-1.09458e-16
2
6.2663e-17
2
1.93917e-16
2
1.92767e-16
2
1.28243e-16
2
1.65906e-16
2
3.33879e-16
2
2.71675e-16
2
2.17338e-16
2
3.8733e-17
2
4.06582e-17
2
1.36779e-16
2
6.09859e-17
2
1.79684e-17
2
1.06597e-17
2
-1.74543e-16
2
-2.80015e-17
2
2.47108e-17
2
1.76616e-17
2
1.45901e-16
2
3.76502e-16
2
2.53529e-16
2
2.16419e-16
2
1.32208e-16
2
1.28462e-16
2
6.5675e-17
2
-3.48716e-17
2
-9.73195e-17
2
1.48417e-16
2
-9.94307e-17
2
-3.10627e-17
2
-6.78778e-17
2
-7.22196e-17
2
-2.44969e-16
2
-2.1836e-16
2
-3.7997e-16
2
-2.60312e-16
2
-2.49895e-16
2
-3.75769e-16
2
-2.19672e-16
2
-2.09048e-16
2
-2.24445e-16
2
-1.92013e-16
2
-2.82534e-16
2
-2.45506e-16
2
-2.97105e-16
2
-2.46231e-17
2
-6.13226e-17
2
8.98337e-17
2
-1.63836e-16
2
-1.88714e-16
2
-2.08708e-16
2
-3.12823e-16
2
-5.82344e-17
2
3.72131e-17
2
-9.82018e-18
2
-8.92928e-18
2
-1.05483e-16
2
-1.62265e-16
2
-3.06395e-16
2
-3.0198e-16
2
-1.78888e-16
2
-1.29356e-16
2
-1.70753e-16
2
-1.131e-16
2
-1.51383e-16
2
-1.80188e-16
2
-4.53015e-17
2
-3.14541e-16
2
-1.37289e-16
2
-1.43994e-17
2
-1.68152e-16
2
-4.18909e-17
2
-1.89323e-17
2
-1.30127e-16
2
5.16409e-17
2
3.26637e-17
2
2.4127e-17
2
2.06199e-16
2
2.58559e-16
2
2.10296e-16
2
1.41483e-16
7.87408e-17
2
-1.91703e-16
2
-1.48534e-16
2
-1.43006e-16
2
-9.35224e-17
2
2.50746e-17
2
1.82911e-16
2
7.96256e-17
2
1.83638e-17
2
4.17185e-18
2
-1.07397e-16
2
3.35387e-17
2
1.20747e-16
2
1.30204e-16
2
2.29205e-16
2
3.52088e-16
2
2.6929e-16
2
2.74891e-16
2
2.35782e-16
2
3.67676e-16
2
2.39445e-16
2
2.17018e-16
2
2.78741e-16
2
1.29684e-16
2
-4.91049e-17
2
-1.6629e-17
2
-1.75394e-16
2
-1.1432e-16
2
-9.53694e-17
2
1.42281e-16
2
1.69102e-16
2
1.62444e-16
2
3.31572e-16
2
1.84802e-16
2
2.35464e-16
2
1.82816e-16
2
8.03048e-17
2
1.90168e-16
2
1.82367e-16
2
2.17037e-16
2
2.32868e-16
2
2.44001e-16
2
1.67644e-16
2
2.04745e-17
2
1.20615e-16
2
-3.63513e-17
2
-1.31487e-16
2
-7.28512e-17
2
-6.7287e-17
2
-9.08068e-17
2
-8.85086e-17
2
8.96811e-17
2
2.12245e-16
2
2.53002e-16
2
1.27563e-16
2
2.09736e-17
2
9.67388e-18
2
-8.63526e-17
2
-1.05139e-16
2
-1.84926e-17
2
-1.2262e-18
2
3.81608e-17
2
-2.76504e-16
2
-6.38955e-17
2
-1.02906e-16
2
2.49358e-17
2
4.21545e-17
2
-1.69359e-16
2
-8.6858e-17
2
-2.57126e-18
2
-8.25975e-17
2
-5.4109e-17
2
4.5949e-17
2
-4.53739e-17
2
3.14211e-16
2
1.5959e-16
2
1.11103e-16
2
1.50271e-16
2
3.70166e-16
2
1.80929e-16
2
2.57174e-16
2
1.07974e-16
2
1.24908e-16
2
1.50951e-16
2
3.30752e-16
2
4.21339e-16
2
5.09319e-16
2
3.54333e-16
2
1.54686e-16
2
1.9604e-16
2
2.06601e-16
2
2.15933e-16
2
2.246e-16
2
1.35853e-16
2
1.68684e-16
2
1.70578e-16
2
3.51286e-17
2
1.49521e-16
2
4.85402e-18
2
7.89556e-17
2
1.02221e-18
2
-1.86881e-17
2
1.09149e-16
2
-8.51707e-18
2
-1.12922e-17
2
-1.32798e-16
2
-2.2812e-16
2
-2.89016e-16
2
-3.0426e-16
2
-2.7337e-16
2
-2.16261e-16
2
-2.47253e-16
2
-2.11404e-16
2
7.23216e-17
2
-6.50164e-17
2
-2.00325e-16
2
-2.66504e-16
2
-1.92398e-16
2
-1.14967e-16
2
-3.03731e-16
2
-2.67883e-16
2
-6.2323e-17
2
-1.32159e-16
2
-1.12922e-16
2
-1.36852e-16
2
-2.56164e-17
2
-8.58187e-17
2
-3.38333e-17
2
2.12289e-18
2
3.4871e-17
2
5.15673e-17
2
9.45373e-17
2
1.18853e-16
2
1.4979e-16
2
9.52093e-18
2
1.50015e-16
2
2.62012e-16
2
2.01696e-16
2
1.57089e-16
2
2.20181e-16
2
1.64145e-16
2
1.60927e-16
2
3.05807e-16
2
-2.32365e-18
2
1.68237e-16
2
2.61552e-16
2
4.79028e-17
2
1.23391e-16
2
6.50404e-17
2
4.8817e-17
2
5.98757e-17
2
-3.35516e-17
2
-1.33924e-16
2
-1.21689e-16
2
-2.36411e-16
2
-2.99021e-16
2
-1.4467e-16
2
-4.49715e-17
2
-1.31276e-16
2
-2.43066e-16
2
-2.07635e-16
2
-1.35537e-16
2
-1.74572e-16
2
-1.51155e-16
2
-2.09646e-16
2
-7.84171e-17
2
-2.36924e-16
2
-1.13465e-16
2
-2.69611e-16
2
-2.43624e-16
2
-9.97049e-17
2
-3.18007e-16
2
-1.9746e-16
2
-1.74365e-16
2
-4.19115e-18
2
-2.32755e-16
2
-2.36607e-16
2
-9.26428e-17
2
-3.93833e-16
2
-2.11918e-16
2
-4.27509e-16
2
-4.05689e-16
2
-2.03658e-16
2
-3.31008e-16
2
-3.37275e-16
2
-3.14701e-16
2
-2.67138e-16
2
-2.473e-16
2
-3.42896e-16
2
1.40617e-16
2
9.80536e-17
2
-5.19305e-17
2
5.0242e-17
2
7.39597e-17
2
1.95417e-16
2
3.38888e-16
2
1.32929e-16
2
1.54633e-16
2
2.03272e-16
2
2.4554e-16
2.29885e-16
2
-1.03363e-16
2
-1.98851e-16
2
-1.23571e-16
2
1.02225e-17
2
2.83206e-17
2
-1.26709e-16
2
-4.45551e-17
2
-7.1934e-18
2
1.04363e-16
2
6.02665e-17
2
1.83991e-16
2
1.07993e-16
2
5.57022e-17
2
1.44526e-16
2
6.94133e-17
2
1.14634e-16
2
8.58897e-17
2
2.3517e-16
2
3.31331e-16
2
2.11493e-16
2
1.57135e-16
2
1.44142e-16
2
9.15163e-17
2
7.19228e-17
2
7.77329e-17
2
1.55236e-16
2
1.25161e-16
2
2.18551e-16
2
2.01813e-16
2
3.6807e-16
2
3.28814e-16
2
3.21929e-16
2
2.077e-16
2
2.82982e-16
2
1.65399e-16
2
1.33511e-17
2
1.29065e-17
2
8.00913e-17
2
2.49787e-16
2
1.49128e-16
2
-3.61279e-17
2
1.50056e-17
2
-2.47285e-17
2
-5.5537e-17
2
-1.32958e-16
2
1.06278e-17
2
1.60206e-17
2
-1.33182e-16
2
-2.25863e-16
2
-2.08084e-17
2
-3.78435e-17
2
-2.26993e-17
2
1.33244e-16
2
1.81372e-18
2
-1.74931e-17
2
4.90586e-17
2
-4.96181e-17
2
9.66401e-17
2
-6.55416e-18
2
7.62595e-18
2
1.12551e-16
2
1.91237e-16
2
-1.09271e-16
2
7.3322e-17
2
1.66831e-16
2
8.72593e-17
2
-1.00843e-16
2
-1.01736e-16
2
-1.3581e-16
2
-1.24062e-18
2
1.55977e-16
2
2.92339e-17
2
1.50684e-16
2
1.20043e-16
2
1.42768e-16
2
3.16066e-17
2
7.26039e-17
2
1.89614e-16
2
4.93506e-16
2
3.68913e-16
2
2.80094e-16
2
2.47137e-16
2
2.91186e-16
2
1.81104e-16
2
1.01665e-16
2
4.01214e-17
2
1.14639e-16
2
2.31777e-16
2
2.29646e-16
2
2.43031e-16
2
2.8523e-16
2
9.4869e-17
2
3.0384e-16
2
2.30729e-16
2
1.07882e-16
2
1.55657e-16
2
2.35542e-16
2
1.49376e-16
2
-7.2159e-18
2
-8.36436e-17
2
-5.89509e-17
2
-7.44803e-17
2
5.75643e-17
2
-2.4817e-17
2
-1.00923e-16
2
-3.01797e-16
2
-3.35514e-16
2
-2.5846e-16
2
-2.84557e-16
2
-3.04836e-16
2
-1.38722e-16
2
-2.51508e-16
2
-1.71775e-16
2
-1.14543e-16
2
-1.82873e-16
2
-2.49507e-16
2
-1.87941e-16
2
-7.63601e-17
2
-1.81014e-16
2
-3.02064e-16
2
-3.16843e-16
2
-1.41069e-16
2
-1.70052e-16
2
-1.31485e-16
2
-2.91268e-17
2
3.37978e-17
2
-3.73417e-17
2
-2.80893e-17
2
1.42256e-17
2
8.80249e-17
2
2.05613e-16
2
2.23142e-16
2
1.67219e-16
2
1.63467e-16
2
2.08909e-16
2
2.24815e-16
2
1.83826e-16
2
1.36722e-16
2
2.09559e-16
2
2.98358e-16
2
3.99181e-16
2
8.79654e-17
2
2.25991e-16
2
2.44315e-16
2
3.28187e-16
2
4.29166e-16
2
1.96136e-16
2
1.94358e-16
2
1.09393e-16
2
1.18254e-16
2
2.45819e-16
2
5.91464e-17
2
-1.19575e-16
2
-2.81653e-16
2
-2.81269e-16
2
-3.11908e-16
2
-2.17038e-16
2
-1.91152e-16
2
-4.63402e-17
2
-3.01048e-17
2
-1.24136e-16
2
-2.06152e-16
2
-2.69477e-16
2
-1.3165e-16
2
-3.43989e-16
2
-2.50314e-16
2
-1.25033e-16
2
-5.05598e-17
2
-2.45278e-18
2
-4.56154e-17
2
-9.34543e-17
2
-1.47721e-16
2
-1.34037e-16
2
-3.28937e-16
2
-2.92912e-16
2
-1.84475e-16
2
-3.56912e-16
2
-3.10655e-16
2
-5.56786e-16
2
-3.70234e-16
2
-1.3425e-16
2
-1.7356e-16
2
-3.42829e-16
2
-4.01927e-16
2
-4.52275e-16
2
-2.84364e-16
2
-7.46417e-18
2
3.88374e-18
2
-1.61663e-16
2
2.32163e-17
2
-1.23388e-17
2
-9.6916e-17
2
-1.36963e-16
2
-5.52668e-17
2
2.1368e-16
2
2.50895e-16
2
1.98354e-16
2
1.84092e-16
2
9.61724e-17
7.0564e-17
2
6.43329e-18
2
-2.9917e-17
2
-7.08832e-18
2
8.55287e-17
2
1.05688e-16
2
-1.10494e-18
2
2.93305e-17
2
1.98353e-17
2
3.58841e-17
2
1.83582e-16
2
3.40724e-17
2
9.55355e-18
2
-2.49145e-17
2
2.30793e-16
2
2.32379e-16
2
4.57702e-17
2
1.77222e-16
2
2.56973e-16
2
-2.45119e-17
2
1.02162e-16
2
1.21833e-16
2
1.00405e-16
2
1.77852e-17
2
9.88954e-17
2
3.57521e-17
2
1.5045e-16
2
2.36124e-16
2
2.7282e-16
2
2.20116e-16
2
4.09902e-16
2
5.29481e-16
2
4.2606e-16
2
2.31975e-16
2
-1.91206e-16
2
-2.14145e-16
2
-1.50124e-16
2
-2.03428e-16
2
-4.13724e-17
2
1.3088e-16
2
1.24783e-16
2
-5.59642e-17
2
6.19184e-18
2
3.81518e-17
2
-8.53529e-17
2
6.7266e-17
2
5.36509e-17
2
2.86785e-17
2
2.20913e-16
2
2.31982e-16
2
7.0182e-17
2
2.43461e-16
2
1.43318e-17
2
-6.78155e-17
2
9.07423e-17
2
-7.82833e-17
2
-5.01755e-17
2
-9.96751e-17
2
-1.46891e-16
2
1.70579e-17
2
-4.52916e-17
2
2.00273e-16
2
4.91182e-17
2
2.04903e-16
2
1.6398e-16
2
2.56341e-16
2
1.65615e-16
2
1.75039e-16
2
1.07679e-16
2
9.57489e-17
2
1.07174e-16
2
5.48814e-17
2
1.09963e-16
2
9.45082e-17
2
-2.7408e-16
2
-3.12816e-16
2
-3.94362e-16
2
-2.9854e-16
2
-3.10044e-16
2
-2.53849e-16
2
-1.62985e-16
2
-9.849e-17
2
-1.64973e-16
2
-7.35183e-17
2
1.42399e-18
2
-1.53737e-16
2
-1.66333e-17
2
-1.72057e-17
2
1.72915e-16
2
3.24506e-16
2
3.81125e-16
2
1.9744e-16
2
1.12977e-16
2
8.01836e-17
2
3.22874e-17
2
-1.38774e-17
2
-1.56245e-16
2
-3.31483e-16
2
-1.47585e-16
2
2.04441e-16
2
1.83367e-16
2
2.71143e-17
2
1.13962e-16
2
2.61099e-16
2
2.88326e-16
2
1.43862e-17
2
-6.84988e-17
2
-5.20077e-17
2
-1.31347e-16
2
1.06909e-17
2
-2.53435e-16
2
-2.3355e-16
2
-8.31872e-17
2
-3.09651e-17
2
-2.91572e-16
2
-2.02899e-16
2
-2.6369e-16
2
-2.0494e-16
2
-1.28249e-16
2
9.38415e-17
2
-1.33591e-17
2
-5.69548e-17
2
-2.90944e-16
2
-1.16182e-16
2
-1.94336e-16
2
-2.2101e-16
2
-1.47373e-16
2
-1.16138e-16
2
-8.89583e-17
2
-2.88207e-17
2
3.75938e-17
2
-8.10033e-17
2
1.26842e-17
2
1.48768e-16
2
1.34104e-16
2
2.62463e-16
2
2.95935e-16
2
2.8062e-16
2
1.54551e-16
2
3.10231e-16
2
9.5718e-17
2
1.75317e-16
2
-5.96949e-17
2
2.42274e-17
2
9.55493e-17
2
2.65841e-16
2
1.95125e-16
2
4.65766e-17
2
-4.80418e-18
2
3.72157e-17
2
2.38196e-16
2
3.72707e-17
2
5.95836e-17
2
1.25449e-16
2
5.74533e-17
2
-1.57293e-16
2
-7.63031e-17
2
-1.53205e-16
2
-1.72954e-16
2
-9.91205e-17
2
-2.05015e-16
2
-2.59764e-16
2
-1.23744e-16
2
-1.56734e-16
2
-2.51571e-16
2
-2.69222e-16
2
-1.23161e-16
2
1.26017e-17
2
8.65952e-17
2
9.70134e-18
2
1.06099e-16
2
-8.19313e-17
2
-2.77415e-16
2
-2.64689e-16
2
-2.66242e-16
2
-1.72803e-16
2
-2.65617e-16
2
-4.16903e-16
2
-3.71349e-16
2
-4.21889e-16
2
-3.68649e-16
2
-5.0669e-16
2
-6.36452e-16
2
-3.56663e-16
2
-3.19783e-16
2
-2.25214e-16
2
-2.84859e-17
2
-1.9013e-16
2
-3.74746e-17
2
-3.86108e-17
2
-3.97355e-17
2
-1.2709e-16
2
1.61258e-17
2
9.76089e-17
2
4.20848e-17
2
-5.82631e-17
2
-1.28304e-16
2
9.76125e-17
2
1.4932e-16
2
2.10755e-16
2.35511e-16
2
8.33512e-17
2
6.77308e-17
2
4.85421e-18
2
-2.28802e-17
2
8.94022e-17
2
1.67661e-16
2
5.29458e-17
2
2.20064e-17
2
-3.73383e-17
2
5.9746e-17
2
1.17013e-16
2
1.42165e-16
2
1.60428e-16
2
-9.56464e-17
2
-6.35672e-17
2
1.94609e-17
2
2.81521e-16
2
5.31434e-17
2
-5.73583e-17
2
-6.10289e-17
2
-1.78028e-17
2
4.83118e-18
2
8.89201e-17
2
1.46075e-16
2
2.42475e-16
2
2.27711e-16
2
7.75541e-17
2
2.08584e-17
2
1.93813e-16
2
1.91509e-16
2
1.46718e-16
2
2.16388e-16
2
1.46847e-16
2
4.5351e-17
2
-6.17878e-17
2
-8.42018e-17
2
-4.97228e-17
2
-1.14837e-16
2
-1.1172e-16
2
-1.48556e-16
2
8.44214e-17
2
3.99976e-17
2
-6.52134e-17
2
1.30169e-16
2
8.96131e-17
2
1.68642e-16
2
2.8606e-16
2
1.74761e-16
2
2.47512e-16
2
3.16733e-16
2
2.17902e-16
2
1.16024e-16
2
1.52192e-17
2
-7.52011e-17
2
-1.20924e-17
2
-1.051e-16
2
-1.16801e-16
2
-1.26079e-16
2
-1.68336e-16
2
6.19422e-17
2
1.08145e-16
2
4.54765e-16
2
2.62907e-16
2
1.21152e-16
2
2.90425e-17
2
1.00391e-16
2
2.5065e-16
2
1.19646e-16
2
7.18563e-17
2
-1.79367e-18
2
-2.01521e-16
2
-8.28323e-17
2
-6.04675e-17
2
-2.68106e-16
2
-5.05582e-16
2
-2.88127e-16
2
-3.46622e-16
2
-2.69132e-16
2
-4.30607e-16
2
-4.10387e-16
2
-2.21089e-16
2
-1.11512e-16
2
-2.95355e-16
2
-3.02949e-16
2
-1.55166e-16
2
7.36372e-17
2
1.89564e-16
2
1.58109e-16
2
1.50159e-16
2
-5.35956e-17
2
7.09213e-17
2
1.63084e-16
2
2.90399e-17
2
-7.59417e-17
2
-1.3112e-18
2
1.41239e-17
2
-4.71098e-17
2
1.8081e-16
2
1.45637e-16
2
3.77569e-16
2
5.31239e-16
2
4.2603e-16
2
2.97577e-16
2
1.37149e-16
2
1.25617e-16
2
2.54155e-16
2
1.52858e-16
2
8.10084e-17
2
-1.15721e-17
2
1.20535e-16
2
1.77466e-16
2
3.62553e-17
2
-2.29433e-16
2
-4.81519e-17
2
-1.79453e-16
2
-9.06892e-17
2
-2.72835e-16
2
-3.5277e-16
2
-8.73557e-17
2
-1.0554e-16
2
-2.31598e-16
2
-3.24267e-16
2
-5.28706e-16
2
-3.71493e-16
2
-2.89376e-16
2
-3.80423e-16
2
-2.20107e-16
2
-1.88472e-16
2
-2.10083e-16
2
-2.22416e-17
2
3.90497e-17
2
1.83575e-16
2
1.78654e-16
2
3.90737e-16
2
2.86391e-16
2
3.1309e-16
2
1.16624e-16
2
7.84577e-17
2
1.05421e-16
2
1.9839e-16
2
4.43089e-17
2
8.47329e-17
2
3.55521e-16
2
4.68319e-16
2
1.73526e-16
2
1.33737e-16
2
2.70964e-16
2
1.67738e-16
2
-4.36922e-17
2
-6.11395e-17
2
6.20025e-17
2
4.16615e-17
2
7.42192e-17
2
7.20668e-17
2
6.65228e-18
2
2.30263e-19
2
-2.51085e-17
2
-1.01206e-16
2
-1.10521e-16
2
-5.70958e-17
2
-1.67392e-16
2
-7.39142e-17
2
1.18098e-16
2
1.11315e-16
2
1.33588e-16
2
1.34368e-16
2
-4.74193e-17
2
7.71056e-17
2
-4.45357e-17
2
-1.65584e-16
2
-1.03037e-16
2
-1.76159e-16
2
-2.72049e-16
2
-2.34584e-16
2
-2.58668e-16
2
-3.23134e-16
2
-2.74335e-16
2
-3.94004e-16
2
-3.97822e-16
2
-3.99957e-16
2
-3.76917e-16
2
-2.95356e-16
2
-2.08355e-16
2
-1.67694e-16
2
-2.49609e-16
2
-2.26752e-16
2
-1.77027e-16
2
-1.21961e-16
2
-1.51086e-16
2
-7.41362e-17
2
1.29017e-16
2
1.13949e-16
2
3.76553e-17
2
-2.50392e-17
2
-1.37966e-16
2
-7.54086e-17
2
-5.54524e-17
2
7.87238e-17
2
1.51429e-16
1.43888e-16
2
1.58375e-16
2
1.10214e-16
2
-4.39921e-17
2
-8.85775e-17
2
-8.61691e-17
2
-1.71398e-16
2
-1.42485e-16
2
-7.7523e-17
2
-1.21456e-16
2
-8.208e-17
2
2.14065e-19
2
4.55775e-17
2
1.66689e-16
2
2.60506e-17
2
-1.47152e-16
2
-1.80377e-16
2
-7.75096e-17
2
5.73656e-17
2
1.0587e-16
2
5.17356e-17
2
1.52481e-16
2
1.65189e-16
2
7.58787e-17
2
1.46725e-16
2
9.76217e-17
2
3.96391e-17
2
-7.57945e-17
2
9.48392e-17
2
1.46628e-16
2
-1.11191e-17
2
1.45775e-16
2
1.5797e-16
2
1.24657e-16
2
3.3506e-16
2
1.87902e-16
2
1.56996e-17
2
-1.60158e-16
2
-1.41275e-16
2
-1.69762e-16
2
-9.38659e-17
2
1.15778e-16
2
2.31662e-16
2
1.54725e-16
2
-1.95546e-16
2
8.8526e-17
2
2.69979e-16
2
2.32801e-16
2
2.97057e-16
2
1.57434e-16
2
1.83115e-16
2
8.32192e-17
2
5.55268e-17
2
4.98125e-17
2
3.05412e-17
2
8.31409e-17
2
2.10007e-17
2
1.36168e-16
2
2.73408e-16
2
2.49848e-16
2
3.26122e-16
2
1.79967e-16
2
-3.22767e-17
2
2.29229e-16
2
4.04874e-16
2
4.04319e-16
2
4.54402e-16
2
1.5142e-16
2
5.46496e-17
2
3.44066e-18
2
-2.84155e-17
2
-9.14664e-18
2
-1.74988e-16
2
-2.90022e-16
2
-1.53669e-16
2
-1.85084e-16
2
-3.08219e-16
2
-4.34182e-16
2
-4.41654e-16
2
-2.78188e-16
2
-3.0254e-16
2
-2.5637e-16
2
-1.81982e-16
2
-2.01661e-16
2
-2.11934e-16
2
-1.03682e-16
2
-1.42561e-16
2
5.18956e-17
2
1.40173e-16
2
1.49838e-16
2
1.62645e-16
2
7.58186e-17
2
5.3893e-17
2
5.84722e-17
2
6.04349e-17
2
7.45683e-17
2
1.2735e-16
2
3.2819e-16
2
2.1317e-16
2
1.46427e-16
2
1.55193e-16
2
2.91372e-16
2
1.46417e-16
2
1.61006e-16
2
1.72426e-16
2
2.77407e-17
2
2.34712e-16
2
3.36553e-16
2
2.75857e-16
2
2.57246e-16
2
1.99706e-16
2
3.47205e-16
2
2.21882e-16
2
1.60489e-16
2
-1.40475e-16
2
-2.44208e-16
2
-2.28692e-17
2
6.56086e-18
2
-9.47825e-17
2
-2.75053e-16
2
-2.23373e-16
2
-2.61727e-16
2
-1.10237e-16
2
-1.102e-16
2
-3.12837e-16
2
-5.11458e-16
2
-4.8092e-16
2
-5.10225e-16
2
-5.87826e-16
2
-1.39349e-16
2
6.25347e-17
2
4.93987e-17
2
-4.69649e-17
2
-5.07675e-17
2
4.78843e-17
2
1.15853e-16
2
1.80857e-17
2
2.00915e-16
2
3.86578e-16
2
2.60833e-16
2
2.0858e-16
2
2.44683e-16
2
4.79097e-16
2
3.56827e-16
2
3.08343e-16
2
2.91313e-16
2
3.3834e-16
2
1.71433e-16
2
-1.47004e-17
2
1.56979e-16
2
4.65863e-17
2
-1.57003e-16
2
-2.42817e-17
2
9.59204e-17
2
8.34007e-17
2
6.6743e-17
2
2.17183e-17
2
7.99877e-17
2
2.44073e-16
2
8.94935e-17
2
1.35879e-16
2
8.63155e-17
2
3.23626e-17
2
1.11564e-16
2
2.06022e-16
2
6.23566e-17
2
9.3093e-17
2
2.18605e-16
2
2.9114e-17
2
-6.02619e-17
2
-7.87516e-17
2
-7.16196e-17
2
-7.75088e-17
2
-1.54957e-16
2
-1.87272e-16
2
-1.36119e-16
2
-1.96157e-16
2
-3.20973e-16
2
-3.02622e-16
2
-4.413e-16
2
-3.99184e-16
2
-3.05169e-16
2
-3.32452e-16
2
-1.61411e-16
2
-1.14521e-16
2
-2.31461e-16
2
-1.351e-16
2
-1.4726e-16
2
-1.99621e-16
2
-1.17971e-16
2
-1.46929e-16
2
-9.0092e-17
2
-7.1362e-17
2
1.28554e-16
2
-6.34577e-17
2
-1.06613e-16
2
5.09671e-17
2
-6.99465e-17
2
-1.38243e-16
2
-4.24902e-17
-5.71479e-17
2
-2.59519e-17
2
-1.13875e-16
2
-1.4353e-16
2
-1.54089e-17
2
-1.8217e-16
2
3.71522e-17
2
-5.61498e-17
2
-6.15054e-17
2
-1.92605e-16
2
-7.28966e-17
2
2.34954e-16
2
7.40575e-17
2
8.33048e-17
2
1.6485e-16
2
3.96935e-17
2
6.59478e-17
2
1.98589e-17
2
-1.60684e-16
2
-1.46432e-16
2
-3.63805e-17
2
-4.31879e-17
2
8.33862e-18
2
6.08615e-17
2
-1.52338e-16
2
-2.17685e-17
2
-8.46375e-17
2
-1.66237e-17
2
-3.65362e-17
2
-3.67419e-17
2
-6.31117e-17
2
-1.06123e-16
2
5.18098e-17
2
1.71387e-16
2
1.71308e-17
2
-4.7833e-17
2
-3.08932e-17
2
-9.91823e-17
2
-9.00878e-17
2
1.17963e-16
2
2.69705e-16
2
3.66759e-16
2
1.43755e-16
2
1.79773e-16
2
1.91316e-16
2
1.43853e-16
2
2.78011e-17
2
-3.14277e-17
2
1.10304e-16
2
3.07285e-16
2
1.68765e-16
2
2.39793e-16
2
2.84078e-16
2
4.51157e-17
2
-3.96839e-17
2
9.34329e-17
2
3.9667e-17
2
2.31732e-17
2
6.96792e-17
2
3.57622e-16
2
2.59863e-16
2
2.11933e-16
2
2.22787e-16
2
7.56227e-17
2
2.92333e-16
2
2.74833e-16
2
1.83449e-16
2
3.23306e-16
2
7.68203e-18
2
-2.93157e-17
2
-3.78026e-17
2
-2.63771e-17
2
-1.95436e-16
2
-1.87368e-16
2
-2.59875e-16
2
-1.23235e-16
2
-2.47713e-16
2
-1.2761e-16
2
-2.25963e-16
2
-4.33633e-16
2
-2.59313e-16
2
-2.84125e-16
2
-3.16359e-16
2
-1.15142e-16
2
-2.21628e-16
2
-1.99441e-16
2
-1.48887e-16
2
-6.42432e-17
2
3.88521e-17
2
7.94213e-17
2
4.67711e-17
2
6.27682e-17
2
-3.84866e-18
2
1.2739e-16
2
3.95226e-16
2
1.92613e-16
2
1.29357e-16
2
2.07885e-17
2
1.37408e-16
2
2.29758e-16
2
1.28587e-16
2
-8.13772e-17
2
5.92605e-17
2
5.55811e-17
2
-2.42923e-17
2
1.33443e-16
2
3.9089e-17
2
2.21382e-16
2
4.74175e-16
2
2.71385e-16
2
2.62658e-16
2
6.0517e-17
2
8.25206e-17
2
1.01166e-16
2
2.00958e-16
2
1.47589e-16
2
4.24454e-17
2
1.8452e-16
2
-4.17448e-17
2
-1.99895e-16
2
-1.64962e-16
2
-1.57922e-16
2
-6.55233e-17
2
-2.67071e-16
2
-3.23693e-16
2
-3.07598e-16
2
-3.76333e-16
2
-4.47209e-16
2
-2.21769e-16
2
-2.1847e-16
2
-2.36535e-16
2
1.2868e-17
2
5.2889e-17
2
6.04993e-17
2
-4.03876e-17
2
-1.08281e-16
2
1.25122e-16
2
2.50954e-16
2
2.2261e-16
2
2.4014e-16
2
1.72377e-16
2
3.05175e-16
2
3.84779e-16
2
4.22699e-16
2
1.88873e-16
2
1.93456e-17
2
2.00518e-17
2
5.2497e-17
2
1.73982e-16
2
1.84771e-16
2
-1.19706e-16
2
3.09366e-17
2
2.51042e-16
2
8.41624e-17
2
1.42219e-16
2
1.33769e-16
2
2.08504e-16
2
7.76486e-17
2
1.25095e-16
2
1.97452e-16
2
3.03093e-17
2
1.89368e-17
2
5.64598e-17
2
1.80184e-16
2
4.03137e-16
2
5.79523e-16
2
5.40385e-16
2
4.07188e-16
2
1.51041e-16
2
2.12301e-16
2
1.34989e-16
2
1.68781e-16
2
-3.76291e-17
2
-2.58199e-16
2
-1.4923e-16
2
-2.12053e-16
2
-5.90382e-17
2
-2.57181e-16
2
-7.59325e-17
2
-1.76173e-17
2
-2.7489e-16
2
-4.16003e-16
2
-4.01285e-16
2
-1.84236e-16
2
-1.3094e-16
2
-2.28686e-17
2
-2.72768e-16
2
-3.80931e-16
2
-1.6422e-16
2
-2.5294e-16
2
1.72534e-17
2
9.29106e-18
2
-9.21181e-17
2
2.48915e-17
2
2.19942e-17
2
-1.07412e-16
2
-2.08681e-16
2
-2.0204e-16
2
-2.09451e-16
2
-2.35286e-16
-4.03534e-16
2
5.42022e-17
2
8.73757e-17
2
1.27639e-16
2
-4.61053e-17
2
-8.72701e-17
2
-1.91982e-16
2
-2.86366e-16
2
-1.18501e-17
2
2.0846e-16
2
2.52513e-16
2
7.253e-17
2
-1.87689e-17
2
8.31562e-18
2
-1.60091e-16
2
-9.6586e-17
2
5.66254e-18
2
-8.10951e-17
2
2.43758e-17
2
4.84605e-17
2
7.17584e-17
2
1.98811e-16
2
2.0306e-17
2
-6.39679e-17
2
-2.56779e-16
2
-2.19885e-16
2
-2.17402e-16
2
-2.58385e-16
2
-1.06285e-16
2
-1.2002e-16
2
-8.58966e-18
2
-7.26933e-18
2
1.24013e-16
2
2.07962e-17
2
-4.1708e-17
2
8.65232e-17
2
-1.90598e-17
2
-6.3735e-17
2
-1.31431e-16
2
2.54928e-17
2
2.13466e-16
2
-1.27439e-17
2
9.18365e-17
2
6.89102e-17
2
-2.73735e-17
2
1.22448e-16
2
-3.69832e-18
2
-2.05888e-16
2
-2.05573e-16
2
-1.16604e-16
2
-9.30612e-17
2
-1.35226e-16
2
-8.59529e-17
2
-1.56752e-16
2
2.61234e-17
2
7.3044e-17
2
2.61387e-16
2
4.24452e-16
2
2.15944e-16
2
1.71597e-16
2
-8.92062e-17
2
8.46123e-17
2
8.88943e-17
2
3.16302e-16
2
2.81039e-16
2
4.20329e-17
2
2.24625e-17
2
3.00572e-18
2
1.21771e-16
2
-2.48617e-17
2
-1.83807e-17
2
2.15716e-16
2
1.72607e-16
2
1.20647e-17
2
-9.47934e-17
2
-2.0029e-16
2
6.37607e-17
2
-1.04888e-17
2
1.93346e-17
2
-5.93501e-17
2
-3.86123e-16
2
-2.86675e-16
2
-2.24226e-16
2
-2.63063e-16
2
-3.41943e-16
2
-3.5622e-16
2
-1.21196e-16
2
-2.46362e-16
2
-4.45046e-16
2
-4.3476e-16
2
-1.1135e-16
2
1.556e-16
2
2.22173e-16
2
1.60981e-16
2
1.81773e-16
2
3.80764e-16
2
4.16177e-16
2
5.27676e-16
2
1.45321e-16
2
3.77035e-17
2
2.37814e-17
2
8.10904e-17
2
1.57867e-16
2
1.01114e-16
2
1.02162e-16
2
8.61785e-17
2
1.90281e-17
2
5.69912e-17
2
1.75818e-16
2
1.47608e-16
2
1.11989e-16
2
9.80444e-17
2
1.26488e-16
2
-2.97778e-18
2
2.54383e-16
2
3.07326e-16
2
4.68548e-18
2
-3.21249e-17
2
1.15474e-16
2
6.54738e-17
2
7.84747e-17
2
5.85569e-18
2
-2.2606e-16
2
-2.76862e-16
2
-4.47167e-16
2
-3.37459e-16
2
-1.28495e-16
2
1.54389e-17
2
-3.84306e-17
2
-3.03779e-16
2
-4.99249e-16
2
-3.18908e-16
2
-9.02924e-17
2
1.57757e-18
2
-1.97318e-16
2
2.10033e-16
2
2.0987e-16
2
1.36304e-17
2
2.06416e-16
2
3.10387e-16
2
4.46298e-16
2
4.28524e-16
2
3.23898e-16
2
8.29251e-17
2
2.00059e-16
2
2.09944e-16
2
3.1856e-17
2
-5.4583e-17
2
1.05116e-16
2
2.90229e-17
2
1.72056e-16
2
-6.96777e-18
2
-9.80054e-17
2
1.09292e-16
2
2.34011e-16
2
4.95105e-16
2
2.96068e-16
2
2.77285e-16
2
1.69227e-16
2
2.72694e-16
2
2.08778e-16
2
3.81854e-16
2
3.98842e-16
2
5.40929e-16
2
4.25066e-16
2
5.49158e-16
2
4.95679e-16
2
1.59741e-16
2
3.41314e-16
2
1.99238e-16
2
3.00271e-16
2
1.16254e-16
2
1.24757e-16
2
9.27497e-17
2
1.13135e-16
2
2.62009e-16
2
2.27503e-16
2
3.5877e-16
2
2.759e-16
2
2.8101e-16
2
2.58108e-16
2
6.65975e-17
2
-6.59524e-17
2
-3.14803e-16
2
-1.25776e-16
2
1.22853e-16
2
8.7646e-17
2
1.72898e-17
2
-1.47147e-16
2
-1.26067e-16
2
-4.87037e-16
2
-3.68475e-16
2
-1.42335e-16
2
-2.23999e-16
2
-1.5245e-16
2
-9.41891e-17
2
4.65443e-18
2
2.58213e-17
2
-1.1497e-16
2
-3.49291e-16
-4.03293e-16
2
4.56705e-17
2
6.26802e-17
2
1.83428e-17
2
-1.47756e-16
2
-1.3038e-16
2
-3.35591e-16
2
-1.09648e-16
2
-1.17187e-16
2
1.15653e-16
2
5.0383e-17
2
-1.21759e-16
2
-3.11915e-17
2
3.8836e-18
2
-1.97001e-18
2
8.36475e-18
2
1.11823e-16
2
5.47797e-17
2
2.30475e-16
2
1.90321e-16
2
1.22065e-16
2
-5.89344e-17
2
-4.72748e-17
2
-1.3542e-16
2
-1.75705e-16
2
-2.86627e-16
2
-1.38291e-16
2
5.74039e-17
2
-6.13933e-17
2
-1.11537e-16
2
-1.21943e-16
2
-2.39666e-17
2
-1.97742e-16
2
-1.40372e-16
2
-2.23525e-16
2
-2.33986e-16
2
2.66318e-17
2
7.73358e-17
2
6.34464e-17
2
1.32064e-17
2
1.52153e-17
2
1.94097e-17
2
8.22352e-17
2
1.62445e-16
2
1.86202e-16
2
-2.09415e-16
2
-1.02874e-16
2
1.10744e-16
2
1.47823e-16
2
9.4146e-18
2
3.63998e-17
2
-6.72609e-17
2
-9.57616e-17
2
1.01399e-16
2
-6.59757e-17
2
-1.6396e-16
2
-4.27163e-17
2
2.5205e-16
2
1.74357e-16
2
1.2996e-16
2
3.50281e-16
2
1.21824e-16
2
-8.4328e-17
2
3.3861e-17
2
6.35379e-17
2
-1.8509e-17
2
-1.96095e-16
2
-1.00683e-16
2
-2.32578e-17
2
-1.26828e-16
2
-6.11228e-17
2
-1.0893e-16
2
1.3873e-16
2
1.31371e-16
2
3.98643e-17
2
2.02968e-16
2
1.97883e-16
2
2.06424e-16
2
-8.58282e-17
2
-2.42862e-16
2
-4.35085e-17
2
-1.52256e-16
2
-4.05363e-16
2
-2.18202e-16
2
-1.66377e-16
2
-7.0484e-17
2
-3.72344e-16
2
-2.64738e-16
2
-1.27088e-16
2
-4.94601e-17
2
-1.24655e-16
2
-6.90235e-17
2
1.05333e-16
2
8.56525e-17
2
1.29116e-16
2
1.97226e-16
2
3.11578e-16
2
2.74806e-16
2
2.76345e-16
2
7.09781e-17
2
1.40816e-16
2
3.2493e-17
2
-1.32564e-17
2
1.55208e-16
2
2.4936e-16
2
2.25125e-16
2
2.20353e-16
2
-1.65503e-17
2
-6.5595e-17
2
4.88059e-17
2
2.6805e-16
2
2.11763e-16
2
7.60606e-17
2
2.73694e-16
2
1.08212e-16
2
2.66424e-16
2
2.7259e-16
2
-2.80972e-17
2
-3.99312e-17
2
9.98017e-18
2
-4.42528e-18
2
8.60727e-17
2
-2.9205e-17
2
-1.48931e-16
2
-1.60464e-16
2
-1.1211e-16
2
-1.74001e-16
2
-2.68091e-16
2
-2.50262e-16
2
-2.11606e-16
2
-1.66159e-16
2
-2.21477e-16
2
-1.62547e-16
2
-1.28236e-16
2
6.94488e-17
2
1.44445e-17
2
4.59349e-18
2
-3.36843e-17
2
2.13247e-16
2
2.38321e-16
2
2.84901e-16
2
1.66895e-16
2
1.86941e-16
2
2.42073e-16
2
1.48261e-16
2
1.93807e-16
2
2.18974e-16
2
1.85511e-16
2
-6.37465e-17
2
1.83292e-16
2
3.28183e-16
2
3.26911e-16
2
1.66765e-16
2
2.45122e-16
2
1.71024e-16
2
1.51183e-16
2
1.08345e-16
2
8.83173e-17
2
1.63971e-16
2
7.62484e-17
2
1.96325e-16
2
3.50676e-16
2
4.10936e-16
2
2.91201e-16
2
2.44917e-16
2
2.58445e-16
2
9.27716e-17
2
1.83948e-16
2
2.45935e-16
2
2.53885e-16
2
1.63372e-16
2
1.71504e-16
2
2.10186e-16
2
2.22309e-16
2
2.39421e-16
2
2.31097e-16
2
3.02932e-16
2
2.15294e-16
2
2.59606e-16
2
3.94371e-16
2
2.09497e-16
2
1.55283e-16
2
2.22827e-16
2
1.3377e-16
2
-6.42005e-17
2
-2.68473e-17
2
-1.54015e-20
2
-1.11381e-16
2
-2.14576e-16
2
-1.7354e-16
2
-1.55004e-16
2
-1.33485e-16
2
-1.73136e-16
2
-1.78074e-16
2
-6.20951e-17
2
-6.93522e-17
2
-1.56697e-16
2
3.00697e-17
2
-1.45724e-16
2
-1.93781e-16
-1.74815e-16
2
-1.68091e-17
2
1.35242e-16
2
-6.28307e-17
2
-3.68962e-16
2
-3.50977e-16
2
-1.44983e-16
2
-1.84923e-16
2
-9.79779e-18
2
2.17166e-16
2
2.41653e-16
2
1.84072e-16
2
1.1435e-16
2
-9.67051e-17
2
6.61707e-17
2
2.22712e-16
2
-2.21027e-17
2
-2.74408e-18
2
9.43021e-17
2
1.93664e-16
2
2.03605e-16
2
-3.28364e-17
2
-2.64684e-17
2
-1.18908e-16
2
-7.82699e-17
2
-2.3348e-16
2
-2.12691e-16
2
-1.52623e-16
2
-9.86635e-17
2
-1.90235e-16
2
-2.90498e-16
2
-2.33673e-16
2
-8.69535e-17
2
-7.94922e-17
2
-7.88598e-18
2
-1.19283e-16
2
-1.17729e-16
2
-1.10749e-16
2
-1.34293e-16
2
-5.22723e-17
2
-7.4035e-17
2
-4.99136e-17
2
3.06423e-17
2
1.99414e-16
2
1.72152e-16
2
1.36479e-16
2
1.07195e-16
2
8.73185e-17
2
8.26084e-17
2
5.56151e-17
2
1.21265e-16
2
-3.24121e-17
2
-4.64633e-17
2
9.10391e-17
2
3.97436e-17
2
-1.77944e-16
2
-8.32243e-18
2
1.31405e-16
2
7.07033e-17
2
-1.1827e-16
2
-6.92943e-17
2
1.03488e-16
2
3.5876e-16
2
2.27426e-17
2
-3.04937e-16
2
-2.41291e-16
2
-1.29593e-16
2
-1.0888e-16
2
-2.26889e-17
2
1.13948e-16
2
2.68662e-17
2
1.91573e-16
2
2.74751e-16
2
2.40113e-16
2
3.25006e-16
2
2.53565e-16
2
2.08882e-16
2
1.70575e-16
2
1.31267e-16
2
2.04654e-16
2
1.10161e-16
2
3.63472e-17
2
-3.57293e-17
2
6.43478e-17
2
1.6096e-16
2
2.19107e-16
2
-2.32796e-17
2
5.3255e-18
2
-1.61856e-17
2
-2.93062e-17
2
1.49389e-17
2
-5.47549e-17
2
-6.75085e-17
2
5.80157e-17
2
6.96927e-17
2
4.07367e-17
2
4.69411e-17
2
-4.74802e-17
2
1.34603e-16
2
2.88016e-16
2
8.19992e-18
2
-9.81203e-17
2
-4.72995e-17
2
-7.18801e-17
2
9.40271e-17
2
-7.36761e-17
2
-1.95088e-16
2
-2.5753e-16
2
-7.30001e-17
2
5.1127e-17
2
-7.10593e-17
2
-7.2084e-17
2
-2.07295e-17
2
-8.82428e-17
2
8.16707e-17
2
-2.94476e-17
2
1.43562e-16
2
1.03427e-16
2
-1.27558e-16
2
-1.81645e-16
2
-5.07703e-17
2
-1.57348e-16
2
-7.75347e-17
2
-5.91788e-17
2
2.46274e-16
2
1.24508e-16
2
-1.06272e-16
2
-3.51117e-16
2
-3.05418e-16
2
-3.66042e-16
2
-2.44348e-16
2
-3.101e-16
2
-5.51727e-16
2
-3.04514e-16
2
5.90688e-17
2
1.49455e-16
2
-1.27313e-16
2
-1.08401e-17
2
-3.14851e-16
2
-2.72308e-16
2
-2.23069e-16
2
-9.11905e-17
2
-8.32671e-17
2
5.2181e-17
2
1.55079e-16
2
7.47264e-17
2
9.07905e-17
2
5.70389e-17
2
1.0583e-16
2
-5.16375e-17
2
6.16347e-17
2
1.77854e-16
2
1.47993e-16
2
8.48477e-17
2
1.32817e-16
2
2.45807e-16
2
2.53374e-17
2
2.2311e-18
2
5.86733e-17
2
1.76238e-16
2
1.37237e-16
2
-4.17797e-17
2
1.11038e-16
2
1.59474e-16
2
1.98438e-16
2
2.12249e-16
2
6.6401e-17
2
-5.02612e-17
2
-5.67212e-17
2
-1.32559e-17
2
-1.52904e-17
2
2.23798e-16
2
2.84219e-16
2
2.9889e-16
2
1.32877e-16
2
7.26589e-17
2
2.74029e-16
2
4.23883e-16
2
3.28161e-16
2
2.27565e-16
2
2.85624e-16
2
4.09773e-16
2
1.98278e-16
2
6.71386e-18
2
-2.99487e-17
2
-1.02398e-16
2
-1.24933e-18
2
-1.66754e-17
2
2.41498e-17
2
2.52613e-18
2
-2.02121e-17
2
-1.11724e-16
2
-1.75054e-16
2
-1.84112e-16
2
-8.74902e-17
2
-8.74646e-17
2
1.82714e-16
2
1.76019e-16
2
1.48341e-16
2
1.61009e-16
-2.51581e-17
2
1.48624e-16
2
-2.11691e-17
2
1.2063e-17
2
1.60193e-16
2
9.77568e-18
2
-1.97178e-16
2
-1.28233e-17
2
5.68617e-17
2
3.26456e-17
2
8.65257e-17
2
1.14245e-16
2
2.24682e-16
2
2.60258e-16
2
1.23054e-16
2
-1.30122e-16
2
-1.86143e-16
2
7.3153e-17
2
7.64285e-17
2
-8.39114e-17
2
-2.46577e-16
2
-1.17303e-16
2
-2.57561e-16
2
-1.17357e-16
2
1.83231e-16
2
3.057e-18
2
-1.27494e-16
2
-5.47648e-17
2
-9.21985e-18
2
-9.44074e-17
2
-1.74605e-16
2
-2.41781e-16
2
-5.13522e-17
2
6.329e-17
2
5.93499e-17
2
2.76945e-17
2
-6.09541e-17
2
-1.05475e-16
2
1.67321e-16
2
1.27684e-16
2
-1.43687e-16
2
-2.13222e-18
2
1.08612e-18
2
4.58177e-17
2
1.36168e-16
2
2.63846e-17
2
-5.75796e-18
2
6.68231e-17
2
1.52718e-17
2
-7.05375e-17
2
-1.22821e-16
2
-1.1564e-16
2
-9.90706e-17
2
-8.88744e-17
2
-6.95019e-18
2
8.2435e-17
2
-1.27894e-16
2
-1.74819e-16
2
1.03264e-16
2
-7.92511e-17
2
-2.85966e-17
2
2.61606e-17
2
4.89008e-17
2
3.97985e-17
2
2.32563e-17
2
-1.45304e-16
2
-8.87947e-17
2
-6.94928e-17
2
6.09242e-17
2
7.20562e-17
2
1.91706e-16
2
7.50257e-17
2
2.7105e-19
2
6.85085e-17
2
1.70452e-16
2
8.17349e-17
2
1.00903e-16
2
1.02308e-16
2
1.78141e-16
2
3.17279e-16
2
1.01285e-16
2
2.56786e-17
2
9.23898e-17
2
-2.08807e-16
2
-3.04124e-16
2
-2.47751e-16
2
1.2099e-17
2
1.47344e-16
2
1.31309e-16
2
2.97636e-17
2
4.70371e-17
2
-1.28154e-17
2
-3.12143e-17
2
1.55243e-17
2
-7.97477e-18
2
-8.07696e-17
2
-9.38424e-17
2
-8.53388e-17
2
-3.74119e-17
2
-4.15225e-17
2
7.7415e-17
2
1.76554e-16
2
1.01708e-16
2
2.00962e-16
2
7.69869e-17
2
1.73748e-16
2
6.21704e-17
2
2.48919e-16
2
-2.11483e-16
2
-3.49322e-16
2
-1.4135e-16
2
-1.80441e-16
2
-1.93191e-16
2
-3.28663e-17
2
-3.99171e-16
2
-3.61848e-16
2
-3.69345e-17
2
1.08508e-16
2
1.39467e-16
2
6.33553e-17
2
-1.44542e-16
2
-8.83129e-17
2
-1.3412e-17
2
2.12784e-16
2
4.3432e-17
2
-9.56817e-17
2
-1.66975e-16
2
6.42698e-18
2
-2.98848e-17
2
1.11342e-16
2
1.58212e-16
2
5.01883e-17
2
-5.5504e-17
2
-2.3018e-16
2
-1.15125e-16
2
-4.36755e-16
2
-3.93969e-16
2
-2.66984e-16
2
-7.57956e-17
2
-8.74801e-17
2
-2.06086e-16
2
-3.6326e-17
2
1.19251e-16
2
-1.5028e-16
2
-1.91245e-16
2
-1.0917e-16
2
-9.50749e-17
2
1.75113e-16
2
3.60673e-16
2
2.18652e-16
2
2.65416e-17
2
-2.02188e-17
2
-1.51836e-17
2
1.4583e-16
2
1.26829e-16
2
-8.89996e-18
2
9.10234e-17
2
7.61011e-17
2
5.82752e-17
2
2.10624e-17
2
1.45587e-16
2
1.36026e-16
2
2.52736e-17
2
2.22356e-17
2
8.3024e-17
2
-8.81389e-17
2
-3.53493e-16
2
-1.4686e-16
2
-2.76225e-16
2
-6.85481e-17
2
1.08349e-17
2
-6.82352e-17
2
-1.23969e-16
2
5.67689e-17
2
2.93167e-16
2
5.32695e-16
2
2.78736e-16
2
3.51791e-16
2
3.72375e-16
2
2.57235e-16
2
3.06097e-16
2
1.62836e-16
2
1.94078e-16
2
1.64875e-16
2
1.01729e-16
2
2.22207e-16
2
1.77863e-16
2
1.4083e-17
2
-3.31871e-17
2
-1.09501e-16
2
-1.47113e-16
2
-2.24836e-16
2
-1.39422e-16
2
-1.10207e-16
2
-7.5172e-17
2
-7.14431e-18
2
-2.02603e-16
2
-3.30862e-16
2
-9.18455e-17
2
1.5063e-16
3.93227e-16
2
2.03204e-17
2
-6.43206e-18
2
-2.88802e-17
2
4.32017e-17
2
6.01944e-18
2
-3.60333e-17
2
1.58361e-16
2
1.17363e-16
2
1.75979e-16
2
1.53804e-16
2
1.6216e-16
2
1.71473e-16
2
1.51806e-16
2
5.61358e-17
2
5.48323e-17
2
4.14327e-16
2
6.73739e-17
2
-2.43588e-16
2
-3.39055e-16
2
-2.53432e-16
2
-3.97384e-16
2
-8.65611e-17
2
1.72611e-16
2
-5.55618e-17
2
2.39531e-17
2
-1.28073e-17
2
4.99951e-17
2
1.68655e-16
2
1.97207e-16
2
-3.89047e-17
2
-1.73391e-16
2
-3.37392e-16
2
7.11184e-17
2
-7.76496e-17
2
5.05807e-17
2
2.18928e-16
2
2.63355e-16
2
1.94619e-16
2
-1.33821e-16
2
1.07546e-16
2
1.01818e-16
2
5.42943e-17
2
5.96062e-17
2
7.04437e-17
2
3.00943e-17
2
3.36941e-19
2
1.94715e-17
2
-2.25878e-17
2
-3.10095e-17
2
-1.81102e-16
2
-1.47577e-16
2
-1.03181e-16
2
-9.73187e-17
2
3.62391e-17
2
1.40667e-16
2
1.80397e-17
2
-1.78352e-16
2
-7.58104e-17
2
1.82037e-16
2
9.71691e-17
2
6.51319e-17
2
1.30711e-17
2
4.0437e-17
2
-4.58789e-17
2
1.61037e-16
2
8.41335e-17
2
1.52891e-16
2
1.50667e-16
2
8.36669e-17
2
4.36748e-17
2
1.98886e-18
2
-1.00617e-16
2
-1.55977e-17
2
4.38429e-18
2
1.22543e-16
2
1.2067e-16
2
1.00673e-16
2
2.15052e-16
2
1.00645e-16
2
3.45813e-16
2
1.8029e-16
2
-1.51732e-16
2
-7.67533e-17
2
-1.11824e-18
2
-1.22057e-16
2
-1.5765e-16
2
-2.50547e-16
2
-3.38897e-17
2
-8.15979e-17
2
-9.97864e-18
2
-6.46279e-17
2
-1.75995e-16
2
6.49371e-17
2
1.56257e-16
2
-3.49845e-17
2
-1.07355e-16
2
-7.84542e-17
2
1.71864e-17
2
1.04694e-16
2
3.82265e-17
2
2.7073e-16
2
2.44057e-16
2
1.49588e-16
2
4.19091e-17
2
2.9987e-17
2
1.14221e-16
2
-1.02991e-16
2
-1.26445e-16
2
-3.113e-17
2
-1.55449e-16
2
-9.52284e-17
2
-3.59443e-17
2
-1.53292e-16
2
3.40159e-17
2
-3.15657e-17
2
-1.65797e-16
2
-1.54207e-16
2
1.40575e-16
2
2.01413e-16
2
4.35258e-17
2
2.77516e-17
2
1.31609e-16
2
5.77027e-17
2
8.00736e-17
2
-1.8012e-17
2
-8.88124e-18
2
1.6888e-17
2
1.50021e-16
2
6.80645e-17
2
1.49853e-16
2
2.83353e-16
2
1.04821e-16
2
2.55331e-16
2
-2.33543e-16
2
-2.35011e-16
2
-1.83448e-16
2
-2.63672e-16
2
-4.27149e-16
2
-1.23454e-16
2
1.37128e-16
2
-9.56243e-18
2
-2.01944e-16
2
1.24669e-17
2
-5.98181e-17
2
2.74391e-17
2
2.27141e-17
2
-5.81673e-17
2
8.41135e-17
2
2.23093e-16
2
2.33548e-17
2
1.546e-16
2
1.73903e-16
2
1.16766e-16
2
1.67777e-16
2
2.05201e-16
2
1.41209e-16
2
5.26127e-17
2
-4.88778e-17
2
-5.21663e-17
2
6.25041e-17
2
8.52382e-17
2
-5.46984e-17
2
-1.29467e-16
2
-2.47703e-16
2
-1.79117e-16
2
-2.19069e-16
2
-3.57534e-16
2
-2.67785e-16
2
-1.89656e-16
2
-1.11643e-16
2
1.22173e-16
2
-4.88496e-17
2
-9.52493e-17
2
-6.2476e-17
2
-1.19408e-16
2
9.69404e-17
2
2.93516e-16
2
3.03667e-16
2
3.03675e-16
2
3.27127e-16
2
5.35194e-16
2
1.83399e-16
2
2.07974e-16
2
3.95078e-16
2
1.47009e-16
2
3.24011e-16
2
2.3088e-16
2
1.31747e-16
2
5.10346e-17
2
-7.09114e-17
2
9.8158e-17
2
-7.61868e-18
2
-8.74529e-17
2
-1.95388e-16
2
-2.25098e-17
2
-2.83315e-16
2
-2.78058e-16
2
-2.23936e-16
2
-2.31839e-17
9.25126e-17
2
-1.04447e-16
2
-5.16313e-17
2
-8.75036e-17
2
-3.37824e-17
2
7.41646e-17
2
-4.417e-17
2
-5.25705e-17
2
-3.40374e-17
2
-1.45627e-16
2
-4.33442e-17
2
2.65956e-17
2
8.22624e-18
2
-1.71469e-17
2
1.43479e-16
2
1.05854e-16
2
-2.02795e-16
2
-1.3093e-16
2
-1.01455e-16
2
1.71775e-17
2
1.51927e-17
2
-8.57339e-18
2
-1.1796e-16
2
-3.43323e-17
2
3.47894e-16
2
2.63582e-16
2
3.26769e-16
2
2.02928e-16
2
-1.71444e-16
2
-9.86951e-17
2
7.23602e-17
2
-9.69417e-18
2
2.93404e-17
2
-2.45375e-16
2
4.60024e-17
2
2.18871e-16
2
1.634e-16
2
1.77506e-16
2
4.87291e-19
2
4.39843e-17
2
-7.58405e-17
2
-2.8983e-17
2
-1.17517e-17
2
1.20402e-16
2
1.33191e-16
2
1.07156e-16
2
2.2271e-17
2
-2.32236e-16
2
-9.14331e-17
2
-5.50526e-17
2
-1.53656e-16
2
-1.44627e-16
2
-1.12566e-16
2
-1.16631e-16
2
5.35626e-17
2
7.9419e-17
2
1.39181e-16
2
7.39088e-17
2
9.41143e-17
2
1.95094e-16
2
1.11488e-16
2
-3.28131e-18
2
-5.25223e-17
2
-1.66719e-17
2
1.16762e-16
2
2.40337e-16
2
2.70197e-16
2
9.77653e-17
2
-2.33811e-17
2
-2.01019e-18
2
1.40107e-16
2
3.08095e-17
2
-8.6116e-17
2
-2.60229e-17
2
2.71071e-17
2
1.51791e-16
2
1.63583e-16
2
-1.05085e-17
2
-5.50846e-17
2
4.81886e-17
2
3.02298e-18
2
1.25849e-16
2
2.21325e-16
2
-2.10352e-16
2
-2.36449e-16
2
-1.4142e-16
2
-1.24573e-16
2
-1.56031e-16
2
-2.89871e-16
2
-5.65203e-17
2
-3.31561e-16
2
-6.68543e-17
2
1.12207e-16
2
-4.40002e-17
2
-1.47254e-16
2
2.78419e-17
2
-9.85818e-17
2
-6.82416e-17
2
-6.42131e-17
2
-2.64949e-16
2
-6.67279e-17
2
6.55563e-17
2
7.90737e-17
2
5.59597e-18
2
1.31759e-16
2
7.79651e-17
2
2.44914e-18
2
9.96814e-18
2
8.48221e-17
2
-1.26235e-16
2
-2.12025e-16
2
-3.12908e-16
2
-2.41122e-16
2
-7.43799e-17
2
1.0879e-16
2
2.20359e-16
2
1.1112e-16
2
1.66539e-16
2
2.98084e-16
2
1.78181e-16
2
-5.92807e-17
2
-1.00382e-16
2
3.22508e-17
2
1.6806e-16
2
-6.24156e-17
2
-1.74243e-16
2
-2.16038e-17
2
2.57369e-16
2
1.72821e-16
2
1.63676e-16
2
-5.99169e-17
2
1.55926e-16
2
3.43742e-16
2
2.14578e-16
2
5.96067e-17
2
-1.43332e-16
2
-3.08768e-16
2
-3.72412e-16
2
-2.86913e-16
2
-4.59198e-16
2
-4.07962e-16
2
-1.06328e-16
2
-1.56227e-16
2
-1.91126e-16
2
-2.25393e-16
2
-3.92142e-16
2
-2.27885e-16
2
-7.16755e-18
2
-1.85422e-16
2
-1.15618e-16
2
-6.48732e-17
2
-1.18724e-17
2
1.29018e-16
2
1.27346e-16
2
2.04256e-16
2
8.19344e-17
2
2.50479e-16
2
1.71565e-16
2
7.72784e-17
2
2.62798e-17
2
-1.5924e-18
2
-7.95229e-17
2
3.11756e-18
2
-4.79472e-17
2
-1.2365e-16
2
-4.28842e-16
2
-3.10937e-16
2
-3.26656e-16
2
-3.19208e-16
2
-1.19999e-16
2
-1.88485e-16
2
-3.28238e-16
2
-4.44058e-17
2
-7.34422e-17
2
-1.5249e-16
2
-2.03862e-16
2
-4.82736e-17
2
6.69547e-17
2
9.06382e-17
2
1.16315e-16
2
8.08227e-17
2
8.0666e-18
2
1.98249e-16
2
9.29297e-17
2
8.32942e-17
2
2.74665e-16
2
1.31274e-16
2
2.29055e-16
2
2.00603e-16
2
9.42636e-17
2
1.2081e-16
2
-6.67472e-17
2
4.52109e-17
2
6.19294e-17
2
1.24776e-16
2
-9.10905e-17
2
-4.25251e-17
2
-2.03999e-16
2
-2.69841e-17
2
5.30435e-17
1.53805e-16
2
-9.00496e-17
2
-1.58568e-16
2
2.06495e-16
2
-2.66399e-17
2
-2.60291e-16
2
6.67217e-17
2
6.89369e-17
2
-2.06673e-16
2
-1.47783e-16
2
2.60803e-17
2
9.46678e-17
2
-1.05327e-17
2
1.18618e-17
2
8.34361e-17
2
-6.22907e-17
2
-2.20539e-16
2
-1.6302e-16
2
-1.5844e-16
2
-6.72029e-17
2
-2.84364e-16
2
-8.82158e-17
2
3.30949e-17
2
-5.62323e-17
2
2.74141e-16
2
4.82673e-16
2
3.13342e-16
2
8.12003e-17
2
3.07811e-17
2
-1.42443e-16
2
-1.29619e-16
2
-9.77584e-17
2
-2.58152e-16
2
1.52746e-16
2
2.4737e-16
2
1.91486e-16
2
2.00939e-16
2
2.39362e-16
2
5.63319e-17
2
6.1522e-17
2
-1.08716e-16
2
-9.11885e-17
2
1.4356e-16
2
-7.6509e-17
2
1.12895e-16
2
3.39569e-16
2
2.18011e-16
2
3.02513e-16
2
1.36043e-17
2
-2.44406e-16
2
-1.04296e-16
2
-4.2609e-17
2
-7.24653e-18
2
2.30263e-16
2
-4.18743e-17
2
2.02555e-16
2
1.81576e-16
2
-1.27209e-16
2
-2.54645e-17
2
1.46128e-16
2
2.25319e-17
2
-1.47362e-17
2
1.07112e-16
2
-1.31503e-16
2
-1.4222e-16
2
-1.57993e-17
2
1.19261e-16
2
1.3365e-16
2
1.5352e-17
2
1.57832e-16
2
-6.10222e-17
2
-1.72762e-16
2
2.54877e-17
2
-2.80456e-17
2
-5.97385e-17
2
9.84687e-17
2
7.59033e-17
2
2.10007e-16
2
9.97261e-17
2
-4.68876e-17
2
5.39558e-17
2
2.96509e-17
2
-1.22657e-16
2
-7.59076e-17
2
5.00591e-18
2
-1.30451e-16
2
-2.73437e-16
2
-2.0995e-16
2
-2.79111e-16
2
-2.41855e-16
2
-1.3684e-16
2
-2.79919e-16
2
-2.13287e-16
2
-2.1308e-16
2
-2.57082e-17
2
1.17592e-16
2
1.60881e-16
2
-1.97915e-17
2
-4.70938e-18
2
8.11446e-17
2
-4.7198e-17
2
-2.04767e-16
2
-1.73778e-17
2
1.80217e-16
2
4.7115e-17
2
-5.93252e-17
2
1.12396e-16
2
1.43935e-16
2
-1.45114e-16
2
-1.02021e-16
2
-1.05962e-16
2
3.60903e-19
2
-2.56716e-17
2
-4.27791e-17
2
-1.07774e-17
2
1.08532e-16
2
1.7241e-16
2
3.26745e-16
2
1.42036e-16
2
9.10646e-17
2
-7.50936e-17
2
-9.69583e-17
2
-4.04776e-17
2
-3.8793e-17
2
9.55384e-17
2
2.23208e-16
2
1.18958e-16
2
-1.62943e-17
2
-2.84217e-17
2
3.12349e-16
2
3.20853e-16
2
1.09192e-16
2
2.56656e-16
2
1.95023e-16
2
1.94344e-16
2
-1.15155e-16
2
-4.51465e-18
2
-2.23488e-16
2
-1.22131e-16
2
-1.55698e-16
2
-1.24318e-16
2
-2.08537e-16
2
-1.21639e-17
2
6.23542e-17
2
-5.55737e-17
2
-3.17672e-16
2
-3.0022e-16
2
-1.00762e-16
2
4.44618e-17
2
1.4935e-16
2
1.6936e-16
2
2.6167e-16
2
7.28152e-17
2
8.34459e-17
2
1.03325e-16
2
5.57675e-18
2
2.01737e-16
2
2.83793e-16
2
1.00518e-16
2
4.91893e-17
2
-3.14146e-17
2
-1.5236e-16
2
-1.59631e-16
2
-2.29115e-16
2
-3.55638e-16
2
-4.06399e-16
2
-4.15456e-16
2
-3.60119e-16
2
-9.57851e-17
2
-3.37262e-16
2
-2.33596e-16
2
-1.62776e-16
2
-2.54889e-17
2
9.25487e-17
2
-3.96637e-18
2
-6.71816e-17
2
-4.05457e-17
2
-8.19818e-18
2
7.06718e-17
2
1.38949e-16
2
1.92988e-16
2
1.26587e-16
2
1.49779e-16
2
1.56929e-16
2
1.87464e-16
2
1.63601e-16
2
6.15033e-17
2
2.42068e-16
2
2.6435e-16
2
1.87317e-16
2
8.08221e-17
2
2.10012e-16
2
3.61092e-17
2
3.38443e-17
2
5.70347e-17
2
-4.8393e-17
2
9.87992e-19
2
-7.96708e-17
2
-1.55875e-16
2
-1.82338e-16
-7.49733e-17
2
-1.9055e-16
2
-1.74641e-17
2
1.5301e-16
2
1.3988e-17
2
1.10913e-16
2
-1.01508e-17
2
-3.86783e-17
2
1.66314e-16
2
1.01863e-17
2
-9.10808e-17
2
-1.88727e-16
2
-1.5285e-16
2
-2.44948e-16
2
-2.63151e-16
2
-2.68624e-16
2
-1.73659e-16
2
-2.76273e-16
2
-2.48275e-16
2
-2.93866e-16
2
-9.24071e-17
2
-4.63499e-17
2
1.09491e-16
2
1.66378e-16
2
1.32353e-16
2
2.15264e-16
2
1.30492e-16
2
4.26433e-18
2
-9.41684e-18
2
3.85395e-17
2
-5.52886e-17
2
-1.79941e-16
2
-2.1542e-16
2
-4.57544e-16
2
-3.98739e-16
2
-3.16411e-16
2
-2.55316e-16
2
-2.1002e-16
2
1.5247e-16
2
-5.30514e-17
2
-8.94734e-17
2
-2.28972e-16
2
-2.11519e-16
2
-9.28064e-17
2
-4.01705e-17
2
1.44153e-16
2
2.78162e-16
2
2.29286e-16
2
2.1702e-16
2
1.80274e-16
2
1.31915e-16
2
9.41778e-17
2
9.32675e-17
2
-6.86487e-17
2
6.48588e-17
2
-3.76284e-17
2
-1.81723e-16
2
-1.65502e-16
2
-1.85063e-16
2
-2.16628e-16
2
-1.19545e-16
2
-3.0205e-16
2
-1.95962e-16
2
1.18063e-16
2
2.14391e-17
2
-1.29884e-17
2
1.81025e-17
2
1.01998e-16
2
-1.13962e-16
2
-1.28078e-16
2
6.27832e-17
2
-3.58143e-18
2
-1.90603e-16
2
-6.5551e-17
2
1.16503e-16
2
-2.61682e-17
2
4.71045e-18
2
-3.67797e-19
2
-2.74956e-18
2
9.27168e-18
2
1.23745e-17
2
1.93739e-17
2
7.32153e-17
2
-4.7514e-17
2
-2.97177e-16
2
-3.17615e-16
2
-9.41981e-17
2
-1.2568e-16
2
-6.35873e-17
2
-1.53821e-16
2
-2.97879e-16
2
-4.10777e-16
2
-3.29339e-16
2
-2.65038e-16
2
-3.07098e-16
2
-1.70594e-16
2
-3.48851e-17
2
6.77131e-17
2
-1.60795e-16
2
-8.39564e-17
2
-4.99424e-18
2
-1.27278e-16
2
-8.72535e-17
2
-1.613e-16
2
-1.25241e-16
2
8.39519e-17
2
3.84135e-17
2
5.14652e-17
2
-7.78801e-19
2
1.12738e-16
2
-7.48572e-18
2
1.61102e-16
2
1.33022e-16
2
1.51705e-17
2
7.44503e-17
2
6.08641e-17
2
8.35667e-17
2
2.22841e-16
2
2.23603e-16
2
6.97893e-17
2
1.87765e-16
2
2.1624e-16
2
1.1596e-16
2
9.68609e-17
2
1.13278e-16
2
2.53821e-16
2
2.21913e-16
2
1.92153e-16
2
2.20105e-16
2
1.69771e-16
2
2.39638e-16
2
1.17379e-16
2
1.25734e-16
2
1.42344e-16
2
-3.69502e-17
2
-2.45963e-17
2
-1.68565e-16
2
-9.26684e-17
2
-1.75549e-16
2
-4.87978e-17
2
-6.05293e-17
2
-1.936e-16
2
-1.88465e-16
2
-2.77028e-16
2
-2.29061e-16
2
-1.97494e-16
2
-1.6935e-17
2
6.86581e-17
2
8.14996e-17
2
2.55702e-17
2
1.23777e-16
2
1.55551e-17
2
1.3033e-16
2
2.67904e-17
2
-1.75731e-16
2
-5.05399e-17
2
4.83712e-17
2
5.03478e-17
2
2.40275e-16
2
-4.76176e-17
2
-8.46295e-17
2
-1.95856e-16
2
-2.82531e-16
2
-3.51174e-16
2
-3.95879e-16
2
-2.36305e-16
2
-3.70472e-17
2
-3.16646e-18
2
-2.97904e-16
2
-6.85957e-17
2
-2.37294e-16
2
-4.59985e-17
2
5.10547e-17
2
7.79038e-17
2
5.59077e-18
2
-1.49538e-16
2
-1.75307e-17
2
-9.98714e-17
2
-1.17469e-16
2
-4.25383e-18
2
6.60404e-17
2
2.08203e-16
2
2.73289e-16
2
1.54925e-16
2
2.21562e-16
2
1.72177e-16
2
2.00735e-16
2
7.56479e-17
2
-8.62639e-17
2
-1.71125e-18
2
1.47472e-16
2
-6.75406e-17
2
-6.51524e-17
2
3.10806e-17
2
7.73133e-17
2
1.76356e-16
2
5.57448e-17
2
-4.99378e-17
2
-1.84497e-16
2
-2.0284e-16
-1.56824e-16
2
3.52381e-17
2
9.73774e-17
2
-1.52914e-16
2
1.85038e-16
2
2.31125e-16
2
2.50538e-16
2
2.77357e-17
2
-3.13465e-16
2
-1.58702e-16
2
-1.80915e-16
2
-2.37685e-16
2
-1.41125e-16
2
-2.35754e-16
2
-1.9365e-16
2
-8.82896e-17
2
-2.49234e-16
2
-2.30347e-16
2
-1.08213e-17
2
-5.65657e-17
2
-1.04841e-17
2
-2.92935e-17
2
1.61497e-17
2
9.61114e-17
2
-1.27335e-16
2
4.7966e-17
2
-5.88411e-17
2
8.16543e-17
2
1.09943e-16
2
-1.91769e-16
2
-3.50975e-16
2
-2.59268e-16
2
-3.89443e-16
2
-3.60803e-16
2
-3.87196e-16
2
-5.04055e-16
2
-3.67856e-16
2
-2.08317e-16
2
-3.64184e-16
2
-2.70046e-16
2
-2.76087e-16
2
-4.14341e-16
2
-3.97333e-16
2
-3.0838e-16
2
-1.96733e-16
2
4.22643e-17
2
1.0674e-16
2
2.05614e-16
2
8.83615e-17
2
2.11983e-16
2
2.97584e-16
2
1.41683e-16
2
-6.74235e-17
2
-8.89394e-17
2
-5.45636e-18
2
-2.01435e-16
2
-1.62121e-16
2
-2.2563e-17
2
-1.07344e-16
2
-1.30205e-17
2
-2.71185e-16
2
-2.10148e-16
2
-4.19175e-16
2
-3.4127e-16
2
-2.33211e-16
2
-7.5401e-17
2
-1.18598e-16
2
-1.62955e-16
2
1.82131e-17
2
-1.25695e-16
2
-3.25902e-16
2
-1.24e-16
2
-2.68416e-16
2
-7.91319e-17
2
1.38422e-16
2
6.96374e-17
2
8.4779e-17
2
-7.21877e-17
2
-8.70211e-17
2
1.90812e-17
2
-6.89407e-17
2
-4.382e-17
2
7.39527e-17
2
1.18468e-16
2
1.38878e-18
2
8.78579e-17
2
2.04002e-16
2
9.06164e-17
2
3.9367e-17
2
-1.50048e-16
2
-2.19745e-16
2
-4.51651e-18
2
-6.73064e-17
2
-4.41687e-16
2
-4.15532e-16
2
-4.38524e-16
2
-1.46743e-16
2
6.14041e-17
2
-1.86101e-17
2
-5.09412e-16
2
-4.10996e-16
2
1.87563e-17
2
-2.43868e-16
2
-3.96175e-16
2
-2.54568e-16
2
3.01482e-17
2
2.26483e-16
2
2.20591e-16
2
2.30663e-16
2
3.25061e-17
2
-1.40282e-16
2
-3.5467e-17
2
1.99826e-16
2
2.7951e-16
2
-1.54446e-16
2
-4.05738e-17
2
2.39027e-16
2
1.64488e-16
2
-1.15675e-16
2
-1.61744e-16
2
9.35706e-17
2
2.04983e-16
2
2.29559e-16
2
3.65957e-16
2
3.09415e-16
2
1.91495e-16
2
3.40128e-16
2
4.60916e-16
2
2.01734e-16
2
-1.20937e-16
2
-6.44993e-17
2
1.45547e-17
2
2.64399e-17
2
-4.91726e-17
2
-2.97946e-16
2
-1.45025e-16
2
-6.52583e-17
2
2.16738e-16
2
5.89336e-17
2
-1.26395e-16
2
-2.84119e-16
2
-2.73725e-16
2
-3.01288e-16
2
-3.67552e-16
2
-3.70924e-16
2
-1.08456e-16
2
-5.77784e-17
2
-1.5217e-16
2
-3.08343e-16
2
-2.10644e-16
2
-1.21251e-16
2
-2.95853e-16
2
-2.86815e-16
2
-2.89249e-16
2
-2.67116e-16
2
7.76908e-17
2
-2.89871e-17
2
7.18691e-17
2
-1.01943e-16
2
5.28973e-17
2
-9.9096e-17
2
1.40125e-16
2
-3.47708e-17
2
-9.2706e-17
2
-2.04357e-16
2
-1.52989e-16
2
2.47305e-17
2
1.40546e-16
2
2.62875e-16
2
1.30848e-16
2
2.46885e-16
2
1.00922e-16
2
1.46735e-16
2
1.21755e-16
2
1.11446e-16
2
3.88029e-16
2
2.27582e-16
2
1.64045e-16
2
7.54594e-17
2
1.77848e-17
2
3.42435e-16
2
2.45047e-16
2
4.04749e-16
2
6.55723e-16
2
2.49792e-16
2
1.14552e-16
2
6.88044e-17
2
1.17678e-17
2
3.14776e-16
2
3.15007e-16
2
2.11732e-16
2
3.87767e-16
2
2.63878e-16
2
8.54541e-17
2
3.27786e-17
2
9.58773e-17
2
1.45586e-16
2
9.34104e-17
2
1.02513e-16
2
-1.33653e-16
-3.50922e-16
2
-2.02775e-16
2
-1.80343e-16
2
-2.88443e-17
2
8.25616e-17
2
9.08624e-17
2
1.59369e-16
2
2.5277e-16
2
1.27886e-16
2
-5.38777e-17
2
-1.52423e-16
2
-1.38338e-16
2
-2.3179e-16
2
1.30469e-16
2
-1.23526e-16
2
-2.10417e-16
2
-2.23184e-16
2
-7.48899e-17
2
-1.01457e-16
2
-6.84357e-17
2
-7.87587e-17
2
2.04576e-16
2
6.42006e-17
2
-1.94852e-17
2
-2.56394e-16
2
-1.62817e-16
2
1.46556e-17
2
1.03685e-16
2
-5.88281e-18
2
-4.21402e-17
2
-2.56999e-16
2
-3.39547e-16
2
-1.49097e-16
2
-2.50505e-16
2
-2.95253e-16
2
5.14372e-17
2
-1.79225e-16
2
-3.05416e-16
2
-3.20697e-16
2
-3.75001e-16
2
-3.0321e-16
2
4.12e-18
2
-4.74258e-16
2
-2.47612e-16
2
-4.79373e-17
2
-1.31109e-16
2
-6.84816e-17
2
-9.67228e-17
2
1.16274e-16
2
1.25893e-16
2
1.79581e-16
2
5.95186e-17
2
-1.04672e-16
2
-5.65784e-17
2
-1.88411e-16
2
-1.31092e-16
2
-1.15106e-16
2
-1.54438e-16
2
-2.17805e-16
2
-2.9525e-16
2
-2.26239e-16
2
-3.31548e-16
2
-2.44341e-16
2
-1.86694e-16
2
-2.00482e-17
2
-3.05314e-16
2
-3.69053e-16
2
-6.26796e-17
2
-7.93891e-17
2
-9.99592e-17
2
-1.53477e-16
2
-2.20239e-16
2
5.27848e-17
2
1.9084e-16
2
1.64725e-16
2
3.11103e-17
2
1.77253e-17
2
2.26523e-16
2
1.37833e-16
2
1.87546e-17
2
-8.46875e-17
2
2.6185e-17
2
1.06264e-16
2
1.04919e-16
2
1.954e-16
2
1.41219e-16
2
-9.14928e-17
2
-8.76251e-17
2
5.81364e-17
2
-9.51783e-17
2
1.03179e-16
2
-7.91146e-17
2
-2.34343e-16
2
-9.13946e-17
2
-4.03629e-16
2
-3.03699e-16
2
-3.41429e-16
2
-3.28694e-16
2
-1.69412e-16
2
-3.11925e-17
2
-3.23227e-16
2
-3.58214e-16
2
-1.96953e-16
2
-1.64267e-16
2
-8.66095e-17
2
6.16682e-17
2
2.01655e-17
2
4.73595e-17
2
1.05477e-16
2
-8.24737e-17
2
7.63867e-17
2
1.6259e-16
2
6.66331e-17
2
4.00507e-17
2
-1.30165e-17
2
-1.77115e-17
2
8.69238e-17
2
5.20747e-17
2
-5.67472e-17
2
-9.17717e-17
2
1.64128e-16
2
2.80263e-16
2
4.24177e-16
2
1.65951e-16
2
3.44528e-16
2
5.1357e-16
2
3.5893e-16
2
1.98862e-16
2
4.39277e-16
2
3.39543e-16
2
-2.59698e-17
2
2.39968e-17
2
6.8086e-17
2
4.90765e-18
2
3.39823e-17
2
-1.56591e-16
2
-2.04046e-16
2
-2.49629e-16
2
-2.41775e-16
2
-3.32747e-16
2
-4.03467e-16
2
-6.01591e-16
2
-4.76906e-16
2
-3.77479e-16
2
-3.59603e-16
2
-2.9107e-16
2
-3.22166e-16
2
-2.23872e-16
2
-1.64462e-16
2
-3.10994e-16
2
-3.23528e-16
2
-1.98016e-16
2
-1.33797e-16
2
-5.57186e-17
2
1.25153e-16
2
6.37469e-17
2
1.46272e-16
2
-5.88649e-18
2
1.32331e-16
2
2.33971e-16
2
9.7034e-17
2
-1.72836e-17
2
3.37197e-17
2
-2.56629e-17
2
3.05981e-17
2
5.04123e-17
2
6.49104e-17
2
1.36707e-16
2
1.5477e-16
2
1.21344e-16
2
1.9768e-16
2
1.50145e-16
2
1.67405e-16
2
2.02233e-16
2
3.07146e-17
2
-9.36589e-17
2
9.49974e-17
2
1.62838e-16
2
1.53863e-16
2
2.58302e-16
2
5.87428e-17
2
2.76471e-16
2
2.30956e-16
2
2.6677e-16
2
1.73732e-16
2
6.47442e-17
2
3.23047e-16
2
3.18212e-16
2
1.25681e-16
2
2.28774e-16
2
4.36122e-16
2
3.96758e-16
2
2.42948e-16
2
2.11588e-16
2
1.89931e-16
2
5.48196e-17
2
7.68523e-17
2
2.04474e-16
2
9.91331e-17
2
-2.79556e-17
-1.78613e-16
2
2.19195e-17
2
8.5898e-17
2
6.9706e-18
2
2.12445e-17
2
3.51946e-17
2
-2.09441e-17
2
-7.38978e-17
2
1.12545e-16
2
-2.06455e-16
2
-2.45749e-16
2
-1.86379e-16
2
-1.38246e-16
2
-2.10247e-16
2
-1.47121e-16
2
-1.07335e-16
2
-7.46485e-17
2
3.52028e-18
2
-5.54206e-17
2
7.23209e-17
2
2.31856e-16
2
-1.43591e-16
2
-1.71096e-16
2
-2.5433e-16
2
-2.43694e-16
2
-2.81906e-16
2
-1.32363e-16
2
-2.54026e-16
2
-2.45746e-16
2
-9.87855e-17
2
6.49502e-17
2
-1.29563e-16
2
-1.05143e-16
2
-1.33235e-16
2
-7.23203e-17
2
-7.5698e-17
2
1.13931e-16
2
5.9512e-17
2
-9.85221e-17
2
1.38823e-18
2
1.07552e-16
2
-2.09141e-16
2
-2.39799e-17
2
-9.63595e-17
2
-2.25454e-16
2
-1.96011e-16
2
-1.93879e-16
2
-1.8554e-16
2
-2.03106e-16
2
-1.18791e-16
2
-8.78871e-17
2
-2.7829e-17
2
2.57461e-17
2
-1.21172e-16
2
-2.63438e-17
2
-4.37042e-17
2
-5.58002e-17
2
-3.57034e-17
2
-9.76876e-17
2
-2.84288e-16
2
-2.71011e-17
2
2.78827e-17
2
-1.02022e-16
2
-1.18039e-16
2
-2.60686e-16
2
-2.26509e-16
2
-1.73417e-16
2
-2.94291e-16
2
-2.63682e-16
2
-4.83419e-17
2
4.60536e-17
2
-9.11688e-17
2
-7.84928e-17
2
4.64435e-18
2
-1.99133e-16
2
-8.63396e-17
2
-1.64486e-16
2
2.05274e-17
2
5.58659e-17
2
-4.72804e-17
2
3.68294e-17
2
-1.62513e-19
2
2.45339e-16
2
3.22596e-16
2
3.24831e-16
2
3.5608e-17
2
-5.40926e-17
2
9.47231e-17
2
-1.10002e-16
2
6.58105e-17
2
7.81198e-17
2
-1.46999e-16
2
-2.97977e-16
2
-3.42602e-16
2
-1.10204e-16
2
-2.95293e-16
2
-4.06672e-16
2
-2.64304e-16
2
-8.26605e-17
2
5.55061e-17
2
-5.46431e-17
2
-2.16388e-16
2
1.29258e-17
2
-2.74705e-18
2
-1.3337e-16
2
-3.06695e-16
2
-5.51394e-17
2
-1.48161e-17
2
1.11246e-16
2
2.11607e-16
2
2.23031e-16
2
-7.94111e-17
2
-9.75304e-17
2
-2.24084e-16
2
9.92615e-17
2
5.0702e-17
2
-2.1851e-16
2
-2.22183e-16
2
1.40974e-16
2
3.03667e-16
2
2.54079e-16
2
2.29459e-16
2
2.6112e-16
2
4.86168e-16
2
4.70171e-16
2
4.33737e-16
2
5.22722e-16
2
3.89851e-16
2
3.32031e-16
2
4.0534e-16
2
3.539e-16
2
-2.01884e-17
2
-2.44934e-16
2
-5.37586e-18
2
1.22851e-16
2
1.4757e-16
2
1.00384e-16
2
-1.32214e-16
2
-1.48145e-16
2
-1.8706e-16
2
-2.21318e-16
2
-2.54529e-16
2
-2.69958e-16
2
-2.41653e-16
2
-1.56917e-16
2
-2.24421e-16
2
-2.87223e-16
2
-5.43707e-16
2
-3.46889e-16
2
-8.66652e-17
2
-1.84311e-16
2
-7.56664e-17
2
-5.8439e-17
2
4.40936e-17
2
1.11814e-16
2
5.19427e-17
2
-3.50718e-17
2
-2.51585e-17
2
-1.33181e-16
2
-1.15446e-16
2
-4.87427e-17
2
1.03737e-16
2
1.16666e-16
2
1.30196e-16
2
1.50458e-16
2
7.41343e-17
2
7.40785e-17
2
1.27662e-16
2
1.8695e-16
2
2.21542e-16
2
1.02686e-16
2
3.29434e-17
2
-9.32392e-17
2
4.74306e-18
2
1.8772e-16
2
4.6163e-17
2
4.62207e-17
2
1.5117e-16
2
2.0279e-16
2
1.86797e-16
2
2.72048e-16
2
1.76224e-16
2
1.85126e-16
2
2.25199e-16
2
5.67515e-16
2
3.58633e-16
2
1.08625e-16
2
3.34686e-16
2
2.34024e-16
2
2.35326e-16
2
2.72759e-16
2
2.30482e-16
2
1.95211e-16
2
2.15769e-16
2
6.62607e-17
2
-6.62849e-17
2
2.59244e-17
2
8.81629e-17
2
8.08361e-17
2
7.28263e-17
3.54031e-17
2
3.02954e-17
2
1.74251e-16
2
3.12397e-17
2
5.07993e-17
2
3.52484e-17
2
-1.42848e-16
2
-1.24187e-16
2
-8.50084e-17
2
-1.2704e-17
2
-8.671e-17
2
-1.12874e-16
2
-1.14777e-16
2
-1.24316e-16
2
-1.45899e-16
2
-4.23311e-17
2
2.40335e-16
2
-1.38097e-17
2
-1.83259e-17
2
7.28171e-17
2
1.00652e-18
2
-1.36259e-16
2
-2.63097e-16
2
-3.02511e-16
2
-7.32808e-18
2
-1.08665e-16
2
-8.14212e-17
2
-4.31807e-17
2
-1.34527e-16
2
-1.34426e-16
2
2.64427e-17
2
2.02054e-17
2
-5.0491e-17
2
-1.22952e-16
2
4.12532e-18
2
-9.54692e-17
2
2.16729e-17
2
7.11556e-17
2
9.95841e-17
2
4.8044e-17
2
-9.65816e-17
2
-1.74115e-16
2
8.28363e-18
2
-1.58125e-16
2
-2.69842e-16
2
-3.34772e-16
2
-2.73839e-16
2
-3.06476e-16
2
-3.03929e-16
2
-2.46781e-16
2
-2.72935e-16
2
-5.42918e-17
2
-3.48243e-17
2
-6.43011e-17
2
-3.82878e-17
2
-3.48583e-18
2
-3.13142e-17
2
-7.23423e-17
2
-2.07375e-16
2
-1.97615e-16
2
-2.29569e-16
2
-5.56169e-17
2
-1.79094e-17
2
-9.38035e-17
2
-1.5877e-16
2
-2.48636e-16
2
-1.80238e-16
2
-8.7959e-17
2
1.15307e-16
2
4.93201e-18
2
-1.92943e-16
2
-7.92926e-17
2
2.96022e-17
2
-2.94411e-16
2
-3.5803e-16
2
-1.35861e-16
2
-1.7635e-16
2
-3.28432e-16
2
-1.6473e-16
2
-1.30408e-17
2
1.18171e-16
2
2.05608e-16
2
1.09291e-16
2
2.05301e-16
2
2.62386e-16
2
2.69006e-16
2
6.1498e-17
2
-5.32292e-17
2
-1.10414e-16
2
-9.40256e-17
2
-6.27994e-17
2
-1.58694e-16
2
-7.15169e-17
2
-1.47381e-17
2
-7.41277e-17
2
-6.80712e-17
2
-4.60603e-17
2
-1.05324e-16
2
-1.47487e-16
2
-1.9726e-16
2
1.65949e-17
2
-1.06665e-16
2
-2.40054e-16
2
-2.85831e-16
2
-1.87533e-16
2
1.98094e-17
2
-7.22322e-17
2
-2.21648e-16
2
-1.19318e-16
2
9.99726e-17
2
1.36209e-16
2
-4.51113e-17
2
-8.28443e-17
2
1.00044e-16
2
1.3517e-16
2
1.1584e-17
2
-1.71567e-16
2
-1.16456e-16
2
-3.75468e-17
2
2.16417e-16
2
1.85792e-16
2
1.13054e-16
2
1.40364e-16
2
3.31997e-16
2
1.85093e-16
2
1.20905e-16
2
2.20431e-16
2
2.78988e-16
2
3.34835e-16
2
1.39664e-16
2
1.6668e-17
2
-4.46681e-17
2
-9.30492e-17
2
-1.79178e-16
2
-1.85133e-16
2
-5.53608e-17
2
3.19419e-17
2
6.31762e-17
2
3.66356e-17
2
-2.25951e-16
2
-1.84253e-16
2
-1.34086e-16
2
-1.42035e-16
2
-1.14945e-16
2
-1.69618e-16
2
-1.45848e-16
2
-2.61857e-16
2
-1.33973e-16
2
-2.23277e-16
2
-2.96395e-16
2
-2.30303e-16
2
-1.76621e-16
2
-1.45999e-16
2
-9.91346e-17
2
-3.37576e-16
2
-2.18483e-16
2
-3.63737e-16
2
-3.2891e-16
2
-2.39252e-16
2
-2.49171e-16
2
-6.92898e-18
2
-1.3079e-17
2
2.64129e-17
2
7.9343e-17
2
1.29362e-16
2
5.1217e-17
2
3.09239e-17
2
1.07888e-16
2
2.32219e-16
2
2.85357e-16
2
1.87479e-16
2
2.30635e-16
2
1.20132e-16
2
5.71481e-17
2
1.29727e-16
2
2.80275e-16
2
-1.49052e-17
2
-4.86373e-17
2
4.763e-17
2
1.25485e-16
2
2.02608e-16
2
-5.45457e-18
2
1.58706e-17
2
5.27818e-17
2
-1.46549e-16
2
-7.45722e-17
2
-2.57336e-17
2
2.97322e-18
2
2.71218e-17
2
8.03064e-17
2
-6.43829e-17
2
1.15613e-16
2
1.37236e-16
2
5.31537e-17
2
-4.09263e-17
2
7.82597e-17
2
9.4808e-17
2
1.31032e-17
2
-3.61638e-17
2
4.09149e-17
1.98835e-16
2
2
2
2
2
2
2
2
2
2
2
2
2
2
2
2
2
2
2
2
2
2
2
2
2
2
2
2
2
2
2
2
2
2
2
2
2
2
2
2
2
2
2
2
2
2
2
2
2
2
2
2
2
2
2
2
2
2
2
2
2
2
2
2
2
2
2
2
2
2
2
2
2
2
2
2
2
2
2
2
2
2
2
2
2
2
2
2
2
2
2
2
2
2
2
2
2
2
2
2
2
2
2
2
2
2
2
2
2
2
2
2
2
2
2
2
2
2
2
2
2
2
2
2
2
2
2
2
2
2
2
2
2
2
2
2
2
2
2
2
2
2
2
2
2
2
2
2
2
2
2
2
2
2
2
2
2
2
2
2
2
2
2
2
2
2
2
2
2
2
2
2
2
2
2
2
2
2
2
2
2
2
2
2
2
2
2
2
2
2
2
2
2
2
2
2
2
2
2
)
;

boundaryField
{
    cyclic1
    {
        type            cyclic;
        value           nonuniform List<scalar> 
200
(
1.94375e-16
1.32376e-16
1.89105e-16
1.00753e-16
1.2204e-16
3.32498e-16
2.53036e-16
2.29445e-16
1.40628e-17
-7.6435e-17
-3.87985e-16
-2.10574e-16
-2.27705e-16
-2.54701e-16
1.17378e-16
7.41686e-17
3.10551e-17
-1.45926e-16
-3.475e-16
-3.04589e-16
-3.82956e-17
-4.65689e-17
2.587e-17
5.97986e-17
-3.70521e-17
-2.26821e-16
-1.66811e-16
6.3848e-17
1.90948e-16
1.22634e-16
1.88604e-16
1.35561e-16
1.8029e-16
3.00743e-16
3.43999e-16
2.99032e-16
2.45835e-16
1.32121e-16
-3.55239e-17
1.35865e-16
1.44741e-16
-1.81485e-16
-1.7545e-16
-2.72934e-16
-2.86678e-16
-3.50319e-16
-4.43354e-16
-3.44763e-16
-3.36417e-16
-4.51432e-16
-2.47678e-16
-9.4974e-17
-6.19271e-17
-3.70667e-17
1.60862e-17
1.45035e-16
1.01583e-16
6.51763e-17
-8.50842e-17
-1.35896e-16
-1.40461e-16
-1.35289e-16
-9.28874e-17
-2.27013e-16
-1.99343e-16
-1.38524e-17
-9.04857e-17
-7.3591e-18
1.86823e-16
1.4561e-16
1.95748e-16
1.16043e-16
9.40775e-17
1.78742e-16
1.83482e-16
3.12975e-16
2.54778e-16
1.03598e-16
1.82897e-16
2.60152e-16
4.41751e-17
6.91551e-17
1.57132e-16
1.59428e-16
1.8125e-16
2.92108e-16
1.79379e-17
-1.21244e-16
-1.57255e-16
-2.35204e-16
-5.53257e-17
1.16235e-17
5.36975e-17
-2.78182e-17
-1.08178e-16
-1.47281e-16
-2.66156e-16
-3.05234e-16
-2.25478e-16
-1.49995e-16
-2.08792e-16
-3.14258e-16
-3.58964e-16
-3.81465e-16
-2.69057e-16
-1.77458e-16
1.33589e-16
2.35647e-16
2.87971e-16
3.49927e-16
2.79416e-16
3.4293e-16
3.13792e-16
2.50452e-16
4.06987e-16
4.03672e-16
1.4129e-16
1.00342e-16
1.29779e-16
2.12142e-16
1.74765e-16
-1.27543e-17
-2.23978e-16
-8.34789e-17
-1.4736e-17
3.84924e-17
1.39556e-16
-1.31944e-16
-3.03012e-16
-2.27899e-16
-1.85093e-16
-2.90017e-16
-4.04738e-16
-1.5881e-16
-1.5805e-16
-1.5599e-16
-3.68369e-17
-2.43713e-16
-1.37678e-16
-1.15196e-16
-1.5555e-16
-2.16565e-16
-1.8788e-16
-1.31059e-16
3.11576e-17
-1.14384e-16
2.03806e-17
-4.59196e-17
-1.88124e-16
-1.95658e-16
-9.67332e-17
-1.21994e-16
-3.02184e-16
-1.77288e-16
-3.23608e-16
-2.06234e-16
-2.14933e-16
-4.37027e-17
-1.02737e-17
-5.18067e-17
1.64123e-16
1.38673e-16
1.15481e-16
-3.92892e-17
2.72148e-16
2.37861e-16
1.9823e-16
5.3483e-17
-7.83145e-17
3.75954e-17
1.35736e-17
1.07427e-16
2.09118e-16
1.5395e-16
2.31008e-16
-8.41792e-19
-6.61122e-18
8.67308e-17
-7.73255e-17
-2.32633e-16
-4.95961e-17
-3.49966e-17
-6.8089e-17
3.84724e-17
1.04664e-16
7.2513e-17
-6.13131e-17
3.53163e-17
-3.40134e-17
-1.6096e-16
-3.0397e-16
-7.72319e-18
-1.86367e-16
-8.30093e-17
-8.53588e-17
-1.30759e-16
-7.02796e-17
7.11385e-17
6.69944e-17
1.92891e-16
)
;
    }
    cyclic2
    {
        type            cyclic;
        value           nonuniform List<scalar> 
200
(
-1.94375e-16
-1.32376e-16
-1.89105e-16
-1.00753e-16
-1.2204e-16
-3.32498e-16
-2.53036e-16
-2.29445e-16
-1.40628e-17
7.6435e-17
3.87985e-16
2.10574e-16
2.27705e-16
2.54701e-16
-1.17378e-16
-7.41686e-17
-3.10551e-17
1.45926e-16
3.475e-16
3.04589e-16
3.82956e-17
4.65689e-17
-2.587e-17
-5.97986e-17
3.70521e-17
2.26821e-16
1.66811e-16
-6.3848e-17
-1.90948e-16
-1.22634e-16
-1.88604e-16
-1.35561e-16
-1.8029e-16
-3.00743e-16
-3.43999e-16
-2.99032e-16
-2.45835e-16
-1.32121e-16
3.55239e-17
-1.35865e-16
-1.44741e-16
1.81485e-16
1.7545e-16
2.72934e-16
2.86678e-16
3.50319e-16
4.43354e-16
3.44763e-16
3.36417e-16
4.51432e-16
2.47678e-16
9.4974e-17
6.19271e-17
3.70667e-17
-1.60862e-17
-1.45035e-16
-1.01583e-16
-6.51763e-17
8.50842e-17
1.35896e-16
1.40461e-16
1.35289e-16
9.28874e-17
2.27013e-16
1.99343e-16
1.38524e-17
9.04857e-17
7.3591e-18
-1.86823e-16
-1.4561e-16
-1.95748e-16
-1.16043e-16
-9.40775e-17
-1.78742e-16
-1.83482e-16
-3.12975e-16
-2.54778e-16
-1.03598e-16
-1.82897e-16
-2.60152e-16
-4.41751e-17
-6.91551e-17
-1.57132e-16
-1.59428e-16
-1.8125e-16
-2.92108e-16
-1.79379e-17
1.21244e-16
1.57255e-16
2.35204e-16
5.53257e-17
-1.16235e-17
-5.36975e-17
2.78182e-17
1.08178e-16
1.47281e-16
2.66156e-16
3.05234e-16
2.25478e-16
1.49995e-16
2.08792e-16
3.14258e-16
3.58964e-16
3.81465e-16
2.69057e-16
1.77458e-16
-1.33589e-16
-2.35647e-16
-2.87971e-16
-3.49927e-16
-2.79416e-16
-3.4293e-16
-3.13792e-16
-2.50452e-16
-4.06987e-16
-4.03672e-16
-1.4129e-16
-1.00342e-16
-1.29779e-16
-2.12142e-16
-1.74765e-16
1.27543e-17
2.23978e-16
8.34789e-17
1.4736e-17
-3.84924e-17
-1.39556e-16
1.31944e-16
3.03012e-16
2.27899e-16
1.85093e-16
2.90017e-16
4.04738e-16
1.5881e-16
1.5805e-16
1.5599e-16
3.68369e-17
2.43713e-16
1.37678e-16
1.15196e-16
1.5555e-16
2.16565e-16
1.8788e-16
1.31059e-16
-3.11576e-17
1.14384e-16
-2.03806e-17
4.59196e-17
1.88124e-16
1.95658e-16
9.67332e-17
1.21994e-16
3.02184e-16
1.77288e-16
3.23608e-16
2.06234e-16
2.14933e-16
4.37027e-17
1.02737e-17
5.18067e-17
-1.64123e-16
-1.38673e-16
-1.15481e-16
3.92892e-17
-2.72148e-16
-2.37861e-16
-1.9823e-16
-5.3483e-17
7.83145e-17
-3.75954e-17
-1.35736e-17
-1.07427e-16
-2.09118e-16
-1.5395e-16
-2.31008e-16
8.41792e-19
6.61122e-18
-8.67308e-17
7.73255e-17
2.32633e-16
4.95961e-17
3.49966e-17
6.8089e-17
-3.84724e-17
-1.04664e-16
-7.2513e-17
6.13131e-17
-3.53163e-17
3.40134e-17
1.6096e-16
3.0397e-16
7.72319e-18
1.86367e-16
8.30093e-17
8.53588e-17
1.30759e-16
7.02796e-17
-7.11385e-17
-6.69944e-17
-1.92891e-16
)
;
    }
    frontAndBack
    {
        type            empty;
        value           nonuniform 0();
    }
    outlet
    {
        type            calculated;
        value           nonuniform List<scalar> 
20
(
2
2
2
2
2
2
2
2
2
2
2
2
2
2
2
2
2
2
2
2
)
;
    }
    inlet
    {
        type            calculated;
        value           nonuniform List<scalar> 
20
(
-2
-2
-2
-2
-2
-2
-2
-2
-2
-2
-2
-2
-2
-2
-2
-2
-2
-2
-2
-2
)
;
    }
}


// ************************************************************************* //
