/*--------------------------------*- C++ -*----------------------------------*\
  =========                 |
  \\      /  F ield         | OpenFOAM: The Open Source CFD Toolbox
   \\    /   O peration     | Website:  https://openfoam.org
    \\  /    A nd           | Version:  6
     \\/     M anipulation  |
\*---------------------------------------------------------------------------*/
FoamFile
{
    version     2.0;
    format      ascii;
    class       volVectorField;
    location    "40";
    object      U;
}
// * * * * * * * * * * * * * * * * * * * * * * * * * * * * * * * * * * * * * //

dimensions      [0 1 -1 0 0 0 0];

internalField   nonuniform List<vector> 
4000
(
(400 3.98369e-14 0)
(400 4.24135e-14 0)
(400 4.81275e-14 0)
(400 3.26533e-14 0)
(400 3.40578e-14 0)
(400 3.96356e-14 0)
(400 3.21907e-14 0)
(400 2.37577e-14 0)
(400 1.66705e-14 0)
(400 -1.68585e-14 0)
(400 -4.765e-14 0)
(400 -4.69027e-14 0)
(400 -5.83279e-14 0)
(400 -5.80889e-14 0)
(400 -3.93469e-14 0)
(400 -2.95806e-14 0)
(400 -3.76502e-14 0)
(400 -4.9784e-14 0)
(400 -3.79558e-14 0)
(400 -2.25268e-14 0)
(400 -1.3375e-14 0)
(400 -4.2167e-15 0)
(400 1.38076e-14 0)
(400 1.71944e-14 0)
(400 2.28935e-14 0)
(400 3.42127e-14 0)
(400 5.82411e-14 0)
(400 6.98267e-14 0)
(400 7.3804e-14 0)
(400 7.55324e-14 0)
(400 7.1793e-14 0)
(400 5.5683e-14 0)
(400 7.66863e-14 0)
(400 7.91122e-14 0)
(400 7.53092e-14 0)
(400 7.00471e-14 0)
(400 6.61156e-14 0)
(400 5.32382e-14 0)
(400 2.00649e-14 0)
(400 1.6008e-14 0)
(400 2.15995e-14 0)
(400 6.29388e-15 0)
(400 -3.91863e-15 0)
(400 -2.65476e-14 0)
(400 -3.93535e-14 0)
(400 -4.24152e-14 0)
(400 -4.73436e-14 0)
(400 -5.53811e-14 0)
(400 -6.24162e-14 0)
(400 -7.30974e-14 0)
(400 -7.07182e-14 0)
(400 -5.50105e-14 0)
(400 -5.16419e-14 0)
(400 -4.79808e-14 0)
(400 -4.90833e-14 0)
(400 -4.04571e-14 0)
(400 -1.89035e-14 0)
(400 -2.12624e-14 0)
(400 -3.53617e-14 0)
(400 -4.73941e-14 0)
(400 -6.08648e-14 0)
(400 -5.18949e-14 0)
(400 -5.08313e-14 0)
(400 -4.43146e-14 0)
(400 -3.49849e-14 0)
(400 -2.35144e-14 0)
(400 -1.45619e-14 0)
(400 1.51524e-15 0)
(400 2.09916e-14 0)
(400 2.70394e-14 0)
(400 3.05698e-14 0)
(400 3.31314e-14 0)
(400 3.01702e-14 0)
(400 3.45677e-14 0)
(400 3.28265e-14 0)
(400 2.3688e-14 0)
(400 1.06707e-14 0)
(400 -1.56834e-16 0)
(400 3.39669e-15 0)
(400 -5.30503e-16 0)
(400 1.15237e-14 0)
(400 3.94623e-14 0)
(400 5.47613e-14 0)
(400 5.75995e-14 0)
(400 5.3462e-14 0)
(400 6.23766e-14 0)
(400 6.77576e-14 0)
(400 6.54555e-14 0)
(400 4.75225e-14 0)
(400 2.92692e-14 0)
(400 3.81017e-14 0)
(400 4.77904e-14 0)
(400 4.26409e-14 0)
(400 1.75858e-14 0)
(400 -1.11164e-14 0)
(400 -2.3831e-14 0)
(400 -4.14789e-14 0)
(400 -4.48283e-14 0)
(400 -4.05386e-14 0)
(400 -4.25409e-14 0)
(400 -5.5085e-14 0)
(400 -7.37618e-14 0)
(400 -6.82814e-14 0)
(400 -5.42497e-14 0)
(400 -4.23249e-14 0)
(400 -3.20522e-14 0)
(400 9.53181e-16 0)
(400 3.07952e-14 0)
(400 5.12841e-14 0)
(400 6.33056e-14 0)
(400 6.98663e-14 0)
(400 8.47234e-14 0)
(400 7.01937e-14 0)
(400 5.73792e-14 0)
(400 6.52088e-14 0)
(400 6.88659e-14 0)
(400 6.54899e-14 0)
(400 4.98756e-14 0)
(400 5.1433e-14 0)
(400 6.21716e-14 0)
(400 5.72373e-14 0)
(400 4.21968e-14 0)
(400 4.10161e-14 0)
(400 4.32148e-14 0)
(400 3.31945e-14 0)
(400 2.95477e-14 0)
(400 1.44458e-14 0)
(400 -1.80349e-15 0)
(400 -1.70615e-14 0)
(400 -3.39334e-14 0)
(400 -4.16161e-14 0)
(400 -5.28404e-14 0)
(400 -7.0153e-14 0)
(400 -4.92975e-14 0)
(400 -3.6298e-14 0)
(400 -2.60688e-14 0)
(400 -1.51039e-14 0)
(400 -6.31564e-15 0)
(400 9.27031e-15 0)
(400 6.91491e-15 0)
(400 -6.20283e-15 0)
(400 -1.32355e-14 0)
(400 -6.43186e-15 0)
(400 3.43579e-15 0)
(400 7.70241e-15 0)
(400 1.29985e-14 0)
(400 1.05216e-14 0)
(400 3.51543e-15 0)
(400 -1.62382e-14 0)
(400 -2.77141e-14 0)
(400 -3.69386e-14 0)
(400 -3.7296e-14 0)
(400 -4.15276e-14 0)
(400 -2.65168e-14 0)
(400 -2.97796e-14 0)
(400 -3.98711e-14 0)
(400 -4.31069e-14 0)
(400 -3.54858e-14 0)
(400 -2.73644e-14 0)
(400 -2.7707e-14 0)
(400 -2.37573e-14 0)
(400 -1.76542e-14 0)
(400 -1.96502e-14 0)
(400 -2.76305e-14 0)
(400 -3.2842e-14 0)
(400 -2.82128e-14 0)
(400 -2.23805e-14 0)
(400 -1.88366e-14 0)
(400 -2.77558e-14 0)
(400 -1.17261e-14 0)
(400 1.78939e-14 0)
(400 4.15141e-14 0)
(400 4.06988e-14 0)
(400 3.95467e-14 0)
(400 3.66198e-14 0)
(400 -2.06268e-15 0)
(400 -2.18231e-14 0)
(400 -1.76083e-14 0)
(400 -1.81823e-14 0)
(400 -2.69286e-14 0)
(400 -1.42704e-14 0)
(400 2.11976e-15 0)
(400 8.22102e-15 0)
(400 6.32213e-15 0)
(400 9.43702e-15 0)
(400 8.15204e-16 0)
(400 -4.60906e-15 0)
(400 -1.43796e-14 0)
(400 -4.33657e-14 0)
(400 -6.38216e-14 0)
(400 -7.09777e-14 0)
(400 -6.25288e-14 0)
(400 -5.59018e-14 0)
(400 -3.7736e-14 0)
(400 -1.8428e-14 0)
(400 -6.41179e-15 0)
(400 3.62283e-15 0)
(400 4.77814e-15 0)
(400 4.10302e-15 0)
(400 1.30159e-14 0)
(400 -1.79467e-15 0)
(400 -4.66723e-15 0)
(400 1.27031e-15 0)
(400 -2.07992e-15 0)
(400 -2.0566e-15 0)
(400 2.15331e-14 0)
(400 1.83176e-14 0)
(400 1.19423e-15 0)
(400 -4.71859e-15 0)
(400 -1.24197e-14 0)
(400 -6.12933e-15 0)
(400 7.19919e-16 0)
(400 1.88774e-15 0)
(400 4.77048e-15 0)
(400 1.01802e-14 0)
(400 1.3713e-14 0)
(400 6.50259e-15 0)
(400 9.44937e-15 0)
(400 2.80423e-14 0)
(400 4.39301e-14 0)
(400 4.85335e-14 0)
(400 5.23786e-14 0)
(400 5.71752e-14 0)
(400 5.46286e-14 0)
(400 4.851e-14 0)
(400 4.21354e-14 0)
(400 4.62486e-14 0)
(400 5.17697e-14 0)
(400 6.69258e-14 0)
(400 6.84625e-14 0)
(400 6.57917e-14 0)
(400 7.31265e-14 0)
(400 7.52557e-14 0)
(400 4.89766e-14 0)
(400 2.82256e-14 0)
(400 2.72231e-14 0)
(400 4.32685e-14 0)
(400 5.38869e-14 0)
(400 4.35798e-14 0)
(400 3.8988e-14 0)
(400 4.47826e-14 0)
(400 5.59511e-14 0)
(400 4.20653e-14 0)
(400 3.04778e-14 0)
(400 1.09773e-14 0)
(400 -6.87714e-16 0)
(400 -5.01764e-15 0)
(400 -1.4559e-14 0)
(400 -1.57257e-14 0)
(400 -2.13162e-14 0)
(400 -2.65937e-14 0)
(400 -3.17965e-14 0)
(400 -3.62551e-14 0)
(400 -3.69046e-14 0)
(400 -4.02461e-14 0)
(400 -3.29194e-14 0)
(400 -1.19236e-14 0)
(400 5.69931e-16 0)
(400 3.1795e-15 0)
(400 -1.30219e-14 0)
(400 -2.40649e-14 0)
(400 -4.18153e-14 0)
(400 -4.91438e-14 0)
(400 -4.15472e-14 0)
(400 -2.81998e-14 0)
(400 -2.61031e-14 0)
(400 -2.95803e-14 0)
(400 -2.85021e-14 0)
(400 -1.89342e-14 0)
(400 -9.98616e-15 0)
(400 -4.39649e-16 0)
(400 3.08525e-15 0)
(400 -1.39152e-14 0)
(400 -2.16398e-14 0)
(400 -4.17927e-14 0)
(400 -6.34254e-14 0)
(400 -6.93569e-14 0)
(400 -4.2357e-14 0)
(400 -3.09872e-14 0)
(400 -3.05107e-14 0)
(400 -1.38317e-14 0)
(400 1.51658e-14 0)
(400 3.62604e-14 0)
(400 6.4169e-14 0)
(400 7.43106e-14 0)
(400 7.51115e-14 0)
(400 7.94581e-14 0)
(400 8.97268e-14 0)
(400 1.00477e-13 0)
(400 9.50674e-14 0)
(400 9.62911e-14 0)
(400 1.06565e-13 0)
(400 8.48221e-14 0)
(400 7.89142e-14 0)
(400 6.82272e-14 0)
(400 5.59047e-14 0)
(400 5.02942e-14 0)
(400 3.63761e-14 0)
(400 4.73962e-14 0)
(400 4.38381e-14 0)
(400 2.74898e-14 0)
(400 2.21281e-14 0)
(400 1.57909e-14 0)
(400 1.73937e-14 0)
(400 3.46642e-15 0)
(400 -1.47881e-14 0)
(400 -2.69821e-14 0)
(400 -4.1746e-14 0)
(400 -3.60817e-14 0)
(400 -1.87534e-14 0)
(400 -9.5623e-15 0)
(400 -2.5428e-15 0)
(400 -1.62394e-14 0)
(400 -3.12244e-14 0)
(400 -3.42067e-14 0)
(400 -2.57056e-14 0)
(400 -9.94945e-15 0)
(400 -1.65627e-14 0)
(400 -1.92109e-14 0)
(400 -1.5069e-14 0)
(400 -6.30968e-15 0)
(400 1.05089e-14 0)
(400 2.86701e-14 0)
(400 4.11685e-14 0)
(400 4.60858e-14 0)
(400 5.13284e-14 0)
(400 4.5924e-14 0)
(400 2.75808e-14 0)
(400 2.57981e-14 0)
(400 1.68611e-14 0)
(400 1.18794e-14 0)
(400 4.03735e-15 0)
(400 -7.93454e-15 0)
(400 8.27874e-16 0)
(400 1.7536e-14 0)
(400 4.04905e-14 0)
(400 5.62362e-14 0)
(400 6.50937e-14 0)
(400 6.83541e-14 0)
(400 6.16132e-14 0)
(400 5.37056e-14 0)
(400 4.27647e-14 0)
(400 2.59553e-14 0)
(400 4.11023e-14 0)
(400 4.40686e-14 0)
(400 3.06697e-14 0)
(400 8.29973e-15 0)
(400 5.84514e-15 0)
(400 8.07009e-15 0)
(400 6.47276e-15 0)
(400 -1.90338e-14 0)
(400 -3.66384e-14 0)
(400 -5.44207e-14 0)
(400 -6.92782e-14 0)
(400 -7.68365e-14 0)
(400 -7.56609e-14 0)
(400 -6.39946e-14 0)
(400 -7.14314e-14 0)
(400 -8.09734e-14 0)
(400 -7.84926e-14 0)
(400 -6.63515e-14 0)
(400 -6.27471e-14 0)
(400 -7.36174e-14 0)
(400 -6.83307e-14 0)
(400 -6.87743e-14 0)
(400 -6.05576e-14 0)
(400 -5.99403e-14 0)
(400 -7.43737e-14 0)
(400 -7.50728e-14 0)
(400 -6.1843e-14 0)
(400 -4.5047e-14 0)
(400 -3.67877e-14 0)
(400 -4.82187e-14 0)
(400 -4.59903e-14 0)
(400 -5.41892e-14 0)
(400 -6.35269e-14 0)
(400 -6.25685e-14 0)
(400 -6.46514e-14 0)
(400 -4.84755e-14 0)
(400 -4.09569e-14 0)
(400 -3.13211e-14 0)
(400 -1.24153e-14 0)
(400 -1.19472e-14 0)
(400 -1.34847e-14 0)
(400 -1.17829e-14 0)
(400 -9.57628e-15 0)
(400 -8.95929e-15 0)
(400 -1.65663e-14 0)
(400 -1.22476e-14 0)
(400 -1.06983e-14 0)
(400 -2.86101e-15 0)
(400 8.67797e-15 0)
(400 1.96466e-14 0)
(400 2.70849e-14 0)
(400 3.43095e-14 0)
(400 4.15015e-14 0)
(400 4.78192e-14 0)
(400 5.18563e-14 0)
(400 4.79117e-14 0)
(400 4.20348e-14 0)
(400 -3.16378e-14 0)
(400 -4.10023e-14 0)
(400 -3.42317e-14 0)
(400 -2.08426e-14 0)
(400 -1.99135e-14 0)
(400 -1.19734e-14 0)
(400 -1.23022e-14 0)
(400 -1.78923e-14 0)
(400 -1.96763e-14 0)
(400 -2.23048e-14 0)
(400 -1.84584e-14 0)
(400 -1.31037e-14 0)
(400 -3.08661e-15 0)
(400 9.26652e-15 0)
(400 7.25864e-15 0)
(400 1.76495e-15 0)
(400 -1.39536e-15 0)
(400 1.3435e-14 0)
(400 2.37634e-14 0)
(400 2.00849e-14 0)
(400 2.84179e-14 0)
(400 3.47684e-14 0)
(400 4.24276e-14 0)
(400 5.54276e-14 0)
(400 5.60383e-14 0)
(400 5.76259e-14 0)
(400 4.78257e-14 0)
(400 4.6363e-14 0)
(400 5.72682e-14 0)
(400 6.46565e-14 0)
(400 6.0804e-14 0)
(400 5.77309e-14 0)
(400 4.23302e-14 0)
(400 4.80707e-14 0)
(400 3.43306e-14 0)
(400 2.5823e-14 0)
(400 2.1778e-14 0)
(400 2.51874e-14 0)
(400 2.98837e-14 0)
(400 1.36808e-14 0)
(400 -3.04567e-15 0)
(400 3.16878e-15 0)
(400 -1.2694e-14 0)
(400 -1.18726e-14 0)
(400 -3.11953e-14 0)
(400 -4.39108e-14 0)
(400 -4.03354e-14 0)
(400 -4.71982e-14 0)
(400 -5.55917e-14 0)
(400 -5.9338e-14 0)
(400 -5.82883e-14 0)
(400 -4.30437e-14 0)
(400 -3.6443e-14 0)
(400 -6.15405e-14 0)
(400 -7.43852e-14 0)
(400 -6.18588e-14 0)
(400 -6.25028e-14 0)
(400 -4.1857e-14 0)
(400 -3.88585e-14 0)
(400 -2.96788e-14 0)
(400 -1.43244e-14 0)
(400 -1.64078e-14 0)
(400 -1.7683e-15 0)
(400 1.73487e-14 0)
(400 2.5932e-14 0)
(400 2.55364e-14 0)
(400 1.51594e-14 0)
(400 1.94437e-14 0)
(400 2.66265e-14 0)
(400 3.42534e-14 0)
(400 5.12552e-14 0)
(400 6.68716e-14 0)
(400 6.95562e-14 0)
(400 7.31616e-14 0)
(400 6.45875e-14 0)
(400 5.22149e-14 0)
(400 4.11137e-14 0)
(400 5.29954e-14 0)
(400 6.01151e-14 0)
(400 4.75171e-14 0)
(400 2.75684e-14 0)
(400 2.8777e-14 0)
(400 2.9272e-14 0)
(400 2.90721e-14 0)
(400 2.79373e-14 0)
(400 2.25597e-14 0)
(400 2.07008e-14 0)
(400 3.1602e-14 0)
(400 4.94948e-14 0)
(400 6.08156e-14 0)
(400 6.42549e-14 0)
(400 5.64507e-14 0)
(400 5.12625e-14 0)
(400 5.33513e-14 0)
(400 4.90462e-14 0)
(400 3.54625e-14 0)
(400 4.53921e-14 0)
(400 3.52306e-14 0)
(400 2.5372e-14 0)
(400 4.05497e-15 0)
(400 -5.32879e-15 0)
(400 1.0332e-14 0)
(400 1.42497e-14 0)
(400 8.42323e-15 0)
(400 -1.01289e-14 0)
(400 -1.73483e-14 0)
(400 -2.16436e-14 0)
(400 -2.57753e-14 0)
(400 -1.82995e-14 0)
(400 -1.39992e-14 0)
(400 -3.25548e-15 0)
(400 8.37839e-16 0)
(400 1.0377e-14 0)
(400 -7.51162e-15 0)
(400 -3.66101e-14 0)
(400 -5.47227e-14 0)
(400 -5.7312e-14 0)
(400 -5.4651e-14 0)
(400 -7.98814e-14 0)
(400 -9.2758e-14 0)
(400 -7.24962e-14 0)
(400 -4.88519e-14 0)
(400 -3.52799e-14 0)
(400 -2.52258e-14 0)
(400 -1.20219e-14 0)
(400 -1.13653e-14 0)
(400 -1.29949e-14 0)
(400 -1.87861e-14 0)
(400 -2.56175e-14 0)
(400 -2.89329e-14 0)
(400 -2.22925e-14 0)
(400 -1.61032e-14 0)
(400 -5.66768e-15 0)
(400 -8.19053e-15 0)
(400 -4.57753e-15 0)
(400 2.71973e-15 0)
(400 1.58566e-14 0)
(400 2.6305e-14 0)
(400 4.30661e-14 0)
(400 4.67617e-14 0)
(400 4.8698e-14 0)
(400 4.00254e-14 0)
(400 3.26792e-14 0)
(400 4.15406e-14 0)
(400 5.67746e-14 0)
(400 4.80097e-14 0)
(400 3.29775e-14 0)
(400 3.64243e-14 0)
(400 4.21825e-14 0)
(400 4.8697e-14 0)
(400 5.01011e-14 0)
(400 3.51067e-14 0)
(400 4.62637e-15 0)
(400 -1.99443e-14 0)
(400 -2.51109e-14 0)
(400 -1.04486e-14 0)
(400 4.77474e-15 0)
(400 -3.05441e-15 0)
(400 -5.3848e-15 0)
(400 -8.00849e-15 0)
(400 -6.92913e-15 0)
(400 -7.5747e-15 0)
(400 -9.59441e-15 0)
(400 -1.23412e-14 0)
(400 -1.83852e-14 0)
(400 -2.52439e-14 0)
(400 -3.16473e-14 0)
(400 -5.20294e-14 0)
(400 -4.98898e-14 0)
(400 -4.47565e-14 0)
(400 -6.10441e-14 0)
(400 -7.35668e-14 0)
(400 -7.85105e-14 0)
(400 -7.41909e-14 0)
(400 -7.88037e-14 0)
(400 -6.9665e-14 0)
(400 -7.1855e-14 0)
(400 -7.60762e-14 0)
(400 -6.98055e-14 0)
(400 -4.86637e-14 0)
(400 -2.71856e-14 0)
(400 -1.68832e-14 0)
(400 -3.35886e-14 0)
(400 -3.71162e-14 0)
(400 -4.08109e-14 0)
(400 -2.78811e-14 0)
(400 -2.31805e-14 0)
(400 -2.83136e-14 0)
(400 -1.1983e-14 0)
(400 -8.94496e-15 0)
(400 -1.32103e-14 0)
(400 -1.28052e-14 0)
(400 -9.46961e-15 0)
(400 6.778e-15 0)
(400 2.26822e-14 0)
(400 1.75778e-14 0)
(400 1.42371e-14 0)
(400 2.05787e-14 0)
(400 2.51732e-14 0)
(400 2.65523e-14 0)
(400 -1.81837e-14 0)
(400 -3.13291e-14 0)
(400 -2.58902e-14 0)
(400 -1.41652e-15 0)
(400 -3.46172e-15 0)
(400 -3.49962e-14 0)
(400 -4.11097e-14 0)
(400 -3.59562e-14 0)
(400 -3.34037e-14 0)
(400 -3.57783e-14 0)
(400 -3.52382e-14 0)
(400 -3.5921e-14 0)
(400 -1.93393e-14 0)
(400 7.49895e-15 0)
(400 1.21331e-14 0)
(400 7.7896e-15 0)
(400 1.79269e-14 0)
(400 3.64716e-14 0)
(400 3.55441e-14 0)
(400 3.33584e-14 0)
(400 3.07563e-14 0)
(400 4.06224e-14 0)
(400 5.01514e-14 0)
(400 5.3933e-14 0)
(400 4.28574e-14 0)
(400 4.48021e-14 0)
(400 4.03085e-14 0)
(400 4.01575e-14 0)
(400 3.10778e-14 0)
(400 4.55806e-14 0)
(400 5.87694e-14 0)
(400 4.17931e-14 0)
(400 2.54131e-14 0)
(400 2.44418e-14 0)
(400 2.51408e-14 0)
(400 2.25137e-14 0)
(400 2.16675e-14 0)
(400 2.88511e-14 0)
(400 4.18576e-14 0)
(400 3.49365e-14 0)
(400 1.50073e-14 0)
(400 3.77885e-15 0)
(400 -6.20869e-15 0)
(400 -1.75809e-14 0)
(400 -2.94913e-14 0)
(400 -3.56269e-14 0)
(400 -2.49687e-14 0)
(400 -1.52208e-14 0)
(400 -1.8523e-14 0)
(400 -1.38094e-14 0)
(400 -7.41131e-15 0)
(400 -8.0313e-15 0)
(400 -9.28733e-15 0)
(400 -2.38249e-14 0)
(400 -4.51573e-14 0)
(400 -4.7402e-14 0)
(400 -4.84367e-14 0)
(400 -3.61123e-14 0)
(400 -2.46275e-14 0)
(400 -7.84248e-15 0)
(400 9.72017e-15 0)
(400 7.27921e-15 0)
(400 1.6389e-14 0)
(400 3.66574e-14 0)
(400 3.7471e-14 0)
(400 2.09136e-14 0)
(400 1.38913e-14 0)
(400 2.60867e-14 0)
(400 3.99476e-14 0)
(400 4.61752e-14 0)
(400 4.53559e-14 0)
(400 4.6989e-14 0)
(400 4.54607e-14 0)
(400 3.02233e-14 0)
(400 2.46699e-14 0)
(400 1.59278e-14 0)
(400 1.47224e-14 0)
(400 1.51774e-14 0)
(400 2.53986e-14 0)
(400 2.26374e-14 0)
(400 1.57547e-14 0)
(400 1.99541e-14 0)
(400 2.93301e-14 0)
(400 2.83691e-14 0)
(400 2.14783e-14 0)
(400 1.92703e-14 0)
(400 2.69473e-14 0)
(400 4.21647e-14 0)
(400 4.76424e-14 0)
(400 5.44217e-14 0)
(400 5.14438e-14 0)
(400 2.8319e-14 0)
(400 3.29148e-14 0)
(400 3.0316e-14 0)
(400 2.8945e-14 0)
(400 2.90301e-14 0)
(400 2.99238e-14 0)
(400 2.97597e-14 0)
(400 2.83152e-14 0)
(400 1.33835e-14 0)
(400 4.8306e-15 0)
(400 1.46584e-14 0)
(400 3.19581e-14 0)
(400 2.37776e-14 0)
(400 5.17365e-15 0)
(400 -6.75469e-15 0)
(400 -4.34154e-15 0)
(400 1.07245e-14 0)
(400 2.3306e-14 0)
(400 1.18785e-14 0)
(400 1.30768e-14 0)
(400 1.86252e-14 0)
(400 3.47239e-14 0)
(400 9.76555e-15 0)
(400 -1.63266e-14 0)
(400 -3.63284e-14 0)
(400 -4.2878e-14 0)
(400 -5.48457e-14 0)
(400 -6.13449e-14 0)
(400 -6.67493e-14 0)
(400 -5.33349e-14 0)
(400 -5.47422e-14 0)
(400 -4.59852e-14 0)
(400 -4.92917e-14 0)
(400 -4.12462e-14 0)
(400 -3.7135e-14 0)
(400 -3.95241e-14 0)
(400 -4.14682e-14 0)
(400 -4.07832e-14 0)
(400 -3.09401e-14 0)
(400 -1.79514e-14 0)
(400 1.96052e-15 0)
(400 2.10057e-14 0)
(400 2.91613e-14 0)
(400 2.94225e-14 0)
(400 1.75556e-14 0)
(400 9.98193e-15 0)
(400 5.69701e-15 0)
(400 2.41933e-14 0)
(400 2.46301e-14 0)
(400 2.80493e-14 0)
(400 7.92739e-15 0)
(400 1.18339e-14 0)
(400 1.61349e-14 0)
(400 3.77445e-14 0)
(400 4.54633e-14 0)
(400 3.12513e-14 0)
(400 2.93176e-14 0)
(400 3.42279e-14 0)
(400 4.37698e-14 0)
(400 4.15296e-14 0)
(400 2.90002e-14 0)
(400 1.34944e-14 0)
(400 7.65836e-15 0)
(400 -1.15386e-15 0)
(400 7.20602e-15 0)
(400 9.93686e-15 0)
(400 2.4843e-15 0)
(400 6.61004e-15 0)
(400 -5.67831e-15 0)
(400 -2.66362e-14 0)
(400 -4.18644e-14 0)
(400 -5.19759e-14 0)
(400 -5.75821e-14 0)
(400 -7.45097e-14 0)
(400 -8.6532e-14 0)
(400 -8.81635e-14 0)
(400 -8.48248e-14 0)
(400 -7.74285e-14 0)
(400 -6.07774e-14 0)
(400 -5.83425e-14 0)
(400 -5.49895e-14 0)
(400 -3.95516e-14 0)
(400 -4.58287e-14 0)
(400 -5.12625e-14 0)
(400 -4.70325e-14 0)
(400 -5.79739e-14 0)
(400 -5.67242e-14 0)
(400 -5.5955e-14 0)
(400 -4.22041e-14 0)
(400 -4.15608e-14 0)
(400 -5.14979e-14 0)
(400 -5.63679e-14 0)
(400 -5.56968e-14 0)
(400 -5.58275e-14 0)
(400 -4.80752e-14 0)
(400 -4.09396e-14 0)
(400 -3.50002e-14 0)
(400 -3.27166e-14 0)
(400 -2.11095e-14 0)
(400 -2.0066e-14 0)
(400 -2.38767e-14 0)
(400 -1.65776e-14 0)
(400 -5.63011e-15 0)
(400 2.12886e-15 0)
(400 5.88515e-15 0)
(400 1.29068e-14 0)
(400 1.49865e-14 0)
(400 2.28552e-14 0)
(400 2.5288e-14 0)
(400 -1.19112e-15 0)
(400 -1.01614e-15 0)
(400 -8.27322e-16 0)
(400 1.02681e-14 0)
(400 4.12743e-15 0)
(400 -2.40571e-14 0)
(400 -4.59894e-14 0)
(400 -5.38377e-14 0)
(400 -5.40577e-14 0)
(400 -3.52035e-14 0)
(400 -2.11207e-14 0)
(400 -1.99398e-14 0)
(400 -1.12008e-14 0)
(400 1.83795e-15 0)
(400 1.60903e-14 0)
(400 1.80785e-14 0)
(400 4.63985e-14 0)
(400 5.01939e-14 0)
(400 4.1513e-14 0)
(400 5.1336e-14 0)
(400 6.03516e-14 0)
(400 7.06292e-14 0)
(400 6.9828e-14 0)
(400 6.12297e-14 0)
(400 4.90462e-14 0)
(400 3.39198e-14 0)
(400 2.82694e-14 0)
(400 3.62306e-14 0)
(400 3.66001e-14 0)
(400 3.32547e-14 0)
(400 3.06264e-14 0)
(400 2.21123e-14 0)
(400 4.01039e-15 0)
(400 -2.33831e-14 0)
(400 -2.5482e-14 0)
(400 -2.65005e-14 0)
(400 -2.05281e-14 0)
(400 -2.33286e-14 0)
(400 -1.21387e-14 0)
(400 -6.19503e-15 0)
(400 -1.03509e-14 0)
(400 -2.8136e-14 0)
(400 -3.07662e-14 0)
(400 -3.28323e-14 0)
(400 -2.62395e-14 0)
(400 -1.12171e-14 0)
(400 1.09423e-14 0)
(400 2.46342e-14 0)
(400 3.26626e-14 0)
(400 3.70687e-14 0)
(400 4.14963e-14 0)
(400 1.25533e-14 0)
(400 -8.7321e-15 0)
(400 -1.4547e-14 0)
(400 -2.9422e-14 0)
(400 -4.45118e-14 0)
(400 -4.63768e-14 0)
(400 -4.50381e-14 0)
(400 -2.78845e-14 0)
(400 -8.06046e-15 0)
(400 1.23416e-14 0)
(400 2.35837e-14 0)
(400 2.37694e-14 0)
(400 2.50564e-14 0)
(400 2.28747e-14 0)
(400 1.52617e-14 0)
(400 2.53801e-14 0)
(400 3.34311e-14 0)
(400 4.01844e-14 0)
(400 4.36e-14 0)
(400 2.2149e-14 0)
(400 2.93305e-15 0)
(400 -7.51229e-15 0)
(400 -3.06818e-14 0)
(400 -4.29825e-14 0)
(400 -4.26316e-14 0)
(400 -3.89466e-14 0)
(400 -4.06573e-14 0)
(400 -5.85378e-14 0)
(400 -5.4545e-14 0)
(400 -4.59189e-14 0)
(400 -4.42876e-14 0)
(400 -3.32816e-14 0)
(400 -2.30193e-14 0)
(400 -8.41781e-15 0)
(400 2.73968e-15 0)
(400 4.4155e-16 0)
(400 4.25973e-15 0)
(400 1.32627e-14 0)
(400 1.31e-14 0)
(400 1.37489e-14 0)
(400 4.8405e-15 0)
(400 8.16502e-15 0)
(400 1.41937e-14 0)
(400 2.82446e-14 0)
(400 3.96434e-14 0)
(400 3.75413e-14 0)
(400 6.15797e-14 0)
(400 7.92582e-14 0)
(400 9.79297e-14 0)
(400 1.05447e-13 0)
(400 1.10644e-13 0)
(400 1.17159e-13 0)
(400 1.07081e-13 0)
(400 9.51195e-14 0)
(400 8.28095e-14 0)
(400 7.27743e-14 0)
(400 7.97778e-14 0)
(400 8.50418e-14 0)
(400 8.43581e-14 0)
(400 8.23579e-14 0)
(400 7.2317e-14 0)
(400 4.71036e-14 0)
(400 2.59363e-14 0)
(400 9.72936e-15 0)
(400 -6.91101e-15 0)
(400 -3.89918e-14 0)
(400 -6.56761e-14 0)
(400 -6.27265e-14 0)
(400 -7.10577e-14 0)
(400 -7.88371e-14 0)
(400 -9.45523e-14 0)
(400 -1.01103e-13 0)
(400 -9.3881e-14 0)
(400 -8.07544e-14 0)
(400 -7.54873e-14 0)
(400 -7.14795e-14 0)
(400 -6.0236e-14 0)
(400 -4.66469e-14 0)
(400 -2.44765e-14 0)
(400 -1.78026e-14 0)
(400 -7.74062e-16 0)
(400 5.43979e-15 0)
(400 1.77681e-14 0)
(400 1.7788e-14 0)
(400 4.97902e-15 0)
(400 -2.44651e-14 0)
(400 -3.58949e-14 0)
(400 -3.10104e-14 0)
(400 -3.21476e-14 0)
(400 -2.52826e-14 0)
(400 -2.02275e-14 0)
(400 -6.57378e-15 0)
(400 -6.95912e-16 0)
(400 2.97264e-15 0)
(400 1.32894e-14 0)
(400 1.65174e-14 0)
(400 6.87306e-15 0)
(400 2.12733e-15 0)
(400 1.98228e-14 0)
(400 2.20806e-14 0)
(400 2.03027e-14 0)
(400 2.94408e-14 0)
(400 3.20287e-14 0)
(400 2.81894e-14 0)
(400 3.42384e-14 0)
(400 2.7012e-14 0)
(400 2.48783e-14 0)
(400 1.7333e-14 0)
(400 3.03392e-15 0)
(400 -1.14364e-14 0)
(400 -2.04672e-14 0)
(400 -2.57393e-14 0)
(400 -3.38815e-14 0)
(400 -4.43713e-14 0)
(400 -5.77711e-14 0)
(400 -6.5747e-14 0)
(400 -5.34514e-14 0)
(400 -4.47864e-14 0)
(400 -3.26154e-14 0)
(400 -3.54241e-14 0)
(400 -3.49857e-14 0)
(400 -3.21407e-14 0)
(400 -3.22627e-14 0)
(400 -3.33234e-14 0)
(400 -5.02307e-14 0)
(400 -5.4486e-14 0)
(400 -5.88893e-14 0)
(400 -6.24006e-14 0)
(400 -6.18203e-14 0)
(400 -7.15073e-14 0)
(400 -8.18631e-14 0)
(400 -6.70769e-14 0)
(400 -5.80381e-14 0)
(400 -5.12591e-14 0)
(400 -4.26709e-14 0)
(400 -3.31647e-14 0)
(400 -1.06274e-14 0)
(400 -3.02961e-15 0)
(400 8.92039e-15 0)
(400 1.14889e-14 0)
(400 7.56447e-15 0)
(400 9.36564e-15 0)
(400 5.90882e-15 0)
(400 -3.99138e-15 0)
(400 3.0733e-15 0)
(400 2.09912e-14 0)
(400 3.26385e-14 0)
(400 4.0337e-14 0)
(400 3.38581e-14 0)
(400 8.8055e-15 0)
(400 7.26532e-15 0)
(400 -7.85836e-15 0)
(400 -1.46054e-14 0)
(400 -1.65568e-14 0)
(400 -2.58527e-14 0)
(400 -4.25233e-14 0)
(400 -6.20571e-14 0)
(400 -6.59657e-14 0)
(400 -5.62734e-14 0)
(400 -3.9919e-14 0)
(400 -2.71095e-14 0)
(400 -1.96433e-14 0)
(400 -2.24959e-14 0)
(400 -9.47935e-15 0)
(400 1.42177e-14 0)
(400 3.72048e-14 0)
(400 4.8043e-14 0)
(400 5.18154e-14 0)
(400 5.43422e-14 0)
(400 6.59062e-14 0)
(400 6.23953e-14 0)
(400 5.67998e-14 0)
(400 5.44938e-14 0)
(400 4.22738e-14 0)
(400 2.41871e-14 0)
(400 3.04483e-15 0)
(400 8.52479e-15 0)
(400 2.74477e-14 0)
(400 2.09222e-14 0)
(400 2.42184e-14 0)
(400 1.51914e-14 0)
(400 6.16075e-16 0)
(400 -8.3799e-15 0)
(400 -1.24562e-14 0)
(400 -1.76334e-14 0)
(400 -2.60859e-14 0)
(400 -2.65824e-14 0)
(400 -2.6231e-14 0)
(400 -2.84539e-14 0)
(400 -1.72463e-14 0)
(400 -2.73772e-14 0)
(400 -3.49374e-14 0)
(400 -3.78694e-14 0)
(400 -2.29159e-14 0)
(400 -1.06864e-15 0)
(400 1.17455e-14 0)
(400 1.88295e-14 0)
(400 2.3073e-14 0)
(400 3.03094e-14 0)
(400 3.27087e-14 0)
(400 1.80104e-14 0)
(400 6.56911e-15 0)
(400 2.85562e-15 0)
(400 8.84786e-15 0)
(400 8.79876e-16 0)
(400 -9.54213e-15 0)
(400 -1.35855e-14 0)
(400 -1.7788e-14 0)
(400 -8.33562e-17 0)
(400 1.14799e-14 0)
(400 2.44954e-14 0)
(400 3.00472e-14 0)
(400 3.33338e-14 0)
(400 2.83267e-14 0)
(400 3.29451e-14 0)
(400 3.56358e-14 0)
(400 4.55812e-14 0)
(400 4.943e-14 0)
(400 5.48851e-14 0)
(400 4.1495e-14 0)
(400 2.38829e-14 0)
(400 1.54487e-14 0)
(400 1.37009e-14 0)
(400 9.76801e-15 0)
(400 1.11407e-14 0)
(400 -5.13223e-17 0)
(400 -1.8602e-15 0)
(400 -1.27808e-14 0)
(400 -1.45057e-14 0)
(400 -3.94679e-15 0)
(400 -5.69766e-15 0)
(400 -1.4314e-14 0)
(400 -2.52458e-14 0)
(400 -4.81091e-15 0)
(400 9.03544e-15 0)
(400 1.8835e-14 0)
(400 1.869e-14 0)
(400 6.81698e-15 0)
(400 -2.9892e-15 0)
(400 1.17003e-15 0)
(400 8.21241e-15 0)
(400 2.23687e-14 0)
(400 3.04039e-14 0)
(400 5.15224e-14 0)
(400 5.5465e-14 0)
(400 6.30848e-14 0)
(400 7.43269e-14 0)
(400 5.55053e-14 0)
(400 6.16736e-14 0)
(400 7.95156e-14 0)
(400 7.31485e-14 0)
(400 6.39718e-14 0)
(400 4.37622e-14 0)
(400 2.79948e-14 0)
(400 3.02867e-14 0)
(400 2.5074e-14 0)
(400 1.04367e-14 0)
(400 1.74843e-15 0)
(400 7.51299e-15 0)
(400 1.81319e-14 0)
(400 -1.52871e-15 0)
(400 -3.66427e-14 0)
(400 -4.59686e-14 0)
(400 -5.19599e-14 0)
(400 -4.95828e-14 0)
(400 -7.65976e-14 0)
(400 -9.06594e-14 0)
(400 -9.73186e-14 0)
(400 -1.07937e-13 0)
(400 -1.16422e-13 0)
(400 -1.04778e-13 0)
(400 -1.07041e-13 0)
(400 -1.01505e-13 0)
(400 -1.06713e-13 0)
(400 -1.01157e-13 0)
(400 -8.77404e-14 0)
(400 -8.06678e-14 0)
(400 -5.95837e-14 0)
(400 -3.2055e-14 0)
(400 -3.42489e-15 0)
(400 1.18614e-14 0)
(400 1.59365e-14 0)
(400 2.72834e-14 0)
(400 2.74981e-14 0)
(400 1.39045e-14 0)
(400 3.86138e-15 0)
(400 6.57207e-15 0)
(400 -6.27598e-15 0)
(400 -5.32133e-15 0)
(400 -4.42155e-15 0)
(400 1.92147e-14 0)
(400 3.29245e-14 0)
(400 3.26657e-14 0)
(400 2.95743e-14 0)
(400 4.11043e-14 0)
(400 4.50586e-14 0)
(400 1.95597e-14 0)
(400 4.53659e-15 0)
(400 4.72152e-15 0)
(400 8.8409e-15 0)
(400 2.02015e-14 0)
(400 3.27121e-14 0)
(400 4.01802e-14 0)
(400 4.14696e-14 0)
(400 4.21525e-14 0)
(400 4.72132e-14 0)
(400 5.38538e-14 0)
(400 4.41933e-14 0)
(400 2.72829e-14 0)
(400 6.45845e-15 0)
(400 -8.19351e-15 0)
(400 -1.32207e-14 0)
(400 -2.04537e-14 0)
(400 -3.56604e-14 0)
(400 -3.58219e-14 0)
(400 -3.40607e-14 0)
(400 -2.5055e-14 0)
(400 -2.53783e-14 0)
(400 -2.75295e-14 0)
(400 -3.10216e-14 0)
(400 -3.62836e-14 0)
(400 -3.86957e-14 0)
(400 -2.86427e-14 0)
(400 -1.74822e-14 0)
(400 -3.74732e-14 0)
(400 -3.98026e-14 0)
(400 -3.26074e-14 0)
(400 -5.00417e-14 0)
(400 -5.72481e-14 0)
(400 -5.90493e-14 0)
(400 -6.07844e-14 0)
(400 -4.19042e-14 0)
(400 -3.02658e-14 0)
(400 -2.33453e-14 0)
(400 -2.05952e-14 0)
(400 -1.59814e-14 0)
(400 8.75041e-15 0)
(400 2.17717e-14 0)
(400 3.11353e-14 0)
(400 2.47148e-14 0)
(400 1.39647e-14 0)
(400 1.16272e-15 0)
(400 -1.71373e-14 0)
(400 -1.14422e-14 0)
(400 -5.81835e-15 0)
(400 3.76221e-17 0)
(400 7.52134e-15 0)
(400 6.83145e-15 0)
(400 6.7471e-15 0)
(400 -5.14134e-15 0)
(400 -2.7807e-14 0)
(400 -4.32946e-14 0)
(400 -5.82698e-14 0)
(400 -7.05879e-14 0)
(400 -6.84221e-14 0)
(400 -6.13387e-14 0)
(400 -5.59881e-14 0)
(400 -5.61186e-14 0)
(400 -5.11461e-14 0)
(400 -2.84493e-14 0)
(400 -6.63146e-15 0)
(400 1.11318e-14 0)
(400 2.30492e-14 0)
(400 2.97358e-14 0)
(400 4.6381e-14 0)
(400 5.05637e-14 0)
(400 4.66803e-14 0)
(400 4.51801e-14 0)
(400 4.55491e-14 0)
(400 3.40884e-14 0)
(400 2.84398e-14 0)
(400 3.21078e-14 0)
(400 2.8621e-14 0)
(400 2.54104e-14 0)
(400 1.21864e-14 0)
(400 1.54643e-15 0)
(400 3.73175e-15 0)
(400 1.00227e-14 0)
(400 4.3656e-15 0)
(400 1.60354e-14 0)
(400 2.9787e-14 0)
(400 3.17431e-14 0)
(400 2.31522e-14 0)
(400 2.25338e-14 0)
(400 1.39458e-14 0)
(400 -7.56449e-15 0)
(400 -7.8559e-15 0)
(400 -5.4432e-15 0)
(400 -1.2043e-14 0)
(400 3.38266e-15 0)
(400 2.20201e-15 0)
(400 -1.94505e-15 0)
(400 -1.11477e-14 0)
(400 5.29272e-15 0)
(400 1.96255e-14 0)
(400 1.71454e-14 0)
(400 3.13037e-14 0)
(400 4.03816e-14 0)
(400 4.86994e-14 0)
(400 5.24079e-14 0)
(400 5.25563e-14 0)
(400 4.30632e-14 0)
(400 4.49772e-14 0)
(400 5.69736e-14 0)
(400 5.36974e-14 0)
(400 5.09195e-14 0)
(400 4.37977e-14 0)
(400 4.29247e-14 0)
(400 4.09604e-14 0)
(400 4.32483e-14 0)
(400 4.06182e-14 0)
(400 4.01269e-14 0)
(400 4.43541e-14 0)
(400 3.80733e-14 0)
(400 3.0695e-14 0)
(400 1.80182e-14 0)
(400 9.12652e-15 0)
(400 8.66175e-15 0)
(400 4.04971e-15 0)
(400 -1.2756e-14 0)
(400 -3.31545e-14 0)
(400 -3.87141e-14 0)
(400 -4.21306e-14 0)
(400 -4.38622e-14 0)
(400 -5.94715e-14 0)
(400 -5.5951e-14 0)
(400 -5.14777e-14 0)
(400 -5.24047e-14 0)
(400 -4.71663e-14 0)
(400 -3.40106e-14 0)
(400 -2.77017e-14 0)
(400 -2.93384e-14 0)
(400 -3.45697e-14 0)
(400 -2.33635e-14 0)
(400 -4.19225e-15 0)
(400 1.60935e-14 0)
(400 2.20643e-14 0)
(400 1.08761e-14 0)
(400 -3.52271e-16 0)
(400 -4.51614e-15 0)
(400 1.09835e-15 0)
(400 2.50737e-14 0)
(400 6.24071e-14 0)
(400 8.12882e-14 0)
(400 8.45825e-14 0)
(400 9.31459e-14 0)
(400 8.81776e-14 0)
(400 8.99304e-14 0)
(400 8.60953e-14 0)
(400 9.01979e-14 0)
(400 8.62627e-14 0)
(400 7.36664e-14 0)
(400 6.32224e-14 0)
(400 5.41859e-14 0)
(400 5.65868e-14 0)
(400 7.28235e-14 0)
(400 6.27422e-14 0)
(400 4.6604e-14 0)
(400 3.60078e-14 0)
(400 2.01986e-14 0)
(400 1.03284e-14 0)
(400 8.20263e-15 0)
(400 1.50762e-15 0)
(400 -8.75542e-15 0)
(400 -7.29987e-15 0)
(400 1.87806e-15 0)
(400 -1.3497e-14 0)
(400 -3.51945e-14 0)
(400 -4.49083e-14 0)
(400 -5.28991e-14 0)
(400 -4.86173e-14 0)
(400 -6.4524e-14 0)
(400 -8.34067e-14 0)
(400 -1.06869e-13 0)
(400 -1.15084e-13 0)
(400 -1.06147e-13 0)
(400 -9.42595e-14 0)
(400 -7.24901e-14 0)
(400 -5.88951e-14 0)
(400 -3.46275e-14 0)
(400 -2.26858e-14 0)
(400 -1.46982e-14 0)
(400 -9.82018e-15 0)
(400 -1.1756e-14 0)
(400 -5.54717e-15 0)
(400 4.20662e-15 0)
(400 7.66987e-16 0)
(400 -2.03136e-14 0)
(400 -2.96718e-14 0)
(400 -2.25097e-14 0)
(400 4.53519e-15 0)
(400 2.04024e-14 0)
(400 2.17093e-14 0)
(400 1.63841e-14 0)
(400 2.04538e-14 0)
(400 1.82053e-14 0)
(400 1.19375e-14 0)
(400 5.62245e-15 0)
(400 -1.87218e-14 0)
(400 -2.16882e-14 0)
(400 -1.41385e-15 0)
(400 1.32719e-14 0)
(400 2.80655e-14 0)
(400 2.81113e-14 0)
(400 3.66658e-14 0)
(400 4.74128e-14 0)
(400 5.87288e-14 0)
(400 5.68266e-14 0)
(400 4.63216e-14 0)
(400 3.52918e-14 0)
(400 2.48953e-14 0)
(400 2.19501e-14 0)
(400 2.95246e-14 0)
(400 2.09548e-14 0)
(400 2.04092e-14 0)
(400 1.78843e-14 0)
(400 -9.06904e-15 0)
(400 -1.87769e-14 0)
(400 -2.99567e-14 0)
(400 -3.51195e-14 0)
(400 -4.09315e-14 0)
(400 -4.25762e-14 0)
(400 -3.33023e-14 0)
(400 -2.88275e-14 0)
(400 -3.0526e-14 0)
(400 -4.50774e-14 0)
(400 -4.3527e-14 0)
(400 -4.15394e-14 0)
(400 -4.48781e-14 0)
(400 -5.6663e-14 0)
(400 -6.11764e-14 0)
(400 -5.13813e-14 0)
(400 -3.95768e-14 0)
(400 -2.10366e-14 0)
(400 -1.83837e-14 0)
(400 -1.54507e-14 0)
(400 3.5131e-15 0)
(400 1.93653e-14 0)
(400 4.46449e-14 0)
(400 4.20068e-14 0)
(400 3.10966e-14 0)
(400 2.04739e-14 0)
(400 -9.35242e-15 0)
(400 -1.68889e-14 0)
(400 -1.77122e-14 0)
(400 -1.97595e-14 0)
(400 -2.08434e-14 0)
(400 -2.60801e-14 0)
(400 -3.37665e-14 0)
(400 -1.15761e-14 0)
(400 -2.09069e-14 0)
(400 -2.35285e-14 0)
(400 -3.7954e-14 0)
(400 -4.38839e-14 0)
(400 -3.07757e-14 0)
(400 -2.25643e-14 0)
(400 -8.83362e-15 0)
(400 1.00523e-15 0)
(400 1.73566e-14 0)
(400 2.83088e-14 0)
(400 2.09753e-14 0)
(400 3.75798e-14 0)
(400 4.71729e-14 0)
(400 4.40826e-14 0)
(400 4.47227e-14 0)
(400 3.84793e-14 0)
(400 1.58299e-14 0)
(400 7.44328e-15 0)
(400 1.39169e-14 0)
(400 1.47721e-14 0)
(400 1.38371e-14 0)
(400 3.67553e-15 0)
(400 -2.74842e-14 0)
(400 -2.45792e-14 0)
(400 -2.42195e-14 0)
(400 -2.11122e-14 0)
(400 -1.94062e-14 0)
(400 -1.86646e-14 0)
(400 -2.18959e-14 0)
(400 -2.69928e-14 0)
(400 -3.96992e-15 0)
(400 6.24674e-15 0)
(400 1.35032e-15 0)
(400 -1.93398e-15 0)
(400 -1.25748e-14 0)
(400 -2.02753e-14 0)
(400 -2.26198e-14 0)
(400 7.07295e-15 0)
(400 2.53069e-14 0)
(400 2.81606e-14 0)
(400 3.68321e-14 0)
(400 3.7921e-14 0)
(400 2.84705e-14 0)
(400 3.60272e-14 0)
(400 2.94956e-14 0)
(400 2.32741e-14 0)
(400 2.88327e-14 0)
(400 3.695e-14 0)
(400 4.58959e-14 0)
(400 4.36608e-14 0)
(400 4.0826e-14 0)
(400 3.83724e-14 0)
(400 5.20059e-14 0)
(400 6.81996e-14 0)
(400 7.40602e-14 0)
(400 7.9813e-14 0)
(400 6.74216e-14 0)
(400 7.26797e-14 0)
(400 4.79133e-14 0)
(400 3.97409e-14 0)
(400 5.28335e-14 0)
(400 6.3204e-14 0)
(400 7.29008e-14 0)
(400 6.08607e-14 0)
(400 4.91925e-14 0)
(400 4.95337e-14 0)
(400 3.35943e-14 0)
(400 2.59564e-14 0)
(400 2.67767e-14 0)
(400 3.08168e-14 0)
(400 2.16336e-14 0)
(400 1.98433e-14 0)
(400 1.04405e-14 0)
(400 5.48078e-15 0)
(400 1.50884e-14 0)
(400 1.42823e-14 0)
(400 5.78012e-15 0)
(400 -7.15465e-15 0)
(400 -1.51442e-14 0)
(400 -2.51377e-15 0)
(400 2.36244e-15 0)
(400 1.12621e-14 0)
(400 1.97805e-16 0)
(400 -8.34916e-15 0)
(400 8.13947e-15 0)
(400 8.08052e-15 0)
(400 5.69612e-15 0)
(400 -4.05342e-15 0)
(400 -3.635e-15 0)
(400 -4.45652e-15 0)
(400 -7.66033e-15 0)
(400 -1.84877e-15 0)
(400 2.08839e-14 0)
(400 2.46362e-14 0)
(400 2.7184e-14 0)
(400 3.37231e-14 0)
(400 2.93359e-14 0)
(400 3.88411e-14 0)
(400 4.45665e-14 0)
(400 3.97821e-14 0)
(400 3.63888e-14 0)
(400 2.62912e-14 0)
(400 2.65289e-14 0)
(400 2.81014e-14 0)
(400 2.27836e-14 0)
(400 2.05878e-14 0)
(400 2.3982e-14 0)
(400 4.10475e-15 0)
(400 -1.04977e-14 0)
(400 -2.47567e-14 0)
(400 -2.25477e-14 0)
(400 -2.08473e-14 0)
(400 8.09441e-16 0)
(400 6.41332e-15 0)
(400 -9.15789e-15 0)
(400 5.5664e-15 0)
(400 3.08641e-15 0)
(400 -4.07514e-15 0)
(400 -7.91763e-16 0)
(400 -7.28575e-15 0)
(400 -2.88745e-14 0)
(400 -5.83806e-14 0)
(400 -6.97323e-14 0)
(400 -7.04225e-14 0)
(400 -8.06129e-14 0)
(400 -8.72077e-14 0)
(400 -7.35148e-14 0)
(400 -8.04063e-14 0)
(400 -8.83106e-14 0)
(400 -7.49328e-14 0)
(400 -5.56354e-14 0)
(400 -5.03757e-14 0)
(400 -4.54112e-14 0)
(400 -1.94994e-14 0)
(400 4.11943e-15 0)
(400 3.08118e-15 0)
(400 3.42935e-15 0)
(400 -4.63253e-15 0)
(400 -1.29508e-15 0)
(400 1.15184e-14 0)
(400 1.36403e-14 0)
(400 8.16095e-15 0)
(400 6.76796e-15 0)
(400 -9.49613e-15 0)
(400 -2.34148e-14 0)
(400 -2.15555e-14 0)
(400 -1.83871e-15 0)
(400 -5.06272e-15 0)
(400 -1.21581e-14 0)
(400 -9.07171e-15 0)
(400 9.20102e-15 0)
(400 2.91086e-14 0)
(400 5.02503e-14 0)
(400 7.18916e-14 0)
(400 7.22666e-14 0)
(400 6.30146e-14 0)
(400 6.34041e-14 0)
(400 6.09611e-14 0)
(400 6.60402e-14 0)
(400 8.45505e-14 0)
(400 8.89404e-14 0)
(400 9.19571e-14 0)
(400 9.79776e-14 0)
(400 1.18813e-13 0)
(400 1.11757e-13 0)
(400 8.53443e-14 0)
(400 6.4836e-14 0)
(400 4.76198e-14 0)
(400 3.36806e-14 0)
(400 2.09609e-14 0)
(400 1.64519e-14 0)
(400 1.43045e-14 0)
(400 2.09946e-14 0)
(400 2.17159e-14 0)
(400 1.82965e-14 0)
(400 -8.17554e-16 0)
(400 -9.26277e-15 0)
(400 -4.45055e-15 0)
(400 -6.38647e-15 0)
(400 -1.73559e-14 0)
(400 -2.80028e-14 0)
(400 -4.07768e-14 0)
(400 -3.3008e-14 0)
(400 -2.14685e-14 0)
(400 -3.05057e-14 0)
(400 -3.59361e-14 0)
(400 -2.86461e-14 0)
(400 -1.95382e-14 0)
(400 -1.40205e-14 0)
(400 4.61091e-15 0)
(400 1.32524e-14 0)
(400 -3.32647e-15 0)
(400 -1.84687e-14 0)
(400 -3.22107e-14 0)
(400 -4.16294e-14 0)
(400 -4.65581e-14 0)
(400 -5.75661e-14 0)
(400 -8.20031e-14 0)
(400 -1.01968e-13 0)
(400 -1.5942e-15 0)
(400 1.08619e-14 0)
(400 2.43465e-15 0)
(400 -2.20515e-14 0)
(400 -2.44534e-14 0)
(400 -2.32042e-14 0)
(400 -1.03826e-14 0)
(400 1.14522e-14 0)
(400 4.35854e-14 0)
(400 6.02279e-14 0)
(400 5.03255e-14 0)
(400 4.37799e-14 0)
(400 4.88376e-14 0)
(400 4.49975e-14 0)
(400 4.56679e-14 0)
(400 4.87853e-14 0)
(400 4.96023e-14 0)
(400 6.09565e-14 0)
(400 4.90161e-14 0)
(400 2.75183e-14 0)
(400 2.29881e-14 0)
(400 1.37788e-14 0)
(400 -1.61239e-14 0)
(400 -4.73537e-14 0)
(400 -4.90781e-14 0)
(400 -3.04632e-14 0)
(400 -6.77113e-15 0)
(400 5.8154e-16 0)
(400 -6.96082e-16 0)
(400 5.74786e-15 0)
(400 6.374e-15 0)
(400 4.8701e-16 0)
(400 -2.53005e-15 0)
(400 -3.15902e-15 0)
(400 -4.34118e-15 0)
(400 -2.20791e-15 0)
(400 3.09998e-15 0)
(400 -4.3685e-15 0)
(400 1.58359e-15 0)
(400 3.1223e-14 0)
(400 3.12966e-14 0)
(400 5.2035e-14 0)
(400 6.18047e-14 0)
(400 5.08032e-14 0)
(400 3.75511e-14 0)
(400 1.43451e-14 0)
(400 3.47066e-15 0)
(400 3.32237e-15 0)
(400 5.30939e-15 0)
(400 1.20091e-14 0)
(400 1.69037e-14 0)
(400 2.49058e-14 0)
(400 4.38913e-14 0)
(400 5.95474e-14 0)
(400 5.83973e-14 0)
(400 6.24683e-14 0)
(400 7.21343e-14 0)
(400 5.71744e-14 0)
(400 4.81686e-14 0)
(400 3.39986e-14 0)
(400 6.35637e-15 0)
(400 -1.26671e-14 0)
(400 3.85014e-15 0)
(400 2.13228e-14 0)
(400 1.88096e-14 0)
(400 8.60973e-15 0)
(400 1.23789e-14 0)
(400 2.86799e-15 0)
(400 -2.28211e-14 0)
(400 -2.26713e-14 0)
(400 -3.80118e-15 0)
(400 7.09541e-15 0)
(400 -7.853e-15 0)
(400 -1.48391e-14 0)
(400 -1.40452e-14 0)
(400 1.51403e-15 0)
(400 -1.35921e-14 0)
(400 -4.06571e-14 0)
(400 -4.49969e-14 0)
(400 -4.74271e-14 0)
(400 -5.3594e-14 0)
(400 -6.30369e-14 0)
(400 -4.28038e-14 0)
(400 -3.54766e-14 0)
(400 -3.33595e-14 0)
(400 -3.91048e-14 0)
(400 -4.51248e-14 0)
(400 -4.31435e-14 0)
(400 -4.21749e-14 0)
(400 -1.93061e-14 0)
(400 -9.24526e-16 0)
(400 2.13143e-14 0)
(400 4.36846e-14 0)
(400 6.45615e-14 0)
(400 6.8111e-14 0)
(400 6.98656e-14 0)
(400 7.0878e-14 0)
(400 5.89629e-14 0)
(400 5.15354e-14 0)
(400 6.67803e-14 0)
(400 6.65683e-14 0)
(400 6.78522e-14 0)
(400 7.73025e-14 0)
(400 8.73977e-14 0)
(400 9.01668e-14 0)
(400 7.73257e-14 0)
(400 3.83975e-14 0)
(400 2.59043e-14 0)
(400 1.42132e-14 0)
(400 1.44858e-14 0)
(400 1.64045e-14 0)
(400 4.85794e-15 0)
(400 9.11472e-15 0)
(400 2.32486e-14 0)
(400 3.82424e-14 0)
(400 2.41655e-14 0)
(400 4.31756e-15 0)
(400 7.03417e-15 0)
(400 2.10145e-14 0)
(400 2.15453e-14 0)
(400 5.24372e-15 0)
(400 -3.24204e-14 0)
(400 -5.1818e-14 0)
(400 -6.40533e-14 0)
(400 -6.32072e-14 0)
(400 -6.61216e-14 0)
(400 -7.74366e-14 0)
(400 -7.97673e-14 0)
(400 -8.84319e-14 0)
(400 -8.66625e-14 0)
(400 -7.47241e-14 0)
(400 -6.32055e-14 0)
(400 -4.47629e-14 0)
(400 -1.63267e-14 0)
(400 1.14445e-14 0)
(400 1.67725e-14 0)
(400 1.42959e-14 0)
(400 3.56736e-14 0)
(400 4.32607e-14 0)
(400 5.74545e-14 0)
(400 5.24928e-14 0)
(400 2.9535e-14 0)
(400 5.99496e-15 0)
(400 1.00677e-15 0)
(400 -3.10443e-15 0)
(400 -1.94864e-14 0)
(400 -2.85459e-14 0)
(400 -3.20088e-14 0)
(400 -1.77923e-14 0)
(400 -6.92874e-16 0)
(400 -7.45828e-15 0)
(400 -1.09044e-14 0)
(400 9.64288e-15 0)
(400 2.5559e-14 0)
(400 5.29257e-14 0)
(400 4.53582e-14 0)
(400 2.87971e-14 0)
(400 9.10896e-15 0)
(400 3.89941e-15 0)
(400 1.76392e-14 0)
(400 4.05916e-14 0)
(400 4.45985e-14 0)
(400 3.65566e-14 0)
(400 3.29552e-14 0)
(400 5.36624e-14 0)
(400 4.8332e-14 0)
(400 4.30215e-14 0)
(400 5.1394e-14 0)
(400 3.63681e-14 0)
(400 3.05589e-14 0)
(400 2.39691e-14 0)
(400 2.80271e-14 0)
(400 3.88137e-14 0)
(400 4.66325e-14 0)
(400 5.71521e-14 0)
(400 6.49955e-14 0)
(400 6.55164e-14 0)
(400 5.6688e-14 0)
(400 4.32115e-14 0)
(400 2.81109e-14 0)
(400 2.15534e-14 0)
(400 1.19823e-14 0)
(400 4.80987e-16 0)
(400 -8.84686e-16 0)
(400 9.10119e-15 0)
(400 -3.37709e-15 0)
(400 -1.5706e-14 0)
(400 -1.73199e-14 0)
(400 -1.7073e-14 0)
(400 -4.25722e-14 0)
(400 -2.94844e-14 0)
(400 -1.0226e-14 0)
(400 -1.90454e-14 0)
(400 -1.81528e-14 0)
(400 -2.21981e-14 0)
(400 -3.26202e-14 0)
(400 -2.8381e-14 0)
(400 -4.03622e-14 0)
(400 -5.69743e-14 0)
(400 -6.14003e-14 0)
(400 -1.41841e-14 0)
(400 -8.26867e-15 0)
(400 -2.35119e-14 0)
(400 -5.32974e-14 0)
(400 -5.07778e-14 0)
(400 -4.08633e-14 0)
(400 -2.88792e-14 0)
(400 -4.2066e-15 0)
(400 2.71354e-14 0)
(400 3.37013e-14 0)
(400 3.60793e-14 0)
(400 5.14262e-14 0)
(400 4.48559e-14 0)
(400 4.13703e-14 0)
(400 4.20831e-14 0)
(400 4.26144e-14 0)
(400 5.28175e-14 0)
(400 6.70778e-14 0)
(400 5.7234e-14 0)
(400 3.73474e-14 0)
(400 9.34741e-15 0)
(400 -1.44916e-14 0)
(400 -3.54249e-14 0)
(400 -4.27894e-14 0)
(400 -4.58839e-14 0)
(400 -3.81424e-14 0)
(400 -2.55776e-14 0)
(400 -2.16135e-14 0)
(400 -4.00062e-14 0)
(400 -4.67256e-14 0)
(400 -3.79157e-14 0)
(400 -3.80021e-14 0)
(400 -3.21312e-14 0)
(400 -2.87262e-14 0)
(400 -3.06372e-14 0)
(400 -2.20915e-14 0)
(400 -1.84751e-14 0)
(400 -1.34568e-14 0)
(400 -7.12328e-15 0)
(400 9.1853e-15 0)
(400 2.59764e-14 0)
(400 5.28204e-14 0)
(400 7.3389e-14 0)
(400 7.05548e-14 0)
(400 4.13339e-14 0)
(400 2.15394e-14 0)
(400 1.61053e-14 0)
(400 1.59277e-14 0)
(400 1.76756e-14 0)
(400 2.05199e-14 0)
(400 1.64018e-14 0)
(400 1.91398e-14 0)
(400 3.37118e-14 0)
(400 3.01927e-14 0)
(400 2.17288e-14 0)
(400 3.40546e-14 0)
(400 5.69901e-14 0)
(400 4.84555e-14 0)
(400 3.12098e-14 0)
(400 3.57941e-14 0)
(400 2.32051e-14 0)
(400 9.22191e-15 0)
(400 -4.16979e-15 0)
(400 -2.02345e-14 0)
(400 -1.74122e-14 0)
(400 -6.0522e-15 0)
(400 7.66628e-15 0)
(400 1.6656e-14 0)
(400 1.93986e-14 0)
(400 1.70908e-14 0)
(400 2.88482e-14 0)
(400 4.90858e-14 0)
(400 4.57207e-14 0)
(400 4.59496e-14 0)
(400 4.69413e-14 0)
(400 3.9949e-14 0)
(400 2.95822e-14 0)
(400 5.8697e-15 0)
(400 1.12237e-14 0)
(400 2.17419e-14 0)
(400 1.86597e-15 0)
(400 -1.47743e-14 0)
(400 5.1347e-15 0)
(400 2.61834e-14 0)
(400 2.8731e-14 0)
(400 -1.0742e-14 0)
(400 -2.74174e-14 0)
(400 -2.93919e-14 0)
(400 -1.86792e-14 0)
(400 3.67393e-16 0)
(400 7.52981e-15 0)
(400 2.4803e-14 0)
(400 4.56554e-14 0)
(400 5.55957e-14 0)
(400 5.48283e-14 0)
(400 5.60264e-14 0)
(400 4.20381e-14 0)
(400 4.08918e-14 0)
(400 4.21534e-14 0)
(400 3.25522e-14 0)
(400 1.32776e-14 0)
(400 7.68579e-15 0)
(400 1.25131e-14 0)
(400 1.80838e-14 0)
(400 9.93373e-15 0)
(400 -6.00658e-15 0)
(400 -3.5853e-14 0)
(400 -4.9517e-14 0)
(400 -4.03573e-14 0)
(400 -3.05522e-14 0)
(400 -3.20322e-14 0)
(400 -4.15731e-14 0)
(400 -2.84715e-14 0)
(400 -2.03123e-14 0)
(400 -9.64082e-15 0)
(400 2.70152e-15 0)
(400 -1.15399e-14 0)
(400 -1.61816e-14 0)
(400 -5.59538e-15 0)
(400 2.99549e-15 0)
(400 -7.81536e-15 0)
(400 -2.81536e-14 0)
(400 -3.14905e-14 0)
(400 -1.78931e-14 0)
(400 -1.66048e-14 0)
(400 -2.66651e-14 0)
(400 -4.56844e-14 0)
(400 -5.1196e-14 0)
(400 -4.68569e-14 0)
(400 -3.59766e-14 0)
(400 -4.40198e-14 0)
(400 -6.04163e-14 0)
(400 -4.51372e-14 0)
(400 -2.47205e-14 0)
(400 -3.04377e-14 0)
(400 -3.99616e-14 0)
(400 -3.33642e-14 0)
(400 -2.2425e-14 0)
(400 1.51484e-15 0)
(400 1.49046e-14 0)
(400 1.68261e-14 0)
(400 2.59779e-14 0)
(400 3.53851e-14 0)
(400 3.61868e-14 0)
(400 4.19969e-14 0)
(400 4.19059e-14 0)
(400 3.33417e-14 0)
(400 2.51687e-14 0)
(400 3.70652e-14 0)
(400 4.84013e-14 0)
(400 3.86506e-14 0)
(400 1.80895e-14 0)
(400 3.26707e-15 0)
(400 -7.30847e-15 0)
(400 -3.55349e-15 0)
(400 -6.90397e-15 0)
(400 -4.51263e-15 0)
(400 -1.46204e-15 0)
(400 1.28538e-14 0)
(400 2.01264e-14 0)
(400 2.09916e-14 0)
(400 2.92864e-14 0)
(400 3.04067e-14 0)
(400 3.81221e-14 0)
(400 3.39631e-14 0)
(400 1.62644e-14 0)
(400 1.5153e-14 0)
(400 1.918e-14 0)
(400 2.35331e-14 0)
(400 1.43762e-14 0)
(400 2.51446e-14 0)
(400 3.35204e-14 0)
(400 3.60298e-14 0)
(400 3.26367e-14 0)
(400 2.90446e-14 0)
(400 5.16691e-14 0)
(400 6.10526e-14 0)
(400 5.23901e-14 0)
(400 2.59204e-14 0)
(400 -5.26865e-16 0)
(400 -1.30616e-15 0)
(400 -1.08449e-14 0)
(400 -2.79128e-14 0)
(400 -4.50448e-14 0)
(400 -3.99874e-14 0)
(400 -3.32947e-14 0)
(400 -3.37973e-14 0)
(400 -3.01488e-14 0)
(400 -2.9769e-14 0)
(400 -2.66825e-14 0)
(400 -2.69539e-14 0)
(400 -2.95241e-14 0)
(400 -1.27148e-14 0)
(400 1.149e-16 0)
(400 -4.85121e-15 0)
(400 1.26015e-14 0)
(400 1.69998e-14 0)
(400 4.78293e-15 0)
(400 4.45799e-15 0)
(400 -4.35139e-15 0)
(400 -4.73582e-16 0)
(400 -3.93103e-15 0)
(400 -6.18753e-15 0)
(400 -1.15319e-14 0)
(400 -1.31168e-14 0)
(400 -1.12986e-14 0)
(400 -3.56508e-15 0)
(400 1.25915e-14 0)
(400 2.54859e-14 0)
(400 3.47773e-14 0)
(400 3.83305e-14 0)
(400 4.36878e-14 0)
(400 3.72044e-14 0)
(400 2.3782e-14 0)
(400 -2.43592e-15 0)
(400 -1.49087e-14 0)
(400 1.31335e-15 0)
(400 8.32641e-15 0)
(400 3.04575e-15 0)
(400 -6.86367e-15 0)
(400 -9.16979e-15 0)
(400 -2.4792e-14 0)
(400 -1.82972e-14 0)
(400 3.41408e-15 0)
(400 -1.57227e-14 0)
(400 -2.89921e-14 0)
(400 -2.1333e-14 0)
(400 -1.58291e-14 0)
(400 -4.51749e-14 0)
(400 -7.67631e-14 0)
(400 -8.37552e-14 0)
(400 -6.46088e-14 0)
(400 -5.00149e-14 0)
(400 -4.60485e-14 0)
(400 -5.7473e-14 0)
(400 -6.13288e-14 0)
(400 -6.1056e-14 0)
(400 -3.88763e-14 0)
(400 -1.50667e-14 0)
(400 -1.93656e-14 0)
(400 -2.41952e-15 0)
(400 1.09656e-14 0)
(400 2.98434e-14 0)
(400 4.24727e-14 0)
(400 2.04988e-14 0)
(400 1.8246e-14 0)
(400 2.81583e-14 0)
(400 3.07668e-14 0)
(400 2.99346e-14 0)
(400 2.60012e-14 0)
(400 1.61144e-14 0)
(400 1.13415e-14 0)
(400 1.11671e-14 0)
(400 6.39089e-15 0)
(400 4.07998e-15 0)
(400 1.17841e-14 0)
(400 2.18901e-14 0)
(400 2.19681e-14 0)
(400 -3.8835e-15 0)
(400 -7.06012e-15 0)
(400 -5.18022e-15 0)
(400 -8.18609e-15 0)
(400 -4.24596e-14 0)
(400 -7.80074e-14 0)
(400 -8.20384e-14 0)
(400 -5.3782e-14 0)
(400 -3.8262e-14 0)
(400 -1.62713e-14 0)
(400 9.25134e-15 0)
(400 1.5368e-14 0)
(400 2.28789e-14 0)
(400 3.01342e-14 0)
(400 3.98285e-14 0)
(400 4.52398e-14 0)
(400 3.49013e-14 0)
(400 2.43777e-14 0)
(400 1.87691e-14 0)
(400 1.63067e-14 0)
(400 2.61977e-14 0)
(400 1.47776e-14 0)
(400 9.19714e-15 0)
(400 1.50401e-14 0)
(400 1.2286e-14 0)
(400 5.73082e-15 0)
(400 -3.74609e-15 0)
(400 -1.78667e-14 0)
(400 -1.68414e-14 0)
(400 -1.99874e-14 0)
(400 -1.81478e-14 0)
(400 -2.08139e-14 0)
(400 -2.72619e-14 0)
(400 -2.16193e-14 0)
(400 -2.01332e-14 0)
(400 -3.55959e-14 0)
(400 -3.81896e-14 0)
(400 -2.63276e-14 0)
(400 -2.0687e-14 0)
(400 -6.74339e-15 0)
(400 -1.32677e-14 0)
(400 -3.4354e-14 0)
(400 -4.01222e-14 0)
(400 -3.28015e-14 0)
(400 -2.70417e-14 0)
(400 -3.40336e-14 0)
(400 -4.3068e-14 0)
(400 -6.15957e-14 0)
(400 -5.75159e-14 0)
(400 -7.06261e-14 0)
(400 -7.62587e-14 0)
(400 -7.83304e-14 0)
(400 -9.05099e-14 0)
(400 -8.57092e-14 0)
(400 -7.01089e-14 0)
(400 -7.9623e-14 0)
(400 -7.18112e-14 0)
(400 -4.13148e-14 0)
(400 -2.97223e-14 0)
(400 -3.05731e-14 0)
(400 -3.95363e-14 0)
(400 -3.67862e-14 0)
(400 -3.57211e-14 0)
(400 -2.90231e-14 0)
(400 -4.81137e-15 0)
(400 7.25131e-15 0)
(400 -1.18391e-15 0)
(400 -9.82434e-15 0)
(400 -3.34255e-15 0)
(400 -1.03815e-14 0)
(400 -1.15818e-14 0)
(400 -9.78487e-15 0)
(400 -3.10721e-14 0)
(400 -5.12169e-14 0)
(400 -5.51157e-14 0)
(400 -6.95421e-14 0)
(400 -7.96444e-14 0)
(400 -7.11391e-14 0)
(400 -5.42087e-14 0)
(400 -5.33623e-14 0)
(400 -4.48476e-14 0)
(400 -4.35882e-14 0)
(400 -2.4021e-14 0)
(400 2.34494e-15 0)
(400 1.07902e-14 0)
(400 5.568e-15 0)
(400 6.52632e-15 0)
(400 1.46894e-14 0)
(400 2.79494e-14 0)
(400 4.43358e-14 0)
(400 4.2476e-14 0)
(400 4.07805e-14 0)
(400 3.65152e-14 0)
(400 1.82759e-14 0)
(400 -2.56288e-15 0)
(400 -2.56638e-14 0)
(400 -4.96633e-14 0)
(400 -5.33688e-14 0)
(400 -3.9577e-14 0)
(400 -1.52838e-14 0)
(400 7.78042e-15 0)
(400 1.63291e-14 0)
(400 7.71301e-15 0)
(400 1.75955e-14 0)
(400 3.09844e-14 0)
(400 2.85943e-14 0)
(400 1.20093e-14 0)
(400 -1.31644e-14 0)
(400 -1.64989e-14 0)
(400 -1.65049e-14 0)
(400 4.75376e-15 0)
(400 2.56362e-14 0)
(400 3.81541e-14 0)
(400 4.08375e-14 0)
(400 5.5548e-14 0)
(400 6.24644e-14 0)
(400 7.22261e-14 0)
(400 7.06057e-14 0)
(400 6.64656e-14 0)
(400 5.4582e-14 0)
(400 3.59135e-14 0)
(400 2.25928e-14 0)
(400 1.10606e-14 0)
(400 6.27261e-15 0)
(400 -6.37681e-15 0)
(400 -2.27e-14 0)
(400 -2.35118e-14 0)
(400 -2.29168e-14 0)
(400 -4.06133e-14 0)
(400 -5.70186e-14 0)
(400 -5.75365e-14 0)
(400 -3.33245e-14 0)
(400 -3.6618e-14 0)
(400 -4.85266e-14 0)
(400 -2.8473e-14 0)
(400 -9.80661e-15 0)
(400 6.171e-15 0)
(400 1.5594e-14 0)
(400 -2.16779e-15 0)
(400 5.57449e-15 0)
(400 2.81559e-14 0)
(400 4.45682e-14 0)
(400 1.28474e-14 0)
(400 -2.57162e-15 0)
(400 -4.84478e-16 0)
(400 1.41579e-14 0)
(400 1.0517e-15 0)
(400 -3.20713e-15 0)
(400 1.49194e-14 0)
(400 1.98407e-14 0)
(400 2.87604e-14 0)
(400 4.10991e-14 0)
(400 4.83951e-14 0)
(400 5.17826e-14 0)
(400 5.28912e-14 0)
(400 2.9919e-14 0)
(400 5.43348e-15 0)
(400 1.22457e-14 0)
(400 -3.87753e-15 0)
(400 -2.68693e-14 0)
(400 -4.15763e-14 0)
(400 -5.00113e-14 0)
(400 -3.91191e-14 0)
(400 -2.32062e-14 0)
(400 -5.97643e-15 0)
(400 6.26114e-16 0)
(400 -1.28333e-14 0)
(400 -1.77807e-14 0)
(400 -1.30451e-14 0)
(400 -1.04208e-14 0)
(400 -1.7127e-14 0)
(400 -2.80419e-14 0)
(400 -3.4663e-14 0)
(400 -2.52169e-14 0)
(400 -1.03153e-14 0)
(400 -2.43254e-14 0)
(400 -2.31923e-14 0)
(400 -1.62146e-14 0)
(400 -1.76805e-14 0)
(400 -1.00253e-14 0)
(400 -2.23574e-14 0)
(400 -2.50647e-14 0)
(400 -1.61116e-14 0)
(400 -2.21257e-14 0)
(400 -2.01975e-14 0)
(400 -1.53196e-14 0)
(400 -2.50699e-14 0)
(400 -1.28577e-14 0)
(400 -2.48852e-15 0)
(400 4.58533e-16 0)
(400 -1.76793e-15 0)
(400 -9.95664e-15 0)
(400 -4.59898e-15 0)
(400 5.43229e-15 0)
(400 6.78003e-15 0)
(400 1.20017e-14 0)
(400 3.12305e-14 0)
(400 3.70956e-14 0)
(400 2.785e-14 0)
(400 3.08942e-14 0)
(400 1.72197e-14 0)
(400 6.06899e-15 0)
(400 -1.30151e-15 0)
(400 -8.93909e-15 0)
(400 -2.80922e-14 0)
(400 -4.19211e-14 0)
(400 -3.3593e-14 0)
(400 -2.76388e-14 0)
(400 -2.61672e-14 0)
(400 -2.37173e-14 0)
(400 -2.69328e-14 0)
(400 -1.41947e-14 0)
(400 -8.81867e-15 0)
(400 -9.15383e-15 0)
(400 1.75745e-15 0)
(400 2.68145e-15 0)
(400 1.00611e-15 0)
(400 -5.90767e-15 0)
(400 3.11929e-15 0)
(400 1.80321e-14 0)
(400 2.21563e-14 0)
(400 1.8489e-14 0)
(400 1.25827e-14 0)
(400 4.22658e-15 0)
(400 -1.48913e-14 0)
(400 -2.10677e-14 0)
(400 -2.77436e-14 0)
(400 -1.51737e-14 0)
(400 -1.63296e-14 0)
(400 -1.46296e-14 0)
(400 -1.90339e-14 0)
(400 -2.0382e-14 0)
(400 -1.81586e-14 0)
(400 -1.00096e-14 0)
(400 -4.1704e-15 0)
(400 -1.26225e-15 0)
(400 -4.77988e-15 0)
(400 6.31301e-15 0)
(400 1.82411e-14 0)
(400 3.01173e-14 0)
(400 2.05944e-14 0)
(400 1.19276e-14 0)
(400 2.82149e-14 0)
(400 3.18668e-14 0)
(400 2.48281e-14 0)
(400 3.19166e-15 0)
(400 -7.68438e-16 0)
(400 -7.69963e-15 0)
(400 -7.30626e-15 0)
(400 -2.76364e-14 0)
(400 -3.91619e-14 0)
(400 -4.17572e-14 0)
(400 -4.71171e-14 0)
(400 -4.07076e-14 0)
(400 -4.13324e-14 0)
(400 -4.78419e-14 0)
(400 -4.71588e-14 0)
(400 -4.00003e-14 0)
(400 -2.98347e-14 0)
(400 -8.609e-15 0)
(400 -8.50856e-15 0)
(400 -1.65015e-14 0)
(400 -9.24542e-15 0)
(400 1.19109e-14 0)
(400 2.09777e-14 0)
(400 1.85229e-15 0)
(400 -1.25875e-14 0)
(400 -8.05736e-15 0)
(400 9.70179e-15 0)
(400 2.01757e-14 0)
(400 2.40597e-14 0)
(400 3.159e-14 0)
(400 3.33949e-14 0)
(400 2.39442e-14 0)
(400 1.70531e-14 0)
(400 -9.12105e-15 0)
(400 -1.34065e-14 0)
(400 -3.02403e-15 0)
(400 8.47791e-15 0)
(400 1.1982e-14 0)
(400 2.5176e-14 0)
(400 3.61345e-14 0)
(400 4.62019e-14 0)
(400 4.26516e-14 0)
(400 3.85351e-14 0)
(400 2.81402e-14 0)
(400 2.40497e-14 0)
(400 2.4187e-14 0)
(400 3.24809e-14 0)
(400 5.11852e-14 0)
(400 5.41272e-14 0)
(400 3.2678e-14 0)
(400 3.98919e-14 0)
(400 2.8654e-14 0)
(400 1.43071e-14 0)
(400 4.74905e-15 0)
(400 -9.396e-15 0)
(400 -1.82015e-14 0)
(400 -2.76559e-14 0)
(400 -2.29004e-14 0)
(400 -1.40733e-14 0)
(400 -7.79908e-15 0)
(400 -4.5602e-15 0)
(400 -9.4406e-16 0)
(400 7.74508e-15 0)
(400 -1.73715e-15 0)
(400 -6.27893e-15 0)
(400 -5.07763e-15 0)
(400 -2.1419e-16 0)
(400 1.7898e-15 0)
(400 2.70582e-14 0)
(400 4.86483e-14 0)
(400 6.4042e-14 0)
(400 5.38899e-14 0)
(400 5.32348e-14 0)
(400 5.95596e-14 0)
(400 6.20227e-14 0)
(400 6.04189e-14 0)
(400 6.07404e-14 0)
(400 5.05733e-14 0)
(400 5.05923e-14 0)
(400 4.74776e-14 0)
(400 3.68968e-14 0)
(400 2.47589e-14 0)
(400 2.42835e-14 0)
(400 3.02231e-14 0)
(400 2.16535e-14 0)
(400 2.42736e-14 0)
(400 3.45307e-15 0)
(400 -1.64359e-14 0)
(400 -2.08247e-14 0)
(400 -2.87613e-14 0)
(400 -3.49304e-14 0)
(400 -4.49761e-14 0)
(400 -5.11653e-14 0)
(400 -3.84782e-14 0)
(400 -1.43052e-14 0)
(400 -2.33041e-14 0)
(400 -3.20245e-14 0)
(400 -1.78079e-14 0)
(400 9.08579e-15 0)
(400 3.42534e-14 0)
(400 -6.89306e-15 0)
(400 -9.28228e-15 0)
(400 -1.99135e-15 0)
(400 2.18962e-14 0)
(400 3.64295e-14 0)
(400 3.5943e-14 0)
(400 4.19261e-14 0)
(400 4.31727e-14 0)
(400 2.93733e-14 0)
(400 1.85715e-14 0)
(400 1.89506e-14 0)
(400 1.5866e-14 0)
(400 1.59301e-14 0)
(400 2.3829e-14 0)
(400 3.4691e-14 0)
(400 3.70228e-14 0)
(400 1.09203e-14 0)
(400 -1.46108e-14 0)
(400 -1.69361e-14 0)
(400 -8.5846e-15 0)
(400 -9.76624e-15 0)
(400 -4.63764e-15 0)
(400 -1.50005e-14 0)
(400 -2.36047e-14 0)
(400 -3.41074e-14 0)
(400 -3.92667e-14 0)
(400 -6.6847e-14 0)
(400 -8.43867e-14 0)
(400 -5.39083e-14 0)
(400 -1.88199e-14 0)
(400 -5.32678e-15 0)
(400 1.61049e-16 0)
(400 -1.65795e-15 0)
(400 -3.5521e-15 0)
(400 1.93391e-14 0)
(400 4.13215e-14 0)
(400 4.08212e-14 0)
(400 2.21306e-14 0)
(400 -6.45352e-16 0)
(400 3.96238e-15 0)
(400 1.01396e-14 0)
(400 5.08527e-15 0)
(400 5.2307e-15 0)
(400 8.44909e-16 0)
(400 3.25019e-15 0)
(400 6.31134e-15 0)
(400 1.85691e-15 0)
(400 8.2869e-15 0)
(400 1.0475e-14 0)
(400 2.83585e-15 0)
(400 1.30454e-14 0)
(400 2.69165e-14 0)
(400 2.65398e-14 0)
(400 4.22543e-14 0)
(400 5.5344e-14 0)
(400 5.58977e-14 0)
(400 5.30856e-14 0)
(400 5.31983e-14 0)
(400 5.53123e-14 0)
(400 4.57719e-14 0)
(400 3.92364e-14 0)
(400 2.78103e-14 0)
(400 2.03362e-14 0)
(400 2.66146e-14 0)
(400 3.89665e-14 0)
(400 2.47424e-14 0)
(400 1.83865e-14 0)
(400 1.19581e-14 0)
(400 5.54517e-15 0)
(400 7.74286e-15 0)
(400 1.95588e-15 0)
(400 3.07263e-15 0)
(400 1.04124e-14 0)
(400 6.00915e-15 0)
(400 2.23149e-14 0)
(400 3.17122e-14 0)
(400 2.95041e-14 0)
(400 4.15982e-14 0)
(400 4.45584e-14 0)
(400 5.20316e-14 0)
(400 5.01919e-14 0)
(400 2.91165e-14 0)
(400 -1.02409e-14 0)
(400 -2.90542e-14 0)
(400 -4.53203e-14 0)
(400 -5.32864e-14 0)
(400 -7.40241e-14 0)
(400 -8.32932e-14 0)
(400 -8.60269e-14 0)
(400 -8.45117e-14 0)
(400 -6.38002e-14 0)
(400 -5.66498e-14 0)
(400 -5.92963e-14 0)
(400 -6.01753e-14 0)
(400 -5.5229e-14 0)
(400 -5.49146e-14 0)
(400 -4.26962e-14 0)
(400 -3.11319e-14 0)
(400 -2.64429e-14 0)
(400 -1.09078e-14 0)
(400 9.34051e-15 0)
(400 -3.05219e-15 0)
(400 -2.10861e-14 0)
(400 -3.35587e-14 0)
(400 -3.80322e-14 0)
(400 -4.2921e-14 0)
(400 -5.81675e-14 0)
(400 -6.10642e-14 0)
(400 -5.48685e-14 0)
(400 -5.91619e-14 0)
(400 -5.48889e-14 0)
(400 -3.57035e-14 0)
(400 -2.23225e-14 0)
(400 5.73221e-16 0)
(400 -3.61251e-15 0)
(400 -1.78871e-14 0)
(400 -1.50482e-14 0)
(400 1.61053e-14 0)
(400 2.67798e-14 0)
(400 2.38373e-14 0)
(400 3.31958e-14 0)
(400 5.34831e-14 0)
(400 6.06922e-14 0)
(400 4.92381e-14 0)
(400 3.58139e-14 0)
(400 4.12126e-14 0)
(400 4.31616e-14 0)
(400 4.55034e-14 0)
(400 4.82175e-14 0)
(400 4.54508e-14 0)
(400 6.08465e-14 0)
(400 6.10184e-14 0)
(400 5.08676e-14 0)
(400 3.06976e-14 0)
(400 2.03717e-14 0)
(400 4.27857e-15 0)
(400 -8.29378e-15 0)
(400 -1.4573e-14 0)
(400 -3.48029e-15 0)
(400 1.20206e-14 0)
(400 1.66651e-14 0)
(400 -3.6804e-15 0)
(400 -9.95819e-15 0)
(400 -3.80732e-15 0)
(400 -2.17248e-15 0)
(400 6.23786e-15 0)
(400 1.28305e-14 0)
(400 1.86362e-14 0)
(400 2.72523e-14 0)
(400 2.73877e-14 0)
(400 3.8688e-14 0)
(400 3.68107e-14 0)
(400 2.53708e-14 0)
(400 2.82845e-14 0)
(400 2.10129e-14 0)
(400 8.02738e-15 0)
(400 -1.91074e-14 0)
(400 -3.12979e-14 0)
(400 -3.97849e-14 0)
(400 -4.16008e-14 0)
(400 -3.79237e-14 0)
(400 -4.08584e-14 0)
(400 -4.07924e-14 0)
(400 -4.02327e-14 0)
(400 -4.62913e-14 0)
(400 -2.49446e-14 0)
(400 -1.70387e-14 0)
(400 -4.70346e-15 0)
(400 9.57645e-15 0)
(400 -3.40515e-15 0)
(400 -2.20777e-15 0)
(400 4.84747e-15 0)
(400 -5.98988e-15 0)
(400 -1.63039e-14 0)
(400 -2.52019e-14 0)
(400 -4.85969e-15 0)
(400 1.61892e-14 0)
(400 2.3255e-14 0)
(400 2.89604e-14 0)
(400 2.3052e-14 0)
(400 2.41208e-14 0)
(400 1.76461e-14 0)
(400 2.09642e-14 0)
(400 4.35134e-14 0)
(400 3.81211e-14 0)
(400 4.14355e-14 0)
(400 5.463e-14 0)
(400 5.93313e-14 0)
(400 4.7624e-14 0)
(400 1.93036e-14 0)
(400 3.20309e-15 0)
(400 5.14029e-15 0)
(400 -1.6058e-15 0)
(400 -5.66979e-15 0)
(400 -2.05299e-14 0)
(400 -2.47438e-14 0)
(400 -1.35662e-14 0)
(400 7.69258e-15 0)
(400 2.46678e-14 0)
(400 3.14663e-14 0)
(400 -6.40621e-15 0)
(400 -1.49039e-15 0)
(400 3.05713e-14 0)
(400 4.15384e-14 0)
(400 4.79443e-14 0)
(400 4.64881e-14 0)
(400 4.79408e-14 0)
(400 4.02931e-14 0)
(400 2.59446e-14 0)
(400 1.82995e-14 0)
(400 6.54172e-15 0)
(400 -3.05812e-15 0)
(400 2.56591e-15 0)
(400 2.46454e-14 0)
(400 2.77173e-14 0)
(400 1.26099e-14 0)
(400 1.70022e-14 0)
(400 1.83492e-14 0)
(400 1.84865e-14 0)
(400 3.55462e-15 0)
(400 -8.58808e-15 0)
(400 -2.66936e-14 0)
(400 -4.21572e-14 0)
(400 -2.86908e-14 0)
(400 -3.6542e-14 0)
(400 -5.25841e-14 0)
(400 -7.49132e-14 0)
(400 -9.04145e-14 0)
(400 -6.9217e-14 0)
(400 -4.17648e-14 0)
(400 -1.71039e-14 0)
(400 -3.3682e-15 0)
(400 1.18762e-14 0)
(400 4.31346e-14 0)
(400 5.4196e-14 0)
(400 5.6119e-14 0)
(400 5.02043e-14 0)
(400 2.80106e-14 0)
(400 2.78614e-14 0)
(400 2.04225e-14 0)
(400 1.52134e-14 0)
(400 2.29932e-14 0)
(400 2.13094e-14 0)
(400 2.9997e-14 0)
(400 4.70678e-14 0)
(400 4.19668e-14 0)
(400 4.7113e-14 0)
(400 4.07225e-14 0)
(400 3.45291e-14 0)
(400 3.8933e-14 0)
(400 3.60497e-14 0)
(400 4.15804e-14 0)
(400 3.6393e-14 0)
(400 2.90612e-14 0)
(400 3.57258e-14 0)
(400 3.22309e-14 0)
(400 2.38151e-14 0)
(400 3.96853e-14 0)
(400 5.64675e-14 0)
(400 4.88688e-14 0)
(400 4.60842e-14 0)
(400 5.32916e-14 0)
(400 4.31964e-14 0)
(400 2.76266e-14 0)
(400 1.75453e-14 0)
(400 7.0836e-15 0)
(400 -3.26188e-15 0)
(400 -1.08117e-14 0)
(400 3.28629e-15 0)
(400 -7.0593e-15 0)
(400 -2.5146e-14 0)
(400 -1.29973e-14 0)
(400 -4.59541e-15 0)
(400 1.20492e-15 0)
(400 2.33912e-14 0)
(400 4.021e-14 0)
(400 4.20804e-14 0)
(400 4.5218e-14 0)
(400 3.84407e-14 0)
(400 3.3195e-14 0)
(400 3.17156e-14 0)
(400 8.56787e-15 0)
(400 -3.46617e-14 0)
(400 -5.25578e-14 0)
(400 -6.66983e-14 0)
(400 -8.14045e-14 0)
(400 -6.7534e-14 0)
(400 -7.08682e-14 0)
(400 -5.86366e-14 0)
(400 -6.43939e-14 0)
(400 -6.46669e-14 0)
(400 -7.31984e-14 0)
(400 -8.28947e-14 0)
(400 -6.87741e-14 0)
(400 -5.10768e-14 0)
(400 -4.95109e-14 0)
(400 -4.17693e-14 0)
(400 -3.85152e-14 0)
(400 -1.94904e-14 0)
(400 -4.7751e-15 0)
(400 2.14864e-15 0)
(400 4.17714e-15 0)
(400 5.41308e-16 0)
(400 -6.47213e-15 0)
(400 -2.71205e-14 0)
(400 -3.70598e-14 0)
(400 -3.97862e-14 0)
(400 -4.52952e-14 0)
(400 -3.80547e-14 0)
(400 -4.56486e-14 0)
(400 -5.19561e-14 0)
(400 -4.04164e-14 0)
(400 -1.68711e-14 0)
(400 -1.58403e-15 0)
(400 3.77195e-15 0)
(400 6.85528e-15 0)
(400 2.37005e-14 0)
(400 3.96416e-14 0)
(400 4.26532e-14 0)
(400 3.46908e-14 0)
(400 4.53052e-14 0)
(400 6.2191e-14 0)
(400 7.54781e-14 0)
(400 7.59264e-14 0)
(400 7.22271e-14 0)
(400 6.84745e-14 0)
(400 7.63919e-14 0)
(400 7.40093e-14 0)
(400 9.62064e-14 0)
(400 9.36555e-14 0)
(400 9.17225e-14 0)
(400 1.02967e-13 0)
(400 9.72025e-14 0)
(400 9.10545e-14 0)
(400 5.75829e-14 0)
(400 4.24671e-14 0)
(400 2.1051e-14 0)
(400 1.98018e-14 0)
(400 8.29244e-15 0)
(400 -6.98132e-15 0)
(400 -2.06744e-14 0)
(400 -2.91776e-14 0)
(400 -3.63211e-14 0)
(400 -4.29579e-14 0)
(400 -5.82598e-14 0)
(400 -4.39771e-14 0)
(400 -1.93958e-14 0)
(400 -1.71161e-14 0)
(400 -8.67625e-15 0)
(400 2.2019e-15 0)
(400 1.08534e-14 0)
(400 1.76059e-14 0)
(400 3.16748e-14 0)
(400 3.49673e-14 0)
(400 1.64133e-14 0)
(400 1.48979e-14 0)
(400 5.90449e-15 0)
(400 -3.14091e-15 0)
(400 -1.5636e-14 0)
(400 -1.87777e-14 0)
(400 -3.61136e-14 0)
(400 -3.70359e-14 0)
(400 -3.69782e-14 0)
(400 -2.82256e-14 0)
(400 -2.62241e-14 0)
(400 -2.27083e-14 0)
(400 -1.15256e-14 0)
(400 1.17792e-14 0)
(400 1.04436e-14 0)
(400 2.32158e-15 0)
(400 -8.80373e-15 0)
(400 4.76672e-15 0)
(400 1.28091e-14 0)
(400 2.28973e-15 0)
(400 9.1655e-15 0)
(400 2.19537e-14 0)
(400 3.26303e-14 0)
(400 4.28685e-14 0)
(400 3.93385e-14 0)
(400 2.65892e-14 0)
(400 1.48161e-15 0)
(400 1.69118e-15 0)
(400 1.77094e-14 0)
(400 3.40782e-14 0)
(400 4.72766e-14 0)
(400 4.49669e-14 0)
(400 6.68928e-14 0)
(400 7.01968e-14 0)
(400 5.38431e-14 0)
(400 4.57332e-14 0)
(400 3.69066e-14 0)
(400 2.7126e-14 0)
(400 2.77718e-14 0)
(400 2.07772e-14 0)
(400 -4.31018e-15 0)
(400 -2.40941e-14 0)
(400 -2.88923e-14 0)
(400 -4.30309e-15 0)
(400 8.93158e-15 0)
(400 1.88738e-14 0)
(400 -8.47699e-15 0)
(400 7.70268e-15 0)
(400 4.97526e-14 0)
(400 4.2757e-14 0)
(400 3.84458e-14 0)
(400 4.75369e-14 0)
(400 4.23022e-14 0)
(400 2.75668e-14 0)
(400 3.09647e-14 0)
(400 3.62032e-14 0)
(400 2.28209e-14 0)
(400 1.911e-14 0)
(400 2.067e-14 0)
(400 2.11975e-14 0)
(400 8.49662e-15 0)
(400 -9.71448e-15 0)
(400 -1.81588e-14 0)
(400 -2.47787e-14 0)
(400 -2.80102e-14 0)
(400 -3.63587e-14 0)
(400 -4.3086e-14 0)
(400 -4.67219e-14 0)
(400 -4.3825e-14 0)
(400 -3.58322e-14 0)
(400 -2.44603e-14 0)
(400 -3.31261e-14 0)
(400 -3.20832e-14 0)
(400 -3.20801e-14 0)
(400 -3.86171e-14 0)
(400 -3.14098e-14 0)
(400 -1.06222e-14 0)
(400 -3.94207e-15 0)
(400 1.10981e-14 0)
(400 3.10999e-14 0)
(400 3.07315e-14 0)
(400 3.28214e-14 0)
(400 3.70419e-14 0)
(400 4.77992e-14 0)
(400 4.91818e-14 0)
(400 3.86147e-14 0)
(400 2.35437e-14 0)
(400 3.29126e-14 0)
(400 2.84111e-14 0)
(400 3.47155e-14 0)
(400 5.29534e-14 0)
(400 5.58036e-14 0)
(400 6.15751e-14 0)
(400 5.61719e-14 0)
(400 4.81866e-14 0)
(400 5.70254e-14 0)
(400 4.64112e-14 0)
(400 3.72094e-14 0)
(400 3.7739e-14 0)
(400 3.17619e-14 0)
(400 4.46585e-14 0)
(400 3.48352e-14 0)
(400 6.46158e-15 0)
(400 7.4892e-15 0)
(400 1.97269e-14 0)
(400 1.9118e-14 0)
(400 1.19099e-14 0)
(400 3.54656e-14 0)
(400 4.55677e-14 0)
(400 2.83281e-14 0)
(400 2.24754e-14 0)
(400 1.74804e-14 0)
(400 5.5433e-16 0)
(400 -1.88487e-14 0)
(400 -1.53754e-14 0)
(400 -8.09661e-15 0)
(400 -1.35318e-14 0)
(400 -1.2375e-14 0)
(400 -3.6391e-15 0)
(400 5.8858e-15 0)
(400 1.189e-14 0)
(400 1.77577e-14 0)
(400 3.51564e-14 0)
(400 4.40308e-14 0)
(400 3.25984e-14 0)
(400 3.29539e-14 0)
(400 5.68298e-15 0)
(400 -2.39971e-14 0)
(400 -4.41775e-14 0)
(400 -5.19942e-14 0)
(400 -6.20847e-14 0)
(400 -5.66037e-14 0)
(400 -4.67069e-14 0)
(400 -5.08804e-14 0)
(400 -4.4769e-14 0)
(400 -4.47764e-14 0)
(400 -6.49282e-14 0)
(400 -7.11597e-14 0)
(400 -7.29126e-14 0)
(400 -6.23548e-14 0)
(400 -4.80977e-14 0)
(400 -3.8266e-14 0)
(400 -4.15298e-14 0)
(400 -4.79925e-14 0)
(400 -1.9788e-14 0)
(400 -1.14662e-14 0)
(400 -2.06489e-14 0)
(400 -1.37286e-14 0)
(400 -1.2402e-14 0)
(400 -7.77702e-15 0)
(400 -6.00466e-15 0)
(400 2.17825e-15 0)
(400 3.41296e-15 0)
(400 -1.37542e-14 0)
(400 -1.37469e-14 0)
(400 -1.53602e-14 0)
(400 -4.55911e-15 0)
(400 -1.50182e-14 0)
(400 -2.85328e-14 0)
(400 -1.24372e-14 0)
(400 5.95798e-15 0)
(400 2.66734e-14 0)
(400 4.51532e-14 0)
(400 3.58338e-14 0)
(400 3.56323e-14 0)
(400 4.59401e-14 0)
(400 5.03734e-14 0)
(400 4.33991e-14 0)
(400 3.04246e-14 0)
(400 3.61272e-14 0)
(400 6.22614e-14 0)
(400 6.56266e-14 0)
(400 6.65428e-14 0)
(400 8.44445e-14 0)
(400 1.13181e-13 0)
(400 1.23564e-13 0)
(400 1.15306e-13 0)
(400 1.14651e-13 0)
(400 1.09094e-13 0)
(400 9.91007e-14 0)
(400 7.84927e-14 0)
(400 6.63102e-14 0)
(400 5.34916e-14 0)
(400 4.57572e-14 0)
(400 4.95544e-14 0)
(400 3.71706e-14 0)
(400 1.94035e-14 0)
(400 2.33264e-14 0)
(400 1.88995e-14 0)
(400 -3.75768e-16 0)
(400 -1.36412e-14 0)
(400 3.01663e-16 0)
(400 1.98858e-14 0)
(400 2.78337e-14 0)
(400 3.81336e-14 0)
(400 3.22863e-14 0)
(400 2.81069e-14 0)
(400 3.79857e-14 0)
(400 4.1111e-14 0)
(400 3.02306e-14 0)
(400 2.41161e-14 0)
(400 2.80225e-14 0)
(400 3.55885e-14 0)
(400 2.37981e-14 0)
(400 -3.04752e-15 0)
(400 -2.55741e-14 0)
(400 -4.55912e-14 0)
(400 -5.12854e-14 0)
(400 -5.42496e-14 0)
(400 -5.00121e-14 0)
(400 -3.46851e-14 0)
(400 -3.41917e-14 0)
(400 -2.54508e-14 0)
(400 -1.63631e-14 0)
(400 -1.78276e-14 0)
(400 -2.58071e-14 0)
(400 -2.0344e-14 0)
(400 -1.79054e-14 0)
(400 -2.13293e-14 0)
(400 -3.15561e-14 0)
(400 -3.01352e-14 0)
(400 -1.78944e-14 0)
(400 -1.90706e-14 0)
(400 -2.14002e-14 0)
(400 -1.85122e-14 0)
(400 -1.50723e-14 0)
(400 -2.26141e-14 0)
(400 -2.01803e-14 0)
(400 -1.26815e-14 0)
(400 3.28059e-15 0)
(400 1.21443e-14 0)
(400 9.98781e-15 0)
(400 7.8937e-15 0)
(400 -7.32919e-15 0)
(400 -9.58714e-15 0)
(400 -4.10164e-15 0)
(400 -8.7386e-15 0)
(400 -1.34524e-14 0)
(400 9.69724e-17 0)
(400 1.10683e-14 0)
(400 1.75044e-14 0)
(400 -8.08776e-15 0)
(400 -2.88961e-14 0)
(400 -3.90567e-14 0)
(400 -3.80399e-14 0)
(400 -2.37513e-14 0)
(400 5.4181e-15 0)
(400 3.32201e-14 0)
(400 3.45338e-14 0)
(400 4.32193e-14 0)
(400 5.32421e-14 0)
(400 5.31998e-14 0)
(400 2.64687e-14 0)
(400 5.44845e-15 0)
(400 5.15856e-15 0)
(400 5.67987e-15 0)
(400 -7.04104e-16 0)
(400 5.06516e-15 0)
(400 -7.61526e-15 0)
(400 -1.89393e-14 0)
(400 -2.80285e-14 0)
(400 -5.91223e-14 0)
(400 -7.49423e-14 0)
(400 -7.16378e-14 0)
(400 -6.39735e-14 0)
(400 -4.37671e-14 0)
(400 -4.31664e-14 0)
(400 -4.01464e-14 0)
(400 -3.37129e-14 0)
(400 -3.39971e-14 0)
(400 -2.35575e-14 0)
(400 -2.17821e-14 0)
(400 -1.32257e-14 0)
(400 -1.98127e-14 0)
(400 -4.66909e-14 0)
(400 -5.67504e-14 0)
(400 -5.77794e-14 0)
(400 -7.08408e-14 0)
(400 -8.36077e-14 0)
(400 -9.13042e-14 0)
(400 -9.29296e-14 0)
(400 -7.52366e-14 0)
(400 -4.88411e-14 0)
(400 -3.03658e-14 0)
(400 -3.26983e-14 0)
(400 -4.27664e-14 0)
(400 -5.82852e-14 0)
(400 -5.98528e-14 0)
(400 -4.19868e-14 0)
(400 -1.51125e-14 0)
(400 5.00649e-15 0)
(400 1.78046e-14 0)
(400 1.43345e-14 0)
(400 2.41338e-14 0)
(400 4.15616e-14 0)
(400 4.40938e-14 0)
(400 3.33053e-14 0)
(400 9.87687e-15 0)
(400 3.04311e-15 0)
(400 8.47891e-15 0)
(400 -1.3596e-14 0)
(400 -3.06553e-14 0)
(400 -3.65815e-14 0)
(400 -4.01668e-14 0)
(400 -3.38514e-14 0)
(400 -3.86098e-14 0)
(400 -4.26926e-14 0)
(400 -4.37772e-14 0)
(400 -1.92053e-14 0)
(400 -6.22139e-15 0)
(400 -2.28e-16 0)
(400 4.34942e-15 0)
(400 -5.46841e-15 0)
(400 -1.77102e-14 0)
(400 -3.60469e-14 0)
(400 -3.68547e-14 0)
(400 -2.52773e-14 0)
(400 -3.89815e-14 0)
(400 -1.94815e-14 0)
(400 1.71248e-15 0)
(400 -8.66067e-15 0)
(400 -5.33283e-15 0)
(400 8.41332e-15 0)
(400 2.20358e-14 0)
(400 3.21136e-14 0)
(400 2.25234e-14 0)
(400 6.82349e-15 0)
(400 6.3899e-15 0)
(400 -2.57283e-15 0)
(400 -2.2314e-14 0)
(400 -2.25841e-14 0)
(400 5.36385e-15 0)
(400 2.29141e-15 0)
(400 -2.3613e-15 0)
(400 -2.29727e-14 0)
(400 -3.87018e-14 0)
(400 -3.56779e-14 0)
(400 -3.13117e-14 0)
(400 -4.75216e-14 0)
(400 -7.58691e-14 0)
(400 -8.37405e-14 0)
(400 -6.87163e-14 0)
(400 -6.45905e-14 0)
(400 -7.97243e-14 0)
(400 -1.00091e-13 0)
(400 -8.96373e-14 0)
(400 -7.55488e-14 0)
(400 -8.23446e-14 0)
(400 -7.89337e-14 0)
(400 -5.33456e-14 0)
(400 -9.16012e-15 0)
(400 1.92692e-14 0)
(400 2.4321e-14 0)
(400 1.19472e-14 0)
(400 -1.1457e-14 0)
(400 -1.66325e-14 0)
(400 1.02826e-14 0)
(400 1.59706e-14 0)
(400 4.74325e-15 0)
(400 -2.42073e-15 0)
(400 1.39516e-14 0)
(400 4.02513e-14 0)
(400 5.32143e-14 0)
(400 4.14982e-14 0)
(400 3.31391e-14 0)
(400 4.6954e-14 0)
(400 4.52987e-14 0)
(400 2.82073e-14 0)
(400 2.39732e-14 0)
(400 2.83239e-14 0)
(400 4.21623e-14 0)
(400 5.45569e-14 0)
(400 5.99961e-14 0)
(400 6.78013e-14 0)
(400 5.57937e-14 0)
(400 5.54709e-14 0)
(400 5.54573e-14 0)
(400 4.73949e-14 0)
(400 3.78434e-14 0)
(400 2.27666e-14 0)
(400 2.96372e-14 0)
(400 2.06827e-14 0)
(400 2.09592e-14 0)
(400 2.67817e-15 0)
(400 -5.9388e-15 0)
(400 -1.2399e-14 0)
(400 -1.86904e-14 0)
(400 -2.58968e-14 0)
(400 -4.5149e-14 0)
(400 -6.13789e-14 0)
(400 -4.50292e-14 0)
(400 -2.42699e-14 0)
(400 -1.8619e-14 0)
(400 -2.48354e-14 0)
(400 -3.00916e-14 0)
(400 -2.89545e-14 0)
(400 -3.87936e-14 0)
(400 -2.55934e-14 0)
(400 -2.27589e-14 0)
(400 -3.04917e-14 0)
(400 -9.23757e-15 0)
(400 -7.24738e-15 0)
(400 2.16118e-15 0)
(400 -6.4794e-15 0)
(400 -1.37604e-14 0)
(400 -2.31605e-14 0)
(400 -2.19979e-14 0)
(400 -3.51231e-14 0)
(400 -3.6541e-14 0)
(400 -3.68962e-14 0)
(400 -1.95153e-14 0)
(400 4.1388e-15 0)
(400 1.41069e-14 0)
(400 8.93336e-15 0)
(400 1.21021e-14 0)
(400 1.60537e-14 0)
(400 1.85918e-14 0)
(400 2.5107e-14 0)
(400 1.51231e-14 0)
(400 1.30946e-14 0)
(400 1.55088e-14 0)
(400 2.0361e-14 0)
(400 1.81607e-14 0)
(400 1.0728e-14 0)
(400 2.05365e-14 0)
(400 4.94954e-14 0)
(400 7.23838e-14 0)
(400 8.81163e-14 0)
(400 8.17639e-14 0)
(400 5.71066e-14 0)
(400 3.99715e-14 0)
(400 3.15916e-14 0)
(400 1.67384e-14 0)
(400 1.90897e-14 0)
(400 2.17068e-14 0)
(400 1.63523e-14 0)
(400 1.32852e-14 0)
(400 2.21585e-14 0)
(400 2.38367e-14 0)
(400 2.38947e-14 0)
(400 3.40061e-14 0)
(400 3.18037e-14 0)
(400 1.14675e-14 0)
(400 -1.83735e-14 0)
(400 -3.84551e-14 0)
(400 -4.31171e-14 0)
(400 5.15764e-16 0)
(400 1.18066e-14 0)
(400 3.33472e-16 0)
(400 8.75255e-15 0)
(400 1.61756e-14 0)
(400 2.65212e-14 0)
(400 2.64467e-14 0)
(400 1.21473e-14 0)
(400 5.45377e-15 0)
(400 4.73397e-15 0)
(400 7.73555e-15 0)
(400 -4.73598e-16 0)
(400 -5.42368e-15 0)
(400 -2.2505e-14 0)
(400 -3.21648e-14 0)
(400 -3.63877e-14 0)
(400 -3.37554e-14 0)
(400 -2.80629e-14 0)
(400 -3.16283e-14 0)
(400 -3.86821e-14 0)
(400 -2.38592e-14 0)
(400 -1.1226e-14 0)
(400 7.08354e-16 0)
(400 -1.77208e-14 0)
(400 -8.11254e-15 0)
(400 9.97381e-15 0)
(400 1.11158e-14 0)
(400 5.17901e-15 0)
(400 -1.02965e-14 0)
(400 -4.36198e-14 0)
(400 -6.27874e-14 0)
(400 -6.34372e-14 0)
(400 -6.667e-14 0)
(400 -7.55143e-14 0)
(400 -6.62768e-14 0)
(400 -6.70489e-14 0)
(400 -5.41693e-14 0)
(400 -6.06746e-14 0)
(400 -6.88731e-14 0)
(400 -6.83956e-14 0)
(400 -5.13045e-14 0)
(400 -6.91042e-14 0)
(400 -4.95881e-14 0)
(400 -8.12034e-15 0)
(400 1.30325e-14 0)
(400 2.84365e-14 0)
(400 2.27155e-14 0)
(400 2.37553e-14 0)
(400 4.25251e-14 0)
(400 4.02427e-14 0)
(400 1.84465e-14 0)
(400 -8.06956e-15 0)
(400 -6.81653e-15 0)
(400 -2.21085e-15 0)
(400 -1.80479e-14 0)
(400 -2.99663e-14 0)
(400 -3.29949e-14 0)
(400 -2.9916e-14 0)
(400 -2.10118e-14 0)
(400 -3.98198e-14 0)
(400 -4.72397e-14 0)
(400 -4.89782e-14 0)
(400 -2.7267e-14 0)
(400 -9.14349e-15 0)
(400 -2.24912e-14 0)
(400 -1.40308e-14 0)
(400 4.40644e-16 0)
(400 -7.45396e-15 0)
(400 -2.55423e-14 0)
(400 -4.94528e-14 0)
(400 -4.46738e-14 0)
(400 -2.85098e-14 0)
(400 -4.95065e-15 0)
(400 2.19867e-14 0)
(400 7.12169e-15 0)
(400 1.38751e-14 0)
(400 2.82597e-14 0)
(400 2.66045e-14 0)
(400 3.25974e-14 0)
(400 1.37053e-14 0)
(400 1.41106e-14 0)
(400 1.49703e-14 0)
(400 1.74064e-14 0)
(400 1.85134e-14 0)
(400 2.59242e-14 0)
(400 2.9752e-14 0)
(400 3.51237e-14 0)
(400 3.61194e-14 0)
(400 1.80843e-14 0)
(400 1.60847e-14 0)
(400 1.98365e-14 0)
(400 3.16641e-16 0)
(400 -2.2096e-14 0)
(400 -5.35244e-14 0)
(400 -6.86179e-14 0)
(400 -6.3297e-14 0)
(400 -5.5736e-14 0)
(400 -6.9589e-14 0)
(400 -1.08192e-13 0)
(400 -1.29469e-13 0)
(400 -1.18087e-13 0)
(400 -1.08882e-13 0)
(400 -9.93514e-14 0)
(400 -7.67819e-14 0)
(400 -4.02284e-14 0)
(400 -7.07985e-15 0)
(400 7.02222e-15 0)
(400 3.84547e-15 0)
(400 -2.70607e-14 0)
(400 -2.77333e-14 0)
(400 -9.89925e-15 0)
(400 2.55587e-15 0)
(400 -1.5373e-15 0)
(400 -1.92576e-14 0)
(400 -4.16882e-15 0)
(400 1.876e-14 0)
(400 3.05714e-14 0)
(400 2.73144e-14 0)
(400 2.80267e-14 0)
(400 3.90469e-14 0)
(400 4.98904e-14 0)
(400 6.00735e-14 0)
(400 5.50524e-14 0)
(400 6.00401e-14 0)
(400 6.00363e-14 0)
(400 6.86329e-14 0)
(400 7.95266e-14 0)
(400 8.51649e-14 0)
(400 5.97842e-14 0)
(400 3.17416e-14 0)
(400 2.13487e-14 0)
(400 1.74008e-14 0)
(400 7.5712e-15 0)
(400 8.34787e-16 0)
(400 1.65034e-15 0)
(400 6.05727e-15 0)
(400 1.60445e-14 0)
(400 7.92209e-15 0)
(400 -2.01324e-14 0)
(400 -3.10491e-14 0)
(400 -4.29168e-14 0)
(400 -4.48398e-14 0)
(400 -5.69544e-14 0)
(400 -6.46176e-14 0)
(400 -4.68836e-14 0)
(400 -4.68793e-14 0)
(400 -4.52757e-14 0)
(400 -4.64139e-14 0)
(400 -6.09894e-14 0)
(400 -5.16755e-14 0)
(400 -3.98021e-14 0)
(400 -3.30586e-14 0)
(400 -2.75467e-14 0)
(400 -1.57729e-14 0)
(400 6.09458e-15 0)
(400 1.76902e-15 0)
(400 -2.68395e-15 0)
(400 2.13316e-15 0)
(400 1.40452e-14 0)
(400 2.40913e-14 0)
(400 3.80931e-14 0)
(400 3.5743e-14 0)
(400 3.0385e-14 0)
(400 3.70964e-14 0)
(400 4.97499e-14 0)
(400 6.95568e-14 0)
(400 7.14775e-14 0)
(400 6.50434e-14 0)
(400 5.15766e-14 0)
(400 5.0013e-14 0)
(400 3.71026e-14 0)
(400 3.43756e-14 0)
(400 2.85905e-14 0)
(400 1.75142e-14 0)
(400 1.39972e-14 0)
(400 2.14005e-14 0)
(400 2.66116e-14 0)
(400 2.96685e-14 0)
(400 4.06692e-14 0)
(400 5.87901e-14 0)
(400 9.08821e-14 0)
(400 1.06945e-13 0)
(400 1.12067e-13 0)
(400 7.54153e-14 0)
(400 4.80547e-14 0)
(400 6.4866e-14 0)
(400 7.51861e-14 0)
(400 8.34807e-14 0)
(400 7.78504e-14 0)
(400 6.93014e-14 0)
(400 7.80975e-14 0)
(400 7.69042e-14 0)
(400 5.67164e-14 0)
(400 3.92133e-14 0)
(400 2.64981e-14 0)
(400 3.4364e-14 0)
(400 2.45707e-14 0)
(400 -8.59284e-16 0)
(400 -3.20727e-14 0)
(400 -5.99576e-14 0)
(400 -4.1095e-15 0)
(400 -1.28477e-14 0)
(400 -1.20017e-14 0)
(400 -3.76313e-15 0)
(400 -2.95985e-15 0)
(400 4.21199e-15 0)
(400 2.64859e-14 0)
(400 5.14234e-14 0)
(400 2.6728e-14 0)
(400 1.1176e-14 0)
(400 7.90216e-15 0)
(400 -5.59943e-15 0)
(400 -1.40027e-14 0)
(400 -3.08746e-14 0)
(400 -4.12756e-14 0)
(400 -4.57994e-14 0)
(400 -4.23271e-14 0)
(400 -4.05209e-14 0)
(400 -4.01201e-14 0)
(400 -4.87602e-14 0)
(400 -4.7016e-14 0)
(400 -3.5985e-14 0)
(400 -2.36812e-14 0)
(400 -2.87353e-14 0)
(400 -1.79033e-14 0)
(400 -4.53325e-15 0)
(400 -5.9466e-15 0)
(400 1.22805e-15 0)
(400 1.71392e-14 0)
(400 6.5786e-15 0)
(400 -1.61099e-14 0)
(400 -7.82297e-15 0)
(400 -1.18517e-14 0)
(400 -9.61846e-15 0)
(400 1.09522e-14 0)
(400 -1.04735e-15 0)
(400 -9.18301e-15 0)
(400 -1.04953e-14 0)
(400 -9.37022e-15 0)
(400 -2.98684e-15 0)
(400 -8.34647e-15 0)
(400 -2.94217e-14 0)
(400 -3.17518e-14 0)
(400 -2.73893e-14 0)
(400 -1.72172e-14 0)
(400 -1.51174e-14 0)
(400 -2.2218e-14 0)
(400 -2.53207e-14 0)
(400 -2.67937e-14 0)
(400 -3.14259e-14 0)
(400 -3.79225e-14 0)
(400 -3.93445e-14 0)
(400 -3.6714e-14 0)
(400 -2.64475e-14 0)
(400 -1.0095e-14 0)
(400 -1.15418e-14 0)
(400 -2.35742e-14 0)
(400 -3.02569e-14 0)
(400 -4.05358e-14 0)
(400 -2.65248e-14 0)
(400 -2.44065e-14 0)
(400 -2.90037e-14 0)
(400 -3.12821e-14 0)
(400 -3.53623e-14 0)
(400 -3.88546e-14 0)
(400 -3.00561e-14 0)
(400 -1.17686e-14 0)
(400 -2.17935e-14 0)
(400 -3.38261e-14 0)
(400 -3.96544e-14 0)
(400 -4.73371e-14 0)
(400 -3.95829e-14 0)
(400 -3.33196e-14 0)
(400 -3.37449e-14 0)
(400 -2.85677e-14 0)
(400 -2.65202e-14 0)
(400 -1.39453e-14 0)
(400 -2.00033e-14 0)
(400 -2.91595e-14 0)
(400 -1.97379e-14 0)
(400 -1.44187e-14 0)
(400 -1.0474e-14 0)
(400 1.94754e-15 0)
(400 2.1432e-14 0)
(400 1.4455e-14 0)
(400 -7.73201e-15 0)
(400 -6.73933e-15 0)
(400 -7.13689e-15 0)
(400 -1.42726e-15 0)
(400 1.15904e-14 0)
(400 -1.07555e-14 0)
(400 -4.32523e-14 0)
(400 -5.58572e-14 0)
(400 -5.61504e-14 0)
(400 -6.41006e-14 0)
(400 -8.03389e-14 0)
(400 -8.91104e-14 0)
(400 -8.81091e-14 0)
(400 -7.4633e-14 0)
(400 -8.36606e-14 0)
(400 -8.86515e-14 0)
(400 -6.78517e-14 0)
(400 -5.74101e-14 0)
(400 -3.91472e-14 0)
(400 -1.28532e-14 0)
(400 1.70402e-14 0)
(400 3.07826e-14 0)
(400 5.38093e-14 0)
(400 6.01574e-14 0)
(400 7.11481e-14 0)
(400 6.03909e-14 0)
(400 3.80519e-14 0)
(400 1.81992e-14 0)
(400 3.25264e-14 0)
(400 4.07791e-14 0)
(400 3.71266e-14 0)
(400 3.40659e-14 0)
(400 4.84747e-14 0)
(400 6.50224e-14 0)
(400 7.39355e-14 0)
(400 7.29316e-14 0)
(400 7.62634e-14 0)
(400 7.17364e-14 0)
(400 7.85456e-14 0)
(400 7.71814e-14 0)
(400 7.49185e-14 0)
(400 6.49997e-14 0)
(400 5.6879e-14 0)
(400 4.89639e-14 0)
(400 2.33031e-14 0)
(400 -5.65281e-15 0)
(400 -2.68822e-14 0)
(400 -2.98927e-14 0)
(400 -3.26864e-14 0)
(400 -4.19184e-14 0)
(400 -4.49515e-14 0)
(400 -4.80102e-14 0)
(400 -5.05267e-14 0)
(400 -6.03442e-14 0)
(400 -6.05636e-14 0)
(400 -6.66874e-14 0)
(400 -6.30904e-14 0)
(400 -5.22637e-14 0)
(400 -3.88644e-14 0)
(400 -4.86426e-14 0)
(400 -6.72261e-14 0)
(400 -8.06615e-14 0)
(400 -6.1858e-14 0)
(400 -4.25382e-14 0)
(400 -3.85982e-14 0)
(400 -2.01266e-14 0)
(400 -1.33703e-14 0)
(400 -7.20289e-15 0)
(400 1.4044e-14 0)
(400 2.58367e-14 0)
(400 3.64815e-14 0)
(400 3.38371e-14 0)
(400 3.51671e-14 0)
(400 3.17689e-14 0)
(400 3.31123e-14 0)
(400 5.20365e-14 0)
(400 5.57708e-14 0)
(400 4.7977e-14 0)
(400 4.96301e-14 0)
(400 5.43795e-14 0)
(400 6.23111e-14 0)
(400 5.52681e-14 0)
(400 3.25702e-14 0)
(400 1.16538e-14 0)
(400 -8.94115e-15 0)
(400 -2.89479e-14 0)
(400 -4.74491e-14 0)
(400 -3.11864e-14 0)
(400 -2.45196e-14 0)
(400 -3.89463e-14 0)
(400 -2.7451e-14 0)
(400 -9.43798e-15 0)
(400 6.55225e-15 0)
(400 2.23634e-14 0)
(400 2.93677e-14 0)
(400 4.21842e-14 0)
(400 4.32956e-14 0)
(400 3.74367e-14 0)
(400 4.00527e-14 0)
(400 2.20679e-14 0)
(400 2.32969e-14 0)
(400 3.76774e-14 0)
(400 2.43537e-14 0)
(400 2.80769e-14 0)
(400 4.63936e-14 0)
(400 5.20131e-14 0)
(400 4.07266e-14 0)
(400 2.83253e-14 0)
(400 1.53965e-14 0)
(400 1.36477e-15 0)
(400 8.71437e-15 0)
(400 1.43329e-14 0)
(400 5.55749e-15 0)
(400 -5.41308e-15 0)
(400 -2.00405e-14 0)
(400 1.50555e-14 0)
(400 1.02541e-14 0)
(400 -1.41155e-14 0)
(400 -3.63152e-15 0)
(400 -1.16454e-15 0)
(400 -1.06813e-14 0)
(400 -9.28773e-15 0)
(400 -2.97008e-15 0)
(400 -2.16811e-14 0)
(400 -2.90013e-14 0)
(400 -2.24847e-14 0)
(400 -3.53925e-14 0)
(400 -5.57351e-14 0)
(400 -6.73657e-14 0)
(400 -6.79927e-14 0)
(400 -6.14412e-14 0)
(400 -6.78383e-14 0)
(400 -6.23555e-14 0)
(400 -4.79877e-14 0)
(400 -3.14725e-14 0)
(400 -4.65898e-14 0)
(400 -5.60221e-14 0)
(400 -6.56328e-14 0)
(400 -4.13752e-14 0)
(400 -2.19073e-14 0)
(400 -1.60706e-14 0)
(400 -1.99641e-14 0)
(400 -2.96168e-14 0)
(400 -2.90022e-14 0)
(400 -1.29446e-14 0)
(400 -2.31413e-14 0)
(400 -3.39732e-14 0)
(400 -4.49952e-14 0)
(400 -2.97781e-14 0)
(400 -2.86715e-14 0)
(400 -2.68728e-14 0)
(400 -2.55387e-14 0)
(400 -1.32517e-14 0)
(400 1.453e-15 0)
(400 2.51018e-15 0)
(400 -2.34975e-14 0)
(400 -1.6222e-14 0)
(400 -2.57317e-14 0)
(400 -3.55122e-14 0)
(400 -3.12028e-14 0)
(400 -3.9714e-14 0)
(400 -5.21003e-14 0)
(400 -6.94698e-14 0)
(400 -8.5086e-14 0)
(400 -8.58285e-14 0)
(400 -7.05763e-14 0)
(400 -5.42875e-14 0)
(400 -5.38115e-14 0)
(400 -5.38706e-14 0)
(400 -4.40401e-14 0)
(400 -3.78987e-14 0)
(400 -4.04025e-14 0)
(400 -4.31142e-14 0)
(400 -3.77358e-14 0)
(400 -7.62624e-15 0)
(400 1.34283e-14 0)
(400 8.19789e-15 0)
(400 -1.51879e-14 0)
(400 -3.6827e-14 0)
(400 -3.42545e-14 0)
(400 -3.894e-14 0)
(400 -4.66473e-14 0)
(400 -4.60179e-14 0)
(400 -5.87326e-14 0)
(400 -6.38554e-14 0)
(400 -6.67206e-14 0)
(400 -8.23585e-14 0)
(400 -1.00772e-13 0)
(400 -1.12819e-13 0)
(400 -8.63514e-14 0)
(400 -7.64576e-14 0)
(400 -6.80772e-14 0)
(400 -6.12149e-14 0)
(400 -5.5564e-14 0)
(400 -2.26592e-14 0)
(400 4.6947e-15 0)
(400 2.19674e-14 0)
(400 3.73492e-14 0)
(400 5.53949e-14 0)
(400 6.21546e-14 0)
(400 4.78112e-14 0)
(400 3.77598e-14 0)
(400 3.39592e-14 0)
(400 4.898e-14 0)
(400 4.84982e-14 0)
(400 2.4352e-14 0)
(400 1.72802e-14 0)
(400 4.00978e-15 0)
(400 6.18845e-16 0)
(400 -3.77253e-15 0)
(400 -2.07238e-14 0)
(400 -4.21808e-14 0)
(400 -4.06342e-14 0)
(400 -3.45225e-14 0)
(400 -2.25334e-14 0)
(400 -2.85131e-14 0)
(400 -3.89786e-14 0)
(400 -5.02677e-14 0)
(400 -5.57684e-14 0)
(400 -5.57703e-14 0)
(400 -5.40726e-14 0)
(400 -5.43489e-14 0)
(400 -2.82937e-14 0)
(400 -3.54269e-15 0)
(400 -4.15882e-16 0)
(400 -2.27875e-14 0)
(400 -3.65071e-14 0)
(400 -2.00632e-14 0)
(400 1.23487e-14 0)
(400 7.71705e-15 0)
(400 -8.6986e-15 0)
(400 -4.96934e-15 0)
(400 2.93414e-14 0)
(400 5.53085e-14 0)
(400 5.35836e-14 0)
(400 4.43978e-14 0)
(400 5.44805e-14 0)
(400 7.03161e-14 0)
(400 7.04729e-14 0)
(400 7.23361e-14 0)
(400 7.23124e-14 0)
(400 6.70344e-14 0)
(400 4.93081e-14 0)
(400 3.97266e-14 0)
(400 4.09167e-14 0)
(400 2.35447e-14 0)
(400 1.26045e-14 0)
(400 1.62256e-14 0)
(400 3.54075e-15 0)
(400 1.26998e-15 0)
(400 3.66536e-16 0)
(400 -3.09742e-15 0)
(400 -7.54615e-15 0)
(400 -2.66196e-14 0)
(400 -2.50963e-14 0)
(400 -1.75288e-14 0)
(400 -1.89528e-14 0)
(400 -9.97938e-15 0)
(400 -4.85356e-15 0)
(400 -2.56036e-14 0)
(400 -5.06131e-14 0)
(400 -6.60162e-14 0)
(400 -7.20346e-14 0)
(400 -6.36261e-14 0)
(400 -7.09723e-14 0)
(400 -7.03577e-14 0)
(400 -6.65138e-14 0)
(400 -5.24846e-14 0)
(400 -5.68828e-14 0)
(400 -5.64643e-14 0)
(400 -5.09186e-14 0)
(400 -3.95953e-14 0)
(400 -3.39721e-14 0)
(400 -2.47132e-14 0)
(400 -4.90066e-15 0)
(400 3.60447e-15 0)
(400 1.4694e-14 0)
(400 2.98644e-14 0)
(400 3.56683e-14 0)
(400 3.99636e-14 0)
(400 4.50182e-14 0)
(400 4.61884e-14 0)
(400 5.43479e-14 0)
(400 5.66065e-14 0)
(400 4.19197e-14 0)
(400 3.68951e-14 0)
(400 1.7676e-14 0)
(400 1.67961e-14 0)
(400 2.13695e-14 0)
(400 1.62179e-14 0)
(400 1.8167e-14 0)
(400 3.74675e-14 0)
(400 5.32526e-14 0)
(400 6.16371e-14 0)
(400 6.47747e-14 0)
(400 4.4586e-14 0)
(400 3.5104e-14 0)
(400 2.93431e-14 0)
(400 2.97588e-14 0)
(400 1.9738e-14 0)
(400 -1.89423e-15 0)
(400 -5.00236e-15 0)
(400 -1.13516e-14 0)
(400 -2.27748e-15 0)
(400 1.05839e-14 0)
(400 2.42231e-14 0)
(400 2.6825e-14 0)
(400 2.78355e-14 0)
(400 1.7743e-14 0)
(400 9.17527e-15 0)
(400 1.89622e-14 0)
(400 2.93448e-14 0)
(400 2.98558e-14 0)
(400 3.07275e-14 0)
(400 2.94126e-14 0)
(400 2.91832e-14 0)
(400 4.1596e-14 0)
(400 2.68997e-14 0)
(400 1.42006e-14 0)
(400 1.74585e-14 0)
(400 1.0262e-14 0)
(400 9.44141e-16 0)
(400 -7.14649e-15 0)
(400 -1.06441e-14 0)
(400 -2.28407e-14 0)
(400 -4.52363e-14 0)
(400 -5.82809e-14 0)
(400 -7.91798e-14 0)
(400 -8.30672e-14 0)
(400 -6.28462e-14 0)
(400 -4.29911e-14 0)
(400 -4.87863e-14 0)
(400 -5.61929e-14 0)
(400 -5.28959e-14 0)
(400 -4.39109e-14 0)
(400 -3.14259e-14 0)
(400 -2.87105e-14 0)
(400 -2.68491e-14 0)
(400 -1.98471e-15 0)
(400 2.76581e-14 0)
(400 4.79175e-14 0)
(400 6.42184e-14 0)
(400 5.99877e-14 0)
(400 4.91154e-14 0)
(400 5.36347e-14 0)
(400 4.17851e-14 0)
(400 1.91099e-14 0)
(400 1.84981e-14 0)
(400 4.44508e-14 0)
(400 4.26349e-14 0)
(400 3.89426e-14 0)
(400 2.54006e-14 0)
(400 2.79676e-15 0)
(400 -2.25913e-14 0)
(400 -2.95672e-14 0)
(400 -3.51265e-14 0)
(400 -4.36417e-14 0)
(400 -5.20579e-14 0)
(400 -5.96722e-14 0)
(400 -5.96808e-14 0)
(400 -5.99018e-14 0)
(400 -7.14219e-14 0)
(400 -8.61381e-14 0)
(400 -1.0195e-13 0)
(400 -1.128e-13 0)
(400 -9.37629e-14 0)
(400 -6.25338e-14 0)
(400 -4.82305e-14 0)
(400 -5.19322e-14 0)
(400 -6.01736e-14 0)
(400 -5.849e-14 0)
(400 -6.03783e-14 0)
(400 -6.82807e-14 0)
(400 -6.48607e-14 0)
(400 -5.31224e-14 0)
(400 -3.80929e-14 0)
(400 -2.37959e-14 0)
(400 -2.11421e-14 0)
(400 -2.55211e-14 0)
(400 -2.63887e-14 0)
(400 -2.53746e-14 0)
(400 -3.1563e-14 0)
(400 -2.08688e-14 0)
(400 -2.42159e-14 0)
(400 -3.96015e-14 0)
(400 -4.24259e-14 0)
(400 -4.74014e-14 0)
(400 -6.08627e-14 0)
(400 -5.49541e-14 0)
(400 -3.71113e-14 0)
(400 -2.64109e-14 0)
(400 -3.44823e-14 0)
(400 -5.38253e-14 0)
(400 -5.54176e-14 0)
(400 -4.5024e-14 0)
(400 -4.04697e-14 0)
(400 -3.21958e-14 0)
(400 -2.39441e-14 0)
(400 -2.55294e-14 0)
(400 -1.50118e-14 0)
(400 -7.90215e-15 0)
(400 -2.33936e-14 0)
(400 -3.74228e-14 0)
(400 -3.53685e-14 0)
(400 -3.62594e-14 0)
(400 -2.72968e-14 0)
(400 -6.69764e-15 0)
(400 2.65145e-15 0)
(400 -1.75888e-14 0)
(400 -2.76492e-14 0)
(400 -3.42119e-14 0)
(400 -4.43703e-14 0)
(400 -3.66918e-14 0)
(400 -4.054e-14 0)
(400 -3.15544e-14 0)
(400 -3.25034e-14 0)
(400 -4.10825e-14 0)
(400 -4.05795e-14 0)
(400 -3.46276e-14 0)
(400 -2.547e-14 0)
(400 -1.76419e-14 0)
(400 1.30441e-14 0)
(400 5.29279e-14 0)
(400 7.55041e-14 0)
(400 7.30692e-14 0)
(400 6.33541e-14 0)
(400 7.65124e-14 0)
(400 1.02602e-13 0)
(400 1.06125e-13 0)
(400 9.42535e-14 0)
(400 7.37119e-14 0)
(400 5.41133e-14 0)
(400 5.40031e-14 0)
(400 5.50657e-14 0)
(400 4.82787e-14 0)
(400 3.66606e-14 0)
(400 2.72272e-14 0)
(400 2.17985e-14 0)
(400 1.23193e-14 0)
(400 9.61013e-15 0)
(400 4.02205e-15 0)
(400 2.79818e-15 0)
(400 3.99032e-17 0)
(400 -2.3566e-14 0)
(400 -3.39837e-14 0)
(400 -4.68664e-14 0)
(400 -4.96313e-14 0)
(400 -5.61046e-14 0)
(400 -5.95594e-14 0)
(400 -5.68187e-14 0)
(400 -5.16836e-14 0)
(400 -4.26701e-14 0)
(400 -4.26911e-14 0)
(400 -5.07193e-14 0)
(400 -5.10922e-14 0)
(400 -4.61866e-14 0)
(400 -3.43585e-14 0)
(400 -1.93949e-14 0)
(400 -1.81166e-14 0)
(400 -1.6312e-14 0)
(400 -2.47335e-14 0)
(400 -1.04768e-14 0)
(400 -2.56896e-14 0)
(400 -5.19046e-14 0)
(400 -5.87663e-14 0)
(400 -5.29579e-14 0)
(400 -4.73531e-14 0)
(400 -4.03709e-14 0)
(400 -4.4947e-14 0)
(400 -5.55972e-14 0)
(400 -6.51417e-14 0)
(400 -6.60437e-14 0)
(400 -4.96235e-14 0)
(400 -3.2062e-14 0)
(400 -1.27617e-14 0)
(400 -8.4763e-15 0)
(400 1.18207e-14 0)
(400 3.41655e-14 0)
(400 2.74212e-14 0)
(400 2.37393e-14 0)
(400 1.61648e-14 0)
(400 2.39771e-14 0)
(400 4.51153e-14 0)
(400 4.54243e-14 0)
(400 4.39708e-14 0)
(400 4.33878e-14 0)
(400 4.1742e-14 0)
(400 2.61226e-14 0)
(400 1.63807e-14 0)
(400 2.43999e-14 0)
(400 2.76426e-15 0)
(400 -2.00112e-15 0)
(400 1.17878e-16 0)
(400 1.57736e-16 0)
(400 -5.61988e-15 0)
(400 -2.36394e-15 0)
(400 5.67397e-15 0)
(400 1.77072e-14 0)
(400 1.60323e-14 0)
(400 2.14356e-14 0)
(400 1.79122e-14 0)
(400 1.08472e-14 0)
(400 4.40238e-15 0)
(400 -1.03061e-14 0)
(400 -3.83455e-14 0)
(400 -4.67222e-14 0)
(400 -2.75316e-14 0)
(400 -1.69611e-14 0)
(400 -7.55578e-15 0)
(400 -4.69144e-15 0)
(400 -5.66181e-15 0)
(400 3.90995e-15 0)
(400 1.3345e-14 0)
(400 2.57966e-14 0)
(400 4.22786e-14 0)
)
;

boundaryField
{
    cyclic1
    {
        type            cyclic;
    }
    cyclic2
    {
        type            cyclic;
    }
    frontAndBack
    {
        type            empty;
    }
    outlet
    {
        type            zeroGradient;
    }
    inlet
    {
        type            fixedValue;
        value           uniform (400 0 0);
    }
}


// ************************************************************************* //
