//(	x	y	NX	
(				
(	0.5	-0.088094963	0.173517	)
(	0.55	-0.096904459	0.173517	)
(	0.6	-0.105713956	0.173517	)
(	0.65	-0.114523452	0.173517	)
(	0.7	-0.123332948	0.173517	)
(	0.75	-0.132142444	0.173517	)
(	0.8	-0.140951941	0.173517	)
(	0.85	-0.149761437	0.173517	)
(	0.9	-0.158570933	0.173517	)
(	0.95	-0.16738043	0.173517	)
(	1	-0.176189926	0.173517	)
(	1.05	-0.184999422	0.173517	)
(	1.1	-0.193808919	0.173517	)
(	1.15	-0.202618415	0.173517	)
(	1.2	-0.211427911	0.173517	)
(	1.25	-0.220237407	0.173517	)
(	1.3	-0.229046904	0.173517	)
(	1.35	-0.2378564	0.173517	)
(	1.4	-0.246665896	0.173517	)
(	1.45	-0.255475393	0.173517	)
(	1.5	-0.264284889	0.173517	)
(	0.5	0.111905037	0.173517	)
(	0.55	0.103095541	0.173517	)
(	0.6	0.094286044	0.173517	)
(	0.65	0.085476548	0.173517	)
(	0.7	0.076667052	0.173517	)
(	0.75	0.067857556	0.173517	)
(	0.8	0.059048059	0.173517	)
(	0.85	0.050238563	0.173517	)
(	0.9	0.041429067	0.173517	)
(	0.95	0.03261957	0.173517	)
(	1	0.023810074	0.173517	)
(	1.05	0.015000578	0.173517	)
(	1.1	0.006191081	0.173517	)
(	1.15	-0.002618415	0.173517	)
(	1.2	-0.011427911	0.173517	)
(	1.25	-0.020237407	0.173517	)
(	1.3	-0.029046904	0.173517	)
(	1.35	-0.0378564	0.173517	)
(	1.4	-0.046665896	0.173517	)
(	1.45	-0.055475393	0.173517	)
(	1.5	-0.064284889	0.173517	)
(	0.5	0.311905037	0.173517	)
(	0.55	0.303095541	0.173517	)
(	0.6	0.294286044	0.173517	)
(	0.65	0.285476548	0.173517	)
(	0.7	0.276667052	0.173517	)
(	0.75	0.267857556	0.173517	)
(	0.8	0.259048059	0.173517	)
(	0.85	0.250238563	0.173517	)
(	0.9	0.241429067	0.173517	)
(	0.95	0.23261957	0.173517	)
(	1	0.223810074	0.173517	)
(	1.05	0.215000578	0.173517	)
(	1.1	0.206191081	0.173517	)
(	1.15	0.197381585	0.173517	)
(	1.2	0.188572089	0.173517	)
(	1.25	0.179762593	0.173517	)
(	1.3	0.170953096	0.173517	)
(	1.35	0.1621436	0.173517	)
(	1.4	0.153334104	0.173517	)
(	1.45	0.144524607	0.173517	)
(	1.5	0.135715111	0.173517	)
(	0.5	0.511905037	0.173517	)
(	0.55	0.503095541	0.173517	)
(	0.6	0.494286044	0.173517	)
(	0.65	0.485476548	0.173517	)
(	0.7	0.476667052	0.173517	)
(	0.75	0.467857556	0.173517	)
(	0.8	0.459048059	0.173517	)
(	0.85	0.450238563	0.173517	)
(	0.9	0.441429067	0.173517	)
(	0.95	0.43261957	0.173517	)
(	1	0.423810074	0.173517	)
(	1.05	0.415000578	0.173517	)
(	1.1	0.406191081	0.173517	)
(	1.15	0.397381585	0.173517	)
(	1.2	0.388572089	0.173517	)
(	1.25	0.379762593	0.173517	)
(	1.3	0.370953096	0.173517	)
(	1.35	0.3621436	0.173517	)
(	1.4	0.353334104	0.173517	)
(	1.45	0.344524607	0.173517	)
(	1.5	0.335715111	0.173517	)
(	0.5	0.711905037	0.173517	)
(	0.55	0.703095541	0.173517	)
(	0.6	0.694286044	0.173517	)
(	0.65	0.685476548	0.173517	)
(	0.7	0.676667052	0.173517	)
(	0.75	0.667857556	0.173517	)
(	0.8	0.659048059	0.173517	)
(	0.85	0.650238563	0.173517	)
(	0.9	0.641429067	0.173517	)
(	0.95	0.63261957	0.173517	)
(	1	0.623810074	0.173517	)
(	1.05	0.615000578	0.173517	)
(	1.1	0.606191081	0.173517	)
(	1.15	0.597381585	0.173517	)
(	1.2	0.588572089	0.173517	)
(	1.25	0.579762593	0.173517	)
(	1.3	0.570953096	0.173517	)
(	1.35	0.5621436	0.173517	)
(	1.4	0.553334104	0.173517	)
(	1.45	0.544524607	0.173517	)
(	1.5	0.535715111	0.173517	)
(	0.5	0.911905037	0.173517	)
(	0.55	0.903095541	0.173517	)
(	0.6	0.894286044	0.173517	)
(	0.65	0.885476548	0.173517	)
(	0.7	0.876667052	0.173517	)
(	0.75	0.867857556	0.173517	)
(	0.8	0.859048059	0.173517	)
(	0.85	0.850238563	0.173517	)
(	0.9	0.841429067	0.173517	)
(	0.95	0.83261957	0.173517	)
(	1	0.823810074	0.173517	)
(	1.05	0.815000578	0.173517	)
(	1.1	0.806191081	0.173517	)
(	1.15	0.797381585	0.173517	)
(	1.2	0.788572089	0.173517	)
(	1.25	0.779762593	0.173517	)
(	1.3	0.770953096	0.173517	)
(	1.35	0.7621436	0.173517	)
(	1.4	0.753334104	0.173517	)
(	1.45	0.744524607	0.173517	)
(	1.5	0.735715111	0.173517	)
(	0.5	1.111905037	0.173517	)
(	0.55	1.103095541	0.173517	)
(	0.6	1.094286044	0.173517	)
(	0.65	1.085476548	0.173517	)
(	0.7	1.076667052	0.173517	)
(	0.75	1.067857556	0.173517	)
(	0.8	1.059048059	0.173517	)
(	0.85	1.050238563	0.173517	)
(	0.9	1.041429067	0.173517	)
(	0.95	1.03261957	0.173517	)
(	1	1.023810074	0.173517	)
(	1.05	1.015000578	0.173517	)
(	1.1	1.006191081	0.173517	)
(	1.15	0.997381585	0.173517	)
(	1.2	0.988572089	0.173517	)
(	1.25	0.979762593	0.173517	)
(	1.3	0.970953096	0.173517	)
(	1.35	0.9621436	0.173517	)
(	1.4	0.953334104	0.173517	)
(	1.45	0.944524607	0.173517	)
(	1.5	0.935715111	0.173517	)
)				
