TITLE = "Visualization of the volumetric solution"
VARIABLES = "x","y","Density","Momentum_x","Momentum_y","Energy","Pressure","Temperature","Mach","C<sub>p</sub>","Roe_Dissipation"
ZONE NODES= 443, ELEMENTS= 798, DATAPACKING=POINT, ZONETYPE=FEQUADRILATERAL
0.000000e+00	-1.256632e-01	1.225083e+00	4.167944e+01	1.794253e-01	2.540203e+05	1.013245e+05	2.881240e+02	9.998200e-02	-6.673595e-04	0.000000e+00	
3.857078e-02	-1.292568e-01	1.225046e+00	4.167720e+01	1.209102e+00	2.540128e+05	1.013213e+05	2.881235e+02	1.000209e-01	-5.209982e-03	0.000000e+00	
1.998144e-02	-9.649155e-02	1.225117e+00	4.167949e+01	7.293041e-01	2.540274e+05	1.013273e+05	2.881238e+02	9.999374e-02	3.220624e-03	0.000000e+00	
0.000000e+00	-9.424740e-02	1.225109e+00	4.166839e+01	9.544069e-02	2.540256e+05	1.013268e+05	2.881243e+02	9.995266e-02	2.518913e-03	0.000000e+00	
5.218008e-02	-9.898558e-02	1.225092e+00	4.167618e+01	1.500233e+00	2.540224e+05	1.013250e+05	2.881233e+02	1.000374e-01	4.114321e-05	0.000000e+00	
7.177869e-02	-1.309409e-01	1.225075e+00	4.167072e+01	1.877636e+00	2.540190e+05	1.013235e+05	2.881230e+02	1.000624e-01	-2.056265e-03	0.000000e+00	
0.000000e+00	-6.283160e-02	1.225080e+00	4.166828e+01	1.266473e-01	2.540196e+05	1.013244e+05	2.881243e+02	9.995494e-02	-8.458125e-04	0.000000e+00	
3.376148e-02	-6.885386e-02	1.225081e+00	4.167252e+01	1.095669e+00	2.540200e+05	1.013243e+05	2.881238e+02	9.999919e-02	-9.677008e-04	0.000000e+00	
6.552252e-02	-6.960235e-02	1.225075e+00	4.167439e+01	1.765830e+00	2.540190e+05	1.013236e+05	2.881231e+02	1.000595e-01	-2.044259e-03	0.000000e+00	
8.374101e-02	-9.949952e-02	1.225083e+00	4.167395e+01	2.074767e+00	2.540207e+05	1.013240e+05	2.881227e+02	1.000920e-01	-1.350787e-03	0.000000e+00	
1.027562e-01	-1.312782e-01	1.225062e+00	4.167084e+01	2.345315e+00	2.540165e+05	1.013222e+05	2.881224e+02	1.001207e-01	-3.943913e-03	0.000000e+00	
2.189685e-02	-4.415489e-02	1.225099e+00	4.166610e+01	7.734619e-01	2.540235e+05	1.013259e+05	2.881242e+02	9.996499e-02	1.246306e-03	0.000000e+00	
4.827111e-02	-4.185308e-02	1.225105e+00	4.167241e+01	1.420244e+00	2.540250e+05	1.013262e+05	2.881235e+02	1.000205e-01	1.676451e-03	0.000000e+00	
0.000000e+00	-3.141580e-02	1.225111e+00	4.166760e+01	1.241988e-01	2.540260e+05	1.013269e+05	2.881243e+02	9.995078e-02	2.744647e-03	0.000000e+00	
9.629256e-02	-6.912468e-02	1.225075e+00	4.167303e+01	2.260295e+00	2.540191e+05	1.013233e+05	2.881224e+02	1.001136e-01	-2.393604e-03	0.000000e+00	
7.889976e-02	-4.088129e-02	1.225080e+00	4.167507e+01	1.998081e+00	2.540202e+05	1.013239e+05	2.881228e+02	1.000858e-01	-1.565610e-03	0.000000e+00	
1.142420e-01	-9.895908e-02	1.225074e+00	4.167227e+01	2.485291e+00	2.540191e+05	1.013231e+05	2.881221e+02	1.001425e-01	-2.635186e-03	0.000000e+00	
1.330143e-01	-1.308553e-01	1.225061e+00	4.166819e+01	2.682562e+00	2.540164e+05	1.013219e+05	2.881219e+02	1.001632e-01	-4.324471e-03	0.000000e+00	
2.760493e-02	-1.477905e-02	1.225088e+00	4.166946e+01	9.233865e-01	2.540214e+05	1.013250e+05	2.881240e+02	9.998126e-02	-6.261993e-05	0.000000e+00	
6.122231e-02	-1.344035e-02	1.225080e+00	4.166976e+01	1.683836e+00	2.540198e+05	1.013240e+05	2.881233e+02	1.000398e-01	-1.413641e-03	0.000000e+00	
0.000000e+00	0.000000e+00	1.225088e+00	4.167263e+01	1.196316e-01	2.540213e+05	1.013250e+05	2.881242e+02	9.996469e-02	3.241720e-05	0.000000e+00	
1.263409e-01	-6.794034e-02	1.225069e+00	4.167351e+01	2.619221e+00	2.540180e+05	1.013226e+05	2.881218e+02	1.001657e-01	-3.418802e-03	0.000000e+00	
1.091621e-01	-3.979749e-02	1.225076e+00	4.167400e+01	2.427607e+00	2.540195e+05	1.013233e+05	2.881222e+02	1.001384e-01	-2.358940e-03	0.000000e+00	
9.210198e-02	-1.234093e-02	1.225076e+00	4.167070e+01	2.200673e+00	2.540192e+05	1.013234e+05	2.881226e+02	1.001002e-01	-2.220881e-03	0.000000e+00	
1.439919e-01	-9.740046e-02	1.225067e+00	4.167028e+01	2.782376e+00	2.540179e+05	1.013224e+05	2.881216e+02	1.001834e-01	-3.661595e-03	0.000000e+00	
1.624646e-01	-1.290418e-01	1.225059e+00	4.166699e+01	2.923570e+00	2.540163e+05	1.013217e+05	2.881215e+02	1.001993e-01	-4.676854e-03	0.000000e+00	
4.457717e-02	1.395508e-02	1.225086e+00	4.166728e+01	1.338320e+00	2.540210e+05	1.013247e+05	2.881237e+02	1.000033e-01	-4.640951e-04	0.000000e+00	
1.950001e-02	1.419819e-02	1.225094e+00	4.167106e+01	7.117334e-01	2.540227e+05	1.013255e+05	2.881241e+02	9.997459e-02	7.054544e-04	0.000000e+00	
7.496033e-02	1.507926e-02	1.225088e+00	4.166675e+01	1.932214e+00	2.540216e+05	1.013246e+05	2.881231e+02	1.000578e-01	-5.542599e-04	0.000000e+00	
0.000000e+00	3.141580e-02	1.225094e+00	4.167259e+01	1.129291e-01	2.540226e+05	1.013255e+05	2.881242e+02	9.996407e-02	7.312070e-04	0.000000e+00	
1.558504e-01	-6.594208e-02	1.225063e+00	4.167112e+01	2.880773e+00	2.540170e+05	1.013220e+05	2.881214e+02	1.002018e-01	-4.268544e-03	0.000000e+00	
1.390326e-01	-3.841881e-02	1.225066e+00	4.167281e+01	2.742015e+00	2.540176e+05	1.013223e+05	2.881216e+02	1.001831e-01	-3.785422e-03	0.000000e+00	
1.223274e-01	-1.128130e-02	1.225068e+00	4.167090e+01	2.577856e+00	2.540179e+05	1.013226e+05	2.881220e+02	1.001533e-01	-3.406823e-03	0.000000e+00	
1.055929e-01	1.590455e-02	1.225073e+00	4.166931e+01	2.381802e+00	2.540189e+05	1.013232e+05	2.881224e+02	1.001210e-01	-2.594639e-03	0.000000e+00	
1.727641e-01	-9.394706e-02	1.225061e+00	4.166732e+01	2.997255e+00	2.540167e+05	1.013218e+05	2.881213e+02	1.002125e-01	-4.536708e-03	0.000000e+00	
1.889469e-01	-1.216214e-01	1.225061e+00	4.166616e+01	3.097896e+00	2.540168e+05	1.013217e+05	2.881211e+02	1.002274e-01	-4.610869e-03	0.000000e+00	
5.667844e-02	4.269542e-02	1.225076e+00	4.166894e+01	1.588598e+00	2.540190e+05	1.013237e+05	2.881234e+02	1.000292e-01	-1.778176e-03	0.000000e+00	
2.545151e-02	4.047868e-02	1.225083e+00	4.166806e+01	8.741973e-01	2.540202e+05	1.013245e+05	2.881240e+02	9.997579e-02	-6.868552e-04	0.000000e+00	
8.826033e-02	4.368744e-02	1.225075e+00	4.166917e+01	2.142886e+00	2.540190e+05	1.013234e+05	2.881227e+02	1.000894e-01	-2.252883e-03	0.000000e+00	
2.053097e-01	-1.369993e-01	1.225058e+00	4.166830e+01	3.182090e+00	2.540162e+05	1.013214e+05	2.881209e+02	1.002480e-01	-5.112596e-03	0.000000e+00	
0.000000e+00	6.283160e-02	1.225094e+00	4.166233e+01	1.420051e-01	2.540223e+05	1.013256e+05	2.881245e+02	9.993968e-02	7.986468e-04	0.000000e+00	
1.849622e-01	-6.312941e-02	1.225061e+00	4.167095e+01	3.074012e+00	2.540168e+05	1.013217e+05	2.881210e+02	1.002346e-01	-4.687490e-03	0.000000e+00	
1.686688e-01	-3.664249e-02	1.225064e+00	4.167325e+01	2.973994e+00	2.540174e+05	1.013220e+05	2.881212e+02	1.002225e-01	-4.213601e-03	0.000000e+00	
1.523597e-01	-1.011267e-02	1.225067e+00	4.167246e+01	2.855529e+00	2.540180e+05	1.013223e+05	2.881214e+02	1.002005e-01	-3.744910e-03	0.000000e+00	
1.359503e-01	1.670002e-02	1.225070e+00	4.167121e+01	2.714147e+00	2.540184e+05	1.013227e+05	2.881217e+02	1.001746e-01	-3.308866e-03	0.000000e+00	
1.195422e-01	4.390032e-02	1.225073e+00	4.166961e+01	2.545136e+00	2.540189e+05	1.013230e+05	2.881221e+02	1.001449e-01	-2.800774e-03	0.000000e+00	
2.007179e-01	-8.871284e-02	1.225060e+00	4.166890e+01	3.158738e+00	2.540165e+05	1.013215e+05	2.881209e+02	1.002450e-01	-4.921106e-03	0.000000e+00	
2.166530e-01	-1.134865e-01	1.225057e+00	4.166854e+01	3.230016e+00	2.540160e+05	1.013212e+05	2.881208e+02	1.002575e-01	-5.311932e-03	0.000000e+00	
6.993648e-02	7.268618e-02	1.225088e+00	4.167303e+01	1.846048e+00	2.540217e+05	1.013246e+05	2.881230e+02	1.000635e-01	-5.621040e-04	0.000000e+00	
3.594742e-02	6.998140e-02	1.225118e+00	4.167081e+01	1.148803e+00	2.540276e+05	1.013274e+05	2.881238e+02	9.999554e-02	3.319183e-03	0.000000e+00	
1.026661e-01	7.227046e-02	1.225070e+00	4.167184e+01	2.344758e+00	2.540183e+05	1.013229e+05	2.881224e+02	1.001223e-01	-2.947815e-03	0.000000e+00	
2.301438e-01	-1.345408e-01	1.225058e+00	4.166915e+01	3.282028e+00	2.540162e+05	1.013213e+05	2.881207e+02	1.002686e-01	-5.268629e-03	0.000000e+00	
1.939942e-02	9.645017e-02	1.225105e+00	4.166890e+01	6.898614e-01	2.540248e+05	1.013264e+05	2.881241e+02	9.996769e-02	1.940357e-03	0.000000e+00	
2.144574e-01	-5.969163e-02	1.225057e+00	4.167204e+01	3.217436e+00	2.540160e+05	1.013212e+05	2.881207e+02	1.002636e-01	-5.363237e-03	0.000000e+00	
1.985803e-01	-3.427884e-02	1.225057e+00	4.167340e+01	3.144023e+00	2.540161e+05	1.013213e+05	2.881208e+02	1.002533e-01	-5.222523e-03	0.000000e+00	
1.826118e-01	-8.417332e-03	1.225059e+00	4.167336e+01	3.057559e+00	2.540163e+05	1.013215e+05	2.881210e+02	1.002377e-01	-4.960743e-03	0.000000e+00	
1.666360e-01	1.759566e-02	1.225060e+00	4.167144e+01	2.955912e+00	2.540166e+05	1.013217e+05	2.881213e+02	1.002154e-01	-4.635694e-03	0.000000e+00	
1.500546e-01	4.410944e-02	1.225060e+00	4.167056e+01	2.834451e+00	2.540164e+05	1.013218e+05	2.881215e+02	1.001931e-01	-4.541931e-03	0.000000e+00	
1.342043e-01	7.226330e-02	1.225071e+00	4.166960e+01	2.695201e+00	2.540186e+05	1.013228e+05	2.881218e+02	1.001677e-01	-3.131754e-03	0.000000e+00	
2.301246e-01	-8.398701e-02	1.225054e+00	4.167066e+01	3.279795e+00	2.540155e+05	1.013210e+05	2.881206e+02	1.002721e-01	-5.683102e-03	0.000000e+00	
2.451225e-01	-1.098572e-01	1.225054e+00	4.166986e+01	3.331202e+00	2.540154e+05	1.013209e+05	2.881205e+02	1.002800e-01	-5.821244e-03	0.000000e+00	
5.133162e-02	1.035713e-01	1.225066e+00	4.166698e+01	1.475118e+00	2.540169e+05	1.013230e+05	2.881236e+02	1.000153e-01	-2.855407e-03	0.000000e+00	
8.627313e-02	1.016794e-01	1.225086e+00	4.166648e+01	2.118133e+00	2.540213e+05	1.013244e+05	2.881229e+02	1.000790e-01	-8.799626e-04	0.000000e+00	
0.000000e+00	9.424740e-02	1.225099e+00	4.166652e+01	1.133794e-01	2.540236e+05	1.013260e+05	2.881244e+02	9.994905e-02	1.429091e-03	0.000000e+00	
1.187018e-01	1.016032e-01	1.225063e+00	4.167116e+01	2.535209e+00	2.540168e+05	1.013222e+05	2.881221e+02	1.001480e-01	-3.976543e-03	0.000000e+00	
2.587397e-01	-1.330363e-01	1.225053e+00	4.167039e+01	3.371829e+00	2.540154e+05	1.013208e+05	2.881204e+02	1.002891e-01	-5.918313e-03	0.000000e+00	
2.408217e-02	1.291830e-01	1.225073e+00	4.166520e+01	8.417401e-01	2.540182e+05	1.013238e+05	2.881241e+02	9.996811e-02	-1.753140e-03	0.000000e+00	
0.000000e+00	1.256632e-01	1.225079e+00	4.167771e+01	1.281186e-01	2.540196e+05	1.013242e+05	2.881240e+02	9.997769e-02	-1.072200e-03	0.000000e+00	
2.422388e-01	-5.861871e-02	1.225053e+00	4.167078e+01	3.324797e+00	2.540153e+05	1.013208e+05	2.881205e+02	1.002810e-01	-5.858177e-03	0.000000e+00	
2.264748e-01	-3.364437e-02	1.225055e+00	4.167146e+01	3.270502e+00	2.540157e+05	1.013210e+05	2.881206e+02	1.002722e-01	-5.594905e-03	0.000000e+00	
2.107408e-01	-8.198240e-03	1.225057e+00	4.167129e+01	3.206889e+00	2.540160e+05	1.013212e+05	2.881208e+02	1.002598e-01	-5.350044e-03	0.000000e+00	
1.951288e-01	1.759182e-02	1.225059e+00	4.167010e+01	3.132768e+00	2.540164e+05	1.013215e+05	2.881210e+02	1.002432e-01	-4.957715e-03	0.000000e+00	
1.799882e-01	4.375002e-02	1.225062e+00	4.166897e+01	3.046829e+00	2.540169e+05	1.013218e+05	2.881212e+02	1.002250e-01	-4.535830e-03	0.000000e+00	
1.645093e-01	7.298639e-02	1.225064e+00	4.167054e+01	2.946375e+00	2.540173e+05	1.013220e+05	2.881213e+02	1.002113e-01	-4.188377e-03	0.000000e+00	
1.498361e-01	1.018327e-01	1.225065e+00	4.167094e+01	2.831920e+00	2.540175e+05	1.013222e+05	2.881215e+02	1.001931e-01	-3.946940e-03	0.000000e+00	
2.581573e-01	-8.316246e-02	1.225052e+00	4.166969e+01	3.371130e+00	2.540152e+05	1.013208e+05	2.881204e+02	1.002874e-01	-5.987839e-03	0.000000e+00	
2.731981e-01	-1.083049e-01	1.225052e+00	4.166970e+01	3.409429e+00	2.540151e+05	1.013207e+05	2.881204e+02	1.002949e-01	-6.098359e-03	0.000000e+00	
7.465745e-02	1.324412e-01	1.225076e+00	4.166889e+01	1.917829e+00	2.540191e+05	1.013236e+05	2.881230e+02	1.000623e-01	-1.974061e-03	0.000000e+00	
1.047696e-01	1.324288e-01	1.225086e+00	4.166981e+01	2.371460e+00	2.540215e+05	1.013242e+05	2.881224e+02	1.001198e-01	-1.114806e-03	0.000000e+00	
4.778802e-02	1.361739e-01	1.225113e+00	4.166655e+01	1.424721e+00	2.540266e+05	1.013269e+05	2.881237e+02	1.000062e-01	2.655742e-03	0.000000e+00	
1.354043e-01	1.325902e-01	1.225071e+00	4.167315e+01	2.705331e+00	2.540187e+05	1.013228e+05	2.881217e+02	1.001778e-01	-3.154603e-03	0.000000e+00	
2.879785e-01	-1.325440e-01	1.225051e+00	4.167014e+01	3.441730e+00	2.540150e+05	1.013206e+05	2.881203e+02	1.003024e-01	-6.251626e-03	0.000000e+00	
6.060606e-02	1.570790e-01	1.225099e+00	4.167631e+01	1.665921e+00	2.540239e+05	1.013256e+05	2.881231e+02	1.000522e-01	7.913889e-04	0.000000e+00	
3.030303e-02	1.570790e-01	1.225114e+00	4.167321e+01	9.730170e-01	2.540268e+05	1.013271e+05	2.881238e+02	9.999083e-02	2.922389e-03	0.000000e+00	
0.000000e+00	1.570790e-01	1.225105e+00	4.167695e+01	1.578195e-01	2.540248e+05	1.013264e+05	2.881240e+02	9.997402e-02	1.931802e-03	0.000000e+00	
2.571208e-01	-3.145330e-02	1.225055e+00	4.167171e+01	3.366980e+00	2.540157e+05	1.013209e+05	2.881204e+02	1.002912e-01	-5.749869e-03	0.000000e+00	
2.726450e-01	-5.672792e-02	1.225053e+00	4.167079e+01	3.406781e+00	2.540154e+05	1.013208e+05	2.881203e+02	1.002969e-01	-5.975997e-03	0.000000e+00	
2.416591e-01	-6.025466e-03	1.225056e+00	4.167179e+01	3.320767e+00	2.540159e+05	1.013211e+05	2.881205e+02	1.002824e-01	-5.550955e-03	0.000000e+00	
2.263064e-01	1.967210e-02	1.225057e+00	4.167137e+01	3.266769e+00	2.540160e+05	1.013212e+05	2.881206e+02	1.002711e-01	-5.385835e-03	0.000000e+00	
2.111181e-01	4.591621e-02	1.225059e+00	4.167089e+01	3.204550e+00	2.540164e+05	1.013214e+05	2.881208e+02	1.002583e-01	-5.103412e-03	0.000000e+00	
1.959720e-01	7.384646e-02	1.225058e+00	4.167167e+01	3.131745e+00	2.540162e+05	1.013214e+05	2.881209e+02	1.002469e-01	-5.103978e-03	0.000000e+00	
1.805874e-01	1.023879e-01	1.225060e+00	4.167390e+01	3.047604e+00	2.540166e+05	1.013216e+05	2.881210e+02	1.002371e-01	-4.782041e-03	0.000000e+00	
1.659603e-01	1.327446e-01	1.225065e+00	4.167590e+01	2.951912e+00	2.540175e+05	1.013220e+05	2.881212e+02	1.002250e-01	-4.173471e-03	0.000000e+00	
2.879876e-01	-8.185361e-02	1.225052e+00	4.167009e+01	3.440737e+00	2.540152e+05	1.013206e+05	2.881203e+02	1.003020e-01	-6.134859e-03	0.000000e+00	
3.029836e-01	-1.070264e-01	1.225051e+00	4.166998e+01	3.469565e+00	2.540149e+05	1.013205e+05	2.881202e+02	1.003076e-01	-6.298052e-03	0.000000e+00	
9.090909e-02	1.570790e-01	1.225075e+00	4.167298e+01	2.175169e+00	2.540191e+05	1.013233e+05	2.881226e+02	1.001026e-01	-2.335496e-03	0.000000e+00	
1.212121e-01	1.570790e-01	1.225073e+00	4.167069e+01	2.560520e+00	2.540189e+05	1.013230e+05	2.881220e+02	1.001498e-01	-2.817332e-03	0.000000e+00	
1.515152e-01	1.570790e-01	1.225067e+00	4.167209e+01	2.838644e+00	2.540179e+05	1.013223e+05	2.881215e+02	1.001968e-01	-3.767953e-03	0.000000e+00	
3.182568e-01	-1.320840e-01	1.225050e+00	4.167015e+01	3.494447e+00	2.540148e+05	1.013204e+05	2.881201e+02	1.003130e-01	-6.422222e-03	0.000000e+00	
2.866494e-01	-3.052441e-02	1.225051e+00	4.167182e+01	3.438578e+00	2.540149e+05	1.013205e+05	2.881202e+02	1.003058e-01	-6.289979e-03	0.000000e+00	
2.713403e-01	-5.002857e-03	1.225051e+00	4.167222e+01	3.404592e+00	2.540150e+05	1.013206e+05	2.881203e+02	1.003000e-01	-6.186664e-03	0.000000e+00	
3.019763e-01	-5.597560e-02	1.225050e+00	4.167096e+01	3.467869e+00	2.540148e+05	1.013205e+05	2.881202e+02	1.003096e-01	-6.375079e-03	0.000000e+00	
2.561317e-01	2.065846e-02	1.225052e+00	4.167199e+01	3.364985e+00	2.540152e+05	1.013207e+05	2.881204e+02	1.002917e-01	-6.037852e-03	0.000000e+00	
2.410444e-01	4.679893e-02	1.225053e+00	4.167178e+01	3.319146e+00	2.540154e+05	1.013209e+05	2.881205e+02	1.002823e-01	-5.850411e-03	0.000000e+00	
2.260597e-01	7.406901e-02	1.225054e+00	4.167211e+01	3.265902e+00	2.540155e+05	1.013210e+05	2.881206e+02	1.002729e-01	-5.687638e-03	0.000000e+00	
2.111301e-01	1.026388e-01	1.225058e+00	4.167330e+01	3.205330e+00	2.540163e+05	1.013213e+05	2.881207e+02	1.002642e-01	-5.162941e-03	0.000000e+00	
1.963995e-01	1.328574e-01	1.225056e+00	4.167502e+01	3.135370e+00	2.540159e+05	1.013212e+05	2.881208e+02	1.002558e-01	-5.365103e-03	0.000000e+00	
1.818182e-01	1.570790e-01	1.225058e+00	4.167190e+01	3.056859e+00	2.540162e+05	1.013215e+05	2.881211e+02	1.002341e-01	-4.995478e-03	0.000000e+00	
3.172054e-01	-8.125454e-02	1.225050e+00	4.167033e+01	3.493095e+00	2.540147e+05	1.013204e+05	2.881201e+02	1.003132e-01	-6.459737e-03	0.000000e+00	
3.327356e-01	-1.067805e-01	1.225049e+00	4.167003e+01	3.514849e+00	2.540147e+05	1.013204e+05	2.881201e+02	1.003169e-01	-6.520560e-03	0.000000e+00	
3.480575e-01	-1.316523e-01	1.225049e+00	4.167023e+01	3.533618e+00	2.540146e+05	1.013203e+05	2.881201e+02	1.003212e-01	-6.610113e-03	0.000000e+00	
3.161336e-01	-2.989422e-02	1.225051e+00	4.167141e+01	3.491316e+00	2.540149e+05	1.013205e+05	2.881201e+02	1.003154e-01	-6.367293e-03	0.000000e+00	
3.009452e-01	-4.274358e-03	1.225051e+00	4.167176e+01	3.466134e+00	2.540151e+05	1.013206e+05	2.881202e+02	1.003111e-01	-6.244444e-03	0.000000e+00	
2.858760e-01	2.142308e-02	1.225052e+00	4.167171e+01	3.436977e+00	2.540152e+05	1.013207e+05	2.881202e+02	1.003051e-01	-6.123768e-03	0.000000e+00	
3.314331e-01	-5.546328e-02	1.225050e+00	4.167079e+01	3.513122e+00	2.540148e+05	1.013204e+05	2.881201e+02	1.003183e-01	-6.465361e-03	0.000000e+00	
2.709362e-01	4.750140e-02	1.225053e+00	4.167157e+01	3.403320e+00	2.540154e+05	1.013208e+05	2.881203e+02	1.002981e-01	-5.976211e-03	0.000000e+00	
2.561118e-01	7.451518e-02	1.225054e+00	4.167175e+01	3.364462e+00	2.540155e+05	1.013208e+05	2.881204e+02	1.002909e-01	-5.856628e-03	0.000000e+00	
2.413814e-01	1.029293e-01	1.225055e+00	4.167237e+01	3.320379e+00	2.540158e+05	1.013210e+05	2.881205e+02	1.002838e-01	-5.636674e-03	0.000000e+00	
2.267534e-01	1.329081e-01	1.225055e+00	4.167194e+01	3.269920e+00	2.540156e+05	1.013210e+05	2.881206e+02	1.002733e-01	-5.655323e-03	0.000000e+00	
2.121212e-01	1.570790e-01	1.225054e+00	4.167062e+01	3.214221e+00	2.540154e+05	1.013210e+05	2.881208e+02	1.002598e-01	-5.651176e-03	0.000000e+00	
3.469725e-01	-8.094538e-02	1.225049e+00	4.167024e+01	3.532104e+00	2.540146e+05	1.013203e+05	2.881201e+02	1.003209e-01	-6.574997e-03	0.000000e+00	
3.624935e-01	-1.063948e-01	1.225049e+00	4.167007e+01	3.548454e+00	2.540146e+05	1.013203e+05	2.881200e+02	1.003238e-01	-6.614973e-03	0.000000e+00	
3.781629e-01	-1.313236e-01	1.225048e+00	4.167028e+01	3.562661e+00	2.540145e+05	1.013202e+05	2.881200e+02	1.003273e-01	-6.725011e-03	0.000000e+00	
3.456199e-01	-2.948067e-02	1.225049e+00	4.167141e+01	3.530780e+00	2.540147e+05	1.013203e+05	2.881200e+02	1.003234e-01	-6.586360e-03	0.000000e+00	
3.304868e-01	-3.758129e-03	1.225050e+00	4.167183e+01	3.512112e+00	2.540147e+05	1.013204e+05	2.881201e+02	1.003206e-01	-6.516189e-03	0.000000e+00	
3.155345e-01	2.199640e-02	1.225050e+00	4.167194e+01	3.490611e+00	2.540148e+05	1.013204e+05	2.881201e+02	1.003165e-01	-6.434564e-03	0.000000e+00	
3.007438e-01	4.806574e-02	1.225051e+00	4.167190e+01	3.465837e+00	2.540149e+05	1.013205e+05	2.881202e+02	1.003114e-01	-6.337257e-03	0.000000e+00	
3.609681e-01	-5.520931e-02	1.225049e+00	4.167078e+01	3.547008e+00	2.540146e+05	1.013203e+05	2.881200e+02	1.003253e-01	-6.648764e-03	0.000000e+00	
2.860879e-01	7.496520e-02	1.225051e+00	4.167194e+01	3.437376e+00	2.540150e+05	1.013206e+05	2.881202e+02	1.003058e-01	-6.227306e-03	0.000000e+00	
2.715293e-01	1.032141e-01	1.225052e+00	4.167202e+01	3.404929e+00	2.540152e+05	1.013207e+05	2.881203e+02	1.002996e-01	-6.063725e-03	0.000000e+00	
2.570294e-01	1.329666e-01	1.225053e+00	4.167125e+01	3.367678e+00	2.540153e+05	1.013208e+05	2.881204e+02	1.002904e-01	-5.939212e-03	0.000000e+00	
2.424242e-01	1.570790e-01	1.225054e+00	4.167010e+01	3.324671e+00	2.540155e+05	1.013209e+05	2.881205e+02	1.002793e-01	-5.736145e-03	0.000000e+00	
3.765134e-01	-8.082445e-02	1.225048e+00	4.167028e+01	3.561220e+00	2.540145e+05	1.013202e+05	2.881200e+02	1.003270e-01	-6.711040e-03	0.000000e+00	
3.923016e-01	-1.062899e-01	1.225048e+00	4.167013e+01	3.573480e+00	2.540145e+05	1.013202e+05	2.881200e+02	1.003292e-01	-6.742214e-03	0.000000e+00	
4.081903e-01	-1.310422e-01	1.225048e+00	4.167034e+01	3.584206e+00	2.540144e+05	1.013202e+05	2.881199e+02	1.003319e-01	-6.813354e-03	0.000000e+00	
3.750937e-01	-2.922498e-02	1.225049e+00	4.167126e+01	3.560055e+00	2.540146e+05	1.013203e+05	2.881200e+02	1.003291e-01	-6.683050e-03	0.000000e+00	
3.599634e-01	-3.416080e-03	1.225049e+00	4.167170e+01	3.546152e+00	2.540147e+05	1.013203e+05	2.881200e+02	1.003273e-01	-6.618327e-03	0.000000e+00	
3.450887e-01	2.240352e-02	1.225049e+00	4.167188e+01	3.530230e+00	2.540147e+05	1.013204e+05	2.881200e+02	1.003244e-01	-6.550141e-03	0.000000e+00	
3.304363e-01	4.849674e-02	1.225050e+00	4.167188e+01	3.511971e+00	2.540148e+05	1.013204e+05	2.881201e+02	1.003207e-01	-6.474224e-03	0.000000e+00	
3.159606e-01	7.534773e-02	1.225050e+00	4.167185e+01	3.491120e+00	2.540149e+05	1.013205e+05	2.881201e+02	1.003164e-01	-6.384800e-03	0.000000e+00	
3.904865e-01	-5.502892e-02	1.225048e+00	4.167069e+01	3.572182e+00	2.540145e+05	1.013202e+05	2.881199e+02	1.003302e-01	-6.727076e-03	0.000000e+00	
3.015940e-01	1.034701e-01	1.225051e+00	4.167176e+01	3.467321e+00	2.540150e+05	1.013205e+05	2.881202e+02	1.003114e-01	-6.290820e-03	0.000000e+00	
2.872587e-01	1.330180e-01	1.225052e+00	4.167116e+01	3.440046e+00	2.540151e+05	1.013206e+05	2.881202e+02	1.003045e-01	-6.171628e-03	0.000000e+00	
2.727273e-01	1.570790e-01	1.225052e+00	4.167054e+01	3.407918e+00	2.540151e+05	1.013207e+05	2.881203e+02	1.002966e-01	-6.101697e-03	0.000000e+00	
4.061450e-01	-8.073075e-02	1.225048e+00	4.167025e+01	3.582829e+00	2.540144e+05	1.013202e+05	2.881199e+02	1.003314e-01	-6.794111e-03	0.000000e+00	
4.220877e-01	-1.062866e-01	1.225048e+00	4.167016e+01	3.592028e+00	2.540144e+05	1.013202e+05	2.881199e+02	1.003331e-01	-6.805119e-03	0.000000e+00	
4.381329e-01	-1.309584e-01	1.225047e+00	4.167039e+01	3.600150e+00	2.540143e+05	1.013201e+05	2.881199e+02	1.003354e-01	-6.884719e-03	0.000000e+00	
3.893643e-01	-3.209869e-03	1.225048e+00	4.167167e+01	3.571504e+00	2.540145e+05	1.013202e+05	2.881199e+02	1.003325e-01	-6.739869e-03	0.000000e+00	
4.045268e-01	-2.906478e-02	1.225048e+00	4.167120e+01	3.581886e+00	2.540144e+05	1.013202e+05	2.881199e+02	1.003335e-01	-6.784633e-03	0.000000e+00	
3.745285e-01	2.266847e-02	1.225049e+00	4.167192e+01	3.559689e+00	2.540146e+05	1.013203e+05	2.881199e+02	1.003306e-01	-6.691409e-03	0.000000e+00	
3.599962e-01	4.880076e-02	1.225049e+00	4.167197e+01	3.546205e+00	2.540146e+05	1.013203e+05	2.881200e+02	1.003280e-01	-6.639677e-03	0.000000e+00	
3.457053e-01	7.564344e-02	1.225049e+00	4.167191e+01	3.530909e+00	2.540147e+05	1.013203e+05	2.881200e+02	1.003247e-01	-6.570807e-03	0.000000e+00	
3.315619e-01	1.036792e-01	1.225050e+00	4.167171e+01	3.513473e+00	2.540148e+05	1.013204e+05	2.881201e+02	1.003206e-01	-6.505623e-03	0.000000e+00	
4.200018e-01	-5.489973e-02	1.225048e+00	4.167065e+01	3.590948e+00	2.540144e+05	1.013202e+05	2.881199e+02	1.003341e-01	-6.815841e-03	0.000000e+00	
3.174409e-01	1.330554e-01	1.225050e+00	4.167118e+01	3.493536e+00	2.540149e+05	1.013205e+05	2.881201e+02	1.003153e-01	-6.402810e-03	0.000000e+00	
3.030303e-01	1.570790e-01	1.225051e+00	4.167049e+01	3.469903e+00	2.540149e+05	1.013205e+05	2.881202e+02	1.003089e-01	-6.327788e-03	0.000000e+00	
4.357566e-01	-8.063810e-02	1.225047e+00	4.167025e+01	3.598938e+00	2.540143e+05	1.013201e+05	2.881199e+02	1.003348e-01	-6.858670e-03	0.000000e+00	
4.516792e-01	-1.061852e-01	1.225047e+00	4.167020e+01	3.605825e+00	2.540143e+05	1.013201e+05	2.881199e+02	1.003361e-01	-6.867465e-03	0.000000e+00	
4.682185e-01	-1.313946e-01	1.225047e+00	4.167042e+01	3.611942e+00	2.540143e+05	1.013201e+05	2.881199e+02	1.003379e-01	-6.931689e-03	0.000000e+00	
4.186650e-01	-3.109844e-03	1.225048e+00	4.167160e+01	3.590328e+00	2.540144e+05	1.013202e+05	2.881199e+02	1.003362e-01	-6.810792e-03	0.000000e+00	
4.038234e-01	2.280027e-02	1.225048e+00	4.167190e+01	3.581522e+00	2.540145e+05	1.013202e+05	2.881199e+02	1.003351e-01	-6.772784e-03	0.000000e+00	
4.339040e-01	-2.896145e-02	1.225047e+00	4.167111e+01	3.598105e+00	2.540144e+05	1.013201e+05	2.881199e+02	1.003367e-01	-6.847109e-03	0.000000e+00	
3.893835e-01	4.897559e-02	1.225048e+00	4.167198e+01	3.571531e+00	2.540145e+05	1.013202e+05	2.881199e+02	1.003332e-01	-6.733501e-03	0.000000e+00	
3.752853e-01	7.583674e-02	1.225049e+00	4.167191e+01	3.560299e+00	2.540146e+05	1.013203e+05	2.881199e+02	1.003307e-01	-6.677513e-03	0.000000e+00	
3.614048e-01	1.038295e-01	1.225049e+00	4.167167e+01	3.547544e+00	2.540146e+05	1.013203e+05	2.881200e+02	1.003275e-01	-6.637477e-03	0.000000e+00	
3.475637e-01	1.330757e-01	1.225049e+00	4.167120e+01	3.533068e+00	2.540147e+05	1.013204e+05	2.881200e+02	1.003234e-01	-6.542855e-03	0.000000e+00	
4.494985e-01	-5.476493e-02	1.225047e+00	4.167061e+01	3.604915e+00	2.540143e+05	1.013201e+05	2.881199e+02	1.003369e-01	-6.871037e-03	0.000000e+00	
3.333333e-01	1.570790e-01	1.225050e+00	4.167062e+01	3.515709e+00	2.540147e+05	1.013204e+05	2.881201e+02	1.003185e-01	-6.502764e-03	0.000000e+00	
4.653959e-01	-8.044729e-02	1.225047e+00	4.167027e+01	3.610927e+00	2.540143e+05	1.013201e+05	2.881199e+02	1.003373e-01	-6.906623e-03	0.000000e+00	
4.816677e-01	-1.060449e-01	1.225047e+00	4.167022e+01	3.616074e+00	2.540143e+05	1.013201e+05	2.881199e+02	1.003383e-01	-6.907085e-03	0.000000e+00	
4.983876e-01	-1.316694e-01	1.225047e+00	4.167034e+01	3.620646e+00	2.540142e+05	1.013201e+05	2.881198e+02	1.003396e-01	-6.967096e-03	0.000000e+00	
4.329477e-01	2.282179e-02	1.225048e+00	4.167188e+01	3.597749e+00	2.540144e+05	1.013201e+05	2.881199e+02	1.003384e-01	-6.844385e-03	0.000000e+00	
4.478494e-01	-3.071838e-03	1.225047e+00	4.167154e+01	3.604341e+00	2.540144e+05	1.013201e+05	2.881198e+02	1.003390e-01	-6.872903e-03	0.000000e+00	
4.185593e-01	4.902088e-02	1.225048e+00	4.167200e+01	3.590317e+00	2.540144e+05	1.013202e+05	2.881199e+02	1.003372e-01	-6.817482e-03	0.000000e+00	
4.632171e-01	-2.886796e-02	1.225047e+00	4.167106e+01	3.610190e+00	2.540143e+05	1.013201e+05	2.881198e+02	1.003391e-01	-6.898938e-03	0.000000e+00	
4.046515e-01	7.591485e-02	1.225048e+00	4.167194e+01	3.582054e+00	2.540145e+05	1.013202e+05	2.881199e+02	1.003353e-01	-6.773919e-03	0.000000e+00	
3.910830e-01	1.039083e-01	1.225048e+00	4.167168e+01	3.572745e+00	2.540145e+05	1.013202e+05	2.881199e+02	1.003327e-01	-6.750331e-03	0.000000e+00	
3.776082e-01	1.330775e-01	1.225049e+00	4.167124e+01	3.562300e+00	2.540146e+05	1.013203e+05	2.881200e+02	1.003295e-01	-6.667246e-03	0.000000e+00	
3.636364e-01	1.570790e-01	1.225049e+00	4.167069e+01	3.549656e+00	2.540146e+05	1.013203e+05	2.881200e+02	1.003256e-01	-6.658749e-03	0.000000e+00	
4.789681e-01	-5.460107e-02	1.225047e+00	4.167059e+01	3.615314e+00	2.540143e+05	1.013201e+05	2.881198e+02	1.003390e-01	-6.916628e-03	0.000000e+00	
4.950723e-01	-8.027641e-02	1.225047e+00	4.167027e+01	3.619823e+00	2.540142e+05	1.013201e+05	2.881198e+02	1.003392e-01	-6.943361e-03	0.000000e+00	
5.115620e-01	-1.059696e-01	1.225047e+00	4.167019e+01	3.623696e+00	2.540142e+05	1.013201e+05	2.881198e+02	1.003398e-01	-6.950234e-03	0.000000e+00	
5.284840e-01	-1.318431e-01	1.225047e+00	4.167039e+01	3.627185e+00	2.540142e+05	1.013201e+05	2.881198e+02	1.003410e-01	-6.967228e-03	0.000000e+00	
4.474656e-01	4.894698e-02	1.225047e+00	4.167200e+01	3.604234e+00	2.540144e+05	1.013201e+05	2.881198e+02	1.003401e-01	-6.872690e-03	0.000000e+00	
4.618736e-01	2.278565e-02	1.225047e+00	4.167184e+01	3.609803e+00	2.540144e+05	1.013201e+05	2.881198e+02	1.003408e-01	-6.892907e-03	0.000000e+00	
4.769167e-01	-3.029422e-03	1.225047e+00	4.167148e+01	3.614772e+00	2.540143e+05	1.013201e+05	2.881198e+02	1.003410e-01	-6.915244e-03	0.000000e+00	
4.337275e-01	7.585620e-02	1.225048e+00	4.167195e+01	3.598137e+00	2.540144e+05	1.013202e+05	2.881199e+02	1.003387e-01	-6.837355e-03	0.000000e+00	
4.924586e-01	-2.873201e-02	1.225047e+00	4.167100e+01	3.619185e+00	2.540143e+05	1.013201e+05	2.881198e+02	1.003408e-01	-6.935023e-03	0.000000e+00	
4.205282e-01	1.038876e-01	1.225048e+00	4.167169e+01	3.591357e+00	2.540144e+05	1.013202e+05	2.881199e+02	1.003366e-01	-6.823407e-03	0.000000e+00	
4.075425e-01	1.330537e-01	1.225048e+00	4.167127e+01	3.583884e+00	2.540145e+05	1.013202e+05	2.881199e+02	1.003340e-01	-6.753221e-03	0.000000e+00	
3.939394e-01	1.570790e-01	1.225048e+00	4.167073e+01	3.574723e+00	2.540145e+05	1.013202e+05	2.881199e+02	1.003309e-01	-6.748473e-03	0.000000e+00	
5.083877e-01	-5.439524e-02	1.225047e+00	4.167056e+01	3.623039e+00	2.540143e+05	1.013201e+05	2.881198e+02	1.003406e-01	-6.949297e-03	0.000000e+00	
5.246725e-01	-8.007150e-02	1.225047e+00	4.167025e+01	3.626411e+00	2.540142e+05	1.013201e+05	2.881198e+02	1.003405e-01	-6.965968e-03	0.000000e+00	
5.413578e-01	-1.058802e-01	1.225047e+00	4.167021e+01	3.629391e+00	2.540142e+05	1.013200e+05	2.881198e+02	1.003411e-01	-6.981969e-03	0.000000e+00	
5.585239e-01	-1.319777e-01	1.225047e+00	4.167053e+01	3.632045e+00	2.540142e+05	1.013200e+05	2.881198e+02	1.003424e-01	-6.982985e-03	0.000000e+00	
4.760079e-01	4.880275e-02	1.225047e+00	4.167199e+01	3.614552e+00	2.540143e+05	1.013201e+05	2.881198e+02	1.003422e-01	-6.917528e-03	0.000000e+00	
4.623444e-01	7.562445e-02	1.225047e+00	4.167196e+01	3.609992e+00	2.540144e+05	1.013201e+05	2.881198e+02	1.003412e-01	-6.889366e-03	0.000000e+00	
4.905984e-01	2.279239e-02	1.225047e+00	4.167180e+01	3.618781e+00	2.540143e+05	1.013201e+05	2.881198e+02	1.003426e-01	-6.930923e-03	0.000000e+00	
5.058748e-01	-2.898424e-03	1.225047e+00	4.167142e+01	3.622551e+00	2.540143e+05	1.013201e+05	2.881198e+02	1.003425e-01	-6.948525e-03	0.000000e+00	
4.495762e-01	1.036929e-01	1.225047e+00	4.167171e+01	3.605058e+00	2.540144e+05	1.013201e+05	2.881198e+02	1.003395e-01	-6.887270e-03	0.000000e+00	
5.216166e-01	-2.850022e-02	1.225047e+00	4.167096e+01	3.625881e+00	2.540143e+05	1.013201e+05	2.881198e+02	1.003421e-01	-6.962561e-03	0.000000e+00	
4.372886e-01	1.329678e-01	1.225048e+00	4.167130e+01	3.599814e+00	2.540144e+05	1.013202e+05	2.881199e+02	1.003374e-01	-6.820901e-03	0.000000e+00	
4.242424e-01	1.570790e-01	1.225048e+00	4.167079e+01	3.593266e+00	2.540144e+05	1.013202e+05	2.881199e+02	1.003349e-01	-6.833953e-03	0.000000e+00	
5.377107e-01	-5.410577e-02	1.225047e+00	4.167052e+01	3.628779e+00	2.540142e+05	1.013201e+05	2.881198e+02	1.003417e-01	-6.975437e-03	0.000000e+00	
5.541565e-01	-7.980583e-02	1.225047e+00	4.167024e+01	3.631318e+00	2.540142e+05	1.013200e+05	2.881198e+02	1.003416e-01	-6.984706e-03	0.000000e+00	
5.710426e-01	-1.057514e-01	1.225046e+00	4.167027e+01	3.633597e+00	2.540142e+05	1.013200e+05	2.881198e+02	1.003421e-01	-6.998231e-03	0.000000e+00	
5.884974e-01	-1.320927e-01	1.225046e+00	4.167063e+01	3.635598e+00	2.540142e+05	1.013200e+05	2.881198e+02	1.003434e-01	-7.004205e-03	0.000000e+00	
5.041750e-01	4.877363e-02	1.225047e+00	4.167197e+01	3.622220e+00	2.540143e+05	1.013201e+05	2.881198e+02	1.003438e-01	-6.948808e-03	0.000000e+00	
4.901910e-01	7.520426e-02	1.225047e+00	4.167199e+01	3.618693e+00	2.540143e+05	1.013201e+05	2.881198e+02	1.003431e-01	-6.926890e-03	0.000000e+00	
4.777806e-01	1.031494e-01	1.225047e+00	4.167177e+01	3.615011e+00	2.540143e+05	1.013201e+05	2.881198e+02	1.003418e-01	-6.923990e-03	0.000000e+00	
5.191690e-01	2.295886e-02	1.225047e+00	4.167175e+01	3.625483e+00	2.540143e+05	1.013201e+05	2.881198e+02	1.003439e-01	-6.958725e-03	0.000000e+00	
5.347410e-01	-2.613835e-03	1.225047e+00	4.167137e+01	3.628357e+00	2.540143e+05	1.013201e+05	2.881198e+02	1.003436e-01	-6.972584e-03	0.000000e+00	
4.665953e-01	1.326811e-01	1.225047e+00	4.167136e+01	3.611445e+00	2.540144e+05	1.013201e+05	2.881198e+02	1.003400e-01	-6.864892e-03	0.000000e+00	
5.506740e-01	-2.813544e-02	1.225047e+00	4.167091e+01	3.630866e+00	2.540142e+05	1.013200e+05	2.881198e+02	1.003431e-01	-6.982732e-03	0.000000e+00	
4.545455e-01	1.570790e-01	1.225047e+00	4.167084e+01	3.606942e+00	2.540143e+05	1.013201e+05	2.881199e+02	1.003379e-01	-6.882036e-03	0.000000e+00	
5.669066e-01	-5.371190e-02	1.225047e+00	4.167049e+01	3.633048e+00	2.540142e+05	1.013200e+05	2.881198e+02	1.003425e-01	-6.993656e-03	0.000000e+00	
5.834949e-01	-7.946550e-02	1.225046e+00	4.167026e+01	3.634970e+00	2.540142e+05	1.013200e+05	2.881198e+02	1.003424e-01	-7.000652e-03	0.000000e+00	
6.005861e-01	-1.055720e-01	1.225046e+00	4.167033e+01	3.636696e+00	2.540142e+05	1.013200e+05	2.881198e+02	1.003429e-01	-7.009432e-03	0.000000e+00	
6.183741e-01	-1.321831e-01	1.225046e+00	4.167069e+01	3.638221e+00	2.540142e+05	1.013200e+05	2.881198e+02	1.003441e-01	-7.014957e-03	0.000000e+00	
5.321513e-01	4.902668e-02	1.225047e+00	4.167195e+01	3.627975e+00	2.540143e+05	1.013201e+05	2.881198e+02	1.003449e-01	-6.972446e-03	0.000000e+00	
5.173040e-01	7.512402e-02	1.225047e+00	4.167200e+01	3.625151e+00	2.540143e+05	1.013201e+05	2.881198e+02	1.003444e-01	-6.952903e-03	0.000000e+00	
5.040684e-01	1.018521e-01	1.225047e+00	4.167186e+01	3.622130e+00	2.540143e+05	1.013201e+05	2.881198e+02	1.003435e-01	-6.960694e-03	0.000000e+00	
4.944690e-01	1.316534e-01	1.225047e+00	4.167146e+01	3.619662e+00	2.540144e+05	1.013201e+05	2.881198e+02	1.003420e-01	-6.907796e-03	0.000000e+00	
5.476768e-01	2.334048e-02	1.225047e+00	4.167171e+01	3.630510e+00	2.540143e+05	1.013200e+05	2.881198e+02	1.003449e-01	-6.979685e-03	0.000000e+00	
5.635352e-01	-2.157354e-03	1.225047e+00	4.167132e+01	3.632698e+00	2.540142e+05	1.013200e+05	2.881198e+02	1.003444e-01	-6.990871e-03	0.000000e+00	
4.848485e-01	1.570790e-01	1.225047e+00	4.167085e+01	3.616896e+00	2.540143e+05	1.013201e+05	2.881198e+02	1.003400e-01	-6.937868e-03	0.000000e+00	
5.796209e-01	-2.763535e-02	1.225047e+00	4.167087e+01	3.634585e+00	2.540142e+05	1.013200e+05	2.881198e+02	1.003437e-01	-6.998388e-03	0.000000e+00	
5.959540e-01	-5.321467e-02	1.225046e+00	4.167047e+01	3.636226e+00	2.540142e+05	1.013200e+05	2.881198e+02	1.003431e-01	-7.006831e-03	0.000000e+00	
6.126520e-01	-7.904259e-02	1.225046e+00	4.167029e+01	3.637680e+00	2.540142e+05	1.013200e+05	2.881198e+02	1.003430e-01	-7.012560e-03	0.000000e+00	
6.299236e-01	-1.053141e-01	1.225046e+00	4.167039e+01	3.638991e+00	2.540142e+05	1.013200e+05	2.881198e+02	1.003435e-01	-7.019018e-03	0.000000e+00	
6.480709e-01	-1.322056e-01	1.225046e+00	4.167075e+01	3.640157e+00	2.540142e+05	1.013200e+05	2.881198e+02	1.003446e-01	-7.023994e-03	0.000000e+00	
5.602257e-01	4.957065e-02	1.225047e+00	4.167192e+01	3.632335e+00	2.540143e+05	1.013200e+05	2.881198e+02	1.003458e-01	-6.989344e-03	0.000000e+00	
5.443781e-01	7.561883e-02	1.225047e+00	4.167198e+01	3.630056e+00	2.540143e+05	1.013201e+05	2.881198e+02	1.003454e-01	-6.976231e-03	0.000000e+00	
5.290088e-01	1.019687e-01	1.225047e+00	4.167186e+01	3.627405e+00	2.540143e+05	1.013201e+05	2.881198e+02	1.003446e-01	-6.978823e-03	0.000000e+00	
5.159058e-01	1.264958e-01	1.225047e+00	4.167164e+01	3.624834e+00	2.540143e+05	1.013201e+05	2.881198e+02	1.003435e-01	-6.949720e-03	0.000000e+00	
5.151515e-01	1.570790e-01	1.225047e+00	4.167097e+01	3.624521e+00	2.540143e+05	1.013201e+05	2.881198e+02	1.003419e-01	-6.945735e-03	0.000000e+00	
5.762154e-01	2.391006e-02	1.225047e+00	4.167167e+01	3.634293e+00	2.540142e+05	1.013200e+05	2.881198e+02	1.003456e-01	-6.996073e-03	0.000000e+00	
5.922838e-01	-1.562622e-03	1.225047e+00	4.167128e+01	3.635948e+00	2.540142e+05	1.013200e+05	2.881198e+02	1.003450e-01	-7.004234e-03	0.000000e+00	
6.084614e-01	-2.702913e-02	1.225046e+00	4.167083e+01	3.637363e+00	2.540142e+05	1.013200e+05	2.881198e+02	1.003442e-01	-7.010413e-03	0.000000e+00	
6.248358e-01	-5.262844e-02	1.225046e+00	4.167046e+01	3.638594e+00	2.540142e+05	1.013200e+05	2.881198e+02	1.003436e-01	-7.016349e-03	0.000000e+00	
6.415609e-01	-7.852024e-02	1.225046e+00	4.167031e+01	3.639692e+00	2.540142e+05	1.013200e+05	2.881198e+02	1.003435e-01	-7.021465e-03	0.000000e+00	
6.588897e-01	-1.049018e-01	1.225046e+00	4.167044e+01	3.640680e+00	2.540142e+05	1.013200e+05	2.881198e+02	1.003440e-01	-7.024168e-03	0.000000e+00	
6.773222e-01	-1.320087e-01	1.225046e+00	4.167078e+01	3.641577e+00	2.540142e+05	1.013200e+05	2.881198e+02	1.003450e-01	-7.032060e-03	0.000000e+00	
5.885914e-01	5.025709e-02	1.225047e+00	4.167190e+01	3.635655e+00	2.540142e+05	1.013200e+05	2.881198e+02	1.003464e-01	-7.002569e-03	0.000000e+00	
5.721154e-01	7.645497e-02	1.225047e+00	4.167197e+01	3.633861e+00	2.540143e+05	1.013200e+05	2.881198e+02	1.003462e-01	-6.992285e-03	0.000000e+00	
5.551876e-01	1.034736e-01	1.225047e+00	4.167186e+01	3.631653e+00	2.540143e+05	1.013200e+05	2.881198e+02	1.003455e-01	-6.988631e-03	0.000000e+00	
5.370436e-01	1.315615e-01	1.225047e+00	4.167157e+01	3.628865e+00	2.540143e+05	1.013201e+05	2.881198e+02	1.003442e-01	-6.963037e-03	0.000000e+00	
6.048475e-01	2.457390e-02	1.225047e+00	4.167164e+01	3.637144e+00	2.540142e+05	1.013200e+05	2.881198e+02	1.003461e-01	-7.008135e-03	0.000000e+00	
6.210192e-01	-8.961302e-04	1.225046e+00	4.167124e+01	3.638386e+00	2.540142e+05	1.013200e+05	2.881198e+02	1.003454e-01	-7.014467e-03	0.000000e+00	
6.372109e-01	-2.636374e-02	1.225046e+00	4.167080e+01	3.639441e+00	2.540142e+05	1.013200e+05	2.881198e+02	1.003446e-01	-7.019261e-03	0.000000e+00	
6.535209e-01	-5.197244e-02	1.225046e+00	4.167046e+01	3.640359e+00	2.540142e+05	1.013200e+05	2.881198e+02	1.003440e-01	-7.023882e-03	0.000000e+00	
6.700667e-01	-7.785949e-02	1.225046e+00	4.167034e+01	3.641179e+00	2.540142e+05	1.013200e+05	2.881198e+02	1.003439e-01	-7.027495e-03	0.000000e+00	
6.870396e-01	-1.041538e-01	1.225046e+00	4.167047e+01	3.641912e+00	2.540142e+05	1.013200e+05	2.881198e+02	1.003443e-01	-7.030336e-03	0.000000e+00	
5.454545e-01	1.570790e-01	1.225047e+00	4.167103e+01	3.630275e+00	2.540143e+05	1.013201e+05	2.881198e+02	1.003432e-01	-6.972711e-03	0.000000e+00	
7.051049e-01	-1.310358e-01	1.225046e+00	4.167081e+01	3.642580e+00	2.540142e+05	1.013200e+05	2.881198e+02	1.003453e-01	-7.033960e-03	0.000000e+00	
6.172598e-01	5.091313e-02	1.225047e+00	4.167188e+01	3.638179e+00	2.540142e+05	1.013200e+05	2.881198e+02	1.003469e-01	-7.012684e-03	0.000000e+00	
6.005910e-01	7.711871e-02	1.225047e+00	4.167197e+01	3.636816e+00	2.540142e+05	1.013200e+05	2.881198e+02	1.003468e-01	-7.006964e-03	0.000000e+00	
5.833101e-01	1.042186e-01	1.225047e+00	4.167185e+01	3.635126e+00	2.540143e+05	1.013200e+05	2.881198e+02	1.003462e-01	-6.998205e-03	0.000000e+00	
5.648683e-01	1.324797e-01	1.225047e+00	4.167157e+01	3.632969e+00	2.540142e+05	1.013200e+05	2.881198e+02	1.003451e-01	-7.000093e-03	0.000000e+00	
6.335995e-01	2.523815e-02	1.225047e+00	4.167160e+01	3.639294e+00	2.540142e+05	1.013200e+05	2.881198e+02	1.003465e-01	-7.017602e-03	0.000000e+00	
6.497790e-01	-2.298958e-04	1.225046e+00	4.167120e+01	3.640217e+00	2.540142e+05	1.013200e+05	2.881198e+02	1.003457e-01	-7.022141e-03	0.000000e+00	
6.658898e-01	-2.569946e-02	1.225046e+00	4.167078e+01	3.640998e+00	2.540142e+05	1.013200e+05	2.881198e+02	1.003449e-01	-7.026008e-03	0.000000e+00	
6.819550e-01	-5.128630e-02	1.225046e+00	4.167046e+01	3.641676e+00	2.540142e+05	1.013200e+05	2.881198e+02	1.003443e-01	-7.029015e-03	0.000000e+00	
6.978917e-01	-7.702352e-02	1.225046e+00	4.167036e+01	3.642278e+00	2.540142e+05	1.013200e+05	2.881198e+02	1.003441e-01	-7.032204e-03	0.000000e+00	
7.133367e-01	-1.026363e-01	1.225046e+00	4.167050e+01	3.642796e+00	2.540142e+05	1.013200e+05	2.881198e+02	1.003446e-01	-7.031774e-03	0.000000e+00	
5.757576e-01	1.570790e-01	1.225047e+00	4.167109e+01	3.634288e+00	2.540142e+05	1.013200e+05	2.881198e+02	1.003442e-01	-6.993621e-03	0.000000e+00	
7.264947e-01	-1.258646e-01	1.225046e+00	4.167076e+01	3.643198e+00	2.540142e+05	1.013200e+05	2.881198e+02	1.003453e-01	-7.036198e-03	0.000000e+00	
6.461663e-01	5.149645e-02	1.225047e+00	4.167186e+01	3.640088e+00	2.540142e+05	1.013200e+05	2.881198e+02	1.003473e-01	-7.020986e-03	0.000000e+00	
6.295048e-01	7.764039e-02	1.225047e+00	4.167196e+01	3.639074e+00	2.540142e+05	1.013200e+05	2.881198e+02	1.003473e-01	-7.015120e-03	0.000000e+00	
6.122755e-01	1.046277e-01	1.225047e+00	4.167186e+01	3.637808e+00	2.540142e+05	1.013200e+05	2.881198e+02	1.003468e-01	-7.011881e-03	0.000000e+00	
5.941491e-01	1.326517e-01	1.225047e+00	4.167155e+01	3.636218e+00	2.540142e+05	1.013200e+05	2.881198e+02	1.003457e-01	-7.004380e-03	0.000000e+00	
6.624907e-01	2.584135e-02	1.225046e+00	4.167157e+01	3.640914e+00	2.540142e+05	1.013200e+05	2.881198e+02	1.003467e-01	-7.024312e-03	0.000000e+00	
6.786080e-01	3.631911e-04	1.225046e+00	4.167116e+01	3.641592e+00	2.540142e+05	1.013200e+05	2.881198e+02	1.003459e-01	-7.028087e-03	0.000000e+00	
6.945407e-01	-2.513026e-02	1.225046e+00	4.167075e+01	3.642166e+00	2.540142e+05	1.013200e+05	2.881198e+02	1.003451e-01	-7.031024e-03	0.000000e+00	
7.101728e-01	-5.074033e-02	1.225046e+00	4.167046e+01	3.642662e+00	2.540142e+05	1.013200e+05	2.881198e+02	1.003445e-01	-7.033320e-03	0.000000e+00	
7.251377e-01	-7.651801e-02	1.225046e+00	4.167038e+01	3.643098e+00	2.540142e+05	1.013200e+05	2.881198e+02	1.003444e-01	-7.035750e-03	0.000000e+00	
7.384794e-01	-1.024869e-01	1.225046e+00	4.167053e+01	3.643450e+00	2.540142e+05	1.013200e+05	2.881198e+02	1.003448e-01	-7.035889e-03	0.000000e+00	
7.482610e-01	-1.310019e-01	1.225046e+00	4.167085e+01	3.643697e+00	2.540142e+05	1.013200e+05	2.881198e+02	1.003456e-01	-7.038910e-03	0.000000e+00	
6.060606e-01	1.570790e-01	1.225047e+00	4.167113e+01	3.637279e+00	2.540142e+05	1.013200e+05	2.881198e+02	1.003449e-01	-7.007599e-03	0.000000e+00	
6.752854e-01	5.198514e-02	1.225046e+00	4.167183e+01	3.641527e+00	2.540142e+05	1.013200e+05	2.881198e+02	1.003475e-01	-7.027172e-03	0.000000e+00	
6.587012e-01	7.805669e-02	1.225046e+00	4.167195e+01	3.640780e+00	2.540142e+05	1.013200e+05	2.881198e+02	1.003476e-01	-7.023244e-03	0.000000e+00	
6.416325e-01	1.048808e-01	1.225046e+00	4.167185e+01	3.639845e+00	2.540142e+05	1.013200e+05	2.881198e+02	1.003472e-01	-7.020444e-03	0.000000e+00	
6.238689e-01	1.326225e-01	1.225046e+00	4.167156e+01	3.638681e+00	2.540142e+05	1.013200e+05	2.881198e+02	1.003463e-01	-7.015771e-03	0.000000e+00	
6.915488e-01	2.633363e-02	1.225046e+00	4.167153e+01	3.642133e+00	2.540142e+05	1.013200e+05	2.881198e+02	1.003469e-01	-7.029712e-03	0.000000e+00	
7.075574e-01	8.138446e-04	1.225046e+00	4.167113e+01	3.642627e+00	2.540142e+05	1.013200e+05	2.881198e+02	1.003461e-01	-7.032503e-03	0.000000e+00	
7.232478e-01	-2.475146e-02	1.225046e+00	4.167073e+01	3.643045e+00	2.540142e+05	1.013200e+05	2.881198e+02	1.003452e-01	-7.034816e-03	0.000000e+00	
7.383852e-01	-5.048270e-02	1.225046e+00	4.167047e+01	3.643407e+00	2.540142e+05	1.013200e+05	2.881198e+02	1.003446e-01	-7.036437e-03	0.000000e+00	
7.525042e-01	-7.657721e-02	1.225046e+00	4.167041e+01	3.643720e+00	2.540142e+05	1.013200e+05	2.881198e+02	1.003446e-01	-7.037923e-03	0.000000e+00	
7.650107e-01	-1.037373e-01	1.225046e+00	4.167057e+01	3.643981e+00	2.540142e+05	1.013200e+05	2.881198e+02	1.003450e-01	-7.038924e-03	0.000000e+00	
7.761967e-01	-1.320332e-01	1.225046e+00	4.167090e+01	3.644202e+00	2.540142e+05	1.013200e+05	2.881198e+02	1.003458e-01	-7.036267e-03	0.000000e+00	
6.363636e-01	1.570790e-01	1.225046e+00	4.167116e+01	3.639494e+00	2.540142e+05	1.013200e+05	2.881198e+02	1.003455e-01	-7.017029e-03	0.000000e+00	
7.046137e-01	5.236010e-02	1.225046e+00	4.167180e+01	3.642609e+00	2.540142e+05	1.013200e+05	2.881198e+02	1.003477e-01	-7.031821e-03	0.000000e+00	
6.881221e-01	7.838130e-02	1.225046e+00	4.167194e+01	3.642063e+00	2.540142e+05	1.013200e+05	2.881197e+02	1.003479e-01	-7.027973e-03	0.000000e+00	
6.712215e-01	1.050516e-01	1.225046e+00	4.167186e+01	3.641373e+00	2.540142e+05	1.013200e+05	2.881198e+02	1.003475e-01	-7.026563e-03	0.000000e+00	
6.537730e-01	1.325331e-01	1.225046e+00	4.167158e+01	3.640524e+00	2.540142e+05	1.013200e+05	2.881198e+02	1.003467e-01	-7.021178e-03	0.000000e+00	
7.207965e-01	2.668053e-02	1.225046e+00	4.167149e+01	3.643049e+00	2.540142e+05	1.013200e+05	2.881198e+02	1.003470e-01	-7.033651e-03	0.000000e+00	
7.366731e-01	1.084072e-03	1.225046e+00	4.167109e+01	3.643406e+00	2.540142e+05	1.013200e+05	2.881198e+02	1.003461e-01	-7.035911e-03	0.000000e+00	
7.521187e-01	-2.459196e-02	1.225046e+00	4.167071e+01	3.643708e+00	2.540142e+05	1.013200e+05	2.881198e+02	1.003453e-01	-7.037677e-03	0.000000e+00	
7.668818e-01	-5.050307e-02	1.225046e+00	4.167047e+01	3.643972e+00	2.540142e+05	1.013200e+05	2.881198e+02	1.003448e-01	-7.039141e-03	0.000000e+00	
7.806758e-01	-7.696070e-02	1.225046e+00	4.167043e+01	3.644205e+00	2.540142e+05	1.013200e+05	2.881198e+02	1.003447e-01	-7.039952e-03	0.000000e+00	
7.934764e-01	-1.042277e-01	1.225046e+00	4.167061e+01	3.644417e+00	2.540142e+05	1.013200e+05	2.881198e+02	1.003452e-01	-7.041863e-03	0.000000e+00	
8.056234e-01	-1.323104e-01	1.225046e+00	4.167095e+01	3.644604e+00	2.540142e+05	1.013200e+05	2.881198e+02	1.003461e-01	-7.040435e-03	0.000000e+00	
6.666667e-01	1.570790e-01	1.225046e+00	4.167119e+01	3.641132e+00	2.540142e+05	1.013200e+05	2.881198e+02	1.003459e-01	-7.025176e-03	0.000000e+00	
7.341438e-01	5.261264e-02	1.225046e+00	4.167177e+01	3.643419e+00	2.540142e+05	1.013200e+05	2.881197e+02	1.003478e-01	-7.035168e-03	0.000000e+00	
7.177416e-01	7.861555e-02	1.225046e+00	4.167192e+01	3.643021e+00	2.540142e+05	1.013200e+05	2.881197e+02	1.003480e-01	-7.032742e-03	0.000000e+00	
7.009847e-01	1.051638e-01	1.225046e+00	4.167186e+01	3.642508e+00	2.540142e+05	1.013200e+05	2.881198e+02	1.003478e-01	-7.032779e-03	0.000000e+00	
6.837860e-01	1.324207e-01	1.225046e+00	4.167160e+01	3.641882e+00	2.540142e+05	1.013200e+05	2.881198e+02	1.003470e-01	-7.028292e-03	0.000000e+00	
7.502378e-01	2.687741e-02	1.225046e+00	4.167145e+01	3.643735e+00	2.540142e+05	1.013200e+05	2.881198e+02	1.003471e-01	-7.036797e-03	0.000000e+00	
7.659810e-01	1.188097e-03	1.225046e+00	4.167105e+01	3.643991e+00	2.540142e+05	1.013200e+05	2.881198e+02	1.003462e-01	-7.038440e-03	0.000000e+00	
7.812375e-01	-2.459716e-02	1.225046e+00	4.167069e+01	3.644209e+00	2.540142e+05	1.013200e+05	2.881198e+02	1.003454e-01	-7.039776e-03	0.000000e+00	
7.958336e-01	-5.063560e-02	1.225046e+00	4.167047e+01	3.644404e+00	2.540142e+05	1.013200e+05	2.881198e+02	1.003449e-01	-7.040999e-03	0.000000e+00	
8.096809e-01	-7.714988e-02	1.225046e+00	4.167046e+01	3.644582e+00	2.540142e+05	1.013200e+05	2.881198e+02	1.003449e-01	-7.041164e-03	0.000000e+00	
8.228497e-01	-1.043695e-01	1.225046e+00	4.167065e+01	3.644753e+00	2.540142e+05	1.013200e+05	2.881198e+02	1.003454e-01	-7.042363e-03	0.000000e+00	
8.355531e-01	-1.323662e-01	1.225046e+00	4.167100e+01	3.644907e+00	2.540142e+05	1.013200e+05	2.881198e+02	1.003462e-01	-7.041359e-03	0.000000e+00	
6.969697e-01	1.570790e-01	1.225046e+00	4.167123e+01	3.642327e+00	2.540142e+05	1.013200e+05	2.881198e+02	1.003462e-01	-7.025913e-03	0.000000e+00	
7.638520e-01	5.275488e-02	1.225046e+00	4.167174e+01	3.644023e+00	2.540142e+05	1.013200e+05	2.881197e+02	1.003478e-01	-7.037642e-03	0.000000e+00	
7.475347e-01	7.876288e-02	1.225046e+00	4.167191e+01	3.643735e+00	2.540142e+05	1.013200e+05	2.881197e+02	1.003482e-01	-7.035988e-03	0.000000e+00	
7.308928e-01	1.052217e-01	1.225046e+00	4.167188e+01	3.643362e+00	2.540142e+05	1.013200e+05	2.881197e+02	1.003480e-01	-7.035200e-03	0.000000e+00	
7.138812e-01	1.322910e-01	1.225046e+00	4.167164e+01	3.642891e+00	2.540142e+05	1.013200e+05	2.881198e+02	1.003473e-01	-7.029295e-03	0.000000e+00	
7.798524e-01	2.695658e-02	1.225046e+00	4.167141e+01	3.644247e+00	2.540142e+05	1.013200e+05	2.881198e+02	1.003471e-01	-7.039080e-03	0.000000e+00	
7.954771e-01	1.189814e-03	1.225046e+00	4.167102e+01	3.644429e+00	2.540142e+05	1.013200e+05	2.881198e+02	1.003462e-01	-7.040377e-03	0.000000e+00	
8.106223e-01	-2.465414e-02	1.225046e+00	4.167067e+01	3.644585e+00	2.540142e+05	1.013200e+05	2.881198e+02	1.003454e-01	-7.041435e-03	0.000000e+00	
8.252046e-01	-5.070008e-02	1.225046e+00	4.167048e+01	3.644731e+00	2.540142e+05	1.013200e+05	2.881198e+02	1.003449e-01	-7.042497e-03	0.000000e+00	
8.392180e-01	-7.716484e-02	1.225046e+00	4.167048e+01	3.644871e+00	2.540142e+05	1.013200e+05	2.881198e+02	1.003450e-01	-7.042661e-03	0.000000e+00	
8.527187e-01	-1.043175e-01	1.225046e+00	4.167069e+01	3.645009e+00	2.540142e+05	1.013200e+05	2.881198e+02	1.003455e-01	-7.043597e-03	0.000000e+00	
8.657767e-01	-1.323253e-01	1.225046e+00	4.167104e+01	3.645135e+00	2.540142e+05	1.013200e+05	2.881198e+02	1.003464e-01	-7.042570e-03	0.000000e+00	
7.272727e-01	1.570790e-01	1.225046e+00	4.167122e+01	3.643238e+00	2.540142e+05	1.013200e+05	2.881198e+02	1.003464e-01	-7.035342e-03	0.000000e+00	
7.936931e-01	5.282327e-02	1.225046e+00	4.167170e+01	3.644474e+00	2.540142e+05	1.013200e+05	2.881197e+02	1.003478e-01	-7.039462e-03	0.000000e+00	
7.774636e-01	7.883985e-02	1.225046e+00	4.167189e+01	3.644269e+00	2.540142e+05	1.013200e+05	2.881197e+02	1.003482e-01	-7.038847e-03	0.000000e+00	
7.609186e-01	1.052298e-01	1.225046e+00	4.167188e+01	3.644006e+00	2.540142e+05	1.013200e+05	2.881197e+02	1.003481e-01	-7.036413e-03	0.000000e+00	
7.440437e-01	1.321421e-01	1.225046e+00	4.167166e+01	3.643664e+00	2.540142e+05	1.013200e+05	2.881198e+02	1.003475e-01	-7.038352e-03	0.000000e+00	
8.095982e-01	2.697943e-02	1.225046e+00	4.167137e+01	3.644629e+00	2.540142e+05	1.013200e+05	2.881198e+02	1.003471e-01	-7.040818e-03	0.000000e+00	
8.251347e-01	1.174335e-03	1.225046e+00	4.167098e+01	3.644756e+00	2.540142e+05	1.013200e+05	2.881198e+02	1.003462e-01	-7.041850e-03	0.000000e+00	
8.402510e-01	-2.466652e-02	1.225046e+00	4.167066e+01	3.644868e+00	2.540142e+05	1.013200e+05	2.881198e+02	1.003454e-01	-7.042594e-03	0.000000e+00	
8.549303e-01	-5.065069e-02	1.225046e+00	4.167048e+01	3.644978e+00	2.540142e+05	1.013200e+05	2.881198e+02	1.003450e-01	-7.043496e-03	0.000000e+00	
8.692042e-01	-7.700321e-02	1.225046e+00	4.167051e+01	3.645089e+00	2.540142e+05	1.013200e+05	2.881198e+02	1.003451e-01	-7.043643e-03	0.000000e+00	
8.830687e-01	-1.040594e-01	1.225046e+00	4.167073e+01	3.645203e+00	2.540142e+05	1.013200e+05	2.881198e+02	1.003456e-01	-7.044199e-03	0.000000e+00	
8.963711e-01	-1.321240e-01	1.225046e+00	4.167107e+01	3.645307e+00	2.540142e+05	1.013200e+05	2.881198e+02	1.003465e-01	-7.043405e-03	0.000000e+00	
7.575758e-01	1.570790e-01	1.225046e+00	4.167128e+01	3.643936e+00	2.540142e+05	1.013200e+05	2.881198e+02	1.003467e-01	-7.040635e-03	0.000000e+00	
8.236114e-01	5.287099e-02	1.225046e+00	4.167167e+01	3.644807e+00	2.540142e+05	1.013200e+05	2.881197e+02	1.003478e-01	-7.041017e-03	0.000000e+00	
8.074754e-01	7.887929e-02	1.225046e+00	4.167187e+01	3.644666e+00	2.540142e+05	1.013200e+05	2.881197e+02	1.003483e-01	-7.040245e-03	0.000000e+00	
7.910259e-01	1.052021e-01	1.225046e+00	4.167187e+01	3.644479e+00	2.540142e+05	1.013200e+05	2.881197e+02	1.003482e-01	-7.039116e-03	0.000000e+00	
7.742579e-01	1.319754e-01	1.225046e+00	4.167166e+01	3.644233e+00	2.540142e+05	1.013200e+05	2.881198e+02	1.003477e-01	-7.038913e-03	0.000000e+00	
8.394432e-01	2.701333e-02	1.225046e+00	4.167133e+01	3.644913e+00	2.540142e+05	1.013200e+05	2.881198e+02	1.003470e-01	-7.042029e-03	0.000000e+00	
8.549686e-01	1.205787e-03	1.225046e+00	4.167095e+01	3.645000e+00	2.540142e+05	1.013200e+05	2.881198e+02	1.003461e-01	-7.042889e-03	0.000000e+00	
8.701905e-01	-2.459555e-02	1.225046e+00	4.167065e+01	3.645082e+00	2.540142e+05	1.013200e+05	2.881198e+02	1.003454e-01	-7.043714e-03	0.000000e+00	
8.851185e-01	-5.044539e-02	1.225046e+00	4.167049e+01	3.645166e+00	2.540142e+05	1.013200e+05	2.881198e+02	1.003451e-01	-7.044007e-03	0.000000e+00	
8.998372e-01	-7.653729e-02	1.225046e+00	4.167054e+01	3.645256e+00	2.540142e+05	1.013200e+05	2.881198e+02	1.003452e-01	-7.044124e-03	0.000000e+00	
9.141885e-01	-1.033332e-01	1.225046e+00	4.167076e+01	3.645350e+00	2.540142e+05	1.013200e+05	2.881198e+02	1.003458e-01	-7.044965e-03	0.000000e+00	
9.277233e-01	-1.314335e-01	1.225046e+00	4.167110e+01	3.645437e+00	2.540142e+05	1.013200e+05	2.881198e+02	1.003466e-01	-7.043957e-03	0.000000e+00	
7.878788e-01	1.570790e-01	1.225046e+00	4.167131e+01	3.644419e+00	2.540142e+05	1.013200e+05	2.881198e+02	1.003469e-01	-7.039263e-03	0.000000e+00	
8.535875e-01	5.294877e-02	1.225046e+00	4.167163e+01	3.645055e+00	2.540142e+05	1.013200e+05	2.881197e+02	1.003478e-01	-7.042124e-03	0.000000e+00	
8.375205e-01	7.892256e-02	1.225046e+00	4.167184e+01	3.644959e+00	2.540142e+05	1.013200e+05	2.881197e+02	1.003483e-01	-7.041688e-03	0.000000e+00	
8.211725e-01	1.051646e-01	1.225046e+00	4.167186e+01	3.644827e+00	2.540142e+05	1.013200e+05	2.881197e+02	1.003483e-01	-7.040276e-03	0.000000e+00	
8.045038e-01	1.318003e-01	1.225046e+00	4.167167e+01	3.644644e+00	2.540142e+05	1.013200e+05	2.881198e+02	1.003478e-01	-7.041062e-03	0.000000e+00	
8.694488e-01	2.710397e-02	1.225046e+00	4.167129e+01	3.645125e+00	2.540142e+05	1.013200e+05	2.881198e+02	1.003470e-01	-7.043042e-03	0.000000e+00	
8.851518e-01	1.297485e-03	1.225046e+00	4.167093e+01	3.645184e+00	2.540142e+05	1.013200e+05	2.881198e+02	1.003461e-01	-7.043796e-03	0.000000e+00	
9.007119e-01	-2.445204e-02	1.225046e+00	4.167064e+01	3.645244e+00	2.540142e+05	1.013200e+05	2.881198e+02	1.003454e-01	-7.044115e-03	0.000000e+00	
9.160569e-01	-4.999914e-02	1.225046e+00	4.167050e+01	3.645309e+00	2.540142e+05	1.013200e+05	2.881198e+02	1.003451e-01	-7.045488e-03	0.000000e+00	
9.315577e-01	-7.533357e-02	1.225046e+00	4.167056e+01	3.645378e+00	2.540142e+05	1.013200e+05	2.881198e+02	1.003453e-01	-7.044997e-03	0.000000e+00	
9.467058e-01	-1.014064e-01	1.225046e+00	4.167079e+01	3.645458e+00	2.540142e+05	1.013200e+05	2.881198e+02	1.003458e-01	-7.044803e-03	0.000000e+00	
9.614821e-01	-1.294080e-01	1.225046e+00	4.167112e+01	3.645535e+00	2.540142e+05	1.013200e+05	2.881198e+02	1.003467e-01	-7.044994e-03	0.000000e+00	
8.181818e-01	1.570790e-01	1.225046e+00	4.167135e+01	3.644779e+00	2.540142e+05	1.013200e+05	2.881198e+02	1.003470e-01	-7.041381e-03	0.000000e+00	
8.837121e-01	5.308185e-02	1.225046e+00	4.167160e+01	3.645239e+00	2.540142e+05	1.013200e+05	2.881197e+02	1.003477e-01	-7.042947e-03	0.000000e+00	
8.676037e-01	7.899727e-02	1.225046e+00	4.167182e+01	3.645175e+00	2.540142e+05	1.013200e+05	2.881197e+02	1.003482e-01	-7.042374e-03	0.000000e+00	
8.513373e-01	1.051445e-01	1.225046e+00	4.167185e+01	3.645083e+00	2.540142e+05	1.013200e+05	2.881197e+02	1.003483e-01	-7.041735e-03	0.000000e+00	
8.347649e-01	1.316331e-01	1.225046e+00	4.167168e+01	3.644950e+00	2.540142e+05	1.013200e+05	2.881197e+02	1.003479e-01	-7.041935e-03	0.000000e+00	
8.998698e-01	2.725997e-02	1.225046e+00	4.167126e+01	3.645284e+00	2.540142e+05	1.013200e+05	2.881198e+02	1.003469e-01	-7.043657e-03	0.000000e+00	
9.160934e-01	1.382249e-03	1.225046e+00	4.167090e+01	3.645325e+00	2.540142e+05	1.013200e+05	2.881198e+02	1.003461e-01	-7.044548e-03	0.000000e+00	
9.322763e-01	-2.439173e-02	1.225046e+00	4.167063e+01	3.645370e+00	2.540142e+05	1.013200e+05	2.881198e+02	1.003454e-01	-7.045046e-03	0.000000e+00	
9.478007e-01	-4.919721e-02	1.225046e+00	4.167052e+01	3.645414e+00	2.540142e+05	1.013200e+05	2.881198e+02	1.003452e-01	-7.042700e-03	0.000000e+00	
9.652157e-01	-7.205655e-02	1.225046e+00	4.167057e+01	3.645466e+00	2.540142e+05	1.013200e+05	2.881198e+02	1.003453e-01	-7.045820e-03	0.000000e+00	
9.799017e-01	-9.700934e-02	1.225046e+00	4.167079e+01	3.645526e+00	2.540142e+05	1.013200e+05	2.881198e+02	1.003459e-01	-7.047648e-03	0.000000e+00	
1.000000e+00	-1.256632e-01	1.225046e+00	4.167114e+01	3.645601e+00	2.540142e+05	1.013200e+05	2.881198e+02	1.003467e-01	-7.045880e-03	0.000000e+00	
8.484848e-01	1.570790e-01	1.225046e+00	4.167138e+01	3.645045e+00	2.540142e+05	1.013200e+05	2.881198e+02	1.003472e-01	-7.042111e-03	0.000000e+00	
9.141938e-01	5.326970e-02	1.225046e+00	4.167156e+01	3.645376e+00	2.540142e+05	1.013200e+05	2.881197e+02	1.003477e-01	-7.043675e-03	0.000000e+00	
8.978201e-01	7.908280e-02	1.225046e+00	4.167179e+01	3.645335e+00	2.540142e+05	1.013200e+05	2.881197e+02	1.003482e-01	-7.043677e-03	0.000000e+00	
8.815753e-01	1.051400e-01	1.225046e+00	4.167184e+01	3.645273e+00	2.540142e+05	1.013200e+05	2.881197e+02	1.003483e-01	-7.042321e-03	0.000000e+00	
8.650587e-01	1.314865e-01	1.225046e+00	4.167169e+01	3.645175e+00	2.540142e+05	1.013200e+05	2.881197e+02	1.003479e-01	-7.042931e-03	0.000000e+00	
9.312219e-01	2.749540e-02	1.225046e+00	4.167122e+01	3.645405e+00	2.540142e+05	1.013200e+05	2.881198e+02	1.003469e-01	-7.044293e-03	0.000000e+00	
9.484109e-01	1.210040e-03	1.225046e+00	4.167088e+01	3.645428e+00	2.540142e+05	1.013200e+05	2.881198e+02	1.003460e-01	-7.044611e-03	0.000000e+00	
9.656959e-01	-2.530992e-02	1.225046e+00	4.167061e+01	3.645457e+00	2.540142e+05	1.013200e+05	2.881198e+02	1.003454e-01	-7.045880e-03	0.000000e+00	
9.763141e-01	-4.816707e-02	1.225046e+00	4.167050e+01	3.645481e+00	2.540141e+05	1.013200e+05	2.881198e+02	1.003452e-01	-7.048572e-03	0.000000e+00	
1.000000e+00	-6.283160e-02	1.225046e+00	4.167056e+01	3.645540e+00	2.540142e+05	1.013200e+05	2.881198e+02	1.003453e-01	-7.042454e-03	0.000000e+00	
1.000000e+00	-9.424740e-02	1.225046e+00	4.167078e+01	3.645560e+00	2.540142e+05	1.013200e+05	2.881198e+02	1.003459e-01	-7.039894e-03	0.000000e+00	
8.787879e-01	1.570790e-01	1.225046e+00	4.167141e+01	3.645244e+00	2.540142e+05	1.013200e+05	2.881198e+02	1.003473e-01	-7.043123e-03	0.000000e+00	
9.281824e-01	7.908541e-02	1.225046e+00	4.167177e+01	3.645451e+00	2.540142e+05	1.013200e+05	2.881197e+02	1.003482e-01	-7.042821e-03	0.000000e+00	
9.451111e-01	5.358357e-02	1.225046e+00	4.167153e+01	3.645477e+00	2.540142e+05	1.013200e+05	2.881197e+02	1.003476e-01	-7.044726e-03	0.000000e+00	
9.120737e-01	1.050604e-01	1.225046e+00	4.167183e+01	3.645414e+00	2.540142e+05	1.013200e+05	2.881197e+02	1.003483e-01	-7.043318e-03	0.000000e+00	
8.955075e-01	1.313365e-01	1.225046e+00	4.167170e+01	3.645343e+00	2.540142e+05	1.013200e+05	2.881197e+02	1.003480e-01	-7.043408e-03	0.000000e+00	
9.649304e-01	2.816515e-02	1.225046e+00	4.167119e+01	3.645491e+00	2.540142e+05	1.013200e+05	2.881198e+02	1.003468e-01	-7.044868e-03	0.000000e+00	
9.807490e-01	2.193257e-04	1.225046e+00	4.167084e+01	3.645502e+00	2.540142e+05	1.013200e+05	2.881198e+02	1.003460e-01	-7.047257e-03	0.000000e+00	
1.000000e+00	-3.141580e-02	1.225046e+00	4.167058e+01	3.645527e+00	2.540142e+05	1.013200e+05	2.881198e+02	1.003454e-01	-7.042659e-03	0.000000e+00	
9.090909e-01	1.570790e-01	1.225046e+00	4.167144e+01	3.645393e+00	2.540142e+05	1.013200e+05	2.881198e+02	1.003474e-01	-7.043236e-03	0.000000e+00	
9.431834e-01	1.046309e-01	1.225046e+00	4.167182e+01	3.645512e+00	2.540142e+05	1.013200e+05	2.881197e+02	1.003483e-01	-7.043399e-03	0.000000e+00	
9.573897e-01	7.889033e-02	1.225046e+00	4.167173e+01	3.645528e+00	2.540142e+05	1.013200e+05	2.881197e+02	1.003481e-01	-7.046734e-03	0.000000e+00	
9.754257e-01	5.433421e-02	1.225046e+00	4.167151e+01	3.645547e+00	2.540142e+05	1.013200e+05	2.881197e+02	1.003476e-01	-7.045042e-03	0.000000e+00	
9.265813e-01	1.310281e-01	1.225046e+00	4.167171e+01	3.645469e+00	2.540142e+05	1.013200e+05	2.881197e+02	1.003480e-01	-7.044205e-03	0.000000e+00	
1.000000e+00	3.141580e-02	1.225046e+00	4.167119e+01	3.645573e+00	2.540142e+05	1.013200e+05	2.881198e+02	1.003468e-01	-7.043428e-03	0.000000e+00	
1.000000e+00	0.000000e+00	1.225046e+00	4.167083e+01	3.645544e+00	2.540142e+05	1.013200e+05	2.881198e+02	1.003460e-01	-7.040753e-03	0.000000e+00	
9.393939e-01	1.570790e-01	1.225046e+00	4.167146e+01	3.645507e+00	2.540142e+05	1.013200e+05	2.881198e+02	1.003474e-01	-7.044312e-03	0.000000e+00	
9.608806e-01	1.298351e-01	1.225046e+00	4.167172e+01	3.645562e+00	2.540142e+05	1.013200e+05	2.881197e+02	1.003481e-01	-7.044011e-03	0.000000e+00	
9.743259e-01	1.035590e-01	1.225046e+00	4.167180e+01	3.645583e+00	2.540142e+05	1.013200e+05	2.881197e+02	1.003483e-01	-7.042460e-03	0.000000e+00	
9.816804e-01	7.833303e-02	1.225046e+00	4.167173e+01	3.645579e+00	2.540142e+05	1.013200e+05	2.881197e+02	1.003481e-01	-7.042036e-03	0.000000e+00	
1.000000e+00	6.283160e-02	1.225046e+00	4.167156e+01	3.645605e+00	2.540142e+05	1.013200e+05	2.881197e+02	1.003477e-01	-7.046614e-03	0.000000e+00	
9.696970e-01	1.570790e-01	1.225046e+00	4.167148e+01	3.645588e+00	2.540142e+05	1.013200e+05	2.881198e+02	1.003475e-01	-7.042996e-03	0.000000e+00	
1.000000e+00	1.256632e-01	1.225046e+00	4.167172e+01	3.645647e+00	2.540142e+05	1.013200e+05	2.881197e+02	1.003481e-01	-7.046849e-03	0.000000e+00	
1.000000e+00	9.424740e-02	1.225046e+00	4.167176e+01	3.645633e+00	2.540142e+05	1.013200e+05	2.881197e+02	1.003482e-01	-7.047773e-03	0.000000e+00	
1.000000e+00	1.570790e-01	1.225046e+00	4.167149e+01	3.645633e+00	2.540142e+05	1.013200e+05	2.881198e+02	1.003476e-01	-7.048888e-03	0.000000e+00	
0.000000e+00	-1.570790e-01	1.225105e+00	4.167695e+01	1.578195e-01	2.540248e+05	1.013264e+05	2.881240e+02	9.997402e-02	1.931802e-03	0.000000e+00	
3.030303e-02	-1.570790e-01	1.225114e+00	4.167321e+01	9.730170e-01	2.540268e+05	1.013271e+05	2.881238e+02	9.999083e-02	2.922389e-03	0.000000e+00	
6.060606e-02	-1.570790e-01	1.225099e+00	4.167631e+01	1.665921e+00	2.540239e+05	1.013256e+05	2.881231e+02	1.000522e-01	7.913889e-04	0.000000e+00	
9.090909e-02	-1.570790e-01	1.225075e+00	4.167298e+01	2.175169e+00	2.540191e+05	1.013233e+05	2.881226e+02	1.001026e-01	-2.335496e-03	0.000000e+00	
1.212121e-01	-1.570790e-01	1.225073e+00	4.167069e+01	2.560520e+00	2.540189e+05	1.013230e+05	2.881220e+02	1.001498e-01	-2.817332e-03	0.000000e+00	
1.515152e-01	-1.570790e-01	1.225067e+00	4.167209e+01	2.838644e+00	2.540179e+05	1.013223e+05	2.881215e+02	1.001968e-01	-3.767953e-03	0.000000e+00	
1.818182e-01	-1.570790e-01	1.225058e+00	4.167190e+01	3.056859e+00	2.540162e+05	1.013215e+05	2.881211e+02	1.002341e-01	-4.995478e-03	0.000000e+00	
2.121212e-01	-1.570790e-01	1.225054e+00	4.167062e+01	3.214221e+00	2.540154e+05	1.013210e+05	2.881208e+02	1.002598e-01	-5.651176e-03	0.000000e+00	
2.424242e-01	-1.570790e-01	1.225054e+00	4.167010e+01	3.324671e+00	2.540155e+05	1.013209e+05	2.881205e+02	1.002793e-01	-5.736145e-03	0.000000e+00	
2.727273e-01	-1.570790e-01	1.225052e+00	4.167054e+01	3.407918e+00	2.540151e+05	1.013207e+05	2.881203e+02	1.002966e-01	-6.101697e-03	0.000000e+00	
3.030303e-01	-1.570790e-01	1.225051e+00	4.167049e+01	3.469903e+00	2.540149e+05	1.013205e+05	2.881202e+02	1.003089e-01	-6.327788e-03	0.000000e+00	
3.333333e-01	-1.570790e-01	1.225050e+00	4.167062e+01	3.515709e+00	2.540147e+05	1.013204e+05	2.881201e+02	1.003185e-01	-6.502764e-03	0.000000e+00	
3.636364e-01	-1.570790e-01	1.225049e+00	4.167069e+01	3.549656e+00	2.540146e+05	1.013203e+05	2.881200e+02	1.003256e-01	-6.658749e-03	0.000000e+00	
3.939394e-01	-1.570790e-01	1.225048e+00	4.167073e+01	3.574723e+00	2.540145e+05	1.013202e+05	2.881199e+02	1.003309e-01	-6.748473e-03	0.000000e+00	
4.242424e-01	-1.570790e-01	1.225048e+00	4.167079e+01	3.593266e+00	2.540144e+05	1.013202e+05	2.881199e+02	1.003349e-01	-6.833953e-03	0.000000e+00	
4.545455e-01	-1.570790e-01	1.225047e+00	4.167084e+01	3.606942e+00	2.540143e+05	1.013201e+05	2.881199e+02	1.003379e-01	-6.882036e-03	0.000000e+00	
4.848485e-01	-1.570790e-01	1.225047e+00	4.167085e+01	3.616896e+00	2.540143e+05	1.013201e+05	2.881198e+02	1.003400e-01	-6.937868e-03	0.000000e+00	
5.151515e-01	-1.570790e-01	1.225047e+00	4.167097e+01	3.624521e+00	2.540143e+05	1.013201e+05	2.881198e+02	1.003419e-01	-6.945735e-03	0.000000e+00	
5.454545e-01	-1.570790e-01	1.225047e+00	4.167103e+01	3.630275e+00	2.540143e+05	1.013201e+05	2.881198e+02	1.003432e-01	-6.972711e-03	0.000000e+00	
5.757576e-01	-1.570790e-01	1.225047e+00	4.167109e+01	3.634288e+00	2.540142e+05	1.013200e+05	2.881198e+02	1.003442e-01	-6.993621e-03	0.000000e+00	
6.060606e-01	-1.570790e-01	1.225047e+00	4.167113e+01	3.637279e+00	2.540142e+05	1.013200e+05	2.881198e+02	1.003449e-01	-7.007599e-03	0.000000e+00	
6.363636e-01	-1.570790e-01	1.225046e+00	4.167116e+01	3.639494e+00	2.540142e+05	1.013200e+05	2.881198e+02	1.003455e-01	-7.017029e-03	0.000000e+00	
6.666667e-01	-1.570790e-01	1.225046e+00	4.167119e+01	3.641132e+00	2.540142e+05	1.013200e+05	2.881198e+02	1.003459e-01	-7.025176e-03	0.000000e+00	
6.969697e-01	-1.570790e-01	1.225046e+00	4.167123e+01	3.642327e+00	2.540142e+05	1.013200e+05	2.881198e+02	1.003462e-01	-7.025913e-03	0.000000e+00	
7.272727e-01	-1.570790e-01	1.225046e+00	4.167122e+01	3.643238e+00	2.540142e+05	1.013200e+05	2.881198e+02	1.003464e-01	-7.035342e-03	0.000000e+00	
7.575758e-01	-1.570790e-01	1.225046e+00	4.167128e+01	3.643936e+00	2.540142e+05	1.013200e+05	2.881198e+02	1.003467e-01	-7.040635e-03	0.000000e+00	
7.878788e-01	-1.570790e-01	1.225046e+00	4.167131e+01	3.644419e+00	2.540142e+05	1.013200e+05	2.881198e+02	1.003469e-01	-7.039263e-03	0.000000e+00	
8.181818e-01	-1.570790e-01	1.225046e+00	4.167135e+01	3.644779e+00	2.540142e+05	1.013200e+05	2.881198e+02	1.003470e-01	-7.041381e-03	0.000000e+00	
8.484848e-01	-1.570790e-01	1.225046e+00	4.167138e+01	3.645045e+00	2.540142e+05	1.013200e+05	2.881198e+02	1.003472e-01	-7.042111e-03	0.000000e+00	
8.787879e-01	-1.570790e-01	1.225046e+00	4.167141e+01	3.645244e+00	2.540142e+05	1.013200e+05	2.881198e+02	1.003473e-01	-7.043123e-03	0.000000e+00	
9.090909e-01	-1.570790e-01	1.225046e+00	4.167144e+01	3.645393e+00	2.540142e+05	1.013200e+05	2.881198e+02	1.003474e-01	-7.043236e-03	0.000000e+00	
9.393939e-01	-1.570790e-01	1.225046e+00	4.167146e+01	3.645507e+00	2.540142e+05	1.013200e+05	2.881198e+02	1.003474e-01	-7.044312e-03	0.000000e+00	
1.000000e+00	-1.570790e-01	1.225046e+00	4.167149e+01	3.645633e+00	2.540142e+05	1.013200e+05	2.881198e+02	1.003476e-01	-7.048888e-03	0.000000e+00	
9.696970e-01	-1.570790e-01	1.225046e+00	4.167148e+01	3.645588e+00	2.540142e+05	1.013200e+05	2.881198e+02	1.003475e-01	-7.042996e-03	0.000000e+00	
410	411	1	1
411	2	1	1
2	3	1	1
411	412	2	2
1	3	4	4
2	5	3	3
2	412	6	6
4	3	7	7
5	8	3	3
6	5	2	2
412	413	6	6
3	8	7	7
8	5	9	9
5	6	10	10
6	413	11	11
7	8	12	12
5	10	9	9
9	13	8	8
6	11	10	10
413	414	11	11
8	13	12	12
7	12	14	14
9	10	15	15
9	16	13	13
10	11	17	17
11	414	18	18
12	13	19	19
14	12	19	19
10	17	15	15
15	16	9	9
16	20	13	13
11	18	17	17
414	415	18	18
13	20	19	19
14	19	21	21
15	17	22	22
16	15	23	23
20	16	24	24
17	18	25	25
18	415	26	26
19	20	27	27
19	28	21	21
22	17	25	25
15	22	23	23
16	23	24	24
24	29	20	20
25	18	26	26
416	26	415	415
20	29	27	27
19	27	28	28
21	28	30	30
22	25	31	31
23	22	32	32
24	23	33	33
24	34	29	29
25	26	35	35
416	36	26	26
27	29	37	37
28	27	38	38
28	38	30	30
31	25	35	35
32	22	31	31
23	32	33	33
33	34	24	24
34	39	29	29
35	26	36	36
416	40	36	36
39	37	29	29
37	38	27	27
30	38	41	41
31	35	42	42
32	31	43	43
33	32	44	44
33	45	34	34
39	34	46	46
35	36	47	47
36	40	48	48
40	416	417	417
39	49	37	37
37	50	38	38
38	50	41	41
42	35	47	47
43	31	42	42
44	32	43	43
45	33	44	44
46	34	45	45
46	51	39	39
36	48	47	47
48	40	52	52
52	40	417	417
37	49	50	50
39	51	49	49
41	50	53	53
42	47	54	54
43	42	55	55
44	43	56	56
45	44	57	57
46	45	58	58
46	59	51	51
47	48	60	60
61	48	52	52
52	417	418	418
50	49	62	62
49	51	63	63
50	62	53	53
41	53	64	64
60	54	47	47
55	42	54	54
55	56	43	43
56	57	44	44
58	45	57	57
58	59	46	46
51	59	65	65
60	48	61	61
61	52	66	66
66	52	418	418
49	63	62	62
65	63	51	51
53	62	67	67
53	67	68	68
60	69	54	54
70	55	54	54
71	56	55	55
57	56	72	72
58	57	73	73
59	58	74	74
65	59	75	75
61	76	60	60
77	61	66	66
66	418	419	419
62	63	78	78
65	79	63	63
62	78	80	80
62	80	67	67
64	53	68	68
70	54	69	69
76	69	60	60
71	55	70	70
56	71	72	72
57	72	73	73
58	73	74	74
59	74	75	75
81	65	75	75
77	76	61	61
77	66	82	82
82	66	419	419
79	78	63	63
79	65	81	81
83	80	78	78
80	84	67	67
67	84	85	85
70	69	86	86
69	76	87	87
71	70	88	88
72	71	89	89
73	72	90	90
74	73	91	91
75	74	92	92
81	75	93	93
94	76	77	77
95	77	82	82
420	82	419	419
96	78	79	79
97	79	81	81
96	83	78	78
83	84	80	80
68	67	85	85
69	87	86	86
88	70	86	86
94	87	76	76
71	88	89	89
72	89	90	90
91	73	90	90
74	91	92	92
93	75	92	92
98	81	93	93
94	77	95	95
99	95	82	82
420	99	82	82
97	96	79	79
98	97	81	81
86	87	100	100
101	88	86	86
94	102	87	87
89	88	103	103
90	89	104	104
91	90	105	105
92	91	106	106
93	92	107	107
108	98	93	93
109	94	95	95
110	95	99	99
421	99	420	420
100	87	102	102
101	86	100	100
103	88	101	101
94	109	102	102
89	103	104	104
90	104	105	105
105	106	91	91
107	92	106	106
108	93	107	107
110	109	95	95
111	110	99	99
421	111	99	99
112	100	102	102
113	101	100	100
114	103	101	101
102	109	115	115
116	104	103	103
117	105	104	104
106	105	118	118
107	106	119	119
120	108	107	107
110	121	109	109
122	110	111	111
422	111	421	421
102	115	112	112
113	100	112	112
114	101	113	113
114	116	103	103
121	115	109	109
116	117	104	104
105	117	118	118
119	106	118	118
120	107	119	119
122	121	110	110
123	122	111	111
422	123	111	111
112	115	124	124
112	125	113	113
126	114	113	113
127	116	114	114
121	128	115	115
129	117	116	116
118	117	130	130
119	118	131	131
132	120	119	119
133	121	122	122
123	134	122	122
423	123	422	422
128	124	115	115
112	124	125	125
125	126	113	113
127	114	126	126
129	116	127	127
133	128	121	121
117	129	130	130
131	118	130	130
132	119	131	131
122	134	133	133
134	123	135	135
423	135	123	123
128	136	124	124
125	124	137	137
126	125	138	138
127	126	139	139
140	129	127	127
128	133	141	141
130	129	142	142
131	130	143	143
144	132	131	131
134	145	133	133
146	134	135	135
424	135	423	423
124	136	137	137
141	136	128	128
138	125	137	137
139	126	138	138
127	139	140	140
140	142	129	129
133	145	141	141
143	130	142	142
144	131	143	143
134	146	145	145
146	135	147	147
424	147	135	135
148	137	136	136
141	149	136	136
150	138	137	137
139	138	151	151
139	152	140	140
142	140	153	153
154	141	145	145
143	142	155	155
143	156	144	144
146	157	145	145
158	146	147	147
425	147	424	424
136	149	148	148
148	150	137	137
154	149	141	141
138	150	151	151
152	139	151	151
153	140	152	152
155	142	153	153
145	157	154	154
155	156	143	143
158	157	146	146
159	158	147	147
425	159	147	147
149	160	148	148
148	161	150	150
154	162	149	149
150	163	151	151
152	151	164	164
165	153	152	152
166	155	153	153
157	167	154	154
155	168	156	156
169	157	158	158
159	170	158	158
426	159	425	425
148	160	161	161
149	162	160	160
150	161	163	163
154	167	162	162
151	163	164	164
165	152	164	164
165	166	153	153
166	168	155	155
169	167	157	157
158	170	169	169
159	171	170	170
426	171	159	159
160	172	161	161
162	173	160	160
161	174	163	163
175	162	167	167
164	163	176	176
177	165	164	164
178	166	165	165
166	179	168	168
169	180	167	167
170	181	169	169
171	182	170	170
427	171	426	426
161	172	174	174
160	173	172	172
175	173	162	162
163	174	176	176
167	180	175	175
177	164	176	176
177	178	165	165
178	179	166	166
169	181	180	180
170	182	181	181
171	183	182	182
427	183	171	171
184	174	172	172
185	172	173	173
186	173	175	175
174	187	176	176
188	175	180	180
189	177	176	176
190	178	177	177
178	191	179	179
181	192	180	180
182	193	181	181
183	194	182	182
428	183	427	427
185	184	172	172
184	187	174	174
186	185	173	173
188	186	175	175
187	189	176	176
180	192	188	188
189	190	177	177
190	191	178	178
181	193	192	192
182	194	193	193
183	195	194	194
428	195	183	183
196	184	185	185
184	197	187	187
198	185	186	186
199	186	188	188
200	189	187	187
201	188	192	192
202	190	189	189
190	203	191	191
204	192	193	193
194	205	193	193
195	206	194	194
429	195	428	428
198	196	185	185
196	197	184	184
197	200	187	187
199	198	186	186
201	199	188	188
200	202	189	189
204	201	192	192
202	203	190	190
193	205	204	204
194	206	205	205
195	207	206	206
429	207	195	195
208	196	198	198
196	209	197	197
210	200	197	197
211	198	199	199
212	199	201	201
213	202	200	200
214	201	204	204
202	215	203	203
205	216	204	204
206	217	205	205
207	218	206	206
430	207	429	429
211	208	198	198
208	209	196	196
209	210	197	197
210	213	200	200
212	211	199	199
214	212	201	201
213	215	202	202
204	216	214	214
205	217	216	216
206	218	217	217
207	219	218	218
430	219	207	207
220	208	211	211
221	209	208	208
222	210	209	209
223	213	210	210
224	211	212	212
225	212	214	214
213	226	215	215
227	214	216	216
217	228	216	216
218	229	217	217
219	230	218	218
431	219	430	430
224	220	211	211
220	221	208	208
221	222	209	209
222	223	210	210
223	226	213	213
225	224	212	212
227	225	214	214
216	228	227	227
217	229	228	228
218	230	229	229
219	231	230	230
431	231	219	219
232	220	224	224
233	221	220	220
234	222	221	221
235	223	222	222
223	236	226	226
237	224	225	225
238	225	227	227
239	227	228	228
240	228	229	229
230	241	229	229
231	242	230	230
432	231	431	431
237	232	224	224
232	233	220	220
233	234	221	221
234	235	222	222
235	236	223	223
238	237	225	225
239	238	227	227
240	239	228	228
229	241	240	240
230	242	241	241
231	243	242	242
432	243	231	231
244	232	237	237
245	233	232	232
246	234	233	233
247	235	234	234
247	236	235	235
248	237	238	238
249	238	239	239
250	239	240	240
251	240	241	241
242	252	241	241
243	253	242	242
433	243	432	432
248	244	237	237
244	245	232	232
245	246	233	233
246	247	234	234
247	254	236	236
249	248	238	238
250	249	239	239
251	250	240	240
241	252	251	251
242	253	252	252
243	255	253	253
433	255	243	243
256	244	248	248
257	245	244	244
258	246	245	245
259	247	246	246
259	254	247	247
260	248	249	249
261	249	250	250
262	250	251	251
252	263	251	251
253	264	252	252
255	265	253	253
433	434	255	255
260	256	248	248
256	257	244	244
257	258	245	245
258	259	246	246
259	266	254	254
261	260	249	249
262	261	250	250
251	263	262	262
252	264	263	263
253	265	264	264
255	267	265	265
434	267	255	255
268	256	260	260
269	257	256	256
270	258	257	257
271	259	258	258
271	266	259	259
272	260	261	261
273	261	262	262
274	262	263	263
275	263	264	264
265	276	264	264
267	277	265	265
434	278	267	267
272	268	260	260
268	269	256	256
269	270	257	257
270	271	258	258
271	279	266	266
273	272	261	261
274	273	262	262
275	274	263	263
264	276	275	275
265	277	276	276
267	278	277	277
435	278	434	434
280	268	272	272
281	269	268	268
282	270	269	269
283	271	270	270
283	279	271	271
284	272	273	273
285	273	274	274
286	274	275	275
287	275	276	276
277	288	276	276
278	289	277	277
435	290	278	278
284	280	272	272
280	281	268	268
281	282	269	269
282	283	270	270
283	291	279	279
285	284	273	273
286	285	274	274
287	286	275	275
276	288	287	287
277	289	288	288
278	290	289	289
436	290	435	435
292	280	284	284
293	281	280	280
294	282	281	281
295	283	282	282
295	291	283	283
296	284	285	285
297	285	286	286
298	286	287	287
299	287	288	288
289	300	288	288
290	301	289	289
302	290	436	436
296	292	284	284
292	293	280	280
293	294	281	281
294	295	282	282
295	303	291	291
297	296	285	285
298	297	286	286
299	298	287	287
288	300	299	299
289	301	300	300
302	301	290	290
437	302	436	436
304	292	296	296
305	293	292	292
306	294	293	293
307	295	294	294
307	303	295	295
308	296	297	297
309	297	298	298
310	298	299	299
311	299	300	300
301	312	300	300
302	313	301	301
437	314	302	302
308	304	296	296
304	305	292	292
305	306	293	293
306	307	294	294
307	315	303	303
309	308	297	297
310	309	298	298
311	310	299	299
300	312	311	311
313	312	301	301
314	313	302	302
438	314	437	437
316	304	308	308
317	305	304	304
318	306	305	305
319	307	306	306
319	315	307	307
320	308	309	309
321	309	310	310
322	310	311	311
323	311	312	312
313	324	312	312
314	325	313	313
438	326	314	314
320	316	308	308
316	317	304	304
317	318	305	305
318	319	306	306
319	327	315	315
321	320	309	309
322	321	310	310
323	322	311	311
324	323	312	312
325	324	313	313
326	325	314	314
438	439	326	326
328	316	320	320
329	317	316	316
330	318	317	317
331	319	318	318
331	327	319	319
332	320	321	321
333	321	322	322
334	322	323	323
324	335	323	323
324	325	336	336
337	325	326	326
326	439	338	338
332	328	320	320
328	329	316	316
329	330	317	317
330	331	318	318
331	339	327	327
333	332	321	321
334	333	322	322
335	334	323	323
336	335	324	324
325	337	336	336
337	326	338	338
439	440	338	338
340	328	332	332
341	329	328	328
342	330	329	329
343	331	330	330
343	339	331	331
344	332	333	333
345	333	334	334
335	346	334	334
335	336	347	347
336	337	348	348
338	349	337	337
440	350	338	338
344	340	332	332
340	341	328	328
341	342	329	329
342	343	330	330
343	351	339	339
345	344	333	333
346	345	334	334
347	346	335	335
336	348	347	347
337	349	348	348
338	350	349	349
440	441	350	350
352	340	344	344
353	341	340	340
354	342	341	341
355	343	342	342
355	351	343	343
356	344	345	345
345	346	357	357
346	347	358	358
347	348	359	359
349	360	348	348
349	350	361	361
441	362	350	350
356	352	344	344
352	353	340	340
353	354	341	341
354	355	342	342
355	363	351	351
357	356	345	345
346	358	357	357
347	359	358	358
348	360	359	359
349	361	360	360
350	362	361	361
441	443	362	362
364	352	356	356
365	353	352	352
366	354	353	353
367	355	354	354
367	363	355	355
356	357	368	368
357	358	369	369
358	359	370	370
359	360	371	371
360	361	372	372
361	362	373	373
362	443	374	374
368	364	356	356
364	365	352	352
365	366	353	353
366	367	354	354
367	375	363	363
357	369	368	368
358	370	369	369
359	371	370	370
360	372	371	371
373	372	361	361
373	362	374	374
374	443	442	442
368	376	364	364
377	365	364	364
378	366	365	365
379	367	366	366
379	375	367	367
380	368	369	369
381	369	370	370
371	382	370	370
383	371	372	372
384	372	373	373
385	373	374	374
376	377	364	364
380	376	368	368
377	378	365	365
378	379	366	366
379	386	375	375
380	369	381	381
381	370	382	382
383	382	371	371
384	383	372	372
384	373	385	385
376	387	377	377
388	376	380	380
389	378	377	377
390	379	378	378
390	386	379	379
381	391	380	380
392	381	382	382
393	382	383	383
393	383	384	384
389	377	387	387
388	387	376	376
388	380	391	391
389	390	378	378
390	394	386	386
392	391	381	381
392	382	393	393
387	395	389	389
388	396	387	387
397	388	391	391
398	390	389	389
398	394	390	390
399	391	392	392
400	392	393	393
398	389	395	395
396	395	387	387
397	396	388	388
399	397	391	391
398	401	394	394
399	392	400	400
395	402	398	398
403	395	396	396
404	396	397	397
405	397	399	399
402	401	398	398
403	402	395	395
404	403	396	396
404	397	405	405
406	401	402	402
407	402	403	403
408	403	404	404
408	404	405	405
406	402	407	407
407	403	408	408
409	406	407	407
