/*--------------------------------*- C++ -*----------------------------------*\
  =========                 |
  \\      /  F ield         | OpenFOAM: The Open Source CFD Toolbox
   \\    /   O peration     | Website:  https://openfoam.org
    \\  /    A nd           | Version:  6
     \\/     M anipulation  |
\*---------------------------------------------------------------------------*/
FoamFile
{
    version     2.0;
    format      ascii;
    class       volScalarField;
    location    "100";
    object      p;
}
// * * * * * * * * * * * * * * * * * * * * * * * * * * * * * * * * * * * * * //

dimensions      [0 2 -2 0 0 0 0];

internalField   nonuniform List<scalar> 
4000
(
-1.48674e-09
-1.47812e-09
-1.456e-09
-1.45057e-09
-1.4422e-09
-1.42161e-09
-1.41608e-09
-1.40705e-09
-1.39033e-09
-1.38578e-09
-1.39123e-09
-1.36447e-09
-1.32251e-09
-1.32401e-09
-1.32482e-09
-1.31244e-09
-1.29192e-09
-1.2861e-09
-1.30633e-09
-1.29918e-09
-1.32884e-09
-1.35378e-09
-1.35914e-09
-1.36558e-09
-1.38017e-09
-1.39355e-09
-1.4107e-09
-1.39691e-09
-1.385e-09
-1.39244e-09
-1.39393e-09
-1.4001e-09
-1.41091e-09
-1.40867e-09
-1.40525e-09
-1.40054e-09
-1.40143e-09
-1.39478e-09
-1.38601e-09
-1.38459e-09
-1.36665e-09
-1.33831e-09
-1.32162e-09
-1.31603e-09
-1.31597e-09
-1.29607e-09
-1.282e-09
-1.27225e-09
-1.26558e-09
-1.25392e-09
-1.23101e-09
-1.2157e-09
-1.20327e-09
-1.18821e-09
-1.16659e-09
-1.1556e-09
-1.14529e-09
-1.14014e-09
-1.13803e-09
-1.14343e-09
-1.14573e-09
-1.14868e-09
-1.16848e-09
-1.16483e-09
-1.15334e-09
-1.13926e-09
-1.11732e-09
-1.10514e-09
-1.0768e-09
-1.05453e-09
-1.0524e-09
-1.04774e-09
-1.02321e-09
-9.87909e-10
-9.58412e-10
-9.63572e-10
-9.6728e-10
-9.68645e-10
-9.65607e-10
-9.7686e-10
-9.78749e-10
-9.77707e-10
-9.69818e-10
-9.611e-10
-9.49646e-10
-9.28607e-10
-9.00337e-10
-8.81314e-10
-8.68175e-10
-8.73484e-10
-8.72052e-10
-8.71584e-10
-8.86265e-10
-9.07048e-10
-9.05174e-10
-9.10674e-10
-8.91948e-10
-8.88144e-10
-8.78711e-10
-8.59028e-10
-8.50393e-10
-8.31134e-10
-8.19671e-10
-8.04841e-10
-7.92518e-10
-7.81717e-10
-7.89192e-10
-7.95162e-10
-7.90569e-10
-7.92345e-10
-8.01804e-10
-8.10855e-10
-8.40085e-10
-8.50777e-10
-8.5604e-10
-8.66926e-10
-8.71397e-10
-8.88317e-10
-8.89657e-10
-8.83325e-10
-8.72046e-10
-8.67041e-10
-8.55825e-10
-8.22615e-10
-8.09757e-10
-7.86421e-10
-7.61072e-10
-7.22527e-10
-6.88468e-10
-6.78067e-10
-6.54174e-10
-6.23014e-10
-6.01205e-10
-5.98008e-10
-5.93497e-10
-5.86227e-10
-5.87558e-10
-5.85957e-10
-5.79613e-10
-5.76558e-10
-5.81764e-10
-5.93792e-10
-6.00198e-10
-6.05873e-10
-6.08734e-10
-6.15434e-10
-6.12919e-10
-5.87598e-10
-5.67593e-10
-5.50042e-10
-5.35709e-10
-5.19444e-10
-4.82044e-10
-4.40947e-10
-3.98373e-10
-3.52269e-10
-3.17783e-10
-2.87701e-10
-2.56263e-10
-2.26515e-10
-2.08332e-10
-2.01469e-10
-1.80758e-10
-1.6889e-10
-1.56519e-10
-1.51202e-10
-1.4439e-10
-1.37832e-10
-1.35736e-10
-1.2422e-10
-1.17787e-10
-1.17327e-10
-1.02472e-10
-9.51398e-11
-8.61748e-11
-8.05432e-11
-6.91614e-11
-6.43115e-11
-6.19948e-11
-5.0333e-11
-6.04187e-11
-5.72609e-11
-5.12682e-11
-6.36234e-11
-7.76496e-11
-8.16778e-11
-8.2082e-11
-8.16388e-11
-7.29803e-11
-4.82122e-11
-4.0243e-11
-4.449e-11
-3.92299e-11
-3.75208e-11
-4.17289e-11
-3.67472e-11
-2.24302e-11
-8.17565e-12
1.05957e-12
3.7283e-12
-1.4953e-09
-1.47002e-09
-1.45364e-09
-1.45082e-09
-1.43668e-09
-1.4171e-09
-1.40531e-09
-1.40237e-09
-1.39391e-09
-1.38137e-09
-1.3885e-09
-1.36406e-09
-1.32844e-09
-1.32554e-09
-1.32579e-09
-1.32072e-09
-1.29601e-09
-1.28957e-09
-1.31448e-09
-1.32056e-09
-1.33436e-09
-1.34902e-09
-1.35642e-09
-1.36138e-09
-1.38083e-09
-1.39548e-09
-1.39839e-09
-1.38462e-09
-1.37932e-09
-1.39719e-09
-1.40219e-09
-1.40788e-09
-1.41391e-09
-1.40739e-09
-1.40792e-09
-1.41064e-09
-1.42294e-09
-1.40805e-09
-1.38632e-09
-1.37972e-09
-1.36548e-09
-1.34879e-09
-1.33161e-09
-1.32619e-09
-1.3164e-09
-1.29602e-09
-1.28403e-09
-1.27026e-09
-1.26407e-09
-1.26171e-09
-1.23052e-09
-1.20901e-09
-1.19774e-09
-1.17822e-09
-1.16122e-09
-1.14997e-09
-1.14124e-09
-1.14381e-09
-1.14614e-09
-1.14554e-09
-1.15113e-09
-1.15104e-09
-1.17051e-09
-1.17647e-09
-1.16107e-09
-1.14465e-09
-1.12118e-09
-1.10061e-09
-1.08261e-09
-1.06326e-09
-1.05792e-09
-1.04989e-09
-1.01724e-09
-9.83741e-10
-9.65207e-10
-9.6338e-10
-9.6446e-10
-9.78483e-10
-9.75918e-10
-9.77043e-10
-9.87508e-10
-9.88239e-10
-9.71687e-10
-9.60075e-10
-9.44208e-10
-9.28206e-10
-9.08255e-10
-8.7821e-10
-8.59261e-10
-8.56385e-10
-8.73676e-10
-8.76383e-10
-8.78142e-10
-8.92365e-10
-8.97161e-10
-8.9497e-10
-8.67786e-10
-8.82457e-10
-8.77989e-10
-8.7058e-10
-8.56522e-10
-8.30519e-10
-8.2454e-10
-8.16203e-10
-8.06223e-10
-8.06047e-10
-8.08615e-10
-8.10972e-10
-8.01635e-10
-8.00541e-10
-8.1395e-10
-8.27424e-10
-8.29524e-10
-8.54442e-10
-8.69374e-10
-8.74256e-10
-8.81011e-10
-8.84929e-10
-8.78117e-10
-8.88081e-10
-8.78086e-10
-8.68656e-10
-8.59995e-10
-8.30663e-10
-8.17184e-10
-7.96751e-10
-7.63386e-10
-7.208e-10
-6.97407e-10
-6.8502e-10
-6.60842e-10
-6.27706e-10
-6.06562e-10
-6.03841e-10
-6.01117e-10
-5.99418e-10
-5.99617e-10
-6.02733e-10
-5.91273e-10
-5.83552e-10
-5.74772e-10
-5.85943e-10
-6.00397e-10
-5.95054e-10
-5.88041e-10
-6.14439e-10
-6.1347e-10
-5.90477e-10
-5.70713e-10
-5.59368e-10
-5.47054e-10
-5.30606e-10
-4.92513e-10
-4.50901e-10
-4.03557e-10
-3.53465e-10
-3.15736e-10
-2.94561e-10
-2.59556e-10
-2.24261e-10
-2.11111e-10
-1.99534e-10
-1.8421e-10
-1.75151e-10
-1.63909e-10
-1.42809e-10
-1.45913e-10
-1.39632e-10
-1.25651e-10
-1.16772e-10
-1.15318e-10
-1.05214e-10
-9.42884e-11
-9.27544e-11
-8.54542e-11
-7.67984e-11
-8.32462e-11
-7.5996e-11
-6.90145e-11
-5.91721e-11
-6.42565e-11
-6.95221e-11
-6.27353e-11
-7.49527e-11
-9.05042e-11
-9.39625e-11
-9.05793e-11
-8.3814e-11
-7.69408e-11
-5.7013e-11
-4.3092e-11
-3.54533e-11
-3.61289e-11
-2.85884e-11
-2.60793e-11
-2.34731e-11
-1.39997e-11
4.30843e-12
1.30027e-11
7.80659e-12
-1.47952e-09
-1.47182e-09
-1.45569e-09
-1.44227e-09
-1.43912e-09
-1.42457e-09
-1.4084e-09
-1.40938e-09
-1.39331e-09
-1.37665e-09
-1.37521e-09
-1.35442e-09
-1.33444e-09
-1.33195e-09
-1.32632e-09
-1.31522e-09
-1.30633e-09
-1.30738e-09
-1.31263e-09
-1.32291e-09
-1.31988e-09
-1.32664e-09
-1.33594e-09
-1.35261e-09
-1.36584e-09
-1.37941e-09
-1.39485e-09
-1.38726e-09
-1.37901e-09
-1.39184e-09
-1.38778e-09
-1.40932e-09
-1.41316e-09
-1.40529e-09
-1.40432e-09
-1.41281e-09
-1.42384e-09
-1.40978e-09
-1.37767e-09
-1.38186e-09
-1.3687e-09
-1.35992e-09
-1.33535e-09
-1.33231e-09
-1.31867e-09
-1.28868e-09
-1.27744e-09
-1.26676e-09
-1.25844e-09
-1.24434e-09
-1.2304e-09
-1.20917e-09
-1.19092e-09
-1.17471e-09
-1.16537e-09
-1.15459e-09
-1.1456e-09
-1.15332e-09
-1.15584e-09
-1.15089e-09
-1.15659e-09
-1.15106e-09
-1.17652e-09
-1.18929e-09
-1.17227e-09
-1.13927e-09
-1.1164e-09
-1.10538e-09
-1.0929e-09
-1.07837e-09
-1.05241e-09
-1.04076e-09
-1.00735e-09
-9.9342e-10
-9.76351e-10
-9.665e-10
-9.66719e-10
-9.88516e-10
-9.89773e-10
-9.87112e-10
-9.89358e-10
-9.87712e-10
-9.6043e-10
-9.58152e-10
-9.33176e-10
-9.13651e-10
-8.89744e-10
-8.72081e-10
-8.58065e-10
-8.45053e-10
-8.47658e-10
-8.68535e-10
-8.67992e-10
-8.93258e-10
-8.87246e-10
-8.77849e-10
-8.71329e-10
-8.75055e-10
-8.87252e-10
-8.73789e-10
-8.53975e-10
-8.30225e-10
-8.28797e-10
-8.38231e-10
-8.12048e-10
-8.06329e-10
-8.23801e-10
-8.34949e-10
-8.2328e-10
-8.1482e-10
-8.23449e-10
-8.44242e-10
-8.47604e-10
-8.70713e-10
-8.72521e-10
-8.73519e-10
-8.9066e-10
-8.79687e-10
-8.6781e-10
-8.73609e-10
-8.7442e-10
-8.6114e-10
-8.4863e-10
-8.32099e-10
-8.20881e-10
-8.05129e-10
-7.77433e-10
-7.22311e-10
-7.02921e-10
-6.85002e-10
-6.51441e-10
-6.43093e-10
-6.15416e-10
-6.1319e-10
-6.15813e-10
-6.24868e-10
-6.13533e-10
-6.13094e-10
-6.06118e-10
-5.97438e-10
-5.89988e-10
-5.8588e-10
-5.84425e-10
-5.84432e-10
-5.84841e-10
-5.91365e-10
-5.95216e-10
-5.91091e-10
-5.87131e-10
-5.71079e-10
-5.41037e-10
-5.24496e-10
-4.87051e-10
-4.43094e-10
-4.01947e-10
-3.54889e-10
-3.19249e-10
-3.01009e-10
-2.80382e-10
-2.46792e-10
-2.26088e-10
-2.10532e-10
-1.86137e-10
-1.6852e-10
-1.50993e-10
-1.48519e-10
-1.45755e-10
-1.40184e-10
-1.27683e-10
-1.08763e-10
-1.10867e-10
-9.88993e-11
-9.63815e-11
-9.35485e-11
-7.4242e-11
-7.97757e-11
-8.32574e-11
-7.1893e-11
-7.32481e-11
-6.77885e-11
-6.9195e-11
-7.53887e-11
-7.28878e-11
-7.98325e-11
-9.55237e-11
-9.70129e-11
-9.45742e-11
-7.96996e-11
-7.4771e-11
-5.88969e-11
-4.91604e-11
-3.29212e-11
-3.63257e-11
-2.39449e-11
-1.17249e-11
-8.9656e-12
1.9487e-13
5.42883e-13
3.1735e-12
9.62884e-13
-1.47077e-09
-1.46389e-09
-1.45176e-09
-1.44103e-09
-1.42677e-09
-1.41989e-09
-1.403e-09
-1.39992e-09
-1.38697e-09
-1.36854e-09
-1.36313e-09
-1.34815e-09
-1.32925e-09
-1.33818e-09
-1.33446e-09
-1.32477e-09
-1.30541e-09
-1.30662e-09
-1.31179e-09
-1.29952e-09
-1.30938e-09
-1.32077e-09
-1.34068e-09
-1.36633e-09
-1.36861e-09
-1.37995e-09
-1.38947e-09
-1.39157e-09
-1.39578e-09
-1.39332e-09
-1.38994e-09
-1.39508e-09
-1.4099e-09
-1.4234e-09
-1.40912e-09
-1.41559e-09
-1.4199e-09
-1.40311e-09
-1.38428e-09
-1.37731e-09
-1.37189e-09
-1.36765e-09
-1.33324e-09
-1.32421e-09
-1.3006e-09
-1.28749e-09
-1.27221e-09
-1.2601e-09
-1.24961e-09
-1.23222e-09
-1.22476e-09
-1.21161e-09
-1.19708e-09
-1.17426e-09
-1.17753e-09
-1.17175e-09
-1.1718e-09
-1.17651e-09
-1.1679e-09
-1.17014e-09
-1.17435e-09
-1.15361e-09
-1.17274e-09
-1.17713e-09
-1.15935e-09
-1.12544e-09
-1.10932e-09
-1.1037e-09
-1.091e-09
-1.06934e-09
-1.04495e-09
-1.02463e-09
-1.01024e-09
-9.94349e-10
-9.81406e-10
-9.74431e-10
-9.83671e-10
-1.00278e-09
-1.0002e-09
-9.97576e-10
-1.00049e-09
-9.90576e-10
-9.60362e-10
-9.48059e-10
-9.19404e-10
-9.09337e-10
-8.82831e-10
-8.5761e-10
-8.44543e-10
-8.38259e-10
-8.39669e-10
-8.50105e-10
-8.59647e-10
-8.81342e-10
-8.85325e-10
-8.81417e-10
-8.69773e-10
-8.74934e-10
-8.83981e-10
-8.72239e-10
-8.5492e-10
-8.2906e-10
-8.40215e-10
-8.33891e-10
-7.96126e-10
-7.98012e-10
-8.2744e-10
-8.47628e-10
-8.2876e-10
-8.22279e-10
-8.43266e-10
-8.64892e-10
-8.59685e-10
-8.74329e-10
-8.83939e-10
-8.82205e-10
-8.85112e-10
-8.79265e-10
-8.52874e-10
-8.65225e-10
-8.80969e-10
-8.60743e-10
-8.40709e-10
-8.26516e-10
-8.17852e-10
-8.03432e-10
-7.8439e-10
-7.3652e-10
-6.93845e-10
-6.78392e-10
-6.58183e-10
-6.49061e-10
-6.34305e-10
-6.28884e-10
-6.33239e-10
-6.32535e-10
-6.3323e-10
-6.26433e-10
-6.16849e-10
-6.07438e-10
-5.97905e-10
-5.99704e-10
-5.89268e-10
-5.89441e-10
-5.8738e-10
-5.88866e-10
-5.87775e-10
-5.82786e-10
-5.72524e-10
-5.61729e-10
-5.4274e-10
-5.19873e-10
-4.80233e-10
-4.40047e-10
-4.06716e-10
-3.68621e-10
-3.33843e-10
-3.19326e-10
-2.96217e-10
-2.66803e-10
-2.48344e-10
-2.26286e-10
-2.02031e-10
-1.81358e-10
-1.70162e-10
-1.61225e-10
-1.45199e-10
-1.42263e-10
-1.30387e-10
-1.12634e-10
-1.15224e-10
-9.90346e-11
-8.78851e-11
-9.50403e-11
-7.30493e-11
-8.59017e-11
-8.33402e-11
-8.64133e-11
-7.95142e-11
-7.38762e-11
-8.67012e-11
-8.35139e-11
-7.65672e-11
-8.3752e-11
-1.00933e-10
-1.0754e-10
-1.01395e-10
-8.45146e-11
-7.56646e-11
-5.92954e-11
-5.84161e-11
-4.67236e-11
-3.10011e-11
-1.7215e-11
-8.88432e-12
-4.38053e-12
4.16656e-12
4.3358e-12
1.54604e-11
1.01631e-11
-1.4694e-09
-1.46433e-09
-1.44998e-09
-1.44499e-09
-1.42612e-09
-1.40895e-09
-1.40064e-09
-1.39484e-09
-1.38328e-09
-1.36934e-09
-1.3601e-09
-1.34533e-09
-1.32257e-09
-1.34948e-09
-1.34886e-09
-1.31782e-09
-1.29581e-09
-1.30221e-09
-1.30445e-09
-1.30143e-09
-1.3078e-09
-1.3299e-09
-1.34021e-09
-1.36585e-09
-1.37084e-09
-1.37713e-09
-1.39846e-09
-1.40298e-09
-1.40429e-09
-1.40042e-09
-1.40043e-09
-1.38861e-09
-1.40007e-09
-1.40414e-09
-1.4075e-09
-1.41484e-09
-1.41603e-09
-1.40365e-09
-1.39045e-09
-1.39249e-09
-1.37177e-09
-1.3531e-09
-1.32262e-09
-1.30355e-09
-1.28593e-09
-1.26949e-09
-1.25874e-09
-1.2531e-09
-1.24445e-09
-1.22467e-09
-1.21496e-09
-1.21218e-09
-1.20102e-09
-1.19159e-09
-1.18987e-09
-1.18794e-09
-1.19615e-09
-1.19752e-09
-1.1955e-09
-1.20567e-09
-1.18803e-09
-1.15424e-09
-1.16343e-09
-1.17034e-09
-1.1564e-09
-1.12648e-09
-1.10205e-09
-1.1047e-09
-1.09243e-09
-1.05103e-09
-1.02791e-09
-1.01698e-09
-1.00501e-09
-1.00074e-09
-9.92358e-10
-9.82728e-10
-9.92555e-10
-1.0065e-09
-1.00748e-09
-9.92892e-10
-9.81528e-10
-9.82283e-10
-9.55702e-10
-9.43365e-10
-9.08236e-10
-8.84957e-10
-8.7526e-10
-8.58307e-10
-8.44793e-10
-8.26711e-10
-8.37504e-10
-8.49736e-10
-8.5227e-10
-8.69852e-10
-8.78135e-10
-8.85868e-10
-8.72443e-10
-8.71899e-10
-8.82534e-10
-8.67036e-10
-8.53078e-10
-8.34493e-10
-8.41297e-10
-8.4588e-10
-8.14615e-10
-8.06226e-10
-8.23523e-10
-8.54859e-10
-8.44439e-10
-8.27238e-10
-8.45256e-10
-8.74698e-10
-8.76462e-10
-8.80856e-10
-8.81457e-10
-8.82856e-10
-8.75404e-10
-8.59342e-10
-8.65983e-10
-8.67098e-10
-8.69554e-10
-8.49115e-10
-8.35483e-10
-8.18441e-10
-8.07042e-10
-7.96374e-10
-7.7129e-10
-7.2417e-10
-7.08198e-10
-6.79029e-10
-6.53999e-10
-6.51091e-10
-6.4271e-10
-6.36232e-10
-6.28759e-10
-6.2943e-10
-6.37729e-10
-6.33134e-10
-6.41277e-10
-6.21255e-10
-6.13657e-10
-6.11276e-10
-6.00405e-10
-6.09686e-10
-6.06738e-10
-5.89068e-10
-5.78143e-10
-5.7149e-10
-5.71962e-10
-5.60972e-10
-5.38356e-10
-5.04433e-10
-4.81747e-10
-4.53723e-10
-4.05772e-10
-3.68482e-10
-3.4215e-10
-3.24675e-10
-3.06122e-10
-2.87808e-10
-2.70769e-10
-2.44702e-10
-2.22726e-10
-1.96329e-10
-1.75389e-10
-1.59664e-10
-1.50459e-10
-1.48156e-10
-1.46943e-10
-1.2752e-10
-1.20646e-10
-1.04519e-10
-9.20602e-11
-9.39105e-11
-8.05208e-11
-8.85043e-11
-9.50365e-11
-8.7501e-11
-8.86378e-11
-8.69987e-11
-9.56277e-11
-8.37444e-11
-8.63553e-11
-8.94601e-11
-9.33176e-11
-1.0474e-10
-1.01561e-10
-8.03476e-11
-7.46937e-11
-6.79333e-11
-6.25001e-11
-4.27752e-11
-2.35851e-11
-1.31778e-11
-1.19199e-12
8.87743e-12
9.4035e-12
1.74635e-11
2.12419e-11
1.51897e-11
-1.47284e-09
-1.46665e-09
-1.43767e-09
-1.43602e-09
-1.42777e-09
-1.40257e-09
-1.39631e-09
-1.39478e-09
-1.38507e-09
-1.35956e-09
-1.35328e-09
-1.33853e-09
-1.33616e-09
-1.34038e-09
-1.33523e-09
-1.31186e-09
-1.30034e-09
-1.29631e-09
-1.30452e-09
-1.31779e-09
-1.31776e-09
-1.33496e-09
-1.34681e-09
-1.37655e-09
-1.3849e-09
-1.39061e-09
-1.40273e-09
-1.40766e-09
-1.4047e-09
-1.40522e-09
-1.39631e-09
-1.38737e-09
-1.39258e-09
-1.3981e-09
-1.40837e-09
-1.41742e-09
-1.41532e-09
-1.40868e-09
-1.40087e-09
-1.40098e-09
-1.38132e-09
-1.35983e-09
-1.32641e-09
-1.30619e-09
-1.27319e-09
-1.25728e-09
-1.24886e-09
-1.23821e-09
-1.22752e-09
-1.21235e-09
-1.21163e-09
-1.2039e-09
-1.21281e-09
-1.20809e-09
-1.21002e-09
-1.2105e-09
-1.21748e-09
-1.21559e-09
-1.21265e-09
-1.21574e-09
-1.19427e-09
-1.15923e-09
-1.15933e-09
-1.16413e-09
-1.14959e-09
-1.12133e-09
-1.10596e-09
-1.09258e-09
-1.08163e-09
-1.0461e-09
-1.02099e-09
-1.00585e-09
-9.98875e-10
-9.93887e-10
-9.90072e-10
-9.89741e-10
-9.93807e-10
-1.00366e-09
-1.00074e-09
-9.87898e-10
-9.73628e-10
-9.64681e-10
-9.54847e-10
-9.30617e-10
-9.00833e-10
-8.82461e-10
-8.65959e-10
-8.56691e-10
-8.54751e-10
-8.41916e-10
-8.54011e-10
-8.66309e-10
-8.58394e-10
-8.65519e-10
-8.80037e-10
-8.7617e-10
-8.69549e-10
-8.76983e-10
-8.72021e-10
-8.63608e-10
-8.6181e-10
-8.55582e-10
-8.51075e-10
-8.42682e-10
-8.33686e-10
-8.16921e-10
-8.37664e-10
-8.64856e-10
-8.52964e-10
-8.47322e-10
-8.66338e-10
-8.68006e-10
-8.66909e-10
-8.82806e-10
-8.74346e-10
-8.73527e-10
-8.66033e-10
-8.4989e-10
-8.80573e-10
-8.88235e-10
-8.76553e-10
-8.55996e-10
-8.39261e-10
-8.22305e-10
-8.05802e-10
-7.93099e-10
-7.63956e-10
-7.24204e-10
-6.89889e-10
-6.62633e-10
-6.52837e-10
-6.45001e-10
-6.25031e-10
-6.2009e-10
-6.19136e-10
-6.26516e-10
-6.40274e-10
-6.41413e-10
-6.50066e-10
-6.36584e-10
-6.24045e-10
-6.24378e-10
-6.19669e-10
-6.23428e-10
-6.15505e-10
-5.94059e-10
-5.77569e-10
-5.7655e-10
-5.71939e-10
-5.62028e-10
-5.36772e-10
-5.01927e-10
-4.80603e-10
-4.49138e-10
-4.08097e-10
-3.73223e-10
-3.50237e-10
-3.48596e-10
-3.28322e-10
-3.02764e-10
-2.91363e-10
-2.60439e-10
-2.24503e-10
-2.02654e-10
-1.81484e-10
-1.65261e-10
-1.567e-10
-1.52355e-10
-1.45329e-10
-1.34002e-10
-1.2442e-10
-1.07599e-10
-9.20964e-11
-1.02022e-10
-9.21812e-11
-9.46021e-11
-9.43451e-11
-9.79675e-11
-8.96524e-11
-9.80598e-11
-9.80421e-11
-8.44548e-11
-8.23737e-11
-8.26505e-11
-8.57965e-11
-9.44362e-11
-8.98753e-11
-6.82589e-11
-5.31209e-11
-5.60073e-11
-5.7771e-11
-3.41024e-11
-2.34284e-11
-1.39062e-11
6.99204e-12
1.16661e-11
1.45375e-11
2.23557e-11
2.1867e-11
1.0895e-11
-1.4739e-09
-1.46227e-09
-1.43459e-09
-1.44259e-09
-1.43144e-09
-1.41126e-09
-1.39845e-09
-1.3916e-09
-1.3775e-09
-1.35252e-09
-1.34557e-09
-1.33644e-09
-1.32594e-09
-1.33358e-09
-1.34142e-09
-1.31705e-09
-1.29631e-09
-1.30362e-09
-1.30514e-09
-1.31423e-09
-1.329e-09
-1.34589e-09
-1.35892e-09
-1.3846e-09
-1.39259e-09
-1.40133e-09
-1.40728e-09
-1.41561e-09
-1.41894e-09
-1.40954e-09
-1.40227e-09
-1.38293e-09
-1.38501e-09
-1.39712e-09
-1.40752e-09
-1.41532e-09
-1.4166e-09
-1.41375e-09
-1.40018e-09
-1.39932e-09
-1.38988e-09
-1.35771e-09
-1.33823e-09
-1.31299e-09
-1.27726e-09
-1.2617e-09
-1.24997e-09
-1.23884e-09
-1.21063e-09
-1.20466e-09
-1.21625e-09
-1.19738e-09
-1.21609e-09
-1.22381e-09
-1.21494e-09
-1.22582e-09
-1.23921e-09
-1.23423e-09
-1.21996e-09
-1.22526e-09
-1.19685e-09
-1.15288e-09
-1.15289e-09
-1.15506e-09
-1.1455e-09
-1.12483e-09
-1.10575e-09
-1.10015e-09
-1.07309e-09
-1.05308e-09
-1.02607e-09
-1.00608e-09
-9.94841e-10
-9.95916e-10
-9.96009e-10
-9.90285e-10
-9.82215e-10
-9.95513e-10
-9.95217e-10
-9.78562e-10
-9.52794e-10
-9.57841e-10
-9.50413e-10
-9.20079e-10
-9.03023e-10
-8.90058e-10
-8.66519e-10
-8.58017e-10
-8.61651e-10
-8.59238e-10
-8.74902e-10
-8.65849e-10
-8.66226e-10
-8.77516e-10
-8.92164e-10
-8.74002e-10
-8.71549e-10
-8.71714e-10
-8.70339e-10
-8.78775e-10
-8.73401e-10
-8.80377e-10
-8.71419e-10
-8.53204e-10
-8.41425e-10
-8.24177e-10
-8.44675e-10
-8.65861e-10
-8.56563e-10
-8.52356e-10
-8.60243e-10
-8.55141e-10
-8.47642e-10
-8.66962e-10
-8.72746e-10
-8.65989e-10
-8.58951e-10
-8.62245e-10
-8.78689e-10
-8.9001e-10
-8.86998e-10
-8.6773e-10
-8.41759e-10
-8.20762e-10
-8.04611e-10
-7.89676e-10
-7.61112e-10
-7.08002e-10
-6.67977e-10
-6.46445e-10
-6.42537e-10
-6.34712e-10
-6.13886e-10
-6.06071e-10
-6.051e-10
-6.20988e-10
-6.41061e-10
-6.45643e-10
-6.51078e-10
-6.35264e-10
-6.34015e-10
-6.44471e-10
-6.44406e-10
-6.43038e-10
-6.30976e-10
-6.08922e-10
-5.84651e-10
-5.63099e-10
-5.58412e-10
-5.6509e-10
-5.38288e-10
-5.04474e-10
-4.84021e-10
-4.50205e-10
-4.03233e-10
-3.84595e-10
-3.7919e-10
-3.75074e-10
-3.51226e-10
-3.17522e-10
-2.95846e-10
-2.68212e-10
-2.37794e-10
-2.08968e-10
-1.83735e-10
-1.73236e-10
-1.55871e-10
-1.53278e-10
-1.43008e-10
-1.28675e-10
-1.1601e-10
-1.04149e-10
-9.03294e-11
-9.10805e-11
-9.84326e-11
-9.32515e-11
-9.53036e-11
-8.82842e-11
-8.51521e-11
-8.14934e-11
-8.58907e-11
-7.69976e-11
-7.33448e-11
-8.20491e-11
-8.52659e-11
-7.37364e-11
-7.13943e-11
-5.39276e-11
-4.6724e-11
-4.55576e-11
-4.15569e-11
-3.37527e-11
-2.66254e-11
-1.06946e-11
4.99702e-12
1.37154e-11
1.35919e-11
1.91518e-11
1.48867e-11
8.17331e-13
-1.46337e-09
-1.45019e-09
-1.4478e-09
-1.44198e-09
-1.43115e-09
-1.41361e-09
-1.41065e-09
-1.39639e-09
-1.37662e-09
-1.35644e-09
-1.34918e-09
-1.32534e-09
-1.32565e-09
-1.34375e-09
-1.33099e-09
-1.32165e-09
-1.31588e-09
-1.31288e-09
-1.31948e-09
-1.31882e-09
-1.33509e-09
-1.35703e-09
-1.36885e-09
-1.37898e-09
-1.38659e-09
-1.41497e-09
-1.42443e-09
-1.41953e-09
-1.41225e-09
-1.417e-09
-1.41123e-09
-1.39333e-09
-1.3839e-09
-1.39308e-09
-1.41065e-09
-1.4172e-09
-1.4169e-09
-1.42039e-09
-1.39774e-09
-1.3947e-09
-1.38426e-09
-1.35501e-09
-1.33386e-09
-1.30961e-09
-1.28478e-09
-1.26428e-09
-1.25272e-09
-1.23557e-09
-1.22008e-09
-1.22007e-09
-1.2165e-09
-1.21297e-09
-1.21803e-09
-1.21815e-09
-1.21858e-09
-1.2345e-09
-1.2376e-09
-1.23227e-09
-1.22458e-09
-1.21849e-09
-1.20427e-09
-1.16907e-09
-1.14777e-09
-1.1373e-09
-1.13559e-09
-1.12726e-09
-1.10765e-09
-1.09751e-09
-1.07257e-09
-1.05588e-09
-1.03253e-09
-9.99991e-10
-9.92548e-10
-9.87358e-10
-9.88837e-10
-1.00054e-09
-9.86614e-10
-9.88258e-10
-9.75508e-10
-9.71822e-10
-9.56861e-10
-9.58515e-10
-9.43486e-10
-9.21606e-10
-9.05717e-10
-8.88861e-10
-8.74815e-10
-8.67628e-10
-8.65824e-10
-8.71957e-10
-8.78389e-10
-8.73943e-10
-8.76019e-10
-8.97718e-10
-9.01416e-10
-8.90753e-10
-8.78841e-10
-8.77879e-10
-8.90909e-10
-8.97967e-10
-8.94702e-10
-9.00327e-10
-8.80015e-10
-8.58125e-10
-8.45117e-10
-8.33723e-10
-8.49414e-10
-8.55919e-10
-8.57843e-10
-8.44938e-10
-8.48154e-10
-8.41089e-10
-8.35171e-10
-8.55524e-10
-8.67728e-10
-8.65869e-10
-8.65168e-10
-8.69806e-10
-8.86595e-10
-8.92688e-10
-8.93994e-10
-8.81118e-10
-8.46594e-10
-8.25699e-10
-8.02684e-10
-7.846e-10
-7.60232e-10
-7.0822e-10
-6.65906e-10
-6.30986e-10
-6.3123e-10
-6.28413e-10
-6.0578e-10
-5.92843e-10
-5.92401e-10
-6.10179e-10
-6.28076e-10
-6.41275e-10
-6.37806e-10
-6.31863e-10
-6.35737e-10
-6.51884e-10
-6.56216e-10
-6.53742e-10
-6.28517e-10
-6.13502e-10
-5.94702e-10
-5.70256e-10
-5.6186e-10
-5.45502e-10
-5.40762e-10
-5.13205e-10
-4.88974e-10
-4.52761e-10
-4.05234e-10
-3.91854e-10
-3.99936e-10
-3.86503e-10
-3.58702e-10
-3.24221e-10
-3.06028e-10
-2.77409e-10
-2.37156e-10
-2.06065e-10
-1.79484e-10
-1.76732e-10
-1.58803e-10
-1.46672e-10
-1.3937e-10
-1.24902e-10
-1.10487e-10
-9.87117e-11
-8.12563e-11
-8.60319e-11
-8.67501e-11
-8.37998e-11
-7.85841e-11
-6.89596e-11
-7.33702e-11
-7.85492e-11
-9.05035e-11
-8.33883e-11
-7.9538e-11
-8.05343e-11
-7.58576e-11
-7.4212e-11
-6.23757e-11
-4.54335e-11
-4.10938e-11
-3.07766e-11
-4.20719e-11
-3.19029e-11
-2.59825e-11
-1.33716e-11
-2.21332e-12
3.07498e-12
1.15186e-11
2.4519e-11
1.36911e-11
3.57456e-12
-1.47047e-09
-1.47157e-09
-1.45911e-09
-1.44812e-09
-1.44007e-09
-1.40888e-09
-1.40736e-09
-1.40343e-09
-1.38339e-09
-1.3611e-09
-1.3458e-09
-1.32389e-09
-1.32432e-09
-1.33821e-09
-1.33429e-09
-1.32838e-09
-1.32073e-09
-1.31945e-09
-1.33541e-09
-1.3418e-09
-1.35708e-09
-1.36111e-09
-1.35854e-09
-1.36776e-09
-1.3898e-09
-1.41215e-09
-1.42344e-09
-1.41908e-09
-1.41604e-09
-1.4282e-09
-1.42323e-09
-1.41061e-09
-1.40351e-09
-1.40238e-09
-1.40569e-09
-1.40568e-09
-1.40693e-09
-1.394e-09
-1.37803e-09
-1.37181e-09
-1.35069e-09
-1.3419e-09
-1.32397e-09
-1.31545e-09
-1.2939e-09
-1.2811e-09
-1.26758e-09
-1.25538e-09
-1.23437e-09
-1.23306e-09
-1.23329e-09
-1.21793e-09
-1.22442e-09
-1.22786e-09
-1.22881e-09
-1.23835e-09
-1.24713e-09
-1.22821e-09
-1.22198e-09
-1.20683e-09
-1.20825e-09
-1.19449e-09
-1.15605e-09
-1.13186e-09
-1.12605e-09
-1.1215e-09
-1.10608e-09
-1.09612e-09
-1.0801e-09
-1.05607e-09
-1.02985e-09
-1.0092e-09
-9.9985e-10
-9.87045e-10
-9.84777e-10
-9.91035e-10
-1.00125e-09
-9.95813e-10
-9.80441e-10
-9.67914e-10
-9.52126e-10
-9.58937e-10
-9.41521e-10
-9.17299e-10
-9.10596e-10
-8.94028e-10
-8.87965e-10
-8.79662e-10
-8.65115e-10
-8.70555e-10
-8.8947e-10
-8.94778e-10
-8.97634e-10
-9.02118e-10
-9.11462e-10
-9.05042e-10
-8.92365e-10
-8.90893e-10
-9.00052e-10
-9.04813e-10
-9.0192e-10
-8.92499e-10
-8.81959e-10
-8.63531e-10
-8.4483e-10
-8.27299e-10
-8.38476e-10
-8.54356e-10
-8.41085e-10
-8.35843e-10
-8.44732e-10
-8.38415e-10
-8.29899e-10
-8.54601e-10
-8.71002e-10
-8.7677e-10
-8.88104e-10
-8.85106e-10
-8.82442e-10
-9.04814e-10
-9.06453e-10
-8.80663e-10
-8.53535e-10
-8.29576e-10
-7.95273e-10
-7.76276e-10
-7.44077e-10
-7.00051e-10
-6.69616e-10
-6.40794e-10
-6.2402e-10
-6.12818e-10
-5.95906e-10
-5.81503e-10
-5.84585e-10
-6.04995e-10
-6.07145e-10
-6.25046e-10
-6.30414e-10
-6.41129e-10
-6.54722e-10
-6.4988e-10
-6.51478e-10
-6.53616e-10
-6.40662e-10
-6.12173e-10
-5.92074e-10
-5.71087e-10
-5.51577e-10
-5.38402e-10
-5.33908e-10
-5.10593e-10
-4.87901e-10
-4.51258e-10
-4.16342e-10
-4.02402e-10
-4.13293e-10
-4.04779e-10
-3.65842e-10
-3.43777e-10
-3.12219e-10
-2.74192e-10
-2.32136e-10
-2.06602e-10
-1.87499e-10
-1.62909e-10
-1.44327e-10
-1.42652e-10
-1.35896e-10
-1.26695e-10
-1.09365e-10
-8.87523e-11
-8.31693e-11
-8.24711e-11
-7.44887e-11
-7.02866e-11
-6.45101e-11
-6.04197e-11
-6.93423e-11
-7.45037e-11
-8.60335e-11
-8.48004e-11
-8.04219e-11
-8.36096e-11
-7.84111e-11
-7.37366e-11
-6.1227e-11
-4.34954e-11
-2.91977e-11
-3.03356e-11
-4.21514e-11
-3.46697e-11
-3.26996e-11
-2.16351e-11
-6.66853e-12
5.21864e-12
5.22104e-12
4.47862e-12
8.75315e-12
2.52621e-12
-1.47594e-09
-1.48588e-09
-1.46582e-09
-1.45259e-09
-1.44102e-09
-1.41491e-09
-1.40633e-09
-1.40563e-09
-1.38169e-09
-1.3544e-09
-1.34754e-09
-1.33508e-09
-1.32872e-09
-1.34019e-09
-1.34472e-09
-1.3293e-09
-1.32671e-09
-1.34321e-09
-1.34408e-09
-1.34881e-09
-1.35281e-09
-1.34975e-09
-1.34686e-09
-1.35684e-09
-1.38726e-09
-1.40506e-09
-1.42728e-09
-1.41795e-09
-1.41031e-09
-1.43271e-09
-1.43487e-09
-1.4283e-09
-1.41565e-09
-1.40132e-09
-1.40652e-09
-1.39634e-09
-1.387e-09
-1.36432e-09
-1.35964e-09
-1.3698e-09
-1.3484e-09
-1.33368e-09
-1.32212e-09
-1.31266e-09
-1.30065e-09
-1.2865e-09
-1.28033e-09
-1.27052e-09
-1.24538e-09
-1.23932e-09
-1.23708e-09
-1.23237e-09
-1.22505e-09
-1.23531e-09
-1.23107e-09
-1.25292e-09
-1.24678e-09
-1.22543e-09
-1.2179e-09
-1.2066e-09
-1.21153e-09
-1.18428e-09
-1.15639e-09
-1.12748e-09
-1.12181e-09
-1.1126e-09
-1.10193e-09
-1.09216e-09
-1.07555e-09
-1.05004e-09
-1.02651e-09
-1.0053e-09
-9.94204e-10
-9.74802e-10
-9.76427e-10
-9.80828e-10
-9.93001e-10
-9.96269e-10
-9.9576e-10
-9.73787e-10
-9.54799e-10
-9.54467e-10
-9.4148e-10
-9.38566e-10
-9.19869e-10
-8.98008e-10
-8.94799e-10
-8.80529e-10
-8.84272e-10
-8.7774e-10
-8.87427e-10
-9.01227e-10
-9.01537e-10
-9.01925e-10
-9.06274e-10
-9.00869e-10
-8.97164e-10
-9.05602e-10
-9.16636e-10
-9.07809e-10
-9.07872e-10
-8.96088e-10
-8.80843e-10
-8.62905e-10
-8.42546e-10
-8.2544e-10
-8.32771e-10
-8.47101e-10
-8.32876e-10
-8.33328e-10
-8.37907e-10
-8.39139e-10
-8.43556e-10
-8.52506e-10
-8.74524e-10
-8.91845e-10
-8.95626e-10
-8.86717e-10
-8.93987e-10
-9.05988e-10
-8.97974e-10
-8.79151e-10
-8.66638e-10
-8.35938e-10
-8.00947e-10
-7.72667e-10
-7.36585e-10
-7.02453e-10
-6.70254e-10
-6.35281e-10
-6.1403e-10
-5.98054e-10
-5.89804e-10
-5.78773e-10
-5.7862e-10
-5.89281e-10
-5.97817e-10
-6.16281e-10
-6.21273e-10
-6.31728e-10
-6.42964e-10
-6.44121e-10
-6.47517e-10
-6.43005e-10
-6.30234e-10
-6.05573e-10
-5.8849e-10
-5.60928e-10
-5.45747e-10
-5.48165e-10
-5.31708e-10
-5.10191e-10
-4.91939e-10
-4.53746e-10
-4.3177e-10
-4.22873e-10
-4.1525e-10
-4.01122e-10
-3.67971e-10
-3.4276e-10
-3.18461e-10
-2.78263e-10
-2.37262e-10
-2.0942e-10
-1.70172e-10
-1.48308e-10
-1.41236e-10
-1.47608e-10
-1.42962e-10
-1.2726e-10
-1.102e-10
-9.08642e-11
-7.87557e-11
-7.20126e-11
-6.88032e-11
-6.00824e-11
-4.86209e-11
-5.30448e-11
-5.72717e-11
-7.42159e-11
-7.79807e-11
-8.25109e-11
-8.48988e-11
-8.32928e-11
-8.06797e-11
-7.9976e-11
-6.71398e-11
-4.86511e-11
-3.81635e-11
-3.06842e-11
-3.81374e-11
-2.83714e-11
-2.2654e-11
-1.06042e-11
7.51479e-13
1.39231e-12
1.30024e-12
5.63099e-12
7.32069e-12
8.09002e-12
-1.47164e-09
-1.50256e-09
-1.47521e-09
-1.44935e-09
-1.44574e-09
-1.41777e-09
-1.4031e-09
-1.39972e-09
-1.38316e-09
-1.35922e-09
-1.35435e-09
-1.34559e-09
-1.33882e-09
-1.35013e-09
-1.35753e-09
-1.33628e-09
-1.33712e-09
-1.34862e-09
-1.3453e-09
-1.34672e-09
-1.34801e-09
-1.34496e-09
-1.35126e-09
-1.35285e-09
-1.37918e-09
-1.40005e-09
-1.41826e-09
-1.41862e-09
-1.41848e-09
-1.42694e-09
-1.44058e-09
-1.43441e-09
-1.4223e-09
-1.40341e-09
-1.39599e-09
-1.38579e-09
-1.37143e-09
-1.35763e-09
-1.35414e-09
-1.36329e-09
-1.34563e-09
-1.3355e-09
-1.32283e-09
-1.30883e-09
-1.29745e-09
-1.28173e-09
-1.27732e-09
-1.26866e-09
-1.24909e-09
-1.24454e-09
-1.23396e-09
-1.23448e-09
-1.23179e-09
-1.23653e-09
-1.2421e-09
-1.25386e-09
-1.24887e-09
-1.22496e-09
-1.21537e-09
-1.21075e-09
-1.20655e-09
-1.19486e-09
-1.16231e-09
-1.13518e-09
-1.12318e-09
-1.11158e-09
-1.09327e-09
-1.07948e-09
-1.06309e-09
-1.0455e-09
-1.01841e-09
-1.00652e-09
-9.90145e-10
-9.77111e-10
-9.71151e-10
-9.67838e-10
-9.87598e-10
-9.8576e-10
-9.89514e-10
-9.73895e-10
-9.42538e-10
-9.44653e-10
-9.44726e-10
-9.44774e-10
-9.29476e-10
-8.96738e-10
-8.86134e-10
-8.7963e-10
-8.92563e-10
-8.97479e-10
-8.93607e-10
-9.02209e-10
-9.07689e-10
-9.09217e-10
-9.16616e-10
-8.97286e-10
-8.99858e-10
-9.17069e-10
-9.28805e-10
-9.19178e-10
-9.03822e-10
-8.86616e-10
-8.7739e-10
-8.65419e-10
-8.49638e-10
-8.25016e-10
-8.0922e-10
-8.24552e-10
-8.35161e-10
-8.40575e-10
-8.38859e-10
-8.4142e-10
-8.5312e-10
-8.62153e-10
-8.77102e-10
-8.84903e-10
-8.861e-10
-8.81737e-10
-8.92226e-10
-9.03982e-10
-8.93533e-10
-8.76722e-10
-8.55338e-10
-8.31531e-10
-7.98712e-10
-7.66478e-10
-7.31367e-10
-6.95887e-10
-6.73678e-10
-6.41802e-10
-6.1401e-10
-5.88355e-10
-5.72162e-10
-5.6717e-10
-5.64753e-10
-5.87554e-10
-5.96481e-10
-6.0796e-10
-6.15522e-10
-6.31935e-10
-6.54262e-10
-6.47404e-10
-6.40268e-10
-6.31934e-10
-6.17577e-10
-6.00547e-10
-5.79041e-10
-5.47339e-10
-5.35391e-10
-5.45455e-10
-5.34068e-10
-5.03826e-10
-4.80633e-10
-4.51211e-10
-4.45022e-10
-4.35961e-10
-4.18108e-10
-3.87536e-10
-3.50504e-10
-3.23136e-10
-3.03625e-10
-2.71166e-10
-2.37887e-10
-2.2285e-10
-1.94038e-10
-1.63423e-10
-1.50869e-10
-1.45439e-10
-1.33132e-10
-1.1847e-10
-1.05378e-10
-8.53484e-11
-7.89549e-11
-6.61737e-11
-6.80145e-11
-6.49464e-11
-5.80879e-11
-5.96257e-11
-5.44107e-11
-7.31963e-11
-8.12512e-11
-7.61153e-11
-7.78275e-11
-7.40533e-11
-7.72607e-11
-7.43538e-11
-5.75274e-11
-4.00639e-11
-3.16917e-11
-3.08622e-11
-3.53942e-11
-2.44265e-11
-1.75611e-11
-7.1398e-12
-1.10704e-12
1.18303e-12
7.63338e-13
1.26588e-11
1.22361e-11
8.33787e-12
-1.48154e-09
-1.50288e-09
-1.48707e-09
-1.45428e-09
-1.45588e-09
-1.43032e-09
-1.41052e-09
-1.40122e-09
-1.38763e-09
-1.37377e-09
-1.36924e-09
-1.36349e-09
-1.35368e-09
-1.34908e-09
-1.34843e-09
-1.34549e-09
-1.34419e-09
-1.35077e-09
-1.34351e-09
-1.33208e-09
-1.33975e-09
-1.33137e-09
-1.3599e-09
-1.37018e-09
-1.38162e-09
-1.40234e-09
-1.43173e-09
-1.42936e-09
-1.41091e-09
-1.4123e-09
-1.43833e-09
-1.44472e-09
-1.42161e-09
-1.39531e-09
-1.3859e-09
-1.37292e-09
-1.36271e-09
-1.35675e-09
-1.35599e-09
-1.3509e-09
-1.34903e-09
-1.33597e-09
-1.32497e-09
-1.31324e-09
-1.28309e-09
-1.28026e-09
-1.27954e-09
-1.27496e-09
-1.2606e-09
-1.23834e-09
-1.23486e-09
-1.23656e-09
-1.23499e-09
-1.23793e-09
-1.24248e-09
-1.24722e-09
-1.2451e-09
-1.22724e-09
-1.21223e-09
-1.21901e-09
-1.20886e-09
-1.19418e-09
-1.16761e-09
-1.14518e-09
-1.1251e-09
-1.10666e-09
-1.08021e-09
-1.0671e-09
-1.0554e-09
-1.04984e-09
-1.02222e-09
-1.00403e-09
-9.93307e-10
-9.68652e-10
-9.73351e-10
-9.72174e-10
-9.76694e-10
-9.83553e-10
-9.81905e-10
-9.54937e-10
-9.47664e-10
-9.47135e-10
-9.3704e-10
-9.27643e-10
-9.27613e-10
-9.08184e-10
-8.90313e-10
-8.89383e-10
-8.89048e-10
-8.98688e-10
-9.06521e-10
-9.18605e-10
-9.16254e-10
-9.10791e-10
-9.16277e-10
-9.18858e-10
-9.06988e-10
-9.07291e-10
-9.08444e-10
-9.13148e-10
-9.03434e-10
-8.82459e-10
-8.67584e-10
-8.51118e-10
-8.39168e-10
-8.23468e-10
-8.20599e-10
-8.22632e-10
-8.22653e-10
-8.26006e-10
-8.26773e-10
-8.32975e-10
-8.54877e-10
-8.46659e-10
-8.6454e-10
-8.78222e-10
-8.77417e-10
-8.68219e-10
-8.69559e-10
-8.77886e-10
-8.74277e-10
-8.64547e-10
-8.55385e-10
-8.1978e-10
-7.93664e-10
-7.71e-10
-7.47459e-10
-7.00504e-10
-6.79032e-10
-6.52885e-10
-6.24633e-10
-5.96468e-10
-5.63358e-10
-5.51232e-10
-5.59963e-10
-5.73694e-10
-5.99525e-10
-6.1395e-10
-6.14757e-10
-6.26361e-10
-6.43118e-10
-6.45834e-10
-6.37902e-10
-6.19732e-10
-6.11229e-10
-6.02636e-10
-5.77191e-10
-5.51086e-10
-5.26401e-10
-5.30627e-10
-5.27759e-10
-5.13363e-10
-4.82069e-10
-4.48334e-10
-4.34475e-10
-4.28409e-10
-4.1346e-10
-3.80355e-10
-3.29719e-10
-3.12661e-10
-2.91099e-10
-2.68318e-10
-2.4848e-10
-2.31598e-10
-2.07857e-10
-1.63681e-10
-1.46196e-10
-1.36904e-10
-1.25888e-10
-1.18481e-10
-9.65173e-11
-7.73471e-11
-7.4632e-11
-7.81683e-11
-7.50355e-11
-5.67431e-11
-6.15333e-11
-6.70114e-11
-6.57626e-11
-8.02716e-11
-7.98139e-11
-8.14919e-11
-7.32585e-11
-7.03824e-11
-7.95331e-11
-6.35699e-11
-4.82662e-11
-4.09704e-11
-3.15849e-11
-3.30234e-11
-1.77675e-11
-7.89288e-12
-1.11427e-11
2.4384e-12
1.83799e-12
5.63358e-12
8.90087e-12
4.38716e-12
-3.11753e-12
-1.96126e-12
-1.4926e-09
-1.50738e-09
-1.49538e-09
-1.46366e-09
-1.4551e-09
-1.43643e-09
-1.41489e-09
-1.40703e-09
-1.39351e-09
-1.38374e-09
-1.38219e-09
-1.36723e-09
-1.35319e-09
-1.34623e-09
-1.35417e-09
-1.35998e-09
-1.33991e-09
-1.34582e-09
-1.33995e-09
-1.32782e-09
-1.33118e-09
-1.3414e-09
-1.3563e-09
-1.36941e-09
-1.39861e-09
-1.41234e-09
-1.43002e-09
-1.42845e-09
-1.41046e-09
-1.41614e-09
-1.42863e-09
-1.43387e-09
-1.41003e-09
-1.37836e-09
-1.37944e-09
-1.38238e-09
-1.37015e-09
-1.34836e-09
-1.33268e-09
-1.34709e-09
-1.3606e-09
-1.33787e-09
-1.32533e-09
-1.3154e-09
-1.29069e-09
-1.29024e-09
-1.28493e-09
-1.27225e-09
-1.24587e-09
-1.23419e-09
-1.23765e-09
-1.23868e-09
-1.2346e-09
-1.23932e-09
-1.23652e-09
-1.24322e-09
-1.24524e-09
-1.22684e-09
-1.21391e-09
-1.21708e-09
-1.20534e-09
-1.18538e-09
-1.17308e-09
-1.15829e-09
-1.12736e-09
-1.09809e-09
-1.0859e-09
-1.07009e-09
-1.05436e-09
-1.03889e-09
-1.01584e-09
-1.00146e-09
-9.94659e-10
-9.76991e-10
-9.78185e-10
-9.7443e-10
-9.7445e-10
-9.8104e-10
-9.69963e-10
-9.56976e-10
-9.45654e-10
-9.37337e-10
-9.35035e-10
-9.32559e-10
-9.26498e-10
-9.11116e-10
-9.02394e-10
-9.00696e-10
-8.9552e-10
-9.04061e-10
-9.12328e-10
-9.2062e-10
-9.19651e-10
-9.16834e-10
-9.16313e-10
-9.15453e-10
-9.12307e-10
-9.07757e-10
-9.09405e-10
-8.97813e-10
-8.80592e-10
-8.67491e-10
-8.52608e-10
-8.47349e-10
-8.33973e-10
-8.19873e-10
-8.11663e-10
-8.11785e-10
-8.12753e-10
-8.14581e-10
-8.2502e-10
-8.31673e-10
-8.52197e-10
-8.52656e-10
-8.49261e-10
-8.58906e-10
-8.55681e-10
-8.53396e-10
-8.61421e-10
-8.62922e-10
-8.5866e-10
-8.48557e-10
-8.45341e-10
-8.15148e-10
-7.90323e-10
-7.672e-10
-7.42962e-10
-7.03736e-10
-6.6936e-10
-6.51407e-10
-6.30599e-10
-6.02105e-10
-5.75401e-10
-5.5265e-10
-5.60636e-10
-5.6131e-10
-5.87309e-10
-6.00232e-10
-6.15229e-10
-6.18545e-10
-6.37713e-10
-6.32105e-10
-6.33582e-10
-6.26393e-10
-6.12356e-10
-5.9737e-10
-5.79425e-10
-5.47512e-10
-5.27536e-10
-5.18404e-10
-5.08057e-10
-4.95156e-10
-4.6706e-10
-4.46284e-10
-4.35436e-10
-4.10547e-10
-3.86841e-10
-3.58505e-10
-3.31356e-10
-3.12516e-10
-2.91985e-10
-2.70722e-10
-2.47969e-10
-2.29876e-10
-2.06836e-10
-1.79388e-10
-1.43807e-10
-1.29186e-10
-1.20635e-10
-1.05273e-10
-1.00518e-10
-8.90457e-11
-7.94644e-11
-8.35151e-11
-7.84733e-11
-7.85426e-11
-6.94827e-11
-7.03139e-11
-7.33516e-11
-7.77419e-11
-7.56903e-11
-7.24908e-11
-7.43683e-11
-8.15927e-11
-7.27384e-11
-7.59245e-11
-5.77876e-11
-4.2456e-11
-4.32894e-11
-3.38028e-11
-1.44442e-11
-7.34794e-12
-2.30554e-12
3.55556e-12
7.11111e-12
4.95902e-12
1.3247e-11
9.54531e-12
-5.35737e-12
-1.2133e-13
-1.48917e-09
-1.51249e-09
-1.50737e-09
-1.47762e-09
-1.46215e-09
-1.43489e-09
-1.41716e-09
-1.42567e-09
-1.39887e-09
-1.37864e-09
-1.38972e-09
-1.3715e-09
-1.34845e-09
-1.35756e-09
-1.36919e-09
-1.35584e-09
-1.34091e-09
-1.33657e-09
-1.33328e-09
-1.32971e-09
-1.33759e-09
-1.33766e-09
-1.34576e-09
-1.37463e-09
-1.39097e-09
-1.40429e-09
-1.41819e-09
-1.41445e-09
-1.40828e-09
-1.42054e-09
-1.42607e-09
-1.41844e-09
-1.39386e-09
-1.37345e-09
-1.37845e-09
-1.37802e-09
-1.36389e-09
-1.33485e-09
-1.32136e-09
-1.34817e-09
-1.35458e-09
-1.3396e-09
-1.329e-09
-1.31213e-09
-1.28638e-09
-1.29076e-09
-1.28918e-09
-1.26852e-09
-1.24259e-09
-1.2304e-09
-1.24118e-09
-1.23539e-09
-1.22532e-09
-1.23386e-09
-1.23605e-09
-1.24667e-09
-1.25566e-09
-1.22794e-09
-1.19846e-09
-1.2047e-09
-1.19072e-09
-1.17653e-09
-1.16591e-09
-1.16405e-09
-1.13578e-09
-1.09508e-09
-1.08629e-09
-1.06738e-09
-1.04972e-09
-1.03078e-09
-1.00393e-09
-9.87885e-10
-9.9042e-10
-9.80551e-10
-9.85186e-10
-9.72629e-10
-9.55315e-10
-9.70579e-10
-9.76254e-10
-9.54065e-10
-9.45951e-10
-9.41006e-10
-9.39511e-10
-9.34625e-10
-9.35247e-10
-9.31361e-10
-9.23113e-10
-9.05403e-10
-9.00836e-10
-9.02979e-10
-9.15273e-10
-9.23209e-10
-9.249e-10
-9.18055e-10
-9.15856e-10
-9.15208e-10
-9.03561e-10
-9.07177e-10
-8.99416e-10
-8.8221e-10
-8.72854e-10
-8.5397e-10
-8.4786e-10
-8.41672e-10
-8.19509e-10
-8.055e-10
-8.07178e-10
-8.06934e-10
-8.09922e-10
-8.10648e-10
-8.13031e-10
-8.25684e-10
-8.46753e-10
-8.57982e-10
-8.47713e-10
-8.5717e-10
-8.58261e-10
-8.59573e-10
-8.51594e-10
-8.46594e-10
-8.49782e-10
-8.44954e-10
-8.40785e-10
-8.09454e-10
-7.70635e-10
-7.65294e-10
-7.5167e-10
-7.17044e-10
-6.72178e-10
-6.45345e-10
-6.33739e-10
-6.14711e-10
-5.89184e-10
-5.6359e-10
-5.66416e-10
-5.66555e-10
-5.72811e-10
-5.89208e-10
-6.11712e-10
-6.2228e-10
-6.32889e-10
-6.33397e-10
-6.38068e-10
-6.23688e-10
-6.02612e-10
-5.93097e-10
-5.66484e-10
-5.36414e-10
-5.21486e-10
-5.07444e-10
-4.94476e-10
-4.81436e-10
-4.62308e-10
-4.43728e-10
-4.23491e-10
-4.08469e-10
-3.7748e-10
-3.51079e-10
-3.28996e-10
-3.07849e-10
-2.87452e-10
-2.6946e-10
-2.45463e-10
-2.23404e-10
-1.99437e-10
-1.77113e-10
-1.40888e-10
-1.24466e-10
-1.16275e-10
-1.02245e-10
-9.90323e-11
-9.23075e-11
-8.82062e-11
-9.23715e-11
-9.31276e-11
-1.01803e-10
-9.06735e-11
-8.11356e-11
-7.18636e-11
-6.2591e-11
-6.07896e-11
-5.2533e-11
-5.92062e-11
-7.39027e-11
-7.03726e-11
-7.44327e-11
-5.84475e-11
-4.7836e-11
-4.60969e-11
-3.27265e-11
-1.65019e-11
-5.69916e-12
-7.04041e-12
-1.89058e-12
3.26141e-12
2.55369e-12
6.07412e-12
4.40161e-12
-5.09264e-12
-5.60275e-12
-1.48861e-09
-1.50799e-09
-1.51573e-09
-1.48074e-09
-1.45684e-09
-1.43411e-09
-1.43587e-09
-1.42551e-09
-1.40303e-09
-1.39821e-09
-1.39016e-09
-1.37298e-09
-1.36538e-09
-1.35991e-09
-1.35948e-09
-1.36159e-09
-1.33735e-09
-1.33166e-09
-1.32666e-09
-1.31633e-09
-1.32439e-09
-1.33254e-09
-1.34745e-09
-1.37092e-09
-1.38266e-09
-1.39984e-09
-1.41166e-09
-1.41305e-09
-1.41422e-09
-1.41552e-09
-1.41515e-09
-1.40212e-09
-1.39047e-09
-1.37489e-09
-1.37192e-09
-1.36715e-09
-1.35342e-09
-1.33179e-09
-1.3259e-09
-1.34143e-09
-1.35998e-09
-1.34641e-09
-1.32952e-09
-1.30328e-09
-1.28456e-09
-1.29165e-09
-1.28525e-09
-1.2625e-09
-1.24456e-09
-1.23429e-09
-1.24465e-09
-1.24099e-09
-1.21578e-09
-1.22217e-09
-1.24587e-09
-1.25361e-09
-1.2529e-09
-1.22277e-09
-1.19567e-09
-1.19109e-09
-1.1719e-09
-1.17357e-09
-1.1488e-09
-1.14683e-09
-1.13024e-09
-1.09952e-09
-1.08139e-09
-1.06841e-09
-1.05926e-09
-1.02601e-09
-9.96801e-10
-9.82003e-10
-9.85788e-10
-9.84217e-10
-9.85566e-10
-9.65857e-10
-9.5603e-10
-9.6074e-10
-9.55841e-10
-9.49575e-10
-9.46193e-10
-9.47589e-10
-9.43921e-10
-9.45652e-10
-9.42835e-10
-9.378e-10
-9.35247e-10
-9.19352e-10
-9.05218e-10
-9.00881e-10
-9.09038e-10
-9.19592e-10
-9.30649e-10
-9.28823e-10
-9.16343e-10
-9.08764e-10
-9.11831e-10
-9.02594e-10
-8.98478e-10
-8.78204e-10
-8.6756e-10
-8.53478e-10
-8.4213e-10
-8.19765e-10
-8.05625e-10
-8.01586e-10
-8.07566e-10
-7.95957e-10
-8.0054e-10
-7.98106e-10
-8.06306e-10
-8.28817e-10
-8.42733e-10
-8.46114e-10
-8.46099e-10
-8.62226e-10
-8.62423e-10
-8.57141e-10
-8.52336e-10
-8.48078e-10
-8.50252e-10
-8.42519e-10
-8.29288e-10
-8.02316e-10
-7.72574e-10
-7.54575e-10
-7.39204e-10
-7.1321e-10
-6.84248e-10
-6.38619e-10
-6.26363e-10
-6.19427e-10
-6.02175e-10
-5.6858e-10
-5.57833e-10
-5.68162e-10
-5.63416e-10
-5.82669e-10
-5.91812e-10
-6.10981e-10
-6.27463e-10
-6.39322e-10
-6.41882e-10
-6.14019e-10
-5.94427e-10
-5.98727e-10
-5.70542e-10
-5.3781e-10
-5.16968e-10
-4.88804e-10
-4.7845e-10
-4.72474e-10
-4.56338e-10
-4.34203e-10
-4.0568e-10
-3.98474e-10
-3.64401e-10
-3.38253e-10
-3.16853e-10
-2.95094e-10
-2.88867e-10
-2.65488e-10
-2.29031e-10
-2.15712e-10
-1.98136e-10
-1.70146e-10
-1.47244e-10
-1.40035e-10
-1.27221e-10
-1.0542e-10
-1.00135e-10
-1.05525e-10
-9.63241e-11
-9.086e-11
-1.03509e-10
-1.20537e-10
-9.7953e-11
-7.62705e-11
-7.1007e-11
-6.82195e-11
-5.26338e-11
-4.17933e-11
-5.20138e-11
-7.53402e-11
-7.53753e-11
-7.85474e-11
-6.38612e-11
-5.41245e-11
-4.85045e-11
-3.07426e-11
-9.64417e-12
1.21701e-12
-9.60138e-12
-8.85922e-13
5.08158e-13
-2.02838e-12
5.38619e-12
3.81861e-12
4.10087e-12
-1.295e-13
-1.47772e-09
-1.50877e-09
-1.51108e-09
-1.47536e-09
-1.4493e-09
-1.44e-09
-1.44088e-09
-1.42369e-09
-1.40865e-09
-1.39781e-09
-1.38271e-09
-1.37097e-09
-1.37493e-09
-1.36119e-09
-1.34838e-09
-1.34052e-09
-1.33565e-09
-1.32462e-09
-1.32322e-09
-1.3134e-09
-1.30932e-09
-1.32276e-09
-1.33752e-09
-1.36739e-09
-1.37357e-09
-1.39848e-09
-1.41581e-09
-1.41526e-09
-1.40486e-09
-1.40985e-09
-1.4196e-09
-1.40141e-09
-1.38528e-09
-1.37844e-09
-1.37166e-09
-1.36423e-09
-1.3527e-09
-1.33957e-09
-1.33472e-09
-1.34026e-09
-1.36954e-09
-1.35279e-09
-1.33402e-09
-1.30538e-09
-1.27862e-09
-1.28669e-09
-1.27655e-09
-1.26626e-09
-1.25616e-09
-1.24244e-09
-1.237e-09
-1.22591e-09
-1.22109e-09
-1.21982e-09
-1.22651e-09
-1.23424e-09
-1.23269e-09
-1.20849e-09
-1.18459e-09
-1.17683e-09
-1.16081e-09
-1.16042e-09
-1.14779e-09
-1.1399e-09
-1.13252e-09
-1.1037e-09
-1.08984e-09
-1.07203e-09
-1.06616e-09
-1.0347e-09
-9.99787e-10
-9.94347e-10
-9.87916e-10
-9.80153e-10
-9.82594e-10
-9.59141e-10
-9.56559e-10
-9.56792e-10
-9.39191e-10
-9.51404e-10
-9.5388e-10
-9.57465e-10
-9.53829e-10
-9.50177e-10
-9.59319e-10
-9.5352e-10
-9.44152e-10
-9.18545e-10
-9.00956e-10
-8.99133e-10
-9.0895e-10
-9.1544e-10
-9.3023e-10
-9.27119e-10
-9.1713e-10
-9.17779e-10
-9.13745e-10
-8.98038e-10
-8.80174e-10
-8.6805e-10
-8.58561e-10
-8.38975e-10
-8.23547e-10
-8.06827e-10
-7.91846e-10
-7.92622e-10
-7.90187e-10
-7.81858e-10
-7.84241e-10
-7.97078e-10
-8.13421e-10
-8.18277e-10
-8.15673e-10
-8.25183e-10
-8.52406e-10
-8.67673e-10
-8.63963e-10
-8.51264e-10
-8.48219e-10
-8.61194e-10
-8.61204e-10
-8.50517e-10
-8.12308e-10
-7.79708e-10
-7.67742e-10
-7.56482e-10
-7.50534e-10
-7.02344e-10
-6.7362e-10
-6.45005e-10
-6.38131e-10
-6.2801e-10
-5.99433e-10
-5.80424e-10
-5.66103e-10
-5.72083e-10
-5.74998e-10
-5.78443e-10
-5.90994e-10
-6.09859e-10
-6.2283e-10
-6.23907e-10
-6.235e-10
-6.07593e-10
-5.96993e-10
-5.95589e-10
-5.74675e-10
-5.44466e-10
-5.17726e-10
-4.87711e-10
-4.8264e-10
-4.6502e-10
-4.43473e-10
-4.21801e-10
-3.9387e-10
-3.78811e-10
-3.52262e-10
-3.3035e-10
-3.13162e-10
-2.93143e-10
-2.68612e-10
-2.41882e-10
-2.09116e-10
-2.04188e-10
-1.90122e-10
-1.66287e-10
-1.55208e-10
-1.43591e-10
-1.2647e-10
-1.18309e-10
-1.18676e-10
-1.09535e-10
-9.64026e-11
-1.01572e-10
-1.10088e-10
-1.19063e-10
-9.53507e-11
-8.36361e-11
-6.31633e-11
-5.77312e-11
-6.53603e-11
-5.78446e-11
-5.00876e-11
-5.32855e-11
-6.1153e-11
-7.76866e-11
-6.6807e-11
-5.67579e-11
-4.065e-11
-2.25406e-11
-1.51762e-11
-1.20028e-11
-1.45675e-11
-3.76815e-12
2.2053e-12
-1.05462e-11
-1.31598e-11
-8.38677e-12
-1.46748e-12
-1.53569e-13
-1.48714e-09
-1.50623e-09
-1.48604e-09
-1.46198e-09
-1.4492e-09
-1.43971e-09
-1.42586e-09
-1.40137e-09
-1.40606e-09
-1.39822e-09
-1.38334e-09
-1.36616e-09
-1.35846e-09
-1.35772e-09
-1.34743e-09
-1.32337e-09
-1.32766e-09
-1.32132e-09
-1.30974e-09
-1.30633e-09
-1.29508e-09
-1.30974e-09
-1.32631e-09
-1.36571e-09
-1.37444e-09
-1.39388e-09
-1.41735e-09
-1.42031e-09
-1.39452e-09
-1.39268e-09
-1.40501e-09
-1.38729e-09
-1.38005e-09
-1.36955e-09
-1.36647e-09
-1.36296e-09
-1.36689e-09
-1.35092e-09
-1.34184e-09
-1.34812e-09
-1.35782e-09
-1.36015e-09
-1.34985e-09
-1.31599e-09
-1.28094e-09
-1.2704e-09
-1.27748e-09
-1.28316e-09
-1.26733e-09
-1.25644e-09
-1.247e-09
-1.22727e-09
-1.22073e-09
-1.22445e-09
-1.21631e-09
-1.21392e-09
-1.21695e-09
-1.19773e-09
-1.17668e-09
-1.1616e-09
-1.14676e-09
-1.14554e-09
-1.14289e-09
-1.1312e-09
-1.116e-09
-1.0901e-09
-1.0814e-09
-1.08276e-09
-1.08324e-09
-1.05144e-09
-1.01516e-09
-1.00358e-09
-9.91966e-10
-9.82792e-10
-9.80159e-10
-9.64093e-10
-9.60946e-10
-9.67184e-10
-9.60843e-10
-9.58613e-10
-9.63992e-10
-9.71852e-10
-9.44986e-10
-9.33535e-10
-9.49701e-10
-9.57955e-10
-9.32746e-10
-9.1574e-10
-8.96811e-10
-8.93116e-10
-9.10026e-10
-9.25441e-10
-9.1815e-10
-9.104e-10
-9.26607e-10
-9.27674e-10
-9.17666e-10
-8.9872e-10
-8.69152e-10
-8.6571e-10
-8.54302e-10
-8.33231e-10
-8.07762e-10
-7.83609e-10
-7.74963e-10
-7.76633e-10
-7.79279e-10
-7.70171e-10
-7.70616e-10
-7.935e-10
-8.06516e-10
-8.16328e-10
-8.14286e-10
-8.20269e-10
-8.46301e-10
-8.68998e-10
-8.67743e-10
-8.48751e-10
-8.45604e-10
-8.5903e-10
-8.6393e-10
-8.427e-10
-8.10807e-10
-7.83217e-10
-7.64121e-10
-7.51677e-10
-7.39266e-10
-6.93087e-10
-6.58157e-10
-6.53553e-10
-6.48548e-10
-6.27816e-10
-6.00524e-10
-5.70725e-10
-5.70227e-10
-5.74388e-10
-5.82217e-10
-5.86445e-10
-5.99076e-10
-6.13802e-10
-6.1842e-10
-6.20044e-10
-6.17033e-10
-5.9998e-10
-5.98684e-10
-5.97992e-10
-5.72775e-10
-5.42228e-10
-5.22097e-10
-5.04564e-10
-4.9486e-10
-4.84116e-10
-4.61161e-10
-4.13125e-10
-3.82621e-10
-3.61745e-10
-3.471e-10
-3.23783e-10
-2.9198e-10
-2.69659e-10
-2.38445e-10
-2.20165e-10
-2.05513e-10
-2.04701e-10
-1.99225e-10
-1.66468e-10
-1.52129e-10
-1.4226e-10
-1.29788e-10
-1.30201e-10
-1.33674e-10
-1.17854e-10
-1.0388e-10
-1.05861e-10
-1.16787e-10
-1.06615e-10
-8.1909e-11
-6.1165e-11
-4.92627e-11
-5.69354e-11
-5.68054e-11
-4.74917e-11
-3.75438e-11
-4.63428e-11
-6.01934e-11
-6.78273e-11
-6.56088e-11
-5.88411e-11
-3.55849e-11
-1.488e-11
-2.6907e-11
-2.19462e-11
-2.20642e-11
-1.85091e-11
-1.99333e-11
-1.91828e-11
-2.82566e-11
-2.03158e-11
-3.83113e-12
-1.31298e-12
-1.47027e-09
-1.49541e-09
-1.48207e-09
-1.45254e-09
-1.44616e-09
-1.44181e-09
-1.4268e-09
-1.4065e-09
-1.40007e-09
-1.39153e-09
-1.38408e-09
-1.35698e-09
-1.34514e-09
-1.34789e-09
-1.33628e-09
-1.32981e-09
-1.32338e-09
-1.31258e-09
-1.30108e-09
-1.28543e-09
-1.29706e-09
-1.31909e-09
-1.3371e-09
-1.35334e-09
-1.37556e-09
-1.3895e-09
-1.41389e-09
-1.4254e-09
-1.40114e-09
-1.39027e-09
-1.40087e-09
-1.38535e-09
-1.3769e-09
-1.36994e-09
-1.37918e-09
-1.382e-09
-1.37725e-09
-1.36252e-09
-1.35643e-09
-1.36374e-09
-1.3694e-09
-1.35091e-09
-1.34564e-09
-1.32943e-09
-1.30074e-09
-1.27514e-09
-1.2735e-09
-1.28211e-09
-1.27286e-09
-1.26493e-09
-1.24957e-09
-1.22713e-09
-1.21556e-09
-1.20439e-09
-1.19586e-09
-1.18188e-09
-1.19221e-09
-1.1778e-09
-1.15567e-09
-1.14619e-09
-1.13342e-09
-1.1443e-09
-1.1461e-09
-1.14118e-09
-1.11968e-09
-1.09024e-09
-1.08986e-09
-1.08936e-09
-1.09417e-09
-1.06358e-09
-1.03281e-09
-1.0152e-09
-1.00203e-09
-9.90845e-10
-9.71385e-10
-9.60714e-10
-9.72696e-10
-9.80774e-10
-9.8311e-10
-9.75873e-10
-9.63517e-10
-9.55669e-10
-9.50151e-10
-9.40444e-10
-9.44675e-10
-9.43124e-10
-9.17429e-10
-9.06852e-10
-8.94038e-10
-8.89617e-10
-9.03894e-10
-9.08647e-10
-9.15517e-10
-9.12995e-10
-9.11023e-10
-9.23359e-10
-9.15643e-10
-8.95322e-10
-8.68811e-10
-8.59813e-10
-8.51615e-10
-8.30124e-10
-7.93107e-10
-7.70215e-10
-7.66866e-10
-7.80601e-10
-7.77017e-10
-7.63292e-10
-7.64509e-10
-7.87265e-10
-8.04112e-10
-8.04724e-10
-8.04515e-10
-8.14396e-10
-8.44629e-10
-8.61179e-10
-8.68352e-10
-8.53148e-10
-8.47547e-10
-8.53941e-10
-8.63614e-10
-8.49768e-10
-8.20102e-10
-7.92102e-10
-7.71288e-10
-7.61654e-10
-7.41138e-10
-7.04097e-10
-6.79955e-10
-6.51351e-10
-6.41985e-10
-6.30366e-10
-6.04645e-10
-5.87013e-10
-5.70576e-10
-5.76822e-10
-5.79653e-10
-5.82447e-10
-5.93516e-10
-5.91537e-10
-6.02825e-10
-6.19846e-10
-6.12028e-10
-6.06999e-10
-5.98395e-10
-6.00242e-10
-5.86466e-10
-5.48548e-10
-5.3008e-10
-5.12432e-10
-5.0007e-10
-4.86959e-10
-4.63309e-10
-4.28951e-10
-3.79828e-10
-3.59401e-10
-3.37093e-10
-3.04367e-10
-2.83825e-10
-2.50082e-10
-2.25843e-10
-2.11971e-10
-2.06195e-10
-2.05938e-10
-1.85231e-10
-1.73235e-10
-1.64318e-10
-1.54301e-10
-1.25194e-10
-1.2232e-10
-1.41816e-10
-1.35843e-10
-1.15182e-10
-1.05564e-10
-1.06439e-10
-1.03149e-10
-7.07695e-11
-5.13893e-11
-4.37245e-11
-5.3215e-11
-5.79103e-11
-4.93168e-11
-4.10144e-11
-4.73855e-11
-6.09656e-11
-7.73897e-11
-6.91563e-11
-5.0625e-11
-2.93367e-11
-1.09986e-11
-4.10585e-11
-2.73636e-11
-2.22363e-11
-2.77891e-11
-3.2723e-11
-3.60851e-11
-4.20798e-11
-2.45492e-11
-6.87969e-12
8.82959e-15
-1.47345e-09
-1.48312e-09
-1.47998e-09
-1.45937e-09
-1.44721e-09
-1.44051e-09
-1.43077e-09
-1.41311e-09
-1.38519e-09
-1.38456e-09
-1.37905e-09
-1.36174e-09
-1.34937e-09
-1.33092e-09
-1.31304e-09
-1.30964e-09
-1.30935e-09
-1.30722e-09
-1.29133e-09
-1.29702e-09
-1.3078e-09
-1.32984e-09
-1.34967e-09
-1.35689e-09
-1.36996e-09
-1.39568e-09
-1.42052e-09
-1.41933e-09
-1.40616e-09
-1.39055e-09
-1.41012e-09
-1.40247e-09
-1.38291e-09
-1.3676e-09
-1.38894e-09
-1.38237e-09
-1.39003e-09
-1.39113e-09
-1.37443e-09
-1.37178e-09
-1.3607e-09
-1.34197e-09
-1.34035e-09
-1.32595e-09
-1.31032e-09
-1.28856e-09
-1.28166e-09
-1.28788e-09
-1.27615e-09
-1.26188e-09
-1.23774e-09
-1.21475e-09
-1.21066e-09
-1.2052e-09
-1.19108e-09
-1.16985e-09
-1.16657e-09
-1.15437e-09
-1.13892e-09
-1.13844e-09
-1.13542e-09
-1.14664e-09
-1.15274e-09
-1.1488e-09
-1.13124e-09
-1.10614e-09
-1.10444e-09
-1.08812e-09
-1.08865e-09
-1.08057e-09
-1.04821e-09
-1.02311e-09
-1.00074e-09
-9.90379e-10
-9.69437e-10
-9.63066e-10
-9.80715e-10
-9.84155e-10
-9.70628e-10
-9.6708e-10
-9.60473e-10
-9.62164e-10
-9.52752e-10
-9.46205e-10
-9.43684e-10
-9.33437e-10
-9.17578e-10
-9.00459e-10
-8.77004e-10
-8.79048e-10
-8.83278e-10
-8.90524e-10
-9.09006e-10
-9.14417e-10
-9.18016e-10
-9.13541e-10
-9.05886e-10
-8.88813e-10
-8.76847e-10
-8.648e-10
-8.51591e-10
-8.2627e-10
-7.8885e-10
-7.79426e-10
-7.81158e-10
-7.77449e-10
-7.74265e-10
-7.708e-10
-7.67057e-10
-7.80886e-10
-7.94426e-10
-8.00257e-10
-8.11107e-10
-8.32378e-10
-8.52852e-10
-8.62261e-10
-8.63319e-10
-8.66143e-10
-8.70959e-10
-8.74514e-10
-8.63703e-10
-8.50768e-10
-8.35036e-10
-8.06914e-10
-7.85851e-10
-7.70312e-10
-7.45587e-10
-7.17079e-10
-6.91083e-10
-6.57592e-10
-6.4131e-10
-6.20766e-10
-6.06422e-10
-5.94554e-10
-5.8414e-10
-5.72219e-10
-5.72895e-10
-5.85021e-10
-5.94199e-10
-5.79955e-10
-5.88734e-10
-6.05091e-10
-6.14234e-10
-6.28339e-10
-6.23311e-10
-6.14569e-10
-5.88224e-10
-5.59172e-10
-5.47045e-10
-5.34968e-10
-5.11822e-10
-4.88929e-10
-4.70517e-10
-4.40344e-10
-3.86451e-10
-3.56995e-10
-3.28163e-10
-2.93578e-10
-2.73248e-10
-2.35118e-10
-2.13862e-10
-2.01779e-10
-1.87359e-10
-1.91514e-10
-1.67641e-10
-1.57851e-10
-1.60453e-10
-1.46331e-10
-1.25521e-10
-1.30882e-10
-1.42279e-10
-1.39433e-10
-1.08042e-10
-1.04685e-10
-1.07426e-10
-8.17028e-11
-6.3982e-11
-5.35487e-11
-4.33377e-11
-4.95707e-11
-4.64729e-11
-5.26679e-11
-4.00144e-11
-4.18781e-11
-6.43173e-11
-8.05595e-11
-7.35115e-11
-6.30586e-11
-4.19375e-11
-3.40936e-11
-3.52835e-11
-2.82063e-11
-2.23426e-11
-2.97589e-11
-3.99357e-11
-3.9021e-11
-4.52788e-11
-3.35959e-11
-8.99623e-12
1.18355e-12
-1.47033e-09
-1.47639e-09
-1.46467e-09
-1.44465e-09
-1.43975e-09
-1.42911e-09
-1.42204e-09
-1.40766e-09
-1.39019e-09
-1.39705e-09
-1.39596e-09
-1.36779e-09
-1.3454e-09
-1.32805e-09
-1.31519e-09
-1.31533e-09
-1.29741e-09
-1.29614e-09
-1.29663e-09
-1.29413e-09
-1.32036e-09
-1.33882e-09
-1.34756e-09
-1.36182e-09
-1.37803e-09
-1.40066e-09
-1.41405e-09
-1.40937e-09
-1.40214e-09
-1.40382e-09
-1.40925e-09
-1.40158e-09
-1.39098e-09
-1.38285e-09
-1.39618e-09
-1.39037e-09
-1.38941e-09
-1.3922e-09
-1.3812e-09
-1.37865e-09
-1.36989e-09
-1.34675e-09
-1.33094e-09
-1.32577e-09
-1.31436e-09
-1.29535e-09
-1.27162e-09
-1.27392e-09
-1.28014e-09
-1.25536e-09
-1.23085e-09
-1.20159e-09
-1.20405e-09
-1.19633e-09
-1.18039e-09
-1.15775e-09
-1.14638e-09
-1.1475e-09
-1.1453e-09
-1.1404e-09
-1.13848e-09
-1.14873e-09
-1.15745e-09
-1.16392e-09
-1.14808e-09
-1.12622e-09
-1.12396e-09
-1.10528e-09
-1.08709e-09
-1.07112e-09
-1.05271e-09
-1.03248e-09
-1.01253e-09
-9.87671e-10
-9.64246e-10
-9.63483e-10
-9.7565e-10
-9.80163e-10
-9.7496e-10
-9.76041e-10
-9.71094e-10
-9.6975e-10
-9.65869e-10
-9.6207e-10
-9.46859e-10
-9.21549e-10
-9.02479e-10
-8.84948e-10
-8.71833e-10
-8.71374e-10
-8.74134e-10
-8.83115e-10
-8.94855e-10
-9.05244e-10
-9.1174e-10
-9.15575e-10
-9.08739e-10
-8.89397e-10
-8.6957e-10
-8.51521e-10
-8.42342e-10
-8.2277e-10
-7.9915e-10
-7.83857e-10
-7.80991e-10
-7.7192e-10
-7.79242e-10
-7.82056e-10
-7.78243e-10
-7.79939e-10
-7.94661e-10
-8.0058e-10
-8.3377e-10
-8.47738e-10
-8.64344e-10
-8.68499e-10
-8.76955e-10
-8.92563e-10
-8.81056e-10
-8.84336e-10
-8.73046e-10
-8.62492e-10
-8.55813e-10
-8.18472e-10
-7.99691e-10
-7.80188e-10
-7.49902e-10
-7.23074e-10
-6.86935e-10
-6.66332e-10
-6.48548e-10
-6.22854e-10
-5.95736e-10
-5.98841e-10
-5.95505e-10
-5.78338e-10
-5.6678e-10
-5.78646e-10
-5.89453e-10
-5.84142e-10
-5.80243e-10
-5.88355e-10
-6.03683e-10
-6.27125e-10
-6.27345e-10
-6.1045e-10
-5.95831e-10
-5.82451e-10
-5.61907e-10
-5.46178e-10
-5.20871e-10
-4.9792e-10
-4.71433e-10
-4.38143e-10
-3.97235e-10
-3.55775e-10
-3.28798e-10
-3.01993e-10
-2.66629e-10
-2.33353e-10
-2.11865e-10
-1.97408e-10
-1.84805e-10
-1.8559e-10
-1.73375e-10
-1.47725e-10
-1.44518e-10
-1.46703e-10
-1.37457e-10
-1.34996e-10
-1.34693e-10
-1.28359e-10
-1.09026e-10
-1.01526e-10
-9.02418e-11
-8.0222e-11
-7.10159e-11
-6.49149e-11
-5.80847e-11
-5.67701e-11
-5.01642e-11
-5.18888e-11
-5.08974e-11
-5.85794e-11
-7.66892e-11
-7.4028e-11
-6.79054e-11
-7.3477e-11
-6.72019e-11
-4.28389e-11
-3.28804e-11
-4.48328e-11
-3.3796e-11
-3.29358e-11
-3.19696e-11
-3.21485e-11
-3.23267e-11
-2.04979e-11
-6.84115e-12
4.50003e-12
)
;

boundaryField
{
    cyclic1
    {
        type            cyclic;
    }
    cyclic2
    {
        type            cyclic;
    }
    frontAndBack
    {
        type            empty;
    }
    outlet
    {
        type            fixedValue;
        value           uniform 0;
    }
    inlet
    {
        type            zeroGradient;
    }
}


// ************************************************************************* //
