/*--------------------------------*- C++ -*----------------------------------*\
  =========                 |
  \\      /  F ield         | OpenFOAM: The Open Source CFD Toolbox
   \\    /   O peration     | Website:  https://openfoam.org
    \\  /    A nd           | Version:  6
     \\/     M anipulation  |
\*---------------------------------------------------------------------------*/
FoamFile
{
    version     2.0;
    format      ascii;
    class       volVectorField;
    location    "160";
    object      U;
}
// * * * * * * * * * * * * * * * * * * * * * * * * * * * * * * * * * * * * * //

dimensions      [0 1 -1 0 0 0 0];

internalField   nonuniform List<vector> 
4000
(
(400 2.73294e-14 0)
(400 1.38957e-14 0)
(400 5.95357e-15 0)
(400 1.54724e-15 0)
(400 7.51369e-15 0)
(400 1.75413e-14 0)
(400 3.69568e-14 0)
(400 5.81609e-14 0)
(400 6.10526e-14 0)
(400 5.32487e-14 0)
(400 5.05863e-14 0)
(400 5.0363e-14 0)
(400 2.63135e-14 0)
(400 1.08486e-14 0)
(400 1.44728e-14 0)
(400 -2.41246e-15 0)
(400 -1.94253e-14 0)
(400 -4.18694e-14 0)
(400 -4.99175e-14 0)
(400 -3.73112e-14 0)
(400 -5.98294e-15 0)
(400 1.26895e-14 0)
(400 4.43409e-14 0)
(400 6.50993e-14 0)
(400 7.777e-14 0)
(400 7.72282e-14 0)
(400 6.40448e-14 0)
(400 6.04289e-14 0)
(400 5.24261e-14 0)
(400 2.57154e-14 0)
(400 4.69549e-15 0)
(400 -1.24783e-14 0)
(400 3.88072e-15 0)
(400 1.89882e-15 0)
(400 -2.36769e-15 0)
(400 -1.59956e-15 0)
(400 -1.62822e-14 0)
(400 -3.34908e-14 0)
(400 -4.45236e-14 0)
(400 -5.40515e-14 0)
(400 -4.02797e-14 0)
(400 -3.10653e-14 0)
(400 -3.18467e-14 0)
(400 -2.57324e-14 0)
(400 -1.42893e-14 0)
(400 -7.56285e-15 0)
(400 -6.13337e-15 0)
(400 2.3788e-15 0)
(400 8.51889e-15 0)
(400 1.60249e-14 0)
(400 1.32464e-14 0)
(400 1.78981e-14 0)
(400 8.28647e-15 0)
(400 -6.18846e-15 0)
(400 -1.7398e-14 0)
(400 -9.69388e-15 0)
(400 -1.03438e-14 0)
(400 -5.3433e-15 0)
(400 -5.29601e-15 0)
(400 -7.78198e-15 0)
(400 3.33682e-15 0)
(400 1.63007e-14 0)
(400 2.0469e-14 0)
(400 1.89422e-14 0)
(400 2.92065e-14 0)
(400 3.70155e-14 0)
(400 2.86666e-14 0)
(400 1.63808e-14 0)
(400 2.56523e-15 0)
(400 -6.18665e-15 0)
(400 7.31913e-15 0)
(400 1.47499e-14 0)
(400 1.55475e-14 0)
(400 1.61461e-14 0)
(400 1.57944e-14 0)
(400 1.09822e-14 0)
(400 4.53063e-15 0)
(400 2.42608e-14 0)
(400 3.63162e-14 0)
(400 2.85669e-14 0)
(400 2.01403e-14 0)
(400 2.02953e-14 0)
(400 7.94798e-15 0)
(400 1.87485e-14 0)
(400 1.80646e-14 0)
(400 -1.65324e-15 0)
(400 -1.95246e-14 0)
(400 -4.44494e-14 0)
(400 -6.74798e-14 0)
(400 -7.76437e-14 0)
(400 -7.24158e-14 0)
(400 -4.87652e-14 0)
(400 -3.13166e-14 0)
(400 -6.31319e-15 0)
(400 8.52155e-15 0)
(400 2.0418e-14 0)
(400 1.53889e-14 0)
(400 2.69884e-14 0)
(400 4.65741e-14 0)
(400 5.30056e-14 0)
(400 5.08375e-14 0)
(400 3.58109e-14 0)
(400 2.83659e-14 0)
(400 2.75157e-14 0)
(400 2.26842e-14 0)
(400 2.9595e-14 0)
(400 4.03521e-14 0)
(400 3.97029e-14 0)
(400 2.78046e-14 0)
(400 1.48634e-15 0)
(400 5.69113e-15 0)
(400 3.15664e-14 0)
(400 3.05415e-14 0)
(400 2.17685e-14 0)
(400 3.20877e-15 0)
(400 3.51144e-15 0)
(400 1.85768e-14 0)
(400 2.11394e-14 0)
(400 2.99026e-14 0)
(400 4.01995e-14 0)
(400 3.47766e-14 0)
(400 2.45964e-14 0)
(400 -2.36271e-15 0)
(400 -2.12058e-14 0)
(400 -1.99039e-14 0)
(400 -1.66602e-14 0)
(400 -1.30366e-14 0)
(400 -2.44115e-14 0)
(400 -2.18919e-14 0)
(400 -6.65563e-15 0)
(400 -1.28404e-14 0)
(400 -2.34266e-14 0)
(400 -3.26145e-14 0)
(400 -3.74016e-14 0)
(400 -2.86523e-14 0)
(400 -2.7423e-14 0)
(400 -2.04109e-14 0)
(400 -5.26295e-15 0)
(400 -1.08791e-14 0)
(400 -1.9443e-14 0)
(400 -1.91207e-14 0)
(400 -1.36018e-14 0)
(400 7.92286e-15 0)
(400 1.61404e-14 0)
(400 1.58871e-14 0)
(400 3.2967e-14 0)
(400 4.91835e-14 0)
(400 5.16438e-14 0)
(400 4.384e-14 0)
(400 2.79605e-14 0)
(400 3.21437e-14 0)
(400 2.89288e-14 0)
(400 1.5869e-14 0)
(400 2.71669e-14 0)
(400 3.60704e-14 0)
(400 3.87815e-14 0)
(400 2.54519e-14 0)
(400 1.37485e-14 0)
(400 2.52672e-15 0)
(400 -1.30135e-14 0)
(400 -1.75316e-15 0)
(400 2.89604e-14 0)
(400 5.31782e-14 0)
(400 4.0091e-14 0)
(400 2.43282e-14 0)
(400 2.30405e-14 0)
(400 1.6616e-14 0)
(400 -6.24609e-15 0)
(400 -4.46827e-14 0)
(400 -7.67226e-14 0)
(400 -7.73618e-14 0)
(400 -7.48825e-14 0)
(400 -6.94605e-14 0)
(400 -4.8578e-14 0)
(400 -3.95151e-14 0)
(400 -5.38391e-14 0)
(400 -4.69448e-14 0)
(400 -3.8432e-14 0)
(400 -4.12117e-14 0)
(400 -4.5067e-14 0)
(400 -4.21932e-14 0)
(400 -3.22308e-14 0)
(400 -1.57934e-14 0)
(400 -1.20926e-14 0)
(400 -1.49535e-14 0)
(400 -3.24929e-14 0)
(400 -3.9596e-14 0)
(400 -3.48044e-14 0)
(400 -3.6363e-14 0)
(400 -2.70195e-14 0)
(400 -1.22173e-14 0)
(400 -4.08032e-15 0)
(400 1.4715e-14 0)
(400 1.76417e-14 0)
(400 1.717e-14 0)
(400 5.62381e-15 0)
(400 -5.88243e-15 0)
(400 -2.1298e-14 0)
(400 -3.50337e-14 0)
(400 -4.33361e-14 0)
(400 -1.01174e-14 0)
(400 -1.16638e-14 0)
(400 -1.26094e-14 0)
(400 -2.22339e-14 0)
(400 -1.66672e-14 0)
(400 7.03539e-16 0)
(400 1.72584e-14 0)
(400 2.12934e-14 0)
(400 3.48999e-14 0)
(400 3.50692e-14 0)
(400 2.90116e-14 0)
(400 3.70583e-14 0)
(400 3.6222e-14 0)
(400 2.25261e-14 0)
(400 4.03758e-15 0)
(400 -1.88989e-14 0)
(400 -2.5032e-14 0)
(400 -1.81316e-14 0)
(400 -2.0143e-14 0)
(400 -8.7216e-15 0)
(400 1.01804e-14 0)
(400 9.92868e-15 0)
(400 2.34199e-14 0)
(400 4.96463e-14 0)
(400 5.25441e-14 0)
(400 4.3532e-14 0)
(400 1.99204e-14 0)
(400 1.09961e-14 0)
(400 6.66759e-15 0)
(400 1.01712e-15 0)
(400 -2.70069e-15 0)
(400 -9.49022e-16 0)
(400 -3.92074e-15 0)
(400 -9.65564e-15 0)
(400 -1.17447e-14 0)
(400 4.08088e-15 0)
(400 -2.85633e-15 0)
(400 -1.18503e-14 0)
(400 -1.29407e-14 0)
(400 -1.83446e-14 0)
(400 -9.88435e-15 0)
(400 -8.23164e-15 0)
(400 -7.45157e-15 0)
(400 5.26835e-15 0)
(400 1.40863e-14 0)
(400 3.17852e-14 0)
(400 4.27757e-14 0)
(400 5.56178e-14 0)
(400 6.88872e-14 0)
(400 7.28146e-14 0)
(400 7.34919e-14 0)
(400 7.97222e-14 0)
(400 6.92639e-14 0)
(400 4.90157e-14 0)
(400 3.93582e-14 0)
(400 4.81021e-14 0)
(400 4.24163e-14 0)
(400 4.07402e-14 0)
(400 3.47625e-14 0)
(400 1.86206e-14 0)
(400 2.19295e-14 0)
(400 2.63215e-14 0)
(400 7.77604e-15 0)
(400 5.49325e-15 0)
(400 1.19143e-14 0)
(400 2.64295e-15 0)
(400 -1.64212e-14 0)
(400 -3.38348e-14 0)
(400 -4.06095e-14 0)
(400 -2.89344e-14 0)
(400 -1.45049e-14 0)
(400 -1.36082e-14 0)
(400 -2.79161e-14 0)
(400 -4.44404e-14 0)
(400 -4.11574e-14 0)
(400 -3.53403e-14 0)
(400 -2.77717e-14 0)
(400 2.5917e-15 0)
(400 2.92658e-14 0)
(400 3.41746e-14 0)
(400 2.60569e-14 0)
(400 1.91501e-14 0)
(400 -6.43531e-15 0)
(400 -2.17939e-15 0)
(400 1.03747e-14 0)
(400 1.03217e-14 0)
(400 3.51929e-15 0)
(400 4.51317e-16 0)
(400 -1.00959e-14 0)
(400 -2.836e-14 0)
(400 -3.74322e-14 0)
(400 -1.73231e-14 0)
(400 -1.72739e-14 0)
(400 -6.6681e-15 0)
(400 9.97193e-15 0)
(400 2.26234e-14 0)
(400 3.67837e-14 0)
(400 4.90191e-14 0)
(400 6.17372e-14 0)
(400 6.29554e-14 0)
(400 4.8955e-14 0)
(400 5.33046e-14 0)
(400 5.35849e-14 0)
(400 5.98777e-14 0)
(400 5.09896e-14 0)
(400 3.92095e-14 0)
(400 2.84274e-14 0)
(400 2.06731e-14 0)
(400 -5.92512e-15 0)
(400 -4.21887e-14 0)
(400 -4.38963e-14 0)
(400 -4.04923e-14 0)
(400 -4.99664e-14 0)
(400 -3.89659e-14 0)
(400 -4.38576e-14 0)
(400 -6.53904e-14 0)
(400 -3.87052e-14 0)
(400 -5.84423e-15 0)
(400 8.83664e-15 0)
(400 -1.78511e-15 0)
(400 -8.66468e-15 0)
(400 -1.11331e-14 0)
(400 -1.97151e-14 0)
(400 -3.65682e-14 0)
(400 -3.35689e-14 0)
(400 -2.62006e-14 0)
(400 -3.54462e-14 0)
(400 -5.76584e-14 0)
(400 -4.92864e-14 0)
(400 -2.52102e-14 0)
(400 -3.90858e-14 0)
(400 -3.29468e-14 0)
(400 -4.06953e-14 0)
(400 -3.16799e-14 0)
(400 -1.64114e-14 0)
(400 2.71403e-16 0)
(400 5.57578e-15 0)
(400 1.29267e-14 0)
(400 7.96807e-15 0)
(400 2.75957e-15 0)
(400 1.37718e-14 0)
(400 2.81884e-14 0)
(400 2.01431e-14 0)
(400 3.20002e-14 0)
(400 4.11662e-14 0)
(400 4.73446e-14 0)
(400 4.29373e-14 0)
(400 5.34711e-14 0)
(400 8.07236e-14 0)
(400 9.54796e-14 0)
(400 9.52256e-14 0)
(400 1.0032e-13 0)
(400 1.09271e-13 0)
(400 1.27357e-13 0)
(400 1.28106e-13 0)
(400 1.12384e-13 0)
(400 1.01092e-13 0)
(400 9.6196e-14 0)
(400 9.54519e-14 0)
(400 8.26785e-14 0)
(400 7.35017e-14 0)
(400 7.23887e-14 0)
(400 8.74243e-14 0)
(400 1.00397e-13 0)
(400 9.07465e-14 0)
(400 7.62119e-14 0)
(400 5.85005e-14 0)
(400 4.82291e-14 0)
(400 2.09482e-14 0)
(400 -9.08479e-15 0)
(400 -2.6074e-14 0)
(400 -3.16725e-14 0)
(400 -3.20695e-14 0)
(400 -2.90839e-14 0)
(400 -4.63529e-14 0)
(400 -6.31587e-14 0)
(400 -8.97067e-14 0)
(400 -1.13211e-13 0)
(400 -1.184e-13 0)
(400 -1.12231e-13 0)
(400 -8.70127e-14 0)
(400 -7.0332e-14 0)
(400 -6.51917e-14 0)
(400 -5.77431e-14 0)
(400 -7.71361e-14 0)
(400 -7.18008e-14 0)
(400 -6.05864e-14 0)
(400 -5.23742e-14 0)
(400 -5.52601e-14 0)
(400 -4.97643e-14 0)
(400 -1.23876e-14 0)
(400 1.20803e-14 0)
(400 1.4515e-14 0)
(400 1.89113e-14 0)
(400 1.12821e-14 0)
(400 2.2047e-14 0)
(400 3.65479e-14 0)
(400 1.2377e-14 0)
(400 -1.56323e-14 0)
(400 -3.57084e-14 0)
(400 -3.16449e-14 0)
(400 -3.65635e-14 0)
(400 -3.56025e-14 0)
(400 -3.91586e-14 0)
(400 -3.54665e-14 0)
(400 -1.76336e-14 0)
(400 -7.30162e-15 0)
(400 1.85851e-15 0)
(400 1.54911e-14 0)
(400 2.59627e-14 0)
(400 2.34925e-14 0)
(400 2.41567e-14 0)
(400 7.21335e-15 0)
(400 -7.82753e-16 0)
(400 -9.41017e-15 0)
(400 -1.64324e-14 0)
(400 -2.00673e-14 0)
(400 -7.55314e-15 0)
(400 -1.20444e-15 0)
(400 -9.18427e-15 0)
(400 -4.66686e-15 0)
(400 6.14905e-15 0)
(400 2.2625e-14 0)
(400 5.68122e-14 0)
(400 6.11053e-14 0)
(400 4.7988e-14 0)
(400 3.07658e-14 0)
(400 2.2292e-14 0)
(400 9.50921e-15 0)
(400 9.62385e-15 0)
(400 1.60829e-14 0)
(400 1.47674e-14 0)
(400 -2.05824e-15 0)
(400 1.81759e-14 0)
(400 1.33024e-14 0)
(400 -6.3134e-15 0)
(400 -1.29917e-14 0)
(400 -1.20717e-14 0)
(400 3.04287e-15 0)
(400 9.97205e-15 0)
(400 9.77694e-15 0)
(400 1.50255e-14 0)
(400 9.79077e-15 0)
(400 1.0102e-14 0)
(400 7.25345e-16 0)
(400 2.0305e-14 0)
(400 3.24334e-14 0)
(400 3.93719e-14 0)
(400 3.82634e-14 0)
(400 1.74644e-14 0)
(400 2.8565e-14 0)
(400 4.90448e-14 0)
(400 5.50499e-14 0)
(400 3.39078e-14 0)
(400 2.3679e-14 0)
(400 2.63223e-14 0)
(400 2.88202e-14 0)
(400 3.24744e-14 0)
(400 2.50339e-14 0)
(400 2.65841e-14 0)
(400 2.22184e-14 0)
(400 9.29655e-15 0)
(400 2.27759e-15 0)
(400 8.57395e-15 0)
(400 9.47964e-15 0)
(400 -1.01928e-14 0)
(400 -3.4358e-14 0)
(400 -5.23122e-14 0)
(400 -5.65661e-14 0)
(400 -3.95846e-14 0)
(400 -3.16482e-14 0)
(400 -3.6867e-14 0)
(400 -4.96047e-14 0)
(400 -6.11766e-14 0)
(400 -4.95114e-14 0)
(400 -2.82676e-14 0)
(400 -7.71269e-15 0)
(400 3.02846e-15 0)
(400 1.3191e-14 0)
(400 3.91659e-14 0)
(400 4.64845e-14 0)
(400 4.17e-14 0)
(400 4.01334e-14 0)
(400 3.35065e-14 0)
(400 3.63428e-14 0)
(400 3.60877e-14 0)
(400 1.96131e-14 0)
(400 1.81333e-14 0)
(400 9.19478e-15 0)
(400 -2.20486e-15 0)
(400 -8.28727e-15 0)
(400 -8.8005e-15 0)
(400 -1.07903e-15 0)
(400 8.30572e-15 0)
(400 1.56076e-14 0)
(400 1.96651e-14 0)
(400 2.27199e-14 0)
(400 1.72547e-14 0)
(400 1.49892e-14 0)
(400 1.30291e-14 0)
(400 1.86793e-15 0)
(400 -2.76717e-15 0)
(400 4.85781e-15 0)
(400 1.53381e-15 0)
(400 -1.24333e-14 0)
(400 -1.72518e-14 0)
(400 -1.13333e-14 0)
(400 -1.0322e-14 0)
(400 -2.68661e-14 0)
(400 -4.10863e-14 0)
(400 -4.60051e-14 0)
(400 -4.51607e-14 0)
(400 -3.09712e-14 0)
(400 -2.14713e-14 0)
(400 -1.91887e-14 0)
(400 -2.22419e-14 0)
(400 -1.6181e-14 0)
(400 -1.08965e-16 0)
(400 3.94873e-15 0)
(400 -9.64515e-15 0)
(400 -9.38403e-15 0)
(400 2.94843e-15 0)
(400 -9.84126e-15 0)
(400 -2.24016e-14 0)
(400 -2.95481e-14 0)
(400 -2.17695e-14 0)
(400 -3.5021e-14 0)
(400 -3.88086e-14 0)
(400 -3.82953e-14 0)
(400 -1.98776e-14 0)
(400 -1.06328e-14 0)
(400 -5.06638e-15 0)
(400 6.48855e-15 0)
(400 4.17873e-15 0)
(400 9.98636e-15 0)
(400 2.52961e-14 0)
(400 3.67946e-14 0)
(400 2.85685e-14 0)
(400 5.43182e-15 0)
(400 9.94398e-16 0)
(400 1.11391e-14 0)
(400 1.12991e-14 0)
(400 -4.78951e-15 0)
(400 -3.53493e-15 0)
(400 9.888e-15 0)
(400 1.6647e-14 0)
(400 2.29202e-14 0)
(400 3.21525e-14 0)
(400 5.58595e-14 0)
(400 7.74167e-14 0)
(400 7.2398e-14 0)
(400 6.92374e-14 0)
(400 4.84984e-14 0)
(400 3.90919e-14 0)
(400 3.49815e-14 0)
(400 2.8664e-14 0)
(400 2.73593e-14 0)
(400 2.30515e-14 0)
(400 2.06237e-14 0)
(400 2.56541e-14 0)
(400 2.45284e-14 0)
(400 2.37522e-15 0)
(400 8.32498e-16 0)
(400 1.23691e-14 0)
(400 2.596e-14 0)
(400 3.43128e-14 0)
(400 3.63646e-14 0)
(400 4.07186e-14 0)
(400 5.13318e-14 0)
(400 6.16731e-14 0)
(400 6.58379e-14 0)
(400 5.01378e-14 0)
(400 5.13546e-14 0)
(400 5.66046e-14 0)
(400 4.52668e-14 0)
(400 3.6342e-14 0)
(400 1.18027e-16 0)
(400 -1.95387e-14 0)
(400 -2.959e-14 0)
(400 -3.71051e-14 0)
(400 -2.12363e-14 0)
(400 -2.16509e-14 0)
(400 -2.66213e-14 0)
(400 -2.18849e-14 0)
(400 -3.57041e-14 0)
(400 -3.18541e-14 0)
(400 -4.19607e-14 0)
(400 -5.52753e-14 0)
(400 -5.15234e-14 0)
(400 -4.78791e-14 0)
(400 -3.31983e-14 0)
(400 -2.82194e-14 0)
(400 -3.23705e-14 0)
(400 -7.55412e-15 0)
(400 -2.65712e-15 0)
(400 -2.63901e-15 0)
(400 -8.0304e-15 0)
(400 -2.84835e-14 0)
(400 -5.27471e-14 0)
(400 -6.20937e-14 0)
(400 -2.04113e-14 0)
(400 -3.23847e-14 0)
(400 -3.55021e-14 0)
(400 -2.91766e-14 0)
(400 -3.36149e-14 0)
(400 -3.72458e-14 0)
(400 -2.55382e-14 0)
(400 -1.34447e-14 0)
(400 -3.14825e-15 0)
(400 -7.79717e-15 0)
(400 -9.29643e-15 0)
(400 -1.87563e-14 0)
(400 -1.82746e-14 0)
(400 -2.69937e-14 0)
(400 -2.80405e-14 0)
(400 -2.41276e-14 0)
(400 -2.53697e-14 0)
(400 -1.6686e-14 0)
(400 -6.64031e-15 0)
(400 1.27882e-15 0)
(400 5.62456e-15 0)
(400 2.2892e-14 0)
(400 1.649e-14 0)
(400 1.73497e-14 0)
(400 2.0396e-14 0)
(400 5.84877e-15 0)
(400 1.66224e-16 0)
(400 -2.5926e-18 0)
(400 1.1042e-14 0)
(400 2.20808e-14 0)
(400 3.7592e-14 0)
(400 3.14927e-14 0)
(400 2.06883e-14 0)
(400 1.61619e-14 0)
(400 6.52517e-15 0)
(400 -1.60182e-14 0)
(400 -2.98274e-14 0)
(400 -2.9564e-14 0)
(400 -3.02787e-15 0)
(400 1.75721e-14 0)
(400 1.69978e-14 0)
(400 2.40919e-14 0)
(400 2.89413e-14 0)
(400 3.66046e-14 0)
(400 3.38192e-14 0)
(400 4.18841e-14 0)
(400 6.51798e-14 0)
(400 7.41251e-14 0)
(400 6.98047e-14 0)
(400 6.1977e-14 0)
(400 7.92643e-14 0)
(400 8.38653e-14 0)
(400 6.47897e-14 0)
(400 3.95166e-14 0)
(400 1.66949e-14 0)
(400 -1.5717e-14 0)
(400 -1.17489e-14 0)
(400 -1.00336e-14 0)
(400 -1.59266e-14 0)
(400 4.68858e-15 0)
(400 6.38066e-15 0)
(400 -1.72117e-14 0)
(400 -9.57629e-15 0)
(400 6.04473e-15 0)
(400 5.30868e-15 0)
(400 -7.29225e-16 0)
(400 -2.26634e-14 0)
(400 -1.77308e-14 0)
(400 -4.95204e-15 0)
(400 5.33084e-15 0)
(400 1.56638e-14 0)
(400 1.51616e-14 0)
(400 7.06972e-15 0)
(400 -7.28267e-15 0)
(400 -5.48946e-15 0)
(400 1.16312e-14 0)
(400 3.33547e-14 0)
(400 2.53083e-14 0)
(400 1.17272e-14 0)
(400 1.42568e-14 0)
(400 2.55617e-14 0)
(400 3.28296e-14 0)
(400 5.3492e-14 0)
(400 6.18161e-14 0)
(400 4.75805e-14 0)
(400 3.28865e-14 0)
(400 3.37328e-14 0)
(400 3.68801e-14 0)
(400 3.18294e-14 0)
(400 3.5315e-14 0)
(400 4.04049e-14 0)
(400 3.12777e-14 0)
(400 3.09654e-14 0)
(400 2.4047e-14 0)
(400 2.80088e-14 0)
(400 4.1377e-14 0)
(400 3.6577e-14 0)
(400 3.31993e-14 0)
(400 2.53686e-14 0)
(400 1.69458e-14 0)
(400 9.96423e-15 0)
(400 -1.0002e-14 0)
(400 -2.53532e-14 0)
(400 -3.77133e-14 0)
(400 -4.94354e-14 0)
(400 -6.55139e-14 0)
(400 -5.94529e-14 0)
(400 -5.09936e-14 0)
(400 -4.57278e-14 0)
(400 -4.56965e-14 0)
(400 -5.82429e-14 0)
(400 -5.92776e-14 0)
(400 -3.28653e-14 0)
(400 -3.56084e-14 0)
(400 -3.25292e-14 0)
(400 -5.87049e-15 0)
(400 -6.20015e-15 0)
(400 -1.70116e-14 0)
(400 -2.26317e-14 0)
(400 -2.65633e-14 0)
(400 -3.2682e-14 0)
(400 -2.83666e-14 0)
(400 -3.77183e-14 0)
(400 -4.6555e-14 0)
(400 -6.19419e-14 0)
(400 -8.37135e-14 0)
(400 -1.03406e-13 0)
(400 -1.02372e-13 0)
(400 -8.1252e-14 0)
(400 -6.71462e-14 0)
(400 -3.68707e-14 0)
(400 -2.54972e-14 0)
(400 3.08515e-15 0)
(400 1.89915e-14 0)
(400 3.13468e-14 0)
(400 3.81402e-14 0)
(400 4.84791e-14 0)
(400 3.71046e-14 0)
(400 1.84267e-14 0)
(400 1.27708e-14 0)
(400 1.73016e-14 0)
(400 1.56939e-14 0)
(400 2.16768e-14 0)
(400 3.58689e-14 0)
(400 5.23205e-14 0)
(400 5.51443e-14 0)
(400 6.03157e-14 0)
(400 6.80579e-14 0)
(400 8.23615e-14 0)
(400 1.00002e-13 0)
(400 1.00383e-13 0)
(400 9.11277e-14 0)
(400 8.67506e-14 0)
(400 8.94958e-14 0)
(400 1.02757e-13 0)
(400 1.05834e-13 0)
(400 1.08756e-13 0)
(400 9.48495e-14 0)
(400 7.57156e-14 0)
(400 6.20216e-14 0)
(400 5.59581e-14 0)
(400 3.55983e-14 0)
(400 1.60541e-14 0)
(400 1.12767e-14 0)
(400 2.09353e-14 0)
(400 2.30464e-14 0)
(400 1.42002e-14 0)
(400 1.19652e-14 0)
(400 2.55004e-14 0)
(400 2.32378e-14 0)
(400 2.40994e-14 0)
(400 1.88942e-14 0)
(400 2.6192e-14 0)
(400 2.50997e-14 0)
(400 2.80456e-14 0)
(400 2.23557e-14 0)
(400 2.06018e-14 0)
(400 1.05463e-14 0)
(400 4.43104e-15 0)
(400 -2.32425e-14 0)
(400 -4.30181e-14 0)
(400 -5.91934e-14 0)
(400 -7.59644e-14 0)
(400 -8.02947e-14 0)
(400 -8.75389e-14 0)
(400 -7.38474e-14 0)
(400 -7.19583e-14 0)
(400 -8.53826e-14 0)
(400 -7.35479e-14 0)
(400 -6.07213e-14 0)
(400 -4.9147e-14 0)
(400 -5.68147e-14 0)
(400 -5.71366e-14 0)
(400 -2.7292e-14 0)
(400 -1.08915e-14 0)
(400 -1.80287e-14 0)
(400 -3.19284e-14 0)
(400 -4.49925e-14 0)
(400 -5.91847e-14 0)
(400 -6.85909e-14 0)
(400 -6.44493e-15 0)
(400 -1.73229e-14 0)
(400 -3.21759e-14 0)
(400 -3.29085e-14 0)
(400 -2.72449e-14 0)
(400 -3.73285e-14 0)
(400 -4.1029e-14 0)
(400 -3.35096e-14 0)
(400 -1.87151e-14 0)
(400 -1.84695e-14 0)
(400 -2.99048e-14 0)
(400 -3.73297e-14 0)
(400 -1.92003e-14 0)
(400 -2.21869e-14 0)
(400 -2.91116e-14 0)
(400 -2.51777e-14 0)
(400 -1.00402e-14 0)
(400 -2.97985e-15 0)
(400 -3.94179e-15 0)
(400 1.24493e-14 0)
(400 2.61145e-14 0)
(400 3.37644e-14 0)
(400 2.19742e-14 0)
(400 -1.24997e-15 0)
(400 -3.72977e-15 0)
(400 -6.37463e-16 0)
(400 -2.7773e-15 0)
(400 -1.47225e-15 0)
(400 3.0887e-14 0)
(400 5.07133e-14 0)
(400 5.46007e-14 0)
(400 6.45371e-14 0)
(400 6.4434e-14 0)
(400 4.38555e-14 0)
(400 4.12718e-14 0)
(400 4.82694e-14 0)
(400 4.08102e-14 0)
(400 3.33259e-14 0)
(400 3.74772e-14 0)
(400 3.81658e-14 0)
(400 4.33089e-14 0)
(400 3.9563e-14 0)
(400 4.83938e-14 0)
(400 5.54102e-14 0)
(400 6.34528e-14 0)
(400 6.55351e-14 0)
(400 8.6999e-14 0)
(400 9.51454e-14 0)
(400 7.94604e-14 0)
(400 8.44607e-14 0)
(400 7.7643e-14 0)
(400 4.64165e-14 0)
(400 1.1844e-14 0)
(400 -1.65118e-14 0)
(400 -4.17438e-14 0)
(400 -5.69225e-14 0)
(400 -6.23948e-14 0)
(400 -5.92195e-14 0)
(400 -5.54357e-14 0)
(400 -4.85145e-14 0)
(400 -3.81804e-14 0)
(400 -3.79789e-14 0)
(400 -3.16972e-14 0)
(400 -2.90082e-14 0)
(400 -4.28588e-14 0)
(400 -4.16151e-14 0)
(400 -3.80045e-14 0)
(400 -2.2595e-14 0)
(400 -1.0252e-14 0)
(400 -6.31469e-15 0)
(400 6.30258e-15 0)
(400 1.30787e-14 0)
(400 2.63932e-14 0)
(400 2.03059e-14 0)
(400 1.67033e-14 0)
(400 4.45273e-14 0)
(400 5.73928e-14 0)
(400 5.02272e-14 0)
(400 4.61773e-14 0)
(400 3.47526e-14 0)
(400 3.37687e-14 0)
(400 4.23577e-14 0)
(400 6.13139e-14 0)
(400 7.24521e-14 0)
(400 6.01441e-14 0)
(400 5.17035e-14 0)
(400 5.73142e-14 0)
(400 6.10694e-14 0)
(400 6.73804e-14 0)
(400 6.02642e-14 0)
(400 6.11448e-14 0)
(400 4.50675e-14 0)
(400 3.37987e-14 0)
(400 1.7194e-14 0)
(400 1.38329e-14 0)
(400 1.00362e-14 0)
(400 7.3908e-15 0)
(400 4.50504e-15 0)
(400 -1.296e-14 0)
(400 -3.00629e-14 0)
(400 -3.84499e-14 0)
(400 -4.48062e-14 0)
(400 -5.53769e-14 0)
(400 -5.45839e-14 0)
(400 -4.69321e-14 0)
(400 -3.63332e-14 0)
(400 -3.24553e-14 0)
(400 -1.84574e-14 0)
(400 7.81287e-15 0)
(400 2.09567e-14 0)
(400 1.15111e-14 0)
(400 -1.14549e-14 0)
(400 -2.21457e-14 0)
(400 -1.52058e-14 0)
(400 -9.00355e-15 0)
(400 4.62942e-15 0)
(400 5.26847e-15 0)
(400 -1.52346e-14 0)
(400 -3.38108e-14 0)
(400 -4.08781e-14 0)
(400 -3.53842e-14 0)
(400 -3.32233e-14 0)
(400 -2.44151e-14 0)
(400 -2.43205e-14 0)
(400 -2.42988e-14 0)
(400 -4.72787e-14 0)
(400 -5.44086e-14 0)
(400 -6.41808e-14 0)
(400 -4.85711e-14 0)
(400 -4.29838e-14 0)
(400 -1.88269e-14 0)
(400 2.34321e-15 0)
(400 1.23151e-14 0)
(400 1.83069e-14 0)
(400 2.20053e-14 0)
(400 2.35823e-14 0)
(400 1.9994e-14 0)
(400 9.29878e-15 0)
(400 3.2229e-15 0)
(400 -7.77162e-15 0)
(400 -1.78167e-14 0)
(400 -1.86235e-14 0)
(400 -7.69868e-15 0)
(400 8.38507e-15 0)
(400 2.37935e-14 0)
(400 3.43547e-14 0)
(400 2.40953e-14 0)
(400 2.31944e-14 0)
(400 2.00519e-14 0)
(400 3.54168e-14 0)
(400 4.0328e-14 0)
(400 2.55176e-14 0)
(400 4.14574e-14 0)
(400 5.60312e-14 0)
(400 5.3292e-14 0)
(400 5.05341e-14 0)
(400 5.26475e-14 0)
(400 4.52458e-14 0)
(400 2.40686e-14 0)
(400 6.64398e-15 0)
(400 3.61632e-15 0)
(400 -2.78977e-15 0)
(400 -2.34137e-14 0)
(400 -1.31341e-14 0)
(400 -7.293e-15 0)
(400 -1.75093e-14 0)
(400 -1.32904e-14 0)
(400 1.09223e-14 0)
(400 3.43072e-14 0)
(400 2.76658e-14 0)
(400 2.28085e-14 0)
(400 4.39958e-14 0)
(400 4.75002e-14 0)
(400 3.32019e-14 0)
(400 5.42592e-14 0)
(400 5.80565e-14 0)
(400 5.78613e-14 0)
(400 6.11779e-14 0)
(400 6.01782e-14 0)
(400 5.70882e-14 0)
(400 4.19979e-14 0)
(400 4.12384e-14 0)
(400 1.47549e-14 0)
(400 -2.075e-14 0)
(400 -2.91412e-14 0)
(400 -2.68164e-14 0)
(400 -1.75334e-14 0)
(400 -2.31427e-14 0)
(400 -2.97209e-14 0)
(400 -2.48607e-14 0)
(400 -2.45624e-14 0)
(400 -2.42817e-14 0)
(400 -2.26522e-14 0)
(400 -2.03418e-14 0)
(400 -1.73514e-14 0)
(400 -2.85187e-14 0)
(400 -3.28129e-14 0)
(400 -2.36722e-14 0)
(400 -1.41646e-14 0)
(400 -1.15772e-14 0)
(400 2.17338e-16 0)
(400 -1.85452e-14 0)
(400 -3.84733e-14 0)
(400 -4.68663e-14 0)
(400 -3.75467e-14 0)
(400 -4.40702e-14 0)
(400 -5.5812e-14 0)
(400 -4.97419e-14 0)
(400 -3.39475e-14 0)
(400 -1.28022e-14 0)
(400 -4.0781e-15 0)
(400 -1.24799e-14 0)
(400 -1.72351e-14 0)
(400 -1.1048e-14 0)
(400 1.12402e-15 0)
(400 1.02603e-14 0)
(400 2.03425e-14 0)
(400 2.23835e-14 0)
(400 2.39415e-14 0)
(400 1.94664e-14 0)
(400 2.20198e-14 0)
(400 2.56686e-14 0)
(400 3.21123e-14 0)
(400 1.92862e-14 0)
(400 8.14335e-15 0)
(400 2.69751e-14 0)
(400 2.15986e-14 0)
(400 2.42225e-14 0)
(400 4.26925e-14 0)
(400 4.45838e-14 0)
(400 4.04108e-14 0)
(400 3.92673e-14 0)
(400 2.81251e-14 0)
(400 2.77203e-14 0)
(400 3.11484e-14 0)
(400 3.2633e-14 0)
(400 4.17119e-14 0)
(400 3.69031e-14 0)
(400 2.14842e-14 0)
(400 7.781e-15 0)
(400 2.20685e-14 0)
(400 2.98543e-14 0)
(400 4.06965e-14 0)
(400 5.3084e-14 0)
(400 7.50316e-14 0)
(400 8.39176e-14 0)
(400 8.28077e-14 0)
(400 7.00861e-14 0)
(400 5.50072e-14 0)
(400 4.29483e-14 0)
(400 3.22117e-14 0)
(400 2.57344e-15 0)
(400 -2.97311e-15 0)
(400 -2.47713e-14 0)
(400 -3.91003e-14 0)
(400 -3.57278e-14 0)
(400 -4.45381e-14 0)
(400 -4.65846e-14 0)
(400 -4.21154e-14 0)
(400 -3.36197e-14 0)
(400 -3.42286e-14 0)
(400 -3.34816e-14 0)
(400 -3.0642e-14 0)
(400 -2.94145e-14 0)
(400 -3.12618e-14 0)
(400 -3.75135e-14 0)
(400 -1.27675e-14 0)
(400 -2.11674e-15 0)
(400 2.72485e-15 0)
(400 5.11758e-15 0)
(400 1.02924e-14 0)
(400 1.75693e-14 0)
(400 2.86559e-14 0)
(400 3.67578e-14 0)
(400 4.11923e-14 0)
(400 3.52084e-14 0)
(400 2.79641e-14 0)
(400 3.28617e-14 0)
(400 4.04048e-14 0)
(400 4.09014e-14 0)
(400 4.99828e-14 0)
(400 6.07506e-14 0)
(400 7.43205e-14 0)
(400 5.92811e-14 0)
(400 7.09026e-14 0)
(400 9.95781e-14 0)
(400 9.94803e-14 0)
(400 9.69084e-14 0)
(400 9.33084e-14 0)
(400 9.63813e-14 0)
(400 8.67318e-14 0)
(400 6.91611e-14 0)
(400 5.8243e-14 0)
(400 3.19689e-14 0)
(400 3.27501e-14 0)
(400 1.23341e-14 0)
(400 1.02095e-14 0)
(400 -3.68136e-15 0)
(400 -1.92501e-14 0)
(400 -2.134e-14 0)
(400 -2.84728e-14 0)
(400 -2.63399e-14 0)
(400 -1.00609e-14 0)
(400 -1.30495e-14 0)
(400 -3.06056e-16 0)
(400 2.29319e-14 0)
(400 2.10216e-14 0)
(400 1.41834e-14 0)
(400 1.66641e-14 0)
(400 3.40777e-14 0)
(400 3.85073e-14 0)
(400 2.33381e-14 0)
(400 -1.15181e-14 0)
(400 -5.20011e-15 0)
(400 -1.00366e-14 0)
(400 -1.20522e-14 0)
(400 -1.36311e-14 0)
(400 -3.11829e-14 0)
(400 -4.99145e-14 0)
(400 -6.22809e-14 0)
(400 -5.54501e-14 0)
(400 -4.70901e-14 0)
(400 -2.05916e-14 0)
(400 -1.58498e-14 0)
(400 -1.83699e-14 0)
(400 -1.28514e-14 0)
(400 1.08893e-15 0)
(400 1.17922e-14 0)
(400 5.93176e-16 0)
(400 3.57079e-15 0)
(400 2.81313e-14 0)
(400 3.26958e-14 0)
(400 3.11748e-14 0)
(400 1.16436e-14 0)
(400 -5.0765e-15 0)
(400 -2.21619e-14 0)
(400 -2.86289e-14 0)
(400 -2.40961e-14 0)
(400 -1.20261e-14 0)
(400 -1.08504e-14 0)
(400 -2.7547e-14 0)
(400 -9.49229e-15 0)
(400 1.81299e-14 0)
(400 1.55459e-14 0)
(400 2.74758e-14 0)
(400 3.8042e-14 0)
(400 3.79346e-14 0)
(400 3.08311e-14 0)
(400 1.9568e-14 0)
(400 1.99385e-14 0)
(400 3.21267e-14 0)
(400 3.98417e-14 0)
(400 3.65123e-14 0)
(400 1.81807e-14 0)
(400 -1.94016e-15 0)
(400 3.65019e-16 0)
(400 1.29574e-15 0)
(400 3.65715e-15 0)
(400 4.86553e-15 0)
(400 1.08726e-14 0)
(400 8.81535e-15 0)
(400 5.83793e-15 0)
(400 5.79377e-16 0)
(400 2.99977e-15 0)
(400 3.80742e-15 0)
(400 1.68813e-15 0)
(400 1.9394e-14 0)
(400 3.84611e-14 0)
(400 4.13567e-14 0)
(400 4.69871e-14 0)
(400 4.68827e-14 0)
(400 5.57497e-14 0)
(400 5.80705e-14 0)
(400 4.26988e-14 0)
(400 4.43647e-14 0)
(400 3.07621e-14 0)
(400 2.41203e-14 0)
(400 3.5223e-14 0)
(400 3.76489e-14 0)
(400 4.30402e-14 0)
(400 3.13157e-14 0)
(400 1.82284e-14 0)
(400 -6.95158e-15 0)
(400 -4.45747e-14 0)
(400 -4.00116e-14 0)
(400 -4.41921e-14 0)
(400 -4.67941e-14 0)
(400 -3.7098e-14 0)
(400 -2.98692e-14 0)
(400 -2.81983e-14 0)
(400 -4.67481e-14 0)
(400 -5.14938e-14 0)
(400 -5.53728e-14 0)
(400 -7.15815e-14 0)
(400 -6.58414e-14 0)
(400 -6.72291e-14 0)
(400 -6.51351e-14 0)
(400 -5.55373e-14 0)
(400 -3.48942e-14 0)
(400 -1.62158e-14 0)
(400 -1.21798e-14 0)
(400 -4.32231e-14 0)
(400 -4.7624e-14 0)
(400 -5.06107e-14 0)
(400 -5.75367e-14 0)
(400 -7.08818e-14 0)
(400 -6.27811e-14 0)
(400 -5.8861e-14 0)
(400 -5.13791e-14 0)
(400 -2.07342e-14 0)
(400 5.5136e-15 0)
(400 5.5201e-15 0)
(400 8.40614e-15 0)
(400 2.91851e-14 0)
(400 3.36676e-14 0)
(400 4.0598e-14 0)
(400 6.04954e-14 0)
(400 6.46649e-14 0)
(400 7.34479e-14 0)
(400 7.57717e-14 0)
(400 6.70616e-14 0)
(400 5.4192e-14 0)
(400 4.55579e-14 0)
(400 3.03056e-14 0)
(400 1.60391e-14 0)
(400 2.74021e-14 0)
(400 3.34265e-14 0)
(400 2.74268e-14 0)
(400 1.50302e-14 0)
(400 1.28486e-14 0)
(400 2.90271e-14 0)
(400 2.45024e-14 0)
(400 2.09113e-14 0)
(400 1.66045e-14 0)
(400 1.65897e-14 0)
(400 1.53869e-14 0)
(400 1.63088e-14 0)
(400 1.66201e-14 0)
(400 1.16973e-14 0)
(400 1.71698e-14 0)
(400 2.76295e-14 0)
(400 5.11182e-14 0)
(400 6.21099e-14 0)
(400 6.48045e-14 0)
(400 8.29662e-14 0)
(400 8.27513e-14 0)
(400 6.35659e-14 0)
(400 3.87528e-14 0)
(400 4.48077e-14 0)
(400 4.59473e-14 0)
(400 3.20381e-14 0)
(400 1.94548e-14 0)
(400 4.12228e-15 0)
(400 -9.74198e-16 0)
(400 5.96284e-15 0)
(400 -5.17107e-15 0)
(400 -1.37513e-14 0)
(400 -2.68374e-14 0)
(400 -2.33041e-14 0)
(400 -2.988e-14 0)
(400 -3.23249e-14 0)
(400 -3.24332e-14 0)
(400 -4.40432e-14 0)
(400 -4.36037e-14 0)
(400 -1.98406e-14 0)
(400 -7.50415e-15 0)
(400 3.1552e-14 0)
(400 4.86125e-14 0)
(400 6.36134e-14 0)
(400 7.39422e-14 0)
(400 4.50701e-14 0)
(400 6.42125e-14 0)
(400 6.41273e-14 0)
(400 6.4474e-14 0)
(400 6.72168e-14 0)
(400 3.40403e-14 0)
(400 2.9562e-14 0)
(400 2.97288e-14 0)
(400 4.72607e-14 0)
(400 6.23817e-14 0)
(400 7.91791e-14 0)
(400 7.90992e-14 0)
(400 6.6348e-14 0)
(400 4.36758e-14 0)
(400 5.68592e-14 0)
(400 8.04957e-14 0)
(400 8.39356e-14 0)
(400 7.21428e-14 0)
(400 6.53471e-14 0)
(400 7.35526e-14 0)
(400 6.07543e-14 0)
(400 5.57685e-14 0)
(400 5.23132e-14 0)
(400 5.5571e-14 0)
(400 4.60916e-14 0)
(400 3.82402e-14 0)
(400 3.73688e-14 0)
(400 2.99869e-14 0)
(400 2.01849e-14 0)
(400 7.52412e-15 0)
(400 -7.91801e-15 0)
(400 -4.38226e-15 0)
(400 9.00005e-15 0)
(400 1.28522e-14 0)
(400 1.19182e-14 0)
(400 1.98337e-15 0)
(400 1.78155e-14 0)
(400 1.31705e-14 0)
(400 2.34233e-14 0)
(400 3.0494e-14 0)
(400 1.97663e-14 0)
(400 2.92087e-14 0)
(400 2.06359e-14 0)
(400 2.62665e-14 0)
(400 1.44413e-14 0)
(400 6.71233e-15 0)
(400 3.13355e-15 0)
(400 -2.03861e-14 0)
(400 -2.33921e-14 0)
(400 -3.57779e-14 0)
(400 -4.65316e-14 0)
(400 -3.34394e-14 0)
(400 -1.07407e-14 0)
(400 6.15975e-15 0)
(400 5.09999e-15 0)
(400 1.99836e-14 0)
(400 3.80548e-14 0)
(400 5.63384e-14 0)
(400 5.55681e-14 0)
(400 5.94678e-14 0)
(400 6.14461e-14 0)
(400 6.1035e-14 0)
(400 4.99218e-14 0)
(400 3.28443e-14 0)
(400 6.68016e-15 0)
(400 -1.87377e-14 0)
(400 -2.47306e-14 0)
(400 -2.78768e-14 0)
(400 -2.00724e-14 0)
(400 -2.029e-14 0)
(400 -1.19825e-14 0)
(400 5.98409e-15 0)
(400 2.73242e-14 0)
(400 2.17159e-14 0)
(400 8.371e-15 0)
(400 5.45417e-15 0)
(400 1.55691e-14 0)
(400 6.91534e-15 0)
(400 -8.86921e-16 0)
(400 -8.96623e-15 0)
(400 4.04151e-15 0)
(400 1.9658e-14 0)
(400 -1.43984e-15 0)
(400 -3.21277e-14 0)
(400 -3.85099e-14 0)
(400 -3.47211e-14 0)
(400 -2.38255e-14 0)
(400 -1.58423e-14 0)
(400 5.15288e-16 0)
(400 6.24898e-15 0)
(400 -5.65687e-16 0)
(400 8.37863e-15 0)
(400 1.97487e-14 0)
(400 9.53297e-15 0)
(400 1.02823e-14 0)
(400 3.11957e-14 0)
(400 5.28454e-14 0)
(400 6.20303e-14 0)
(400 5.16067e-14 0)
(400 6.87156e-14 0)
(400 6.99549e-14 0)
(400 6.81004e-14 0)
(400 7.01742e-14 0)
(400 5.19768e-14 0)
(400 3.21938e-14 0)
(400 4.06682e-14 0)
(400 6.6608e-14 0)
(400 6.71735e-14 0)
(400 6.49142e-14 0)
(400 7.68312e-14 0)
(400 7.5874e-14 0)
(400 6.27607e-14 0)
(400 5.67124e-14 0)
(400 5.24444e-14 0)
(400 5.08804e-14 0)
(400 6.72803e-14 0)
(400 6.8499e-14 0)
(400 7.69165e-14 0)
(400 7.68546e-14 0)
(400 7.237e-14 0)
(400 5.94255e-14 0)
(400 4.75821e-14 0)
(400 2.39825e-14 0)
(400 -1.11185e-14 0)
(400 -1.91672e-14 0)
(400 -1.05208e-14 0)
(400 -9.89424e-15 0)
(400 -1.42589e-14 0)
(400 -2.5604e-14 0)
(400 -3.03092e-14 0)
(400 -1.13189e-14 0)
(400 -1.69839e-14 0)
(400 -1.36327e-14 0)
(400 -1.8022e-14 0)
(400 -3.11797e-14 0)
(400 -5.32916e-14 0)
(400 -5.90178e-14 0)
(400 -5.66317e-14 0)
(400 -5.31615e-14 0)
(400 -4.21579e-14 0)
(400 -3.01485e-14 0)
(400 -1.27563e-14 0)
(400 7.97283e-15 0)
(400 2.59574e-14 0)
(400 3.29104e-14 0)
(400 3.56282e-14 0)
(400 4.92496e-14 0)
(400 5.87103e-14 0)
(400 6.73383e-14 0)
(400 8.96373e-14 0)
(400 8.72344e-14 0)
(400 6.75546e-14 0)
(400 5.38417e-14 0)
(400 3.04891e-14 0)
(400 1.80333e-14 0)
(400 4.37068e-15 0)
(400 9.15323e-15 0)
(400 -5.40034e-15 0)
(400 -2.5461e-14 0)
(400 -1.92835e-14 0)
(400 -2.33798e-14 0)
(400 -3.18328e-14 0)
(400 -3.61205e-14 0)
(400 -5.122e-14 0)
(400 -5.29315e-14 0)
(400 -5.56457e-14 0)
(400 -5.57637e-14 0)
(400 -3.80955e-14 0)
(400 -2.38485e-14 0)
(400 -4.37026e-15 0)
(400 9.07322e-15 0)
(400 3.03383e-14 0)
(400 3.94601e-14 0)
(400 3.29725e-14 0)
(400 2.62687e-14 0)
(400 2.88679e-14 0)
(400 1.31408e-14 0)
(400 9.39612e-15 0)
(400 1.45032e-14 0)
(400 1.99573e-14 0)
(400 1.58115e-14 0)
(400 1.44626e-14 0)
(400 6.13758e-15 0)
(400 5.19983e-15 0)
(400 1.47994e-14 0)
(400 1.10029e-14 0)
(400 5.86491e-16 0)
(400 -5.77432e-15 0)
(400 7.45933e-15 0)
(400 -1.29328e-14 0)
(400 -2.13846e-14 0)
(400 -1.24622e-14 0)
(400 -1.89329e-14 0)
(400 -2.7361e-14 0)
(400 -2.00609e-14 0)
(400 9.58819e-15 0)
(400 4.01951e-14 0)
(400 5.16111e-14 0)
(400 6.58706e-14 0)
(400 6.8243e-14 0)
(400 5.17365e-14 0)
(400 4.93148e-14 0)
(400 4.54415e-14 0)
(400 3.85189e-14 0)
(400 2.68957e-14 0)
(400 2.46907e-14 0)
(400 8.16605e-15 0)
(400 4.38996e-15 0)
(400 1.1671e-14 0)
(400 2.94262e-14 0)
(400 3.87349e-14 0)
(400 4.17767e-14 0)
(400 2.46326e-14 0)
(400 1.97023e-14 0)
(400 2.69449e-14 0)
(400 2.40134e-14 0)
(400 2.78692e-14 0)
(400 2.48806e-14 0)
(400 6.54062e-15 0)
(400 -1.76619e-15 0)
(400 1.37178e-15 0)
(400 6.71003e-15 0)
(400 2.25102e-14 0)
(400 5.05362e-14 0)
(400 4.98285e-14 0)
(400 5.58732e-14 0)
(400 5.61234e-14 0)
(400 5.85604e-14 0)
(400 3.94645e-14 0)
(400 2.25381e-14 0)
(400 3.06316e-14 0)
(400 5.27311e-14 0)
(400 5.70083e-14 0)
(400 5.09231e-14 0)
(400 3.46194e-14 0)
(400 3.14066e-14 0)
(400 4.35254e-14 0)
(400 4.96116e-14 0)
(400 5.56582e-14 0)
(400 4.76936e-14 0)
(400 5.10755e-14 0)
(400 5.2888e-14 0)
(400 5.05439e-14 0)
(400 3.24598e-14 0)
(400 2.01992e-14 0)
(400 -5.70776e-15 0)
(400 -2.05597e-14 0)
(400 -3.48398e-14 0)
(400 -3.8733e-14 0)
(400 -3.87913e-14 0)
(400 -3.07817e-14 0)
(400 -1.92871e-14 0)
(400 7.92973e-16 0)
(400 2.23391e-14 0)
(400 6.06431e-14 0)
(400 7.48346e-14 0)
(400 7.74159e-14 0)
(400 8.33249e-14 0)
(400 7.78887e-14 0)
(400 6.88074e-14 0)
(400 4.75185e-14 0)
(400 3.48923e-14 0)
(400 1.36464e-14 0)
(400 3.53786e-15 0)
(400 -8.92135e-15 0)
(400 -1.94934e-14 0)
(400 -2.8865e-14 0)
(400 -2.97164e-14 0)
(400 -1.79473e-14 0)
(400 -1.08573e-14 0)
(400 1.32879e-14 0)
(400 1.52273e-14 0)
(400 1.79417e-14 0)
(400 1.69203e-14 0)
(400 1.52121e-14 0)
(400 1.76447e-14 0)
(400 2.33298e-14 0)
(400 2.43397e-14 0)
(400 9.19526e-17 0)
(400 -9.49131e-15 0)
(400 -1.07828e-14 0)
(400 -6.48364e-15 0)
(400 -2.93893e-14 0)
(400 -4.63993e-14 0)
(400 -4.61447e-14 0)
(400 -4.15511e-14 0)
(400 -3.62469e-14 0)
(400 -2.67655e-14 0)
(400 -2.16848e-14 0)
(400 -1.5357e-14 0)
(400 -4.37577e-15 0)
(400 -4.18382e-15 0)
(400 -1.62836e-14 0)
(400 -7.84835e-15 0)
(400 1.02882e-15 0)
(400 1.77887e-14 0)
(400 3.40481e-14 0)
(400 3.62297e-14 0)
(400 5.37981e-14 0)
(400 7.20557e-14 0)
(400 7.6083e-14 0)
(400 6.54634e-14 0)
(400 4.88463e-14 0)
(400 4.19552e-14 0)
(400 3.48293e-14 0)
(400 4.27618e-14 0)
(400 5.43446e-14 0)
(400 6.38938e-14 0)
(400 4.96421e-14 0)
(400 6.10903e-14 0)
(400 6.85288e-14 0)
(400 6.27593e-14 0)
(400 6.13614e-14 0)
(400 5.78104e-14 0)
(400 5.30498e-14 0)
(400 5.10413e-14 0)
(400 5.38933e-14 0)
(400 5.0699e-14 0)
(400 3.76229e-14 0)
(400 2.87838e-14 0)
(400 3.03275e-14 0)
(400 3.05361e-14 0)
(400 9.53915e-15 0)
(400 -1.25568e-14 0)
(400 -3.50645e-14 0)
(400 -4.52934e-14 0)
(400 -4.30704e-14 0)
(400 -2.94633e-14 0)
(400 -3.62382e-14 0)
(400 -4.24852e-14 0)
(400 3.27273e-15 0)
(400 2.83171e-14 0)
(400 3.39181e-14 0)
(400 2.71182e-14 0)
(400 1.11303e-14 0)
(400 -5.08738e-16 0)
(400 -1.77452e-14 0)
(400 -2.96883e-14 0)
(400 -3.56184e-14 0)
(400 -4.74274e-14 0)
(400 -4.08264e-14 0)
(400 -1.8801e-14 0)
(400 -2.65771e-15 0)
(400 1.33726e-14 0)
(400 4.65865e-14 0)
(400 5.58785e-14 0)
(400 5.26706e-14 0)
(400 7.491e-14 0)
(400 9.20249e-14 0)
(400 9.44489e-14 0)
(400 9.68077e-14 0)
(400 8.96215e-14 0)
(400 7.46107e-14 0)
(400 6.03016e-14 0)
(400 4.73297e-14 0)
(400 1.96826e-14 0)
(400 1.9716e-14 0)
(400 9.95541e-15 0)
(400 -2.45155e-15 0)
(400 -8.72587e-15 0)
(400 -2.41383e-14 0)
(400 -3.35194e-14 0)
(400 -4.81864e-14 0)
(400 -6.4948e-14 0)
(400 -6.93618e-14 0)
(400 -6.62466e-14 0)
(400 -6.42705e-14 0)
(400 -5.35347e-14 0)
(400 -4.30996e-14 0)
(400 -2.25575e-14 0)
(400 -7.73205e-15 0)
(400 -8.08815e-15 0)
(400 -5.23386e-15 0)
(400 -6.5468e-15 0)
(400 1.08043e-15 0)
(400 4.63251e-15 0)
(400 -1.55057e-15 0)
(400 7.43123e-15 0)
(400 1.03168e-14 0)
(400 3.99548e-15 0)
(400 5.34782e-15 0)
(400 1.27775e-14 0)
(400 2.74381e-14 0)
(400 2.75651e-14 0)
(400 1.3941e-14 0)
(400 1.71792e-15 0)
(400 -4.32804e-16 0)
(400 -2.92632e-15 0)
(400 1.06397e-14 0)
(400 1.15643e-14 0)
(400 -6.79192e-15 0)
(400 -9.62515e-15 0)
(400 3.50955e-15 0)
(400 1.02751e-14 0)
(400 1.60544e-14 0)
(400 3.94474e-14 0)
(400 4.51604e-14 0)
(400 4.91215e-14 0)
(400 4.33826e-14 0)
(400 3.53259e-14 0)
(400 5.11563e-14 0)
(400 3.20387e-14 0)
(400 2.43627e-14 0)
(400 2.39476e-14 0)
(400 1.96821e-14 0)
(400 3.28538e-14 0)
(400 2.78616e-14 0)
(400 2.77207e-14 0)
(400 3.22457e-14 0)
(400 4.5581e-14 0)
(400 3.74972e-14 0)
(400 3.56205e-14 0)
(400 3.55447e-14 0)
(400 6.67103e-14 0)
(400 6.26702e-14 0)
(400 4.16867e-14 0)
(400 3.63632e-14 0)
(400 1.71475e-14 0)
(400 1.61173e-14 0)
(400 8.76176e-15 0)
(400 1.30812e-14 0)
(400 2.12663e-14 0)
(400 2.69525e-14 0)
(400 2.38489e-14 0)
(400 1.77833e-14 0)
(400 1.96899e-14 0)
(400 1.07327e-14 0)
(400 -6.42345e-15 0)
(400 -1.11228e-14 0)
(400 -9.12377e-16 0)
(400 2.53529e-14 0)
(400 3.34983e-14 0)
(400 2.72259e-14 0)
(400 2.16737e-14 0)
(400 3.24587e-14 0)
(400 4.19165e-14 0)
(400 2.76642e-14 0)
(400 2.52212e-14 0)
(400 2.11291e-14 0)
(400 2.92981e-14 0)
(400 4.48201e-14 0)
(400 3.4537e-14 0)
(400 1.99706e-14 0)
(400 -5.08023e-15 0)
(400 -2.76067e-14 0)
(400 -5.52622e-14 0)
(400 -6.72914e-14 0)
(400 -5.37933e-14 0)
(400 -5.10159e-14 0)
(400 -3.89878e-14 0)
(400 -2.83509e-14 0)
(400 -2.88052e-14 0)
(400 3.74437e-15 0)
(400 2.43854e-14 0)
(400 5.15865e-14 0)
(400 6.03253e-14 0)
(400 6.42111e-14 0)
(400 4.74273e-14 0)
(400 3.09839e-14 0)
(400 3.80347e-14 0)
(400 1.84871e-14 0)
(400 -1.23543e-14 0)
(400 -2.61573e-14 0)
(400 -3.25229e-14 0)
(400 -3.76674e-14 0)
(400 -4.2976e-14 0)
(400 -4.83781e-14 0)
(400 -2.84889e-14 0)
(400 -2.26145e-14 0)
(400 9.72027e-16 0)
(400 1.36694e-14 0)
(400 9.26128e-15 0)
(400 -5.18769e-15 0)
(400 -8.06456e-15 0)
(400 5.2814e-15 0)
(400 1.09571e-14 0)
(400 6.4308e-15 0)
(400 -7.82655e-15 0)
(400 -2.87203e-14 0)
(400 -4.41015e-14 0)
(400 -5.61661e-14 0)
(400 -5.79747e-14 0)
(400 -5.15044e-14 0)
(400 -5.2779e-14 0)
(400 -3.95671e-14 0)
(400 -3.1474e-14 0)
(400 -3.46372e-14 0)
(400 -3.34227e-14 0)
(400 -2.84591e-14 0)
(400 -1.35771e-14 0)
(400 -6.40694e-15 0)
(400 3.59236e-15 0)
(400 1.75472e-15 0)
(400 1.41454e-14 0)
(400 2.06816e-14 0)
(400 2.72597e-14 0)
(400 3.81846e-14 0)
(400 4.10706e-14 0)
(400 6.5897e-14 0)
(400 7.82081e-14 0)
(400 7.83485e-14 0)
(400 7.4542e-14 0)
(400 5.54642e-14 0)
(400 4.70199e-14 0)
(400 2.68774e-14 0)
(400 1.62044e-14 0)
(400 5.01539e-15 0)
(400 4.66426e-15 0)
(400 1.14614e-14 0)
(400 1.55339e-14 0)
(400 2.31913e-14 0)
(400 3.31575e-14 0)
(400 5.29293e-14 0)
(400 5.39517e-14 0)
(400 6.30845e-14 0)
(400 5.55989e-14 0)
(400 5.50284e-14 0)
(400 5.27815e-14 0)
(400 4.31398e-14 0)
(400 2.6509e-14 0)
(400 2.44376e-14 0)
(400 2.87639e-14 0)
(400 2.74239e-14 0)
(400 2.46357e-14 0)
(400 9.0793e-15 0)
(400 -9.88585e-15 0)
(400 -1.5613e-14 0)
(400 -1.00388e-14 0)
(400 4.15476e-15 0)
(400 -6.3445e-16 0)
(400 -1.15334e-14 0)
(400 4.3147e-15 0)
(400 9.06305e-15 0)
(400 -9.74052e-15 0)
(400 -1.70883e-14 0)
(400 -9.49378e-15 0)
(400 -1.05052e-14 0)
(400 -2.23767e-14 0)
(400 -2.15463e-14 0)
(400 -2.74438e-14 0)
(400 -1.76184e-14 0)
(400 6.99601e-15 0)
(400 2.0352e-14 0)
(400 3.0327e-14 0)
(400 3.66429e-14 0)
(400 5.01499e-14 0)
(400 5.71128e-14 0)
(400 7.55655e-14 0)
(400 8.90692e-14 0)
(400 8.60236e-14 0)
(400 8.0218e-14 0)
(400 6.5059e-14 0)
(400 4.92181e-14 0)
(400 3.84645e-14 0)
(400 3.062e-14 0)
(400 2.534e-14 0)
(400 1.24704e-14 0)
(400 3.82659e-15 0)
(400 -9.27315e-15 0)
(400 -3.57244e-14 0)
(400 -3.20037e-14 0)
(400 -2.13204e-14 0)
(400 -9.29609e-15 0)
(400 1.94564e-15 0)
(400 -3.59822e-15 0)
(400 -4.32135e-15 0)
(400 -1.51947e-14 0)
(400 -1.59423e-14 0)
(400 4.09023e-15 0)
(400 1.40747e-14 0)
(400 1.26878e-14 0)
(400 6.57856e-15 0)
(400 1.15694e-14 0)
(400 1.10776e-14 0)
(400 1.50308e-14 0)
(400 -3.77629e-15 0)
(400 -3.57141e-15 0)
(400 -1.22585e-15 0)
(400 -3.08233e-15 0)
(400 -6.07428e-15 0)
(400 -2.66653e-14 0)
(400 -2.14463e-14 0)
(400 -7.17226e-15 0)
(400 1.40596e-14 0)
(400 1.84736e-14 0)
(400 1.14654e-14 0)
(400 1.72194e-14 0)
(400 1.33601e-14 0)
(400 7.32241e-15 0)
(400 1.55812e-14 0)
(400 2.09606e-14 0)
(400 2.67868e-14 0)
(400 3.95009e-14 0)
(400 5.46673e-14 0)
(400 4.86666e-14 0)
(400 5.18414e-14 0)
(400 4.98448e-14 0)
(400 5.38214e-14 0)
(400 6.06591e-14 0)
(400 5.29702e-14 0)
(400 5.21934e-14 0)
(400 3.98369e-14 0)
(400 2.53631e-14 0)
(400 1.9515e-14 0)
(400 2.52104e-14 0)
(400 1.73501e-14 0)
(400 1.42566e-14 0)
(400 8.54811e-15 0)
(400 8.40906e-16 0)
(400 6.15601e-15 0)
(400 -7.6671e-15 0)
(400 -3.16015e-14 0)
(400 -2.47889e-14 0)
(400 4.22226e-15 0)
(400 1.71484e-14 0)
(400 7.43024e-15 0)
(400 -2.6606e-15 0)
(400 -5.46549e-15 0)
(400 1.81821e-14 0)
(400 4.14319e-14 0)
(400 4.23148e-14 0)
(400 4.59927e-14 0)
(400 4.25796e-14 0)
(400 3.41639e-14 0)
(400 2.34873e-14 0)
(400 9.41811e-15 0)
(400 -1.37041e-14 0)
(400 -1.9872e-14 0)
(400 -5.85599e-16 0)
(400 2.0891e-14 0)
(400 2.96634e-14 0)
(400 2.68882e-14 0)
(400 2.72239e-14 0)
(400 3.85132e-14 0)
(400 5.56876e-14 0)
(400 4.69065e-14 0)
(400 1.95557e-14 0)
(400 3.25645e-16 0)
(400 -5.16138e-15 0)
(400 3.4958e-15 0)
(400 -9.65218e-16 0)
(400 -3.64689e-15 0)
(400 -1.8221e-15 0)
(400 -1.33049e-14 0)
(400 -2.44228e-14 0)
(400 -4.2454e-14 0)
(400 -6.16389e-14 0)
(400 -5.63746e-14 0)
(400 -4.84076e-14 0)
(400 -3.18371e-14 0)
(400 -2.20263e-14 0)
(400 -7.01083e-15 0)
(400 9.46833e-15 0)
(400 2.97166e-14 0)
(400 3.39287e-14 0)
(400 5.31714e-14 0)
(400 6.19997e-14 0)
(400 5.02783e-14 0)
(400 3.54265e-14 0)
(400 2.74541e-14 0)
(400 1.02388e-14 0)
(400 -7.24016e-15 0)
(400 -6.70122e-15 0)
(400 -7.54319e-17 0)
(400 4.86615e-15 0)
(400 1.30089e-14 0)
(400 8.16977e-15 0)
(400 1.78453e-14 0)
(400 8.9864e-15 0)
(400 1.93856e-14 0)
(400 2.65388e-14 0)
(400 2.83379e-14 0)
(400 2.2322e-14 0)
(400 2.88631e-14 0)
(400 2.29203e-14 0)
(400 2.46451e-14 0)
(400 2.67843e-14 0)
(400 2.22325e-14 0)
(400 4.40669e-15 0)
(400 -3.62795e-14 0)
(400 -4.98719e-14 0)
(400 -5.1532e-14 0)
(400 -1.88382e-14 0)
(400 -5.92857e-16 0)
(400 1.01887e-14 0)
(400 7.93987e-15 0)
(400 8.23796e-15 0)
(400 1.21617e-14 0)
(400 9.90194e-15 0)
(400 1.59334e-14 0)
(400 1.49316e-14 0)
(400 2.10813e-14 0)
(400 3.10431e-14 0)
(400 2.54516e-14 0)
(400 2.54119e-14 0)
(400 3.57849e-14 0)
(400 4.19159e-14 0)
(400 5.20465e-14 0)
(400 5.65046e-14 0)
(400 6.79867e-14 0)
(400 7.72076e-14 0)
(400 7.84189e-14 0)
(400 6.89593e-14 0)
(400 6.9758e-14 0)
(400 5.70259e-14 0)
(400 4.7569e-14 0)
(400 3.38071e-14 0)
(400 1.20498e-14 0)
(400 2.03277e-14 0)
(400 2.31818e-14 0)
(400 3.95189e-14 0)
(400 5.78306e-14 0)
(400 7.58917e-14 0)
(400 8.36876e-14 0)
(400 8.97887e-14 0)
(400 9.05751e-14 0)
(400 8.06501e-14 0)
(400 7.55675e-14 0)
(400 6.57309e-14 0)
(400 5.60488e-14 0)
(400 6.13328e-14 0)
(400 6.1589e-14 0)
(400 7.12563e-14 0)
(400 5.90632e-14 0)
(400 4.61367e-14 0)
(400 3.97908e-14 0)
(400 1.84261e-14 0)
(400 4.08776e-15 0)
(400 9.5523e-15 0)
(400 -7.14377e-15 0)
(400 4.38814e-15 0)
(400 1.27678e-14 0)
(400 1.24208e-14 0)
(400 -1.05162e-14 0)
(400 -3.83122e-15 0)
(400 1.78454e-15 0)
(400 2.19379e-15 0)
(400 1.21889e-14 0)
(400 2.31238e-14 0)
(400 3.20898e-14 0)
(400 3.10344e-14 0)
(400 3.63277e-14 0)
(400 4.70628e-14 0)
(400 3.78673e-14 0)
(400 1.4694e-14 0)
(400 1.94402e-14 0)
(400 3.79407e-14 0)
(400 5.87616e-14 0)
(400 5.54404e-14 0)
(400 5.0973e-14 0)
(400 4.25707e-14 0)
(400 2.05081e-14 0)
(400 2.29835e-14 0)
(400 2.51583e-14 0)
(400 8.06888e-15 0)
(400 -7.94926e-16 0)
(400 -1.37265e-14 0)
(400 -1.70238e-14 0)
(400 -3.12015e-14 0)
(400 -5.88353e-14 0)
(400 -5.47891e-14 0)
(400 -3.4079e-14 0)
(400 -3.5165e-15 0)
(400 3.43233e-14 0)
(400 3.64077e-14 0)
(400 2.22082e-14 0)
(400 3.04925e-14 0)
(400 4.00288e-14 0)
(400 5.25057e-14 0)
(400 5.4182e-14 0)
(400 4.67458e-14 0)
(400 4.26639e-14 0)
(400 3.70431e-14 0)
(400 2.79682e-14 0)
(400 -3.26037e-15 0)
(400 -2.8053e-14 0)
(400 -3.33644e-14 0)
(400 -1.35626e-14 0)
(400 -2.41017e-14 0)
(400 -3.61489e-14 0)
(400 -3.74548e-14 0)
(400 -5.32008e-14 0)
(400 -4.36179e-14 0)
(400 -1.35323e-14 0)
(400 9.4922e-15 0)
(400 1.82901e-14 0)
(400 2.55695e-14 0)
(400 2.02495e-14 0)
(400 -6.9717e-15 0)
(400 7.50877e-15 0)
(400 3.56117e-14 0)
(400 4.72766e-14 0)
(400 4.61024e-14 0)
(400 4.77716e-14 0)
(400 3.79795e-14 0)
(400 2.38263e-14 0)
(400 6.66241e-15 0)
(400 6.73277e-15 0)
(400 1.75149e-14 0)
(400 1.86642e-14 0)
(400 5.8011e-15 0)
(400 -1.93244e-14 0)
(400 -2.59447e-14 0)
(400 -2.21114e-14 0)
(400 -1.00129e-14 0)
(400 -1.74744e-14 0)
(400 -3.39357e-14 0)
(400 -3.62268e-14 0)
(400 -3.97679e-14 0)
(400 -6.5786e-14 0)
(400 -7.43288e-14 0)
(400 -7.39612e-14 0)
(400 -6.93371e-14 0)
(400 -9.04283e-14 0)
(400 -8.53608e-14 0)
(400 -6.85557e-14 0)
(400 -5.68035e-14 0)
(400 -3.63181e-14 0)
(400 -2.3108e-14 0)
(400 -1.26146e-15 0)
(400 4.96323e-15 0)
(400 4.62047e-15 0)
(400 5.37231e-16 0)
(400 -8.56301e-15 0)
(400 -1.05731e-14 0)
(400 -2.79456e-14 0)
(400 -3.97973e-14 0)
(400 -3.89323e-14 0)
(400 -4.08044e-14 0)
(400 -2.63601e-14 0)
(400 -2.22732e-14 0)
(400 -8.58511e-15 0)
(400 -1.82422e-15 0)
(400 7.21897e-15 0)
(400 -1.52372e-15 0)
(400 -1.30752e-14 0)
(400 -2.38713e-14 0)
(400 -3.32686e-14 0)
(400 -4.62833e-14 0)
(400 -5.54119e-14 0)
(400 -6.15631e-14 0)
(400 -5.79006e-14 0)
(400 -2.90336e-14 0)
(400 -3.1397e-14 0)
(400 -3.17168e-14 0)
(400 -3.92061e-14 0)
(400 -4.49246e-14 0)
(400 -3.76985e-14 0)
(400 -4.25889e-14 0)
(400 -3.35584e-14 0)
(400 -1.96434e-14 0)
(400 -3.40928e-15 0)
(400 -8.76921e-15 0)
(400 -1.52303e-14 0)
(400 -1.50216e-14 0)
(400 4.24692e-15 0)
(400 1.71342e-14 0)
(400 1.37665e-14 0)
(400 1.52948e-15 0)
(400 -2.48698e-14 0)
(400 -4.29901e-14 0)
(400 -4.93312e-14 0)
(400 -3.89938e-14 0)
(400 -4.03484e-14 0)
(400 -2.98945e-14 0)
(400 -1.75269e-14 0)
(400 -1.49124e-14 0)
(400 -2.08486e-14 0)
(400 -2.10515e-14 0)
(400 -1.92769e-14 0)
(400 -1.03401e-14 0)
(400 8.56416e-15 0)
(400 3.33091e-14 0)
(400 3.4035e-14 0)
(400 2.34825e-14 0)
(400 2.57212e-14 0)
(400 2.07229e-14 0)
(400 7.8814e-15 0)
(400 -4.34199e-15 0)
(400 -2.54351e-14 0)
(400 -4.4687e-14 0)
(400 -4.19891e-14 0)
(400 -1.51082e-14 0)
(400 -3.11097e-15 0)
(400 -1.36385e-14 0)
(400 -1.45179e-14 0)
(400 -1.00045e-14 0)
(400 -1.63602e-14 0)
(400 -2.04545e-14 0)
(400 -1.39487e-14 0)
(400 -1.17886e-15 0)
(400 4.1171e-15 0)
(400 2.2345e-14 0)
(400 2.22577e-14 0)
(400 3.60143e-14 0)
(400 3.99838e-14 0)
(400 2.88241e-14 0)
(400 2.98774e-14 0)
(400 3.0663e-14 0)
(400 3.71033e-14 0)
(400 4.53836e-14 0)
(400 3.26305e-14 0)
(400 2.44927e-14 0)
(400 3.78197e-14 0)
(400 5.0802e-14 0)
(400 2.83828e-14 0)
(400 6.99343e-15 0)
(400 -4.14718e-15 0)
(400 -5.28909e-15 0)
(400 -8.75911e-15 0)
(400 -3.51877e-15 0)
(400 1.45571e-14 0)
(400 2.63601e-14 0)
(400 4.38342e-14 0)
(400 5.96845e-14 0)
(400 5.20033e-14 0)
(400 4.47078e-14 0)
(400 5.28659e-14 0)
(400 5.2721e-14 0)
(400 5.08597e-14 0)
(400 3.6376e-14 0)
(400 2.03399e-14 0)
(400 2.69588e-14 0)
(400 2.9128e-14 0)
(400 2.89359e-14 0)
(400 1.63467e-14 0)
(400 3.07641e-15 0)
(400 -4.75043e-15 0)
(400 7.95583e-15 0)
(400 1.44058e-14 0)
(400 2.21509e-14 0)
(400 2.24865e-14 0)
(400 2.14269e-14 0)
(400 2.89498e-14 0)
(400 1.86744e-14 0)
(400 9.79487e-15 0)
(400 5.5817e-15 0)
(400 6.45897e-15 0)
(400 8.63741e-15 0)
(400 2.60099e-14 0)
(400 3.73018e-14 0)
(400 3.84531e-14 0)
(400 3.9656e-14 0)
(400 2.51747e-14 0)
(400 1.976e-14 0)
(400 4.21493e-14 0)
(400 5.12476e-14 0)
(400 4.89903e-14 0)
(400 4.16928e-14 0)
(400 2.25691e-14 0)
(400 2.03399e-14 0)
(400 2.39108e-14 0)
(400 3.0468e-14 0)
(400 2.81885e-14 0)
(400 2.54707e-14 0)
(400 1.71703e-14 0)
(400 6.44468e-15 0)
(400 -4.54774e-15 0)
(400 -1.30203e-14 0)
(400 -1.64894e-14 0)
(400 -1.3503e-14 0)
(400 -6.20051e-15 0)
(400 -1.51339e-16 0)
(400 4.149e-15 0)
(400 1.7196e-14 0)
(400 2.76723e-14 0)
(400 4.19135e-14 0)
(400 4.88151e-14 0)
(400 4.24931e-14 0)
(400 4.61312e-14 0)
(400 4.61059e-14 0)
(400 4.69354e-14 0)
(400 3.87304e-14 0)
(400 1.71826e-14 0)
(400 3.581e-15 0)
(400 -4.15844e-15 0)
(400 -2.56962e-15 0)
(400 1.1468e-15 0)
(400 -1.04373e-14 0)
(400 -1.21206e-14 0)
(400 -1.01275e-14 0)
(400 -1.95574e-14 0)
(400 -1.9975e-14 0)
(400 2.78045e-15 0)
(400 1.17834e-14 0)
(400 2.23541e-14 0)
(400 3.2461e-14 0)
(400 4.0855e-14 0)
(400 3.98489e-14 0)
(400 4.84693e-14 0)
(400 5.82825e-14 0)
(400 7.07066e-14 0)
(400 6.86591e-14 0)
(400 6.18874e-14 0)
(400 6.99224e-14 0)
(400 5.3138e-14 0)
(400 4.0701e-14 0)
(400 2.91505e-14 0)
(400 1.31776e-14 0)
(400 1.80617e-14 0)
(400 8.73387e-15 0)
(400 -9.91242e-15 0)
(400 -1.55423e-15 0)
(400 -6.99455e-16 0)
(400 1.82708e-15 0)
(400 -5.64501e-15 0)
(400 -1.44423e-14 0)
(400 -1.49778e-14 0)
(400 -2.48394e-14 0)
(400 -5.41043e-14 0)
(400 -4.99401e-14 0)
(400 -3.23416e-14 0)
(400 -3.4263e-14 0)
(400 -4.9182e-14 0)
(400 -5.43894e-14 0)
(400 -4.37724e-14 0)
(400 -2.65209e-14 0)
(400 -8.27557e-15 0)
(400 6.71131e-15 0)
(400 1.76106e-14 0)
(400 4.07946e-14 0)
(400 4.09428e-14 0)
(400 2.62386e-14 0)
(400 1.04484e-14 0)
(400 -4.56796e-16 0)
(400 -1.66697e-14 0)
(400 -2.22896e-14 0)
(400 -2.56622e-14 0)
(400 -3.32902e-14 0)
(400 -3.26474e-14 0)
(400 -2.42602e-14 0)
(400 -2.70665e-14 0)
(400 -2.70633e-14 0)
(400 -2.91692e-14 0)
(400 -3.7578e-14 0)
(400 -4.68718e-14 0)
(400 -5.41875e-14 0)
(400 -6.05713e-14 0)
(400 -6.24307e-14 0)
(400 -5.78689e-14 0)
(400 -5.31047e-14 0)
(400 -5.54731e-14 0)
(400 -4.03802e-14 0)
(400 -2.28521e-14 0)
(400 -6.80042e-15 0)
(400 5.22399e-15 0)
(400 1.13406e-14 0)
(400 2.81581e-14 0)
(400 3.14099e-14 0)
(400 3.17177e-14 0)
(400 3.28865e-14 0)
(400 2.30318e-14 0)
(400 -5.73534e-15 0)
(400 -1.32959e-14 0)
(400 -1.13824e-14 0)
(400 -3.10967e-15 0)
(400 1.8183e-15 0)
(400 -1.47473e-15 0)
(400 -1.14452e-16 0)
(400 -4.06152e-15 0)
(400 -6.42458e-15 0)
(400 -1.41616e-14 0)
(400 -1.71579e-14 0)
(400 -1.76556e-14 0)
(400 -1.32526e-14 0)
(400 -1.12117e-14 0)
(400 -5.74014e-15 0)
(400 -1.28393e-14 0)
(400 -1.00497e-14 0)
(400 -6.63149e-15 0)
(400 -2.57081e-15 0)
(400 1.42778e-14 0)
(400 3.6008e-14 0)
(400 3.72212e-14 0)
(400 3.23473e-14 0)
(400 2.39712e-14 0)
(400 1.54335e-14 0)
(400 1.47988e-15 0)
(400 5.75016e-15 0)
(400 1.14575e-14 0)
(400 1.92854e-15 0)
(400 -9.83198e-15 0)
(400 -1.44952e-14 0)
(400 -8.22153e-15 0)
(400 -3.73905e-15 0)
(400 -2.46212e-15 0)
(400 -1.1998e-14 0)
(400 -2.74047e-14 0)
(400 -2.46936e-14 0)
(400 -2.68063e-14 0)
(400 -1.59576e-14 0)
(400 -1.54907e-15 0)
(400 2.45237e-14 0)
(400 3.628e-14 0)
(400 5.5678e-14 0)
(400 5.77566e-14 0)
(400 5.09582e-14 0)
(400 5.00152e-14 0)
(400 5.85464e-14 0)
(400 5.90617e-14 0)
(400 5.16406e-14 0)
(400 3.98558e-14 0)
(400 4.67914e-14 0)
(400 5.57925e-14 0)
(400 6.1092e-14 0)
(400 4.42614e-14 0)
(400 3.58226e-14 0)
(400 3.80919e-14 0)
(400 3.53519e-14 0)
(400 2.96818e-14 0)
(400 1.25691e-14 0)
(400 1.07628e-14 0)
(400 2.18097e-14 0)
(400 5.14981e-14 0)
(400 6.65954e-14 0)
(400 7.16164e-14 0)
(400 7.49082e-14 0)
(400 7.48642e-14 0)
(400 8.33063e-14 0)
(400 8.92983e-14 0)
(400 6.25549e-14 0)
(400 4.65901e-14 0)
(400 3.94514e-14 0)
(400 4.66765e-14 0)
(400 4.47483e-14 0)
(400 3.43234e-14 0)
(400 2.03208e-14 0)
(400 9.62024e-15 0)
(400 1.61065e-14 0)
(400 2.70563e-14 0)
(400 -3.39153e-15 0)
(400 -4.15221e-15 0)
(400 9.1334e-15 0)
(400 3.96136e-14 0)
(400 3.06049e-14 0)
(400 1.60175e-14 0)
(400 1.2089e-14 0)
(400 2.25255e-14 0)
(400 9.94148e-15 0)
(400 -4.11815e-15 0)
(400 7.32799e-15 0)
(400 1.16708e-14 0)
(400 -6.92519e-16 0)
(400 3.6097e-15 0)
(400 2.17568e-14 0)
(400 2.48899e-14 0)
(400 1.09179e-14 0)
(400 -1.10402e-14 0)
(400 -8.24213e-15 0)
(400 -1.78146e-14 0)
(400 -2.77189e-14 0)
(400 -1.86084e-14 0)
(400 -2.90177e-14 0)
(400 -2.92176e-14 0)
(400 -1.46661e-14 0)
(400 -1.08854e-14 0)
(400 -2.75442e-14 0)
(400 -3.76623e-14 0)
(400 -3.15314e-14 0)
(400 -1.59448e-14 0)
(400 -2.23226e-14 0)
(400 -1.89957e-14 0)
(400 -3.23717e-14 0)
(400 -4.47199e-14 0)
(400 -2.30225e-14 0)
(400 7.81352e-15 0)
(400 1.6002e-14 0)
(400 1.75565e-14 0)
(400 1.83552e-14 0)
(400 1.78085e-14 0)
(400 1.71869e-14 0)
(400 1.28414e-14 0)
(400 5.38337e-15 0)
(400 -5.17975e-15 0)
(400 -1.00029e-14 0)
(400 -7.3938e-15 0)
(400 -3.22007e-15 0)
(400 -2.24517e-14 0)
(400 -3.81652e-14 0)
(400 -5.16285e-14 0)
(400 -4.95209e-14 0)
(400 -3.74386e-14 0)
(400 -3.31257e-14 0)
(400 -2.44339e-14 0)
(400 -2.37087e-14 0)
(400 -8.4837e-15 0)
(400 1.50873e-14 0)
(400 3.52314e-14 0)
(400 5.34802e-14 0)
(400 5.36404e-14 0)
(400 4.86101e-14 0)
(400 5.1586e-14 0)
(400 4.69067e-14 0)
(400 5.1658e-14 0)
(400 5.09469e-14 0)
(400 3.6371e-14 0)
(400 2.89319e-14 0)
(400 1.59824e-14 0)
(400 -6.69246e-15 0)
(400 -2.04815e-14 0)
(400 -3.13515e-14 0)
(400 -3.79233e-14 0)
(400 -3.88974e-14 0)
(400 -4.19482e-14 0)
(400 -4.7489e-14 0)
(400 -5.15263e-14 0)
(400 -6.18161e-14 0)
(400 -7.07363e-14 0)
(400 -9.40336e-14 0)
(400 -1.01685e-13 0)
(400 -8.79362e-14 0)
(400 -8.73569e-14 0)
(400 -9.90663e-14 0)
(400 -9.28067e-14 0)
(400 -7.1307e-14 0)
(400 -6.35401e-14 0)
(400 -5.74549e-14 0)
(400 -2.75409e-14 0)
(400 -2.25326e-14 0)
(400 -1.10401e-14 0)
(400 7.1898e-15 0)
(400 1.35331e-14 0)
(400 1.10336e-14 0)
(400 4.53109e-15 0)
(400 1.46482e-15 0)
(400 -1.36904e-14 0)
(400 -2.42572e-14 0)
(400 -1.80139e-14 0)
(400 -1.36758e-14 0)
(400 -1.85305e-14 0)
(400 -1.4776e-14 0)
(400 -2.14134e-14 0)
(400 -1.23072e-14 0)
(400 -6.65186e-15 0)
(400 -9.73057e-16 0)
(400 -9.00833e-15 0)
(400 -1.6176e-14 0)
(400 -2.50124e-14 0)
(400 -1.43476e-14 0)
(400 -4.93101e-15 0)
(400 2.73649e-15 0)
(400 1.62273e-14 0)
(400 3.55048e-14 0)
(400 4.83308e-14 0)
(400 7.24057e-14 0)
(400 8.0181e-14 0)
(400 6.71763e-14 0)
(400 6.39832e-14 0)
(400 7.43871e-14 0)
(400 7.1724e-14 0)
(400 6.55445e-14 0)
(400 5.66394e-14 0)
(400 3.77313e-14 0)
(400 4.68396e-14 0)
(400 5.61117e-14 0)
(400 6.18292e-14 0)
(400 5.28521e-14 0)
(400 5.5566e-14 0)
(400 5.05883e-14 0)
(400 3.04177e-14 0)
(400 1.83136e-14 0)
(400 9.87621e-15 0)
(400 4.98757e-15 0)
(400 -6.82699e-15 0)
(400 -2.279e-15 0)
(400 -2.26086e-15 0)
(400 -2.21827e-15 0)
(400 -4.70063e-15 0)
(400 -2.05446e-15 0)
(400 -9.66603e-15 0)
(400 -1.57417e-14 0)
(400 -2.27966e-14 0)
(400 -3.7098e-14 0)
(400 -5.58393e-14 0)
(400 -5.05228e-14 0)
(400 -6.80376e-14 0)
(400 -7.00602e-14 0)
(400 -5.82826e-14 0)
(400 -4.50931e-14 0)
(400 -2.75843e-14 0)
(400 -2.93079e-14 0)
(400 -3.60803e-14 0)
(400 -3.8947e-14 0)
(400 -3.09814e-14 0)
(400 -2.28252e-14 0)
(400 -2.06531e-14 0)
(400 -2.39064e-14 0)
(400 -2.48116e-14 0)
(400 -2.66631e-14 0)
(400 -4.18188e-14 0)
(400 -5.62886e-14 0)
(400 -6.04225e-14 0)
(400 -5.03999e-14 0)
(400 -3.98378e-14 0)
(400 -3.53452e-14 0)
(400 -2.03394e-14 0)
(400 -6.01148e-15 0)
(400 2.94607e-15 0)
(400 4.60435e-15 0)
(400 2.97118e-15 0)
(400 2.10802e-15 0)
(400 -5.73248e-15 0)
(400 7.35247e-15 0)
(400 1.19385e-14 0)
(400 5.34155e-15 0)
(400 1.40229e-14 0)
(400 2.18625e-14 0)
(400 2.84284e-14 0)
(400 1.69914e-14 0)
(400 9.88286e-15 0)
(400 6.87498e-15 0)
(400 -9.1208e-15 0)
(400 -7.82275e-15 0)
(400 8.10698e-15 0)
(400 6.84536e-15 0)
(400 1.64828e-14 0)
(400 1.82032e-14 0)
(400 1.91947e-14 0)
(400 2.99671e-14 0)
(400 2.75553e-14 0)
(400 2.07366e-14 0)
(400 1.79229e-14 0)
(400 1.28256e-14 0)
(400 6.8624e-15 0)
(400 -7.4882e-15 0)
(400 -1.33253e-14 0)
(400 -2.44671e-14 0)
(400 -2.89081e-14 0)
(400 -2.5059e-14 0)
(400 -2.15395e-14 0)
(400 -4.46296e-15 0)
(400 6.29333e-16 0)
(400 2.77431e-14 0)
(400 3.79777e-14 0)
(400 4.36635e-14 0)
(400 4.34032e-14 0)
(400 4.38498e-14 0)
(400 4.1528e-14 0)
(400 2.52948e-14 0)
(400 7.28762e-15 0)
(400 -6.01183e-15 0)
(400 -1.68383e-14 0)
(400 -4.57578e-15 0)
(400 8.31215e-15 0)
(400 1.78914e-14 0)
(400 8.06454e-15 0)
(400 -2.06237e-15 0)
(400 -6.88688e-15 0)
(400 -2.43748e-14 0)
(400 -5.38871e-14 0)
(400 -7.17519e-14 0)
(400 -7.85129e-14 0)
(400 -7.34958e-14 0)
(400 -3.68025e-14 0)
(400 -2.20142e-14 0)
(400 -2.17823e-14 0)
(400 -2.76316e-14 0)
(400 -2.74965e-14 0)
(400 -1.71373e-14 0)
(400 -1.48704e-14 0)
(400 -2.99601e-14 0)
(400 -2.48952e-14 0)
(400 -2.95571e-14 0)
(400 -1.76418e-14 0)
(400 3.27664e-15 0)
(400 1.13657e-14 0)
(400 1.47424e-14 0)
(400 1.88251e-14 0)
(400 2.88387e-14 0)
(400 2.67633e-14 0)
(400 1.7771e-14 0)
(400 -3.65617e-15 0)
(400 -2.97633e-14 0)
(400 -3.59213e-14 0)
(400 -3.39419e-14 0)
(400 -3.11944e-14 0)
(400 -3.59324e-14 0)
(400 -4.67202e-14 0)
(400 -5.2985e-14 0)
(400 -5.5758e-14 0)
(400 -4.99965e-14 0)
(400 -4.18343e-14 0)
(400 -4.44808e-14 0)
(400 -5.64347e-14 0)
(400 -4.75864e-14 0)
(400 -3.56314e-14 0)
(400 -2.3108e-14 0)
(400 -2.63022e-15 0)
(400 2.15631e-14 0)
(400 2.10523e-14 0)
(400 1.02762e-14 0)
(400 2.65967e-14 0)
(400 2.11983e-14 0)
(400 1.55808e-14 0)
(400 1.11888e-14 0)
(400 1.46868e-14 0)
(400 1.56221e-14 0)
(400 3.566e-15 0)
(400 -7.10971e-15 0)
(400 -3.36697e-14 0)
(400 -5.85307e-14 0)
(400 -5.61583e-14 0)
(400 -6.24235e-14 0)
(400 -6.53138e-14 0)
(400 -7.57676e-14 0)
(400 -8.73542e-14 0)
(400 -9.45628e-14 0)
(400 -1.03184e-13 0)
(400 -1.09225e-13 0)
(400 -8.8279e-14 0)
(400 -7.14258e-14 0)
(400 -7.13798e-14 0)
(400 -7.5998e-14 0)
(400 -6.34815e-14 0)
(400 -4.53629e-14 0)
(400 -3.11664e-14 0)
(400 -1.95728e-14 0)
(400 -1.02409e-14 0)
(400 1.02521e-15 0)
(400 -1.8743e-15 0)
(400 -8.53968e-15 0)
(400 -2.01179e-15 0)
(400 1.06252e-14 0)
(400 1.10796e-14 0)
(400 -2.10751e-15 0)
(400 -2.68613e-14 0)
(400 -4.07501e-14 0)
(400 -4.91011e-14 0)
(400 -4.36006e-14 0)
(400 -4.69829e-14 0)
(400 -5.55575e-14 0)
(400 -5.16875e-14 0)
(400 -4.92754e-14 0)
(400 -5.2209e-14 0)
(400 -5.77725e-14 0)
(400 -4.19747e-14 0)
(400 -2.22065e-14 0)
(400 -2.44257e-14 0)
(400 -1.92295e-14 0)
(400 -2.83956e-14 0)
(400 -2.25463e-14 0)
(400 -1.41227e-15 0)
(400 1.58089e-14 0)
(400 2.45675e-14 0)
(400 3.67831e-14 0)
(400 5.24774e-14 0)
(400 4.972e-14 0)
(400 3.29472e-14 0)
(400 3.85486e-14 0)
(400 3.89166e-14 0)
(400 3.62341e-14 0)
(400 3.70473e-14 0)
(400 4.20568e-14 0)
(400 5.86458e-14 0)
(400 6.23305e-14 0)
(400 6.18584e-14 0)
(400 5.72319e-14 0)
(400 5.41546e-14 0)
(400 5.75506e-14 0)
(400 4.40946e-14 0)
(400 2.83954e-14 0)
(400 3.30682e-14 0)
(400 4.86005e-14 0)
(400 4.9828e-14 0)
(400 4.60189e-14 0)
(400 4.71238e-14 0)
(400 3.9764e-14 0)
(400 4.89758e-14 0)
(400 4.67975e-14 0)
(400 1.61716e-14 0)
(400 -1.03458e-14 0)
(400 -3.22697e-14 0)
(400 -4.32701e-14 0)
(400 -5.67147e-14 0)
(400 -7.10749e-14 0)
(400 -7.93661e-14 0)
(400 -9.11109e-14 0)
(400 -1.00843e-13 0)
(400 -7.93434e-14 0)
(400 -6.93267e-14 0)
(400 -7.56641e-14 0)
(400 -7.75542e-14 0)
(400 -7.65175e-14 0)
(400 -7.97198e-14 0)
(400 -7.64834e-14 0)
(400 -6.67306e-14 0)
(400 -5.66906e-14 0)
(400 -3.83033e-14 0)
(400 -3.5176e-14 0)
(400 -4.52733e-14 0)
(400 -5.93937e-14 0)
(400 -7.06859e-14 0)
(400 -7.75265e-14 0)
(400 -7.64399e-14 0)
(400 -7.78139e-14 0)
(400 -6.55666e-14 0)
(400 -5.61721e-14 0)
(400 -4.42105e-14 0)
(400 -3.55107e-14 0)
(400 -3.0935e-14 0)
(400 -2.48003e-14 0)
(400 -2.77239e-14 0)
(400 -2.99681e-14 0)
(400 -4.62613e-14 0)
(400 -4.92896e-14 0)
(400 -1.92993e-14 0)
(400 1.93535e-15 0)
(400 2.74057e-14 0)
(400 2.79963e-14 0)
(400 1.34687e-14 0)
(400 1.07651e-14 0)
(400 6.71606e-15 0)
(400 2.3887e-14 0)
(400 2.54279e-14 0)
(400 2.8062e-14 0)
(400 2.82664e-14 0)
(400 2.35055e-14 0)
(400 2.56887e-14 0)
(400 2.26074e-14 0)
(400 8.72156e-15 0)
(400 9.65561e-15 0)
(400 5.78829e-15 0)
(400 -4.65946e-15 0)
(400 -2.08422e-14 0)
(400 -2.42653e-14 0)
(400 -1.939e-14 0)
(400 -1.38045e-15 0)
(400 1.0863e-14 0)
(400 1.38306e-14 0)
(400 1.42823e-14 0)
(400 -4.55032e-15 0)
(400 1.98139e-14 0)
(400 4.38245e-14 0)
(400 4.86842e-14 0)
(400 3.90806e-14 0)
(400 3.66911e-14 0)
(400 3.92423e-14 0)
(400 1.39649e-14 0)
(400 7.77609e-15 0)
(400 9.89544e-15 0)
(400 -1.45907e-14 0)
(400 -2.95883e-14 0)
(400 -6.25543e-15 0)
(400 5.53438e-15 0)
(400 1.57989e-15 0)
(400 -9.05632e-15 0)
(400 -8.93651e-15 0)
(400 -1.79579e-14 0)
(400 -4.58829e-14 0)
(400 -5.03974e-14 0)
(400 -6.39028e-14 0)
(400 -7.33176e-14 0)
(400 -7.75004e-14 0)
(400 -6.27858e-14 0)
(400 -5.58254e-14 0)
(400 -3.92861e-14 0)
(400 -2.39803e-14 0)
(400 -2.27583e-14 0)
(400 -3.06489e-14 0)
(400 -4.42826e-14 0)
(400 -3.89362e-14 0)
(400 -3.80478e-14 0)
(400 -2.72404e-14 0)
(400 -8.49309e-15 0)
(400 1.21363e-14 0)
(400 1.56754e-14 0)
(400 1.07438e-14 0)
(400 1.14532e-14 0)
(400 1.50613e-14 0)
(400 6.02432e-15 0)
(400 -7.03048e-15 0)
(400 -3.53322e-14 0)
(400 -4.52077e-14 0)
(400 -4.74456e-14 0)
(400 -4.67402e-14 0)
(400 -4.02452e-14 0)
(400 -4.60018e-14 0)
(400 -4.84244e-14 0)
(400 -3.46273e-14 0)
(400 -1.73111e-14 0)
(400 -2.15728e-14 0)
(400 -1.68242e-14 0)
(400 -1.86438e-14 0)
(400 -1.76221e-14 0)
(400 1.44191e-14 0)
(400 3.67428e-14 0)
(400 2.55158e-14 0)
(400 2.16353e-14 0)
(400 4.1509e-14 0)
(400 4.44193e-14 0)
(400 3.69887e-14 0)
(400 3.76667e-14 0)
(400 4.54761e-14 0)
(400 3.2384e-14 0)
(400 2.62069e-14 0)
(400 3.26614e-14 0)
(400 3.39597e-14 0)
(400 2.08293e-14 0)
(400 4.28955e-15 0)
(400 -4.03002e-15 0)
(400 -2.00595e-14 0)
(400 -2.32708e-14 0)
(400 -2.67784e-14 0)
(400 -3.75554e-14 0)
(400 -4.99441e-14 0)
(400 -8.058e-14 0)
(400 -8.88562e-14 0)
(400 -8.50299e-14 0)
(400 -8.59992e-14 0)
(400 -7.44693e-14 0)
(400 -7.71778e-14 0)
(400 -7.57426e-14 0)
(400 -5.93658e-14 0)
(400 -3.91342e-14 0)
(400 -3.52048e-14 0)
(400 -1.5692e-14 0)
(400 -8.66108e-17 0)
(400 -8.75224e-15 0)
(400 -6.96654e-16 0)
(400 4.20684e-15 0)
(400 3.01903e-15 0)
(400 2.55947e-15 0)
(400 1.31566e-14 0)
(400 2.27936e-14 0)
(400 9.5047e-15 0)
(400 -7.07892e-16 0)
(400 7.50499e-15 0)
(400 5.42821e-15 0)
(400 1.38758e-14 0)
(400 8.95039e-15 0)
(400 -7.33298e-15 0)
(400 -6.08191e-15 0)
(400 -1.29253e-14 0)
(400 -1.88404e-14 0)
(400 -1.79181e-14 0)
(400 2.36859e-14 0)
(400 4.79967e-14 0)
(400 4.92618e-14 0)
(400 5.09838e-14 0)
(400 5.03236e-14 0)
(400 6.56234e-14 0)
(400 6.32447e-14 0)
(400 3.30193e-14 0)
(400 1.43906e-14 0)
(400 1.66813e-14 0)
(400 4.23385e-14 0)
(400 5.93956e-14 0)
(400 5.23925e-14 0)
(400 4.26605e-14 0)
(400 5.35336e-14 0)
(400 6.44291e-14 0)
(400 6.41207e-14 0)
(400 5.45897e-14 0)
(400 3.69238e-14 0)
(400 2.86501e-14 0)
(400 2.90496e-14 0)
(400 3.54221e-14 0)
(400 3.62045e-14 0)
(400 4.23562e-14 0)
(400 3.32912e-14 0)
(400 3.15372e-14 0)
(400 4.30315e-14 0)
(400 4.39062e-14 0)
(400 5.05705e-14 0)
(400 3.66963e-14 0)
(400 1.42353e-14 0)
(400 -2.85379e-15 0)
(400 -8.49811e-15 0)
(400 -8.87427e-15 0)
(400 -1.70006e-14 0)
(400 -3.21312e-14 0)
(400 -5.99282e-14 0)
(400 -7.522e-14 0)
(400 -7.1095e-14 0)
(400 -9.61587e-14 0)
(400 -1.01298e-13 0)
(400 -9.54952e-14 0)
(400 -8.50797e-14 0)
(400 -6.72014e-14 0)
(400 -6.22408e-14 0)
(400 -4.27386e-14 0)
(400 -3.55555e-14 0)
(400 -3.36151e-14 0)
(400 -3.81068e-14 0)
(400 -2.06746e-14 0)
(400 -1.78565e-14 0)
(400 -1.11475e-14 0)
(400 4.45025e-15 0)
(400 1.14179e-14 0)
(400 3.52481e-15 0)
(400 2.28983e-15 0)
(400 -1.5705e-14 0)
(400 -4.41799e-14 0)
(400 -4.98094e-14 0)
(400 -5.55348e-14 0)
(400 -6.18825e-14 0)
(400 -5.72796e-14 0)
(400 -5.37595e-14 0)
(400 -4.17829e-14 0)
(400 -3.24613e-14 0)
(400 -2.37148e-14 0)
(400 -1.35972e-14 0)
(400 -1.54098e-14 0)
(400 -2.38782e-14 0)
(400 -2.05139e-14 0)
(400 9.35991e-15 0)
(400 2.88939e-14 0)
(400 3.74422e-14 0)
(400 4.22165e-14 0)
(400 3.27393e-14 0)
(400 2.90186e-14 0)
(400 3.18971e-14 0)
(400 3.38097e-14 0)
(400 2.87515e-14 0)
(400 2.25569e-14 0)
(400 2.31877e-14 0)
(400 3.13826e-14 0)
(400 2.90462e-14 0)
(400 1.69755e-14 0)
(400 2.18263e-16 0)
(400 3.13968e-15 0)
(400 9.5273e-15 0)
(400 9.8329e-15 0)
(400 -1.8781e-15 0)
(400 2.35065e-15 0)
(400 2.07717e-14 0)
(400 5.07198e-14 0)
(400 5.07131e-14 0)
(400 3.9983e-14 0)
(400 3.81207e-14 0)
(400 9.45657e-15 0)
(400 3.73891e-14 0)
(400 4.16809e-14 0)
(400 6.00633e-14 0)
(400 6.91271e-14 0)
(400 7.61839e-14 0)
(400 6.12085e-14 0)
(400 2.46123e-14 0)
(400 1.15291e-14 0)
(400 9.85562e-15 0)
(400 -1.22723e-14 0)
(400 -2.24136e-14 0)
(400 -3.7489e-14 0)
(400 -3.35803e-14 0)
(400 -2.6916e-14 0)
(400 -4.26565e-14 0)
(400 -3.93439e-14 0)
(400 -4.83908e-14 0)
(400 -4.86735e-14 0)
(400 -2.9243e-14 0)
(400 -3.90144e-14 0)
(400 -5.14413e-14 0)
(400 -6.41969e-14 0)
(400 -7.21389e-14 0)
(400 -8.05816e-14 0)
(400 -6.93422e-14 0)
(400 -3.18852e-14 0)
(400 -2.74148e-15 0)
(400 -1.55894e-14 0)
(400 -2.84943e-14 0)
(400 -1.39902e-14 0)
(400 -3.21837e-15 0)
(400 2.75821e-14 0)
(400 3.57844e-14 0)
(400 2.98106e-14 0)
(400 1.39608e-14 0)
(400 2.12579e-14 0)
(400 2.54653e-14 0)
(400 1.76425e-14 0)
(400 -6.97367e-15 0)
(400 -4.59099e-14 0)
(400 -7.32358e-14 0)
(400 -7.27379e-14 0)
(400 -6.653e-14 0)
(400 -7.70669e-14 0)
(400 -8.12702e-14 0)
(400 -8.51183e-14 0)
(400 -7.89292e-14 0)
(400 -6.42143e-14 0)
(400 -5.4526e-14 0)
(400 -5.26384e-14 0)
(400 -5.20695e-14 0)
(400 -3.60598e-14 0)
(400 -2.17629e-14 0)
(400 -1.9447e-14 0)
(400 -1.07317e-14 0)
(400 -1.60369e-14 0)
(400 -2.22871e-14 0)
(400 -2.98966e-14 0)
(400 -3.14619e-14 0)
(400 -2.65865e-14 0)
(400 -3.71083e-14 0)
(400 -2.43445e-14 0)
(400 -1.38965e-14 0)
(400 -1.79802e-14 0)
(400 -2.03724e-14 0)
(400 -2.53618e-14 0)
(400 -2.68137e-14 0)
(400 -3.47798e-14 0)
(400 -2.82492e-14 0)
(400 -1.01261e-14 0)
(400 -9.10189e-15 0)
(400 -1.25347e-14 0)
(400 -5.40643e-15 0)
(400 -1.59366e-14 0)
(400 -2.48782e-14 0)
(400 -3.06098e-14 0)
(400 -3.7557e-14 0)
(400 -4.30436e-14 0)
(400 -7.76642e-14 0)
(400 -9.75747e-14 0)
(400 -8.51908e-14 0)
(400 -6.4392e-14 0)
(400 -7.18089e-14 0)
(400 -7.08889e-14 0)
(400 -5.08319e-14 0)
(400 -3.59471e-14 0)
(400 -2.73606e-14 0)
(400 -4.2432e-14 0)
(400 -5.04143e-14 0)
(400 -4.6446e-14 0)
(400 -4.13776e-14 0)
(400 -4.4954e-14 0)
(400 -6.39287e-14 0)
(400 -6.74144e-14 0)
(400 -4.16096e-14 0)
(400 -1.55552e-14 0)
(400 -1.79183e-14 0)
(400 -3.6491e-14 0)
(400 -3.19974e-14 0)
(400 -2.68307e-14 0)
(400 -2.61058e-14 0)
(400 -3.27258e-14 0)
(400 -3.92217e-14 0)
(400 -2.97104e-14 0)
(400 -1.69089e-14 0)
(400 -4.10582e-15 0)
(400 1.20677e-14 0)
(400 8.51305e-15 0)
(400 2.42957e-14 0)
(400 4.38795e-14 0)
(400 4.93361e-14 0)
(400 2.88922e-14 0)
(400 3.78455e-15 0)
(400 3.57549e-15 0)
(400 2.55133e-14 0)
(400 5.02763e-14 0)
(400 5.7158e-14 0)
(400 4.93275e-14 0)
(400 6.04339e-14 0)
(400 7.67295e-14 0)
(400 7.68342e-14 0)
(400 7.09883e-14 0)
(400 4.85584e-14 0)
(400 4.81503e-14 0)
(400 5.28327e-14 0)
(400 6.16415e-14 0)
(400 5.32776e-14 0)
(400 3.68201e-14 0)
(400 3.52297e-14 0)
(400 4.24704e-14 0)
(400 4.45533e-14 0)
(400 3.62499e-14 0)
(400 2.25379e-14 0)
(400 3.8893e-14 0)
(400 2.411e-14 0)
(400 1.38517e-14 0)
(400 3.27816e-15 0)
(400 1.3351e-14 0)
(400 2.81846e-14 0)
(400 2.61475e-14 0)
(400 5.37037e-15 0)
(400 -2.34114e-14 0)
(400 -3.95448e-14 0)
(400 -5.01228e-14 0)
(400 -5.64457e-14 0)
(400 -6.2842e-14 0)
(400 -6.23118e-14 0)
(400 -7.79674e-14 0)
(400 -8.58982e-14 0)
(400 -9.18198e-14 0)
(400 -7.91535e-14 0)
(400 -7.07756e-14 0)
(400 -7.46219e-14 0)
(400 -7.25649e-14 0)
(400 -5.64749e-14 0)
(400 -3.96734e-14 0)
(400 -2.57335e-14 0)
(400 -2.5606e-14 0)
(400 -1.59286e-14 0)
(400 -1.74687e-14 0)
(400 -3.64127e-14 0)
(400 -5.10718e-14 0)
(400 -4.93499e-14 0)
(400 -4.70222e-14 0)
(400 -8.26921e-14 0)
(400 -9.46623e-14 0)
(400 -9.0827e-14 0)
(400 -7.96244e-14 0)
(400 -5.56649e-14 0)
(400 -3.92272e-14 0)
(400 -3.46145e-14 0)
(400 -4.58271e-14 0)
(400 -3.94538e-14 0)
(400 -2.30271e-14 0)
(400 -7.27228e-15 0)
(400 -1.16714e-14 0)
(400 -2.76614e-14 0)
(400 -1.93156e-14 0)
(400 -2.33926e-15 0)
(400 5.25716e-15 0)
(400 5.92244e-15 0)
(400 -1.05398e-14 0)
(400 -1.26887e-14 0)
(400 -7.61552e-15 0)
(400 -7.78768e-15 0)
(400 -4.45298e-15 0)
(400 4.51068e-15 0)
(400 -4.86473e-15 0)
(400 -1.34173e-14 0)
(400 -1.34824e-14 0)
(400 -1.10123e-14 0)
(400 -1.02713e-16 0)
(400 1.14525e-14 0)
(400 3.27373e-14 0)
(400 5.31856e-14 0)
(400 5.99861e-14 0)
(400 6.98281e-14 0)
(400 7.72842e-14 0)
(400 7.59034e-14 0)
(400 1.51206e-14 0)
(400 2.97504e-14 0)
(400 3.15987e-14 0)
(400 4.09025e-14 0)
(400 5.54857e-14 0)
(400 6.2847e-14 0)
(400 4.72228e-14 0)
(400 2.70202e-14 0)
(400 8.88179e-15 0)
(400 -2.79123e-15 0)
(400 -8.01966e-15 0)
(400 -2.10123e-14 0)
(400 -3.59457e-14 0)
(400 -4.588e-14 0)
(400 -4.89447e-14 0)
(400 -4.02323e-14 0)
(400 -3.37189e-14 0)
(400 -3.59499e-14 0)
(400 -3.52335e-14 0)
(400 -4.77644e-14 0)
(400 -5.53841e-14 0)
(400 -5.586e-14 0)
(400 -5.64197e-14 0)
(400 -8.19522e-14 0)
(400 -8.58553e-14 0)
(400 -7.30887e-14 0)
(400 -4.85899e-14 0)
(400 -1.48e-14 0)
(400 6.79898e-15 0)
(400 1.48714e-14 0)
(400 2.12147e-14 0)
(400 1.78659e-14 0)
(400 3.16604e-14 0)
(400 3.16172e-14 0)
(400 9.28928e-15 0)
(400 9.08401e-15 0)
(400 2.12157e-14 0)
(400 2.15143e-14 0)
(400 5.28457e-15 0)
(400 -1.38152e-14 0)
(400 -3.29087e-14 0)
(400 -4.33515e-14 0)
(400 -4.77529e-14 0)
(400 -3.97271e-14 0)
(400 -3.1139e-14 0)
(400 -4.19558e-14 0)
(400 -4.74877e-14 0)
(400 -5.02579e-14 0)
(400 -3.8617e-14 0)
(400 -2.64361e-14 0)
(400 -2.2211e-14 0)
(400 -2.40912e-14 0)
(400 -1.11705e-14 0)
(400 1.17283e-14 0)
(400 -1.2677e-15 0)
(400 -2.22131e-14 0)
(400 -2.57347e-14 0)
(400 -1.8312e-14 0)
(400 -1.19437e-14 0)
(400 -2.64856e-14 0)
(400 -3.88417e-14 0)
(400 -3.80572e-14 0)
(400 -2.52194e-14 0)
(400 -1.7265e-14 0)
(400 -3.47119e-14 0)
(400 -4.3283e-14 0)
(400 -2.9325e-14 0)
(400 -2.20758e-14 0)
(400 -1.5853e-14 0)
(400 -3.32194e-14 0)
(400 -2.20021e-14 0)
(400 -7.10896e-15 0)
(400 -5.82846e-15 0)
(400 7.65075e-15 0)
(400 -5.1834e-15 0)
(400 6.30578e-15 0)
(400 1.69668e-14 0)
(400 3.82014e-15 0)
(400 6.58009e-15 0)
(400 -2.13554e-14 0)
(400 -3.60234e-14 0)
(400 -3.40039e-14 0)
(400 -2.79051e-14 0)
(400 -3.85653e-14 0)
(400 -3.85132e-14 0)
(400 -3.8792e-14 0)
(400 -3.06274e-14 0)
(400 -3.03569e-14 0)
(400 -4.60494e-14 0)
(400 -5.67004e-14 0)
(400 -5.68387e-14 0)
(400 -6.5123e-14 0)
(400 -7.08864e-14 0)
(400 -9.08835e-14 0)
(400 -9.09016e-14 0)
(400 -4.64038e-14 0)
(400 -6.4943e-15 0)
(400 -6.66978e-15 0)
(400 -1.98318e-14 0)
(400 -1.42189e-14 0)
(400 4.58416e-15 0)
(400 1.32729e-14 0)
(400 1.07536e-16 0)
(400 -2.268e-14 0)
(400 -1.86021e-14 0)
(400 -2.47545e-14 0)
(400 -2.96816e-14 0)
(400 -2.29247e-14 0)
(400 -3.70889e-14 0)
(400 -3.62119e-14 0)
(400 -3.52631e-14 0)
(400 -3.53394e-14 0)
(400 -3.75976e-14 0)
(400 -2.62767e-14 0)
(400 -2.27303e-14 0)
(400 -1.47136e-14 0)
(400 -1.86451e-15 0)
(400 4.77433e-15 0)
(400 3.14458e-14 0)
(400 3.57277e-14 0)
(400 2.26441e-14 0)
(400 1.01307e-14 0)
(400 3.17e-15 0)
(400 5.61534e-15 0)
(400 3.95674e-15 0)
(400 -7.53174e-15 0)
(400 -2.89917e-14 0)
(400 -3.27597e-14 0)
(400 -2.62177e-14 0)
(400 -2.37526e-15 0)
(400 7.59192e-15 0)
(400 4.62168e-15 0)
(400 6.40074e-15 0)
(400 2.25105e-14 0)
(400 4.98893e-14 0)
(400 6.96543e-14 0)
(400 7.01849e-14 0)
(400 6.42011e-14 0)
(400 7.78865e-14 0)
(400 9.20141e-14 0)
(400 7.93567e-14 0)
(400 6.53669e-14 0)
(400 5.36913e-14 0)
(400 3.83037e-14 0)
(400 4.06418e-14 0)
(400 2.68663e-14 0)
(400 -3.78467e-15 0)
(400 -1.68284e-14 0)
(400 -2.93505e-14 0)
(400 -3.22169e-14 0)
(400 -3.0941e-14 0)
(400 -2.80999e-14 0)
(400 -2.84982e-14 0)
(400 -2.48707e-14 0)
(400 -3.26633e-14 0)
(400 -1.56839e-14 0)
(400 -3.03871e-15 0)
(400 -4.33952e-15 0)
(400 -6.76532e-15 0)
(400 1.20791e-14 0)
(400 1.3426e-14 0)
(400 3.12626e-15 0)
(400 -1.67818e-14 0)
(400 -2.52242e-14 0)
(400 -3.45952e-14 0)
(400 -6.1442e-14 0)
(400 -8.55292e-14 0)
(400 -9.09208e-14 0)
(400 -9.54681e-14 0)
(400 -8.48585e-14 0)
(400 -6.71164e-14 0)
(400 -5.88065e-14 0)
(400 -5.96578e-14 0)
(400 -6.5604e-14 0)
(400 -6.69433e-14 0)
(400 -6.53168e-14 0)
(400 -5.9211e-14 0)
(400 -4.55459e-14 0)
(400 -3.16253e-14 0)
(400 -2.2006e-14 0)
(400 -1.17362e-14 0)
(400 -1.07898e-14 0)
(400 -1.39844e-14 0)
(400 -8.64464e-15 0)
(400 -1.49546e-14 0)
(400 1.57732e-15 0)
(400 -8.52743e-16 0)
(400 -1.57141e-14 0)
(400 -3.00114e-14 0)
(400 -4.22379e-14 0)
(400 -3.35194e-14 0)
(400 -3.03225e-14 0)
(400 -3.35283e-14 0)
(400 -1.85356e-14 0)
(400 -4.50068e-15 0)
(400 1.72741e-14 0)
(400 2.56203e-14 0)
(400 5.17759e-14 0)
(400 5.67792e-14 0)
(400 5.65022e-14 0)
(400 -2.79368e-15 0)
(400 2.38908e-15 0)
(400 1.67523e-14 0)
(400 1.93017e-14 0)
(400 1.64534e-14 0)
(400 1.92465e-14 0)
(400 2.78592e-14 0)
(400 4.891e-14 0)
(400 2.50977e-14 0)
(400 -1.03312e-15 0)
(400 -5.92387e-16 0)
(400 -1.78503e-16 0)
(400 4.85206e-15 0)
(400 -9.99116e-15 0)
(400 -4.27754e-14 0)
(400 -4.75805e-14 0)
(400 -5.1701e-14 0)
(400 -5.76357e-14 0)
(400 -5.57145e-14 0)
(400 -5.48387e-14 0)
(400 -5.32937e-14 0)
(400 -4.6422e-14 0)
(400 -4.91118e-14 0)
(400 -6.32781e-14 0)
(400 -6.38035e-14 0)
(400 -5.52887e-14 0)
(400 -3.35865e-14 0)
(400 -1.25332e-14 0)
(400 1.8839e-14 0)
(400 3.94606e-14 0)
(400 3.94054e-14 0)
(400 4.21799e-14 0)
(400 2.74132e-14 0)
(400 1.21487e-14 0)
(400 5.61636e-17 0)
(400 4.62009e-15 0)
(400 4.56929e-15 0)
(400 1.21526e-15 0)
(400 -1.4768e-14 0)
(400 -1.85795e-14 0)
(400 -2.18369e-14 0)
(400 -1.86324e-14 0)
(400 -1.97053e-14 0)
(400 -3.22086e-14 0)
(400 -4.31715e-14 0)
(400 -5.47664e-14 0)
(400 -5.95502e-14 0)
(400 -5.98138e-14 0)
(400 -5.27067e-14 0)
(400 -4.92383e-14 0)
(400 -3.83826e-14 0)
(400 -2.71875e-14 0)
(400 -2.02181e-14 0)
(400 -1.90984e-15 0)
(400 1.26327e-14 0)
(400 1.34696e-14 0)
(400 1.46477e-14 0)
(400 1.96858e-14 0)
(400 2.80788e-14 0)
(400 2.0311e-14 0)
(400 2.02893e-15 0)
(400 -2.51352e-14 0)
(400 -3.54668e-14 0)
(400 -5.24743e-14 0)
(400 -5.98715e-14 0)
(400 -5.63812e-14 0)
(400 -3.99476e-14 0)
(400 -3.68252e-14 0)
(400 -2.51195e-14 0)
(400 -2.65031e-14 0)
(400 -3.48453e-14 0)
(400 -2.42006e-14 0)
(400 -9.33159e-15 0)
(400 4.41398e-15 0)
(400 1.10829e-14 0)
(400 1.93962e-14 0)
(400 3.89904e-14 0)
(400 3.95799e-14 0)
(400 3.96639e-14 0)
(400 4.94519e-14 0)
(400 4.65545e-14 0)
(400 2.43796e-14 0)
(400 1.51809e-14 0)
(400 1.39432e-14 0)
(400 -8.45266e-16 0)
(400 -2.07787e-14 0)
(400 -3.29393e-14 0)
(400 -4.57222e-14 0)
(400 -4.49479e-14 0)
(400 -4.10304e-14 0)
(400 -5.07209e-14 0)
(400 -7.37732e-14 0)
(400 -8.00174e-14 0)
(400 -6.59854e-14 0)
(400 -5.44709e-14 0)
(400 -3.82664e-14 0)
(400 -2.46895e-14 0)
(400 -1.05985e-14 0)
(400 1.22591e-14 0)
(400 8.41751e-15 0)
(400 1.01567e-14 0)
(400 1.86933e-14 0)
(400 1.20541e-14 0)
(400 1.01209e-14 0)
(400 2.88962e-14 0)
(400 2.73953e-14 0)
(400 1.50167e-14 0)
(400 1.51029e-14 0)
(400 1.69375e-14 0)
(400 2.43131e-14 0)
(400 1.74237e-14 0)
(400 -1.28593e-15 0)
(400 -2.43668e-16 0)
(400 1.99506e-14 0)
(400 2.93991e-14 0)
(400 2.5206e-14 0)
(400 1.2804e-14 0)
(400 1.98426e-14 0)
(400 3.87414e-14 0)
(400 3.16703e-14 0)
(400 1.72505e-14 0)
(400 3.9846e-15 0)
(400 -5.64432e-15 0)
(400 -4.65014e-15 0)
(400 -2.70633e-14 0)
(400 -5.37227e-14 0)
(400 -7.30991e-14 0)
(400 -5.30967e-14 0)
(400 -2.16357e-14 0)
(400 -1.97982e-14 0)
(400 -1.37239e-14 0)
(400 -8.57052e-15 0)
(400 -5.07874e-16 0)
(400 2.59259e-14 0)
(400 5.21093e-15 0)
(400 1.48337e-14 0)
(400 1.33184e-14 0)
(400 1.55807e-15 0)
(400 -1.51369e-15 0)
(400 -9.58994e-17 0)
(400 -8.96522e-15 0)
(400 -2.57567e-14 0)
(400 -3.92986e-14 0)
(400 -4.2854e-14 0)
(400 -5.21868e-14 0)
(400 -6.55096e-14 0)
(400 -7.96716e-14 0)
(400 -7.23519e-14 0)
(400 -6.15012e-14 0)
(400 -5.04109e-14 0)
(400 -2.91168e-14 0)
(400 -2.30957e-14 0)
(400 -1.63854e-14 0)
(400 -7.49565e-15 0)
(400 -9.16748e-15 0)
(400 -1.6557e-14 0)
(400 -2.97278e-14 0)
(400 -4.21543e-14 0)
(400 -2.96796e-14 0)
(400 -2.77076e-14 0)
(400 -3.03311e-14 0)
(400 -1.88416e-14 0)
(400 -2.5814e-14 0)
(400 -3.90895e-14 0)
(400 -5.80809e-14 0)
(400 -4.9493e-14 0)
(400 -5.47343e-14 0)
(400 -6.93785e-14 0)
(400 -8.30221e-14 0)
(400 -9.21488e-14 0)
(400 -9.36376e-14 0)
(400 -6.88651e-14 0)
(400 -4.94653e-14 0)
(400 -5.50645e-14 0)
(400 -5.70415e-14 0)
(400 -4.95872e-14 0)
(400 -2.98553e-14 0)
(400 -1.16477e-14 0)
(400 -2.34698e-15 0)
(400 -2.4559e-15 0)
(400 2.08594e-15 0)
(400 3.71475e-15 0)
(400 -1.58763e-15 0)
(400 3.64693e-15 0)
(400 -6.76802e-15 0)
(400 -4.24393e-15 0)
(400 -6.70915e-16 0)
(400 -2.68453e-14 0)
(400 -3.26598e-14 0)
(400 -3.96753e-14 0)
(400 -4.0729e-14 0)
(400 -3.70368e-14 0)
(400 -4.92462e-14 0)
(400 -4.36011e-14 0)
(400 -4.91842e-14 0)
(400 -3.65228e-14 0)
(400 -9.46964e-15 0)
(400 1.67602e-14 0)
(400 1.90275e-14 0)
(400 2.62991e-14 0)
(400 8.10048e-15 0)
(400 -3.28337e-15 0)
(400 -2.14469e-14 0)
(400 -2.46717e-14 0)
(400 -1.97358e-14 0)
(400 -8.52905e-15 0)
(400 -8.84776e-15 0)
(400 -1.36597e-14 0)
(400 -2.05543e-14 0)
(400 -2.76563e-14 0)
(400 -2.46134e-14 0)
(400 -2.13073e-14 0)
(400 -2.42441e-14 0)
(400 -3.15682e-14 0)
(400 -4.52913e-14 0)
(400 -4.74955e-14 0)
(400 -6.98364e-14 0)
(400 -8.09861e-14 0)
(400 -7.64912e-14 0)
(400 -7.11712e-14 0)
(400 -7.48989e-14 0)
(400 -6.91386e-14 0)
(400 -6.91541e-14 0)
(400 -6.24712e-14 0)
(400 -5.02363e-14 0)
(400 -4.76083e-14 0)
(400 -3.13348e-14 0)
(400 -2.63865e-14 0)
(400 -1.88179e-14 0)
(400 1.40161e-14 0)
(400 1.45654e-14 0)
(400 1.54476e-14 0)
(400 -7.51329e-15 0)
(400 -2.83142e-14 0)
(400 -3.42452e-14 0)
(400 -4.4278e-14 0)
(400 -4.20288e-14 0)
(400 -4.14017e-14 0)
(400 -5.5801e-14 0)
(400 -5.28985e-14 0)
(400 -5.57994e-14 0)
(400 -4.27175e-14 0)
(400 -3.17353e-14 0)
(400 -3.24101e-14 0)
(400 -4.24099e-14 0)
(400 -4.79638e-14 0)
(400 -4.42179e-14 0)
(400 -4.52524e-14 0)
(400 -3.94401e-14 0)
(400 -2.86587e-14 0)
(400 -1.71916e-14 0)
(400 -4.08612e-15 0)
(400 1.07016e-14 0)
(400 1.77398e-14 0)
(400 2.89408e-14 0)
(400 3.2196e-14 0)
(400 3.07341e-14 0)
(400 1.62098e-14 0)
(400 -1.46541e-14 0)
(400 -1.82981e-14 0)
(400 -1.83611e-14 0)
(400 -3.24373e-14 0)
(400 -5.3023e-14 0)
(400 -6.99532e-14 0)
(400 -6.38002e-14 0)
(400 -5.92841e-14 0)
(400 -6.7109e-14 0)
(400 -5.59115e-14 0)
(400 -3.86541e-14 0)
(400 -1.621e-14 0)
(400 -1.01326e-14 0)
(400 -5.71018e-16 0)
(400 1.4221e-14 0)
(400 2.64875e-14 0)
(400 3.76377e-14 0)
(400 4.27679e-14 0)
(400 4.84435e-14 0)
(400 4.45316e-14 0)
(400 2.83301e-14 0)
(400 4.22168e-14 0)
(400 4.6932e-14 0)
(400 3.97943e-14 0)
(400 3.1557e-14 0)
(400 1.24823e-14 0)
(400 -1.7483e-14 0)
(400 -3.58589e-14 0)
(400 -4.70833e-14 0)
(400 -3.55759e-14 0)
(400 -1.27356e-14 0)
(400 -1.24817e-14 0)
(400 -2.70715e-14 0)
(400 -3.44391e-14 0)
(400 -4.86193e-14 0)
(400 -4.03454e-14 0)
(400 -2.49056e-14 0)
(400 -3.25592e-14 0)
(400 -4.34767e-14 0)
(400 -2.66912e-14 0)
(400 -9.43787e-15 0)
(400 -4.27344e-15 0)
(400 -3.38714e-15 0)
(400 -5.69685e-15 0)
(400 2.05512e-15 0)
(400 2.14517e-14 0)
(400 2.11017e-14 0)
(400 -6.70967e-15 0)
(400 -3.00189e-14 0)
(400 -2.68599e-14 0)
(400 -1.58617e-14 0)
(400 -4.04113e-15 0)
(400 -1.62927e-14 0)
(400 -3.37773e-14 0)
(400 -2.86654e-14 0)
(400 -1.99771e-14 0)
(400 -5.06819e-15 0)
(400 -1.44641e-14 0)
(400 -3.17531e-14 0)
(400 -2.34887e-14 0)
(400 -3.99204e-14 0)
(400 -5.06871e-14 0)
(400 -5.6418e-14 0)
(400 -6.78443e-14 0)
(400 -5.13587e-14 0)
(400 -4.49816e-14 0)
(400 -6.48084e-14 0)
(400 -9.03256e-14 0)
(400 -8.42977e-14 0)
(400 -5.71683e-14 0)
(400 -5.40156e-14 0)
(400 -7.23494e-14 0)
(400 -5.99155e-14 0)
(400 -3.84844e-14 0)
(400 -3.39316e-14 0)
(400 -1.89079e-14 0)
(400 -3.42791e-14 0)
(400 -3.12758e-14 0)
(400 -2.08193e-14 0)
(400 -1.36616e-14 0)
(400 -8.18574e-15 0)
(400 -7.64794e-15 0)
(400 -4.07696e-15 0)
(400 7.49549e-15 0)
(400 8.27231e-16 0)
(400 1.30879e-14 0)
(400 1.25172e-14 0)
(400 9.58871e-15 0)
(400 2.36709e-14 0)
(400 3.95073e-14 0)
(400 4.91378e-14 0)
(400 5.30563e-14 0)
(400 4.82385e-14 0)
(400 4.96642e-14 0)
(400 5.65861e-14 0)
(400 5.29719e-14 0)
(400 3.6803e-14 0)
(400 1.01745e-14 0)
(400 -5.67419e-15 0)
(400 1.48065e-15 0)
(400 1.63653e-14 0)
(400 2.13584e-14 0)
(400 1.54611e-14 0)
(400 2.14754e-14 0)
(400 3.00077e-14 0)
(400 2.26882e-14 0)
(400 8.57321e-15 0)
(400 -1.54959e-15 0)
(400 -1.76493e-14 0)
(400 -4.35517e-14 0)
(400 -6.33691e-14 0)
(400 -8.91591e-14 0)
(400 -1.23076e-13 0)
(400 -1.2317e-13 0)
(400 -1.18537e-13 0)
(400 -1.07164e-13 0)
(400 -9.43587e-14 0)
(400 -9.03891e-14 0)
(400 -8.76143e-14 0)
(400 -9.75409e-14 0)
(400 -9.42567e-14 0)
(400 -8.52343e-14 0)
(400 -1.04246e-13 0)
(400 -1.15663e-13 0)
(400 -1.26054e-13 0)
(400 -1.29285e-13 0)
(400 -1.1372e-13 0)
(400 -1.30239e-13 0)
(400 -1.22996e-13 0)
(400 -1.06829e-13 0)
(400 -7.68409e-14 0)
(400 -4.01561e-14 0)
(400 -4.50972e-14 0)
(400 -4.15498e-14 0)
(400 -3.1344e-14 0)
(400 -2.2836e-14 0)
(400 -1.02091e-14 0)
(400 1.1914e-15 0)
(400 1.37552e-14 0)
(400 2.55423e-14 0)
(400 4.05031e-14 0)
(400 5.73706e-14 0)
(400 2.8813e-14 0)
(400 1.23692e-14 0)
(400 -1.64488e-14 0)
(400 -2.02531e-14 0)
(400 -1.18217e-14 0)
(400 -5.23051e-15 0)
(400 -4.88427e-15 0)
(400 -6.07697e-16 0)
(400 6.34467e-15 0)
(400 1.30119e-14 0)
(400 1.37047e-14 0)
(400 9.15629e-16 0)
(400 -3.14804e-14 0)
(400 -3.0684e-14 0)
(400 -1.46344e-14 0)
(400 -1.29885e-14 0)
(400 -3.44436e-14 0)
(400 -5.79187e-14 0)
(400 -6.64957e-14 0)
(400 -7.22847e-14 0)
(400 -6.1557e-14 0)
(400 -3.86376e-14 0)
(400 -1.87455e-14 0)
(400 -1.1205e-14 0)
(400 1.11918e-14 0)
(400 2.31764e-14 0)
(400 2.33497e-14 0)
(400 1.36765e-14 0)
(400 1.23989e-15 0)
(400 7.71973e-15 0)
(400 -1.8707e-15 0)
(400 -2.45236e-14 0)
(400 -2.47629e-14 0)
(400 -1.93925e-14 0)
(400 -1.97385e-14 0)
(400 -1.83474e-14 0)
(400 -2.05529e-14 0)
(400 -3.57717e-14 0)
(400 -5.99635e-14 0)
(400 -6.40541e-14 0)
(400 -4.78052e-14 0)
(400 -3.62633e-14 0)
(400 -3.35986e-14 0)
(400 -2.72e-14 0)
(400 -2.14267e-14 0)
(400 -2.10859e-14 0)
(400 -2.78866e-14 0)
(400 -3.49993e-14 0)
(400 -3.63253e-14 0)
(400 -3.14108e-14 0)
(400 -3.39691e-14 0)
(400 -2.88377e-14 0)
(400 -1.87337e-14 0)
(400 -1.40976e-14 0)
(400 -1.49304e-14 0)
(400 -1.48198e-14 0)
(400 -1.70891e-14 0)
(400 -3.15635e-14 0)
(400 -5.44878e-14 0)
(400 -5.33956e-14 0)
(400 -3.97901e-14 0)
(400 -2.67403e-14 0)
(400 -1.96455e-14 0)
(400 -2.18884e-14 0)
(400 -1.92049e-14 0)
(400 -1.84131e-14 0)
(400 -3.09481e-14 0)
(400 -2.28938e-14 0)
(400 -3.23163e-14 0)
(400 -3.52647e-14 0)
(400 -2.3994e-14 0)
(400 -1.27935e-14 0)
(400 2.81039e-15 0)
(400 1.89836e-14 0)
(400 2.66582e-14 0)
(400 3.89351e-14 0)
(400 3.81435e-14 0)
(400 3.54437e-14 0)
(400 3.60801e-14 0)
(400 3.7796e-14 0)
(400 3.14327e-14 0)
(400 3.29755e-14 0)
(400 2.92657e-14 0)
(400 1.8401e-14 0)
(400 -1.10174e-14 0)
(400 -3.74676e-14 0)
(400 -5.69509e-14 0)
(400 -7.2219e-14 0)
(400 -7.043e-14 0)
(400 -7.77227e-14 0)
(400 -7.90057e-14 0)
(400 -7.02025e-14 0)
(400 -5.95806e-14 0)
(400 -3.63715e-14 0)
(400 -3.03409e-14 0)
(400 -2.89885e-14 0)
(400 -3.34945e-14 0)
(400 -2.47507e-14 0)
(400 -1.64322e-14 0)
(400 -9.61618e-15 0)
(400 -5.10383e-15 0)
(400 -2.12909e-14 0)
(400 -1.62941e-14 0)
(400 9.95038e-16 0)
(400 -6.35987e-15 0)
(400 -7.59174e-15 0)
(400 1.34776e-15 0)
(400 1.29167e-14 0)
(400 2.95377e-14 0)
(400 2.90533e-14 0)
(400 1.65913e-14 0)
(400 2.46905e-14 0)
(400 3.01601e-14 0)
(400 2.37264e-14 0)
(400 1.61999e-14 0)
(400 1.15235e-14 0)
(400 5.03052e-15 0)
(400 -4.44089e-15 0)
(400 -1.87797e-14 0)
(400 -1.30867e-14 0)
(400 -2.50936e-14 0)
(400 -3.95876e-14 0)
(400 -4.54465e-14 0)
(400 -5.38399e-14 0)
(400 -6.41667e-14 0)
(400 -7.44684e-14 0)
(400 -6.05305e-14 0)
(400 -4.94152e-14 0)
(400 -6.7074e-14 0)
(400 -7.39072e-14 0)
(400 -7.14896e-14 0)
(400 -6.74985e-14 0)
(400 -7.82575e-14 0)
(400 -9.34682e-14 0)
(400 -9.29344e-14 0)
(400 -9.47239e-14 0)
(400 -7.5867e-14 0)
(400 -6.48171e-14 0)
(400 -6.36109e-14 0)
(400 -6.02937e-14 0)
(400 -5.69161e-14 0)
(400 -4.87178e-14 0)
(400 -3.92294e-14 0)
(400 -3.61465e-14 0)
(400 -2.67562e-14 0)
(400 -1.40336e-14 0)
(400 1.84547e-14 0)
(400 2.67812e-14 0)
(400 1.77094e-14 0)
(400 1.64328e-14 0)
(400 1.95914e-14 0)
(400 8.44894e-15 0)
(400 -1.39665e-14 0)
(400 -2.5747e-14 0)
(400 -3.87154e-14 0)
(400 -5.03974e-14 0)
(400 -5.265e-14 0)
(400 -5.40707e-14 0)
(400 -5.66322e-14 0)
(400 -4.79467e-14 0)
(400 -3.31756e-14 0)
(400 -1.07165e-14 0)
(400 3.59535e-15 0)
(400 -1.11505e-14 0)
(400 -2.21637e-14 0)
(400 -2.20003e-14 0)
(400 -2.09284e-14 0)
(400 -4.00173e-14 0)
(400 -6.59908e-14 0)
(400 -8.89963e-14 0)
(400 -9.96813e-14 0)
(400 -1.03018e-13 0)
(400 -9.90454e-14 0)
(400 -7.2958e-14 0)
(400 -5.71623e-14 0)
(400 -5.59038e-14 0)
(400 -4.69016e-14 0)
(400 -4.21816e-14 0)
(400 -4.28108e-14 0)
(400 -3.76495e-14 0)
(400 -4.74401e-14 0)
(400 -4.38097e-14 0)
(400 -3.00812e-14 0)
(400 -3.40977e-14 0)
(400 -2.57103e-14 0)
(400 -4.68641e-14 0)
(400 -5.56789e-14 0)
(400 -3.6758e-14 0)
(400 -2.01332e-14 0)
(400 1.92118e-15 0)
(400 -8.31184e-15 0)
(400 -7.09035e-15 0)
(400 2.49659e-14 0)
(400 3.30565e-14 0)
(400 4.3708e-14 0)
(400 3.05631e-14 0)
(400 9.23102e-15 0)
(400 6.79647e-17 0)
(400 3.84319e-15 0)
(400 2.03819e-14 0)
)
;

boundaryField
{
    cyclic1
    {
        type            cyclic;
    }
    cyclic2
    {
        type            cyclic;
    }
    frontAndBack
    {
        type            empty;
    }
    outlet
    {
        type            zeroGradient;
    }
    inlet
    {
        type            fixedValue;
        value           uniform (400 0 0);
    }
}


// ************************************************************************* //
