/*--------------------------------*- C++ -*----------------------------------*\
  =========                 |
  \\      /  F ield         | OpenFOAM: The Open Source CFD Toolbox
   \\    /   O peration     | Website:  https://openfoam.org
    \\  /    A nd           | Version:  6
     \\/     M anipulation  |
\*---------------------------------------------------------------------------*/
FoamFile
{
    version     2.0;
    format      ascii;
    class       volScalarField;
    location    "50";
    object      p;
}
// * * * * * * * * * * * * * * * * * * * * * * * * * * * * * * * * * * * * * //

dimensions      [0 2 -2 0 0 0 0];

internalField   nonuniform List<scalar> 
4000
(
-1.41475e-09
-1.40644e-09
-1.379e-09
-1.36512e-09
-1.35673e-09
-1.34309e-09
-1.33046e-09
-1.33378e-09
-1.31226e-09
-1.28152e-09
-1.27784e-09
-1.26936e-09
-1.23815e-09
-1.22775e-09
-1.21843e-09
-1.2003e-09
-1.19685e-09
-1.18827e-09
-1.18146e-09
-1.16191e-09
-1.15366e-09
-1.12359e-09
-1.09931e-09
-1.06681e-09
-1.02036e-09
-9.7801e-10
-9.42009e-10
-9.07218e-10
-8.68665e-10
-8.35292e-10
-7.99693e-10
-7.71743e-10
-7.66034e-10
-7.60091e-10
-7.31728e-10
-7.07558e-10
-6.82802e-10
-6.52389e-10
-6.04364e-10
-5.93702e-10
-5.65118e-10
-5.42548e-10
-5.26492e-10
-5.06439e-10
-4.82678e-10
-4.61712e-10
-4.54173e-10
-4.47578e-10
-4.41478e-10
-4.36506e-10
-4.30253e-10
-4.33947e-10
-4.17021e-10
-3.90568e-10
-3.68737e-10
-3.5052e-10
-3.33648e-10
-3.23086e-10
-3.06922e-10
-2.92456e-10
-2.75356e-10
-2.66171e-10
-2.6352e-10
-2.54205e-10
-2.56578e-10
-2.59038e-10
-2.5711e-10
-2.51915e-10
-2.38584e-10
-2.46537e-10
-2.5274e-10
-2.28808e-10
-2.30243e-10
-2.32425e-10
-2.10204e-10
-2.14963e-10
-2.28001e-10
-2.21302e-10
-2.01848e-10
-1.84917e-10
-1.66035e-10
-1.41276e-10
-1.255e-10
-1.19967e-10
-1.19474e-10
-1.36854e-10
-1.62559e-10
-1.83327e-10
-2.10435e-10
-2.20971e-10
-2.20114e-10
-2.23765e-10
-2.26408e-10
-2.22127e-10
-2.22979e-10
-2.25555e-10
-2.16257e-10
-2.21624e-10
-2.20614e-10
-2.13329e-10
-2.14534e-10
-2.03586e-10
-2.04527e-10
-1.93345e-10
-1.90614e-10
-1.75592e-10
-1.788e-10
-1.82372e-10
-1.69244e-10
-1.47438e-10
-1.40421e-10
-1.27677e-10
-1.04752e-10
-1.04947e-10
-1.19046e-10
-1.1572e-10
-9.59497e-11
-7.1976e-11
-6.2632e-11
-5.55941e-11
-3.47781e-11
9.997e-14
2.5558e-11
4.51358e-11
6.41761e-11
7.45826e-11
9.80767e-11
1.23795e-10
1.31342e-10
1.40247e-10
1.53446e-10
1.67036e-10
1.75424e-10
1.99413e-10
2.24645e-10
2.40411e-10
2.61511e-10
2.61672e-10
2.61723e-10
2.6214e-10
2.86459e-10
3.08359e-10
3.1233e-10
3.2109e-10
3.3405e-10
3.41632e-10
3.46922e-10
3.61453e-10
3.80658e-10
3.9152e-10
4.11496e-10
4.33041e-10
4.541e-10
4.6878e-10
4.75992e-10
4.83494e-10
4.92642e-10
5.09387e-10
5.20852e-10
5.09518e-10
4.98207e-10
4.91353e-10
4.84314e-10
4.60286e-10
4.41236e-10
4.29826e-10
4.13872e-10
3.93459e-10
3.76191e-10
3.51283e-10
3.31464e-10
3.19519e-10
3.14696e-10
3.1137e-10
3.06945e-10
3.10901e-10
3.0349e-10
2.89324e-10
2.61366e-10
2.44282e-10
2.31715e-10
2.25712e-10
2.12977e-10
1.99401e-10
1.88547e-10
1.85344e-10
1.92947e-10
1.94281e-10
1.86472e-10
1.75247e-10
1.63552e-10
1.5267e-10
1.42931e-10
1.20291e-10
1.07139e-10
9.87686e-11
8.07522e-11
6.62823e-11
4.31717e-11
1.77407e-11
-1.43259e-09
-1.40793e-09
-1.38819e-09
-1.38676e-09
-1.37447e-09
-1.36139e-09
-1.34846e-09
-1.34206e-09
-1.31118e-09
-1.28446e-09
-1.27565e-09
-1.25467e-09
-1.22723e-09
-1.21168e-09
-1.2088e-09
-1.20613e-09
-1.19095e-09
-1.17794e-09
-1.17913e-09
-1.1596e-09
-1.14739e-09
-1.12953e-09
-1.09801e-09
-1.05469e-09
-1.02487e-09
-9.79037e-10
-9.42724e-10
-8.97489e-10
-8.58918e-10
-8.45507e-10
-8.08942e-10
-7.8263e-10
-7.63305e-10
-7.40488e-10
-7.16053e-10
-6.87342e-10
-6.75116e-10
-6.44889e-10
-6.04049e-10
-5.91087e-10
-5.74403e-10
-5.58128e-10
-5.34412e-10
-5.20841e-10
-4.94446e-10
-4.6595e-10
-4.56502e-10
-4.44313e-10
-4.33839e-10
-4.39275e-10
-4.38854e-10
-4.24392e-10
-4.1505e-10
-3.97354e-10
-3.68876e-10
-3.49193e-10
-3.24149e-10
-3.13012e-10
-3.03892e-10
-2.90864e-10
-2.7814e-10
-2.65329e-10
-2.53374e-10
-2.49521e-10
-2.602e-10
-2.7005e-10
-2.7038e-10
-2.62515e-10
-2.54503e-10
-2.47013e-10
-2.38394e-10
-2.19583e-10
-2.22094e-10
-2.23208e-10
-2.13799e-10
-2.17665e-10
-2.25067e-10
-2.27157e-10
-2.02864e-10
-1.79824e-10
-1.71781e-10
-1.56931e-10
-1.29395e-10
-1.13033e-10
-1.10492e-10
-1.27133e-10
-1.50849e-10
-1.60771e-10
-1.81064e-10
-1.96635e-10
-2.16714e-10
-2.31128e-10
-2.224e-10
-2.19177e-10
-2.21493e-10
-2.32775e-10
-2.15816e-10
-2.1785e-10
-2.1573e-10
-2.12062e-10
-2.11092e-10
-1.96848e-10
-1.97532e-10
-1.98324e-10
-1.8809e-10
-1.73084e-10
-1.81386e-10
-1.84845e-10
-1.72656e-10
-1.56196e-10
-1.4853e-10
-1.38562e-10
-1.13336e-10
-1.13651e-10
-1.23374e-10
-1.16637e-10
-1.01116e-10
-7.79418e-11
-7.29133e-11
-6.55824e-11
-3.44891e-11
-1.42252e-12
2.21725e-11
5.5577e-11
7.14051e-11
7.60813e-11
9.90031e-11
1.23027e-10
1.36838e-10
1.30725e-10
1.36556e-10
1.5432e-10
1.76085e-10
1.90902e-10
2.12868e-10
2.408e-10
2.5448e-10
2.55524e-10
2.70732e-10
2.83139e-10
2.98229e-10
3.08127e-10
3.18541e-10
3.27696e-10
3.3947e-10
3.41601e-10
3.43398e-10
3.60391e-10
3.74934e-10
3.93845e-10
4.21128e-10
4.39312e-10
4.4853e-10
4.62645e-10
4.75662e-10
4.86458e-10
4.90199e-10
4.93062e-10
5.03213e-10
5.00666e-10
4.87484e-10
4.72732e-10
4.70623e-10
4.56019e-10
4.39106e-10
4.20495e-10
4.1515e-10
4.0167e-10
3.86651e-10
3.58734e-10
3.36624e-10
3.20757e-10
3.16931e-10
3.14425e-10
3.12381e-10
3.0722e-10
3.00461e-10
2.93719e-10
2.80865e-10
2.58087e-10
2.37653e-10
2.33713e-10
2.37513e-10
2.16373e-10
1.99577e-10
1.96578e-10
1.95711e-10
1.88916e-10
1.7796e-10
1.66861e-10
1.53664e-10
1.43496e-10
1.30045e-10
1.13249e-10
9.50957e-11
8.79308e-11
7.94154e-11
7.45741e-11
5.33637e-11
1.89228e-11
-1.43171e-09
-1.42462e-09
-1.40822e-09
-1.39708e-09
-1.39187e-09
-1.38653e-09
-1.36753e-09
-1.35803e-09
-1.32975e-09
-1.30057e-09
-1.27325e-09
-1.24258e-09
-1.20588e-09
-1.2048e-09
-1.20797e-09
-1.19611e-09
-1.18614e-09
-1.17492e-09
-1.16439e-09
-1.15001e-09
-1.14355e-09
-1.11563e-09
-1.08525e-09
-1.06487e-09
-1.02876e-09
-9.71173e-10
-9.27507e-10
-8.74503e-10
-8.452e-10
-8.34743e-10
-8.02047e-10
-7.80334e-10
-7.55104e-10
-7.30915e-10
-7.0467e-10
-6.84415e-10
-6.70414e-10
-6.41477e-10
-5.98699e-10
-5.9763e-10
-5.86693e-10
-5.67533e-10
-5.43955e-10
-5.29614e-10
-4.97665e-10
-4.73554e-10
-4.56582e-10
-4.41056e-10
-4.34864e-10
-4.29228e-10
-4.40388e-10
-4.31356e-10
-4.16679e-10
-3.97174e-10
-3.71923e-10
-3.57818e-10
-3.29046e-10
-3.15455e-10
-3.05442e-10
-2.83593e-10
-2.64774e-10
-2.49442e-10
-2.4297e-10
-2.51102e-10
-2.55903e-10
-2.52765e-10
-2.55469e-10
-2.62011e-10
-2.53354e-10
-2.42656e-10
-2.30648e-10
-2.14509e-10
-2.16303e-10
-2.23768e-10
-2.2207e-10
-2.20343e-10
-2.20775e-10
-2.29143e-10
-2.06402e-10
-1.87045e-10
-1.82007e-10
-1.69296e-10
-1.3944e-10
-1.32438e-10
-1.27478e-10
-1.33138e-10
-1.40408e-10
-1.58449e-10
-1.79557e-10
-1.93352e-10
-2.01032e-10
-2.16255e-10
-2.15089e-10
-2.32405e-10
-2.28058e-10
-2.30625e-10
-2.29601e-10
-2.16869e-10
-2.14188e-10
-2.09888e-10
-1.99826e-10
-1.89396e-10
-1.90341e-10
-2.04979e-10
-1.87906e-10
-1.76449e-10
-1.70962e-10
-1.78063e-10
-1.66673e-10
-1.4814e-10
-1.33634e-10
-1.3671e-10
-1.23999e-10
-1.1326e-10
-1.01584e-10
-9.38857e-11
-9.35302e-11
-7.62026e-11
-6.91033e-11
-5.75446e-11
-3.56046e-11
-3.53082e-12
2.07734e-11
5.14367e-11
7.00692e-11
8.09323e-11
9.26793e-11
1.21936e-10
1.31021e-10
1.31224e-10
1.48696e-10
1.54032e-10
1.66149e-10
1.85446e-10
2.06425e-10
2.18788e-10
2.39177e-10
2.59508e-10
2.74083e-10
2.93616e-10
3.03018e-10
3.17423e-10
3.37283e-10
3.36956e-10
3.41523e-10
3.47438e-10
3.50712e-10
3.6028e-10
3.72919e-10
3.9465e-10
4.28109e-10
4.46099e-10
4.56397e-10
4.59466e-10
4.76634e-10
4.99273e-10
5.05794e-10
4.99602e-10
4.90499e-10
4.82282e-10
4.75804e-10
4.57271e-10
4.46197e-10
4.46485e-10
4.35604e-10
4.20935e-10
4.12895e-10
3.93512e-10
3.87247e-10
3.71261e-10
3.4789e-10
3.23856e-10
3.12204e-10
3.07881e-10
3.12506e-10
3.01776e-10
2.96362e-10
2.89947e-10
2.83692e-10
2.72002e-10
2.51348e-10
2.40523e-10
2.40815e-10
2.17052e-10
1.92755e-10
1.96456e-10
1.92087e-10
1.8461e-10
1.66956e-10
1.61094e-10
1.57294e-10
1.43276e-10
1.25092e-10
9.46661e-11
8.69682e-11
9.5223e-11
8.60112e-11
7.09616e-11
4.94479e-11
1.56593e-11
-1.43451e-09
-1.42924e-09
-1.41912e-09
-1.40824e-09
-1.3976e-09
-1.39866e-09
-1.37857e-09
-1.35897e-09
-1.3333e-09
-1.30789e-09
-1.28372e-09
-1.25004e-09
-1.20405e-09
-1.20617e-09
-1.20775e-09
-1.21097e-09
-1.1823e-09
-1.18174e-09
-1.17113e-09
-1.14175e-09
-1.13076e-09
-1.10452e-09
-1.0893e-09
-1.07781e-09
-1.03034e-09
-9.79319e-10
-9.25226e-10
-8.72543e-10
-8.38213e-10
-8.26639e-10
-7.96726e-10
-7.6813e-10
-7.48113e-10
-7.35226e-10
-7.04712e-10
-6.74982e-10
-6.54356e-10
-6.35104e-10
-6.04608e-10
-5.94497e-10
-5.83494e-10
-5.71006e-10
-5.48826e-10
-5.417e-10
-4.96451e-10
-4.77041e-10
-4.61569e-10
-4.42026e-10
-4.40598e-10
-4.33009e-10
-4.43556e-10
-4.48557e-10
-4.28991e-10
-3.96664e-10
-3.70735e-10
-3.56334e-10
-3.32692e-10
-3.24627e-10
-2.99426e-10
-2.81124e-10
-2.49756e-10
-2.39199e-10
-2.56375e-10
-2.65792e-10
-2.53375e-10
-2.41411e-10
-2.40033e-10
-2.50954e-10
-2.5401e-10
-2.38094e-10
-2.20149e-10
-2.12315e-10
-2.17234e-10
-2.28486e-10
-2.34629e-10
-2.26814e-10
-2.34316e-10
-2.44317e-10
-2.17018e-10
-2.14278e-10
-2.12882e-10
-1.84686e-10
-1.5332e-10
-1.46865e-10
-1.4321e-10
-1.46476e-10
-1.47596e-10
-1.55696e-10
-1.70732e-10
-1.93468e-10
-1.9805e-10
-2.21778e-10
-2.20095e-10
-2.28508e-10
-2.30504e-10
-2.32148e-10
-2.20319e-10
-2.11281e-10
-2.06248e-10
-2.06325e-10
-1.94191e-10
-1.84486e-10
-1.92698e-10
-2.06528e-10
-1.9136e-10
-1.78483e-10
-1.80265e-10
-1.69569e-10
-1.73127e-10
-1.61075e-10
-1.35895e-10
-1.311e-10
-1.33066e-10
-1.13574e-10
-9.89257e-11
-8.08708e-11
-6.97793e-11
-6.15423e-11
-8.20179e-11
-5.31712e-11
-2.86796e-11
9.19265e-12
1.84778e-11
4.84885e-11
8.09359e-11
9.73546e-11
1.08849e-10
1.2948e-10
1.27384e-10
1.35004e-10
1.46287e-10
1.49774e-10
1.63045e-10
1.76735e-10
1.95769e-10
2.16322e-10
2.32976e-10
2.60474e-10
2.74492e-10
2.92143e-10
3.07497e-10
3.18895e-10
3.35217e-10
3.34642e-10
3.45263e-10
3.57226e-10
3.63257e-10
3.60032e-10
3.77782e-10
4.00845e-10
4.30235e-10
4.52471e-10
4.63308e-10
4.69048e-10
4.86202e-10
5.06492e-10
5.0857e-10
4.86957e-10
4.79652e-10
4.73216e-10
4.72075e-10
4.51736e-10
4.39601e-10
4.29686e-10
4.17738e-10
4.10324e-10
3.99e-10
3.94507e-10
3.89298e-10
3.75041e-10
3.50689e-10
3.38362e-10
3.31368e-10
3.06631e-10
3.1201e-10
3.04872e-10
3.01744e-10
2.97086e-10
2.85322e-10
2.74201e-10
2.57421e-10
2.49882e-10
2.44278e-10
2.2229e-10
2.05392e-10
1.98262e-10
2.03337e-10
1.89982e-10
1.73067e-10
1.63318e-10
1.46733e-10
1.32063e-10
1.22346e-10
9.78055e-11
8.87705e-11
9.31413e-11
8.88433e-11
6.48066e-11
5.21552e-11
2.48439e-11
-1.44292e-09
-1.44143e-09
-1.43328e-09
-1.42607e-09
-1.41115e-09
-1.40539e-09
-1.38989e-09
-1.36927e-09
-1.33789e-09
-1.31354e-09
-1.28306e-09
-1.24603e-09
-1.20182e-09
-1.20943e-09
-1.2139e-09
-1.20428e-09
-1.18408e-09
-1.17943e-09
-1.16092e-09
-1.13864e-09
-1.11813e-09
-1.09673e-09
-1.07552e-09
-1.06719e-09
-1.02451e-09
-9.65236e-10
-9.20786e-10
-8.66589e-10
-8.33554e-10
-8.18832e-10
-7.94137e-10
-7.62475e-10
-7.38866e-10
-7.26022e-10
-7.03047e-10
-6.79957e-10
-6.5487e-10
-6.33062e-10
-6.12741e-10
-5.98192e-10
-5.86611e-10
-5.65107e-10
-5.51605e-10
-5.37741e-10
-5.11075e-10
-4.84636e-10
-4.76237e-10
-4.569e-10
-4.46121e-10
-4.40091e-10
-4.54143e-10
-4.61791e-10
-4.2588e-10
-3.97731e-10
-3.68774e-10
-3.57934e-10
-3.46211e-10
-3.26044e-10
-2.95343e-10
-2.77665e-10
-2.53362e-10
-2.37427e-10
-2.62216e-10
-2.7644e-10
-2.49781e-10
-2.35332e-10
-2.28881e-10
-2.36266e-10
-2.44401e-10
-2.3507e-10
-2.26208e-10
-2.18824e-10
-2.20999e-10
-2.39205e-10
-2.44574e-10
-2.45202e-10
-2.51443e-10
-2.52026e-10
-2.36152e-10
-2.25496e-10
-2.14652e-10
-2.0148e-10
-1.72232e-10
-1.64846e-10
-1.52849e-10
-1.55965e-10
-1.67486e-10
-1.66708e-10
-1.72953e-10
-1.89612e-10
-2.10821e-10
-2.28979e-10
-2.29837e-10
-2.39728e-10
-2.42516e-10
-2.40642e-10
-2.18972e-10
-2.11812e-10
-2.12497e-10
-1.99364e-10
-1.78917e-10
-1.70846e-10
-1.6874e-10
-1.82064e-10
-1.78531e-10
-1.67733e-10
-1.66601e-10
-1.71373e-10
-1.63155e-10
-1.50899e-10
-1.36885e-10
-1.38495e-10
-1.38332e-10
-1.11311e-10
-9.72334e-11
-7.41173e-11
-6.06196e-11
-5.19529e-11
-6.49764e-11
-3.25922e-11
-6.03411e-12
1.79313e-11
3.18042e-11
5.76678e-11
8.09679e-11
9.80504e-11
1.22586e-10
1.38837e-10
1.33669e-10
1.40608e-10
1.41284e-10
1.44128e-10
1.56008e-10
1.71157e-10
1.879e-10
2.07799e-10
2.22898e-10
2.51074e-10
2.65196e-10
2.89981e-10
3.07431e-10
3.21108e-10
3.38039e-10
3.43451e-10
3.55095e-10
3.77534e-10
3.82779e-10
3.82114e-10
3.86141e-10
4.04425e-10
4.36025e-10
4.52859e-10
4.61374e-10
4.71748e-10
4.98845e-10
5.08102e-10
5.02524e-10
4.98646e-10
4.77525e-10
4.73651e-10
4.59427e-10
4.48123e-10
4.42068e-10
4.20584e-10
4.09717e-10
4.00118e-10
3.90251e-10
3.88967e-10
3.85376e-10
3.82313e-10
3.5348e-10
3.34481e-10
3.26047e-10
3.14107e-10
3.17009e-10
3.02305e-10
3.06539e-10
3.02166e-10
2.80513e-10
2.80301e-10
2.62676e-10
2.47682e-10
2.40553e-10
2.27905e-10
2.11049e-10
1.96159e-10
1.99634e-10
1.91214e-10
1.76521e-10
1.64006e-10
1.44949e-10
1.36894e-10
1.30749e-10
1.09045e-10
8.85994e-11
9.31359e-11
7.87028e-11
5.26862e-11
4.73662e-11
1.47205e-11
-1.45246e-09
-1.44605e-09
-1.43025e-09
-1.42625e-09
-1.42257e-09
-1.41522e-09
-1.38563e-09
-1.37356e-09
-1.33863e-09
-1.3129e-09
-1.28216e-09
-1.25193e-09
-1.23137e-09
-1.21943e-09
-1.21182e-09
-1.19239e-09
-1.17195e-09
-1.16898e-09
-1.16089e-09
-1.14745e-09
-1.10973e-09
-1.0847e-09
-1.06466e-09
-1.05032e-09
-1.00885e-09
-9.55347e-10
-9.02769e-10
-8.67435e-10
-8.40891e-10
-8.19734e-10
-7.93605e-10
-7.64235e-10
-7.41707e-10
-7.19372e-10
-6.98936e-10
-6.75617e-10
-6.51892e-10
-6.35845e-10
-6.18999e-10
-6.1302e-10
-5.90772e-10
-5.68354e-10
-5.50776e-10
-5.44027e-10
-5.11054e-10
-4.88224e-10
-4.74359e-10
-4.60605e-10
-4.49729e-10
-4.47126e-10
-4.61421e-10
-4.57174e-10
-4.19592e-10
-3.86452e-10
-3.6995e-10
-3.59153e-10
-3.4471e-10
-3.21328e-10
-2.96155e-10
-2.8523e-10
-2.75708e-10
-2.6915e-10
-2.71649e-10
-2.68106e-10
-2.46449e-10
-2.34085e-10
-2.3284e-10
-2.3971e-10
-2.40899e-10
-2.39409e-10
-2.36656e-10
-2.2907e-10
-2.29908e-10
-2.41213e-10
-2.52758e-10
-2.58507e-10
-2.66697e-10
-2.69406e-10
-2.4745e-10
-2.31405e-10
-2.18089e-10
-2.1178e-10
-1.8647e-10
-1.78897e-10
-1.65942e-10
-1.72695e-10
-1.78304e-10
-1.76502e-10
-1.81521e-10
-1.93189e-10
-2.13691e-10
-2.35782e-10
-2.38718e-10
-2.32172e-10
-2.39093e-10
-2.34409e-10
-2.14906e-10
-2.15572e-10
-2.03955e-10
-1.92127e-10
-1.81874e-10
-1.75134e-10
-1.66789e-10
-1.67685e-10
-1.77318e-10
-1.6618e-10
-1.68953e-10
-1.7088e-10
-1.59619e-10
-1.43047e-10
-1.3532e-10
-1.38909e-10
-1.34334e-10
-1.21317e-10
-9.65437e-11
-7.19876e-11
-5.92735e-11
-4.74468e-11
-4.60103e-11
-1.88803e-11
8.66298e-12
2.55349e-11
3.6658e-11
6.20369e-11
8.36783e-11
1.10423e-10
1.26074e-10
1.37618e-10
1.3718e-10
1.50092e-10
1.47483e-10
1.45039e-10
1.67656e-10
1.76701e-10
1.93647e-10
2.09518e-10
2.22036e-10
2.43385e-10
2.76607e-10
2.94888e-10
3.07763e-10
3.19427e-10
3.34352e-10
3.45121e-10
3.61217e-10
3.76476e-10
3.86225e-10
3.85246e-10
3.96769e-10
4.08126e-10
4.33324e-10
4.49999e-10
4.56513e-10
4.67121e-10
5.01393e-10
5.12779e-10
5.05159e-10
4.89443e-10
4.90698e-10
4.72419e-10
4.51781e-10
4.45813e-10
4.46023e-10
4.18457e-10
4.02594e-10
4.0313e-10
3.91237e-10
3.80447e-10
3.72198e-10
3.68028e-10
3.63886e-10
3.41973e-10
3.35605e-10
3.1791e-10
3.14496e-10
3.23022e-10
3.23692e-10
2.99456e-10
2.86989e-10
2.71419e-10
2.66736e-10
2.67387e-10
2.47376e-10
2.26888e-10
2.09795e-10
1.93837e-10
1.85714e-10
1.80035e-10
1.68043e-10
1.53337e-10
1.46358e-10
1.43198e-10
1.38808e-10
1.13426e-10
1.12316e-10
9.8659e-11
7.16371e-11
4.25334e-11
3.32094e-11
1.38026e-11
-1.45729e-09
-1.4532e-09
-1.43198e-09
-1.42615e-09
-1.42188e-09
-1.40559e-09
-1.38709e-09
-1.36336e-09
-1.34756e-09
-1.32015e-09
-1.2974e-09
-1.27091e-09
-1.24616e-09
-1.23338e-09
-1.21876e-09
-1.18738e-09
-1.16243e-09
-1.16654e-09
-1.15558e-09
-1.13075e-09
-1.10592e-09
-1.08717e-09
-1.06481e-09
-1.04152e-09
-9.9021e-10
-9.4527e-10
-8.98386e-10
-8.72974e-10
-8.52333e-10
-8.22958e-10
-8.0499e-10
-7.7605e-10
-7.51426e-10
-7.26739e-10
-7.10512e-10
-6.8956e-10
-6.641e-10
-6.40721e-10
-6.16536e-10
-6.12211e-10
-5.98346e-10
-5.6396e-10
-5.39485e-10
-5.28397e-10
-5.10808e-10
-4.95487e-10
-4.81498e-10
-4.64821e-10
-4.49469e-10
-4.41631e-10
-4.59975e-10
-4.35617e-10
-4.09264e-10
-3.76075e-10
-3.53891e-10
-3.49742e-10
-3.41642e-10
-3.15197e-10
-2.90539e-10
-2.94673e-10
-2.91094e-10
-2.77341e-10
-2.73547e-10
-2.67703e-10
-2.46807e-10
-2.23023e-10
-2.29645e-10
-2.37286e-10
-2.40258e-10
-2.40344e-10
-2.40041e-10
-2.35481e-10
-2.3192e-10
-2.41991e-10
-2.56833e-10
-2.59322e-10
-2.60018e-10
-2.62232e-10
-2.56057e-10
-2.4247e-10
-2.24429e-10
-2.16471e-10
-1.95719e-10
-1.76848e-10
-1.80816e-10
-1.88646e-10
-1.91302e-10
-1.89072e-10
-1.91717e-10
-2.15842e-10
-2.36323e-10
-2.46947e-10
-2.44371e-10
-2.33965e-10
-2.41033e-10
-2.31957e-10
-2.28535e-10
-2.18041e-10
-1.94167e-10
-1.87218e-10
-1.73185e-10
-1.70331e-10
-1.65455e-10
-1.63611e-10
-1.65121e-10
-1.57169e-10
-1.61662e-10
-1.69051e-10
-1.56486e-10
-1.39193e-10
-1.41953e-10
-1.45958e-10
-1.36605e-10
-1.20973e-10
-8.37632e-11
-6.59087e-11
-6.00753e-11
-4.66413e-11
-2.91975e-11
-9.42798e-12
7.62553e-12
2.35745e-11
4.28181e-11
7.09747e-11
8.85826e-11
1.10165e-10
1.27023e-10
1.42869e-10
1.50692e-10
1.57478e-10
1.57761e-10
1.61961e-10
1.79231e-10
1.89728e-10
2.08875e-10
2.14354e-10
2.20871e-10
2.49379e-10
2.79801e-10
2.98107e-10
3.11998e-10
3.1469e-10
3.28875e-10
3.42475e-10
3.64337e-10
3.68897e-10
3.81403e-10
4.01155e-10
4.19022e-10
4.22938e-10
4.40775e-10
4.49634e-10
4.52966e-10
4.72578e-10
5.01302e-10
5.07068e-10
5.01575e-10
4.98224e-10
4.87758e-10
4.77974e-10
4.63651e-10
4.51844e-10
4.45198e-10
4.28394e-10
4.06013e-10
3.95316e-10
3.8358e-10
3.65236e-10
3.58216e-10
3.52215e-10
3.55908e-10
3.49849e-10
3.41303e-10
3.23352e-10
3.18632e-10
3.26484e-10
3.22199e-10
3.0154e-10
2.81846e-10
2.78561e-10
2.65522e-10
2.66216e-10
2.50339e-10
2.30195e-10
2.15427e-10
2.06285e-10
1.92922e-10
1.81061e-10
1.62322e-10
1.52404e-10
1.56335e-10
1.46219e-10
1.37429e-10
1.2916e-10
1.28793e-10
1.15574e-10
7.34864e-11
4.74142e-11
3.4355e-11
1.64663e-11
-1.44396e-09
-1.43764e-09
-1.43368e-09
-1.42844e-09
-1.41717e-09
-1.39958e-09
-1.39057e-09
-1.37115e-09
-1.34487e-09
-1.32763e-09
-1.31057e-09
-1.26679e-09
-1.24564e-09
-1.24854e-09
-1.21885e-09
-1.19222e-09
-1.17231e-09
-1.1572e-09
-1.14901e-09
-1.13018e-09
-1.10359e-09
-1.08496e-09
-1.05784e-09
-1.02249e-09
-9.85804e-10
-9.51092e-10
-9.1097e-10
-8.77793e-10
-8.47922e-10
-8.30738e-10
-8.23242e-10
-7.99848e-10
-7.7124e-10
-7.26178e-10
-7.19629e-10
-6.99931e-10
-6.76038e-10
-6.49396e-10
-6.16767e-10
-6.07085e-10
-5.9443e-10
-5.57279e-10
-5.28534e-10
-5.13651e-10
-4.89792e-10
-4.90206e-10
-4.73579e-10
-4.47538e-10
-4.32132e-10
-4.24814e-10
-4.33368e-10
-4.22751e-10
-3.98497e-10
-3.68484e-10
-3.60549e-10
-3.4914e-10
-3.40295e-10
-3.21194e-10
-3.06353e-10
-2.96398e-10
-2.92021e-10
-2.81347e-10
-2.594e-10
-2.51767e-10
-2.45366e-10
-2.23561e-10
-2.23594e-10
-2.20864e-10
-2.27483e-10
-2.4104e-10
-2.33995e-10
-2.37627e-10
-2.38516e-10
-2.51435e-10
-2.67336e-10
-2.62363e-10
-2.70064e-10
-2.62876e-10
-2.4472e-10
-2.42919e-10
-2.29434e-10
-2.18794e-10
-2.06906e-10
-1.91106e-10
-1.86262e-10
-1.91588e-10
-1.9877e-10
-2.00994e-10
-2.13654e-10
-2.20421e-10
-2.39242e-10
-2.45775e-10
-2.43853e-10
-2.48334e-10
-2.38488e-10
-2.26302e-10
-2.2583e-10
-2.09741e-10
-2.03132e-10
-1.85485e-10
-1.63445e-10
-1.59806e-10
-1.50315e-10
-1.55974e-10
-1.51735e-10
-1.4879e-10
-1.5582e-10
-1.52794e-10
-1.5825e-10
-1.53801e-10
-1.56166e-10
-1.53766e-10
-1.35211e-10
-1.20639e-10
-8.59835e-11
-7.67667e-11
-6.43676e-11
-3.98658e-11
-2.87047e-11
-3.71237e-12
1.50519e-11
2.26034e-11
4.84336e-11
7.62051e-11
9.79503e-11
1.1339e-10
1.28056e-10
1.50698e-10
1.66296e-10
1.75174e-10
1.71344e-10
1.69821e-10
1.93941e-10
2.02771e-10
2.22932e-10
2.1718e-10
2.19279e-10
2.44287e-10
2.66894e-10
2.88466e-10
3.07534e-10
3.07858e-10
3.30387e-10
3.46498e-10
3.72895e-10
3.74294e-10
3.82599e-10
4.04208e-10
4.17206e-10
4.37399e-10
4.45562e-10
4.46407e-10
4.59557e-10
4.77163e-10
5.02496e-10
5.08436e-10
4.98837e-10
4.97284e-10
4.94408e-10
4.82677e-10
4.66769e-10
4.48137e-10
4.43532e-10
4.39098e-10
4.23495e-10
3.92107e-10
3.71564e-10
3.64304e-10
3.54683e-10
3.58889e-10
3.58105e-10
3.59205e-10
3.58049e-10
3.3934e-10
3.28233e-10
3.18491e-10
3.09939e-10
2.97984e-10
2.75619e-10
2.69851e-10
2.4701e-10
2.48427e-10
2.4843e-10
2.26044e-10
2.27672e-10
2.16151e-10
2.01742e-10
1.99228e-10
1.76569e-10
1.63317e-10
1.53001e-10
1.4287e-10
1.40879e-10
1.36369e-10
1.37092e-10
1.19726e-10
8.14238e-11
5.14803e-11
3.4035e-11
1.73816e-11
-1.43898e-09
-1.44473e-09
-1.43633e-09
-1.4288e-09
-1.41789e-09
-1.39003e-09
-1.37345e-09
-1.36528e-09
-1.35166e-09
-1.32876e-09
-1.29982e-09
-1.25487e-09
-1.23088e-09
-1.23806e-09
-1.22784e-09
-1.20826e-09
-1.18193e-09
-1.15974e-09
-1.15748e-09
-1.14289e-09
-1.11983e-09
-1.09431e-09
-1.06101e-09
-1.01953e-09
-9.91347e-10
-9.56842e-10
-9.24052e-10
-8.88251e-10
-8.56667e-10
-8.34248e-10
-8.32328e-10
-8.23659e-10
-7.88857e-10
-7.4884e-10
-7.34132e-10
-7.13888e-10
-6.83116e-10
-6.48742e-10
-6.19369e-10
-5.96503e-10
-5.83378e-10
-5.51531e-10
-5.1707e-10
-4.90401e-10
-4.73801e-10
-4.70522e-10
-4.58984e-10
-4.3952e-10
-4.24594e-10
-4.1882e-10
-4.16005e-10
-4.00103e-10
-3.90842e-10
-3.72474e-10
-3.58638e-10
-3.45633e-10
-3.39168e-10
-3.22196e-10
-3.07367e-10
-2.86058e-10
-2.7976e-10
-2.7598e-10
-2.48344e-10
-2.40947e-10
-2.26832e-10
-2.21868e-10
-2.13633e-10
-2.1105e-10
-2.22121e-10
-2.31531e-10
-2.32467e-10
-2.40654e-10
-2.48685e-10
-2.64927e-10
-2.76105e-10
-2.76933e-10
-2.64267e-10
-2.59753e-10
-2.42624e-10
-2.36321e-10
-2.23992e-10
-2.22312e-10
-2.0479e-10
-1.8909e-10
-1.90472e-10
-1.90778e-10
-1.98344e-10
-2.14127e-10
-2.18369e-10
-2.22591e-10
-2.35125e-10
-2.44832e-10
-2.43163e-10
-2.48854e-10
-2.36201e-10
-2.23816e-10
-2.34062e-10
-2.14624e-10
-1.88875e-10
-1.77257e-10
-1.58448e-10
-1.58223e-10
-1.5222e-10
-1.48654e-10
-1.51532e-10
-1.46879e-10
-1.51468e-10
-1.56105e-10
-1.59909e-10
-1.55507e-10
-1.62292e-10
-1.58503e-10
-1.30265e-10
-1.21182e-10
-9.76781e-11
-7.1914e-11
-6.42845e-11
-4.21129e-11
-2.03757e-11
-1.11671e-11
8.22955e-12
2.83123e-11
4.50858e-11
8.30223e-11
1.0051e-10
1.19416e-10
1.43241e-10
1.5994e-10
1.81495e-10
1.88604e-10
1.80132e-10
1.87764e-10
2.1614e-10
2.14581e-10
2.08648e-10
2.18415e-10
2.29949e-10
2.43828e-10
2.67221e-10
2.89063e-10
3.02113e-10
3.17833e-10
3.34623e-10
3.47501e-10
3.63562e-10
3.91774e-10
4.00824e-10
4.06403e-10
4.16864e-10
4.23755e-10
4.43126e-10
4.48748e-10
4.60961e-10
4.65334e-10
4.88541e-10
5.04461e-10
5.04119e-10
5.0455e-10
5.08922e-10
4.87229e-10
4.76594e-10
4.59426e-10
4.42199e-10
4.39428e-10
4.28925e-10
3.99518e-10
3.69483e-10
3.61719e-10
3.55482e-10
3.53944e-10
3.64422e-10
3.58395e-10
3.55104e-10
3.44494e-10
3.2009e-10
3.05008e-10
2.87669e-10
2.75032e-10
2.57424e-10
2.5717e-10
2.42157e-10
2.34857e-10
2.35848e-10
2.22031e-10
2.21623e-10
2.19786e-10
2.13946e-10
2.05197e-10
1.87426e-10
1.72377e-10
1.62568e-10
1.51031e-10
1.46258e-10
1.32467e-10
1.30338e-10
1.1442e-10
8.3259e-11
4.39321e-11
2.92548e-11
1.22582e-11
-1.4288e-09
-1.44265e-09
-1.43405e-09
-1.4218e-09
-1.41291e-09
-1.38394e-09
-1.36269e-09
-1.35239e-09
-1.33934e-09
-1.32108e-09
-1.28916e-09
-1.25969e-09
-1.23546e-09
-1.22715e-09
-1.22173e-09
-1.20744e-09
-1.19327e-09
-1.18736e-09
-1.16681e-09
-1.14435e-09
-1.13126e-09
-1.10517e-09
-1.07605e-09
-1.03875e-09
-1.00511e-09
-9.59953e-10
-9.27055e-10
-8.9495e-10
-8.66569e-10
-8.5035e-10
-8.47654e-10
-8.36459e-10
-8.03459e-10
-7.67806e-10
-7.42044e-10
-7.27721e-10
-7.03955e-10
-6.49983e-10
-6.14996e-10
-6.05711e-10
-5.83983e-10
-5.43233e-10
-5.08264e-10
-4.77594e-10
-4.58169e-10
-4.43545e-10
-4.47246e-10
-4.35461e-10
-4.23183e-10
-4.12253e-10
-4.05161e-10
-3.97301e-10
-3.89534e-10
-3.78194e-10
-3.61068e-10
-3.51943e-10
-3.3593e-10
-3.14998e-10
-2.98703e-10
-2.81833e-10
-2.65471e-10
-2.53081e-10
-2.43786e-10
-2.35832e-10
-2.22944e-10
-2.17837e-10
-2.10678e-10
-2.01777e-10
-2.12091e-10
-2.32613e-10
-2.38948e-10
-2.41917e-10
-2.46369e-10
-2.68859e-10
-2.77796e-10
-2.70676e-10
-2.58631e-10
-2.5318e-10
-2.42655e-10
-2.44534e-10
-2.3481e-10
-2.19538e-10
-2.08433e-10
-2.05694e-10
-2.03937e-10
-2.01499e-10
-2.07934e-10
-2.18834e-10
-2.18369e-10
-2.23146e-10
-2.2545e-10
-2.26599e-10
-2.39712e-10
-2.49509e-10
-2.39278e-10
-2.26201e-10
-2.26819e-10
-2.08891e-10
-1.91698e-10
-1.7767e-10
-1.5998e-10
-1.52661e-10
-1.5709e-10
-1.49279e-10
-1.51127e-10
-1.48943e-10
-1.56986e-10
-1.57438e-10
-1.59024e-10
-1.62626e-10
-1.56407e-10
-1.47092e-10
-1.31952e-10
-1.1742e-10
-9.77179e-11
-6.98717e-11
-5.07779e-11
-3.36335e-11
-9.77293e-12
-5.86994e-12
4.19492e-12
3.46695e-11
5.34175e-11
7.92978e-11
1.07812e-10
1.25272e-10
1.34494e-10
1.5397e-10
1.75015e-10
1.8427e-10
1.84368e-10
2.00027e-10
2.15206e-10
2.23858e-10
2.31035e-10
2.2411e-10
2.29287e-10
2.37843e-10
2.54068e-10
2.84213e-10
3.06563e-10
3.22924e-10
3.43962e-10
3.53538e-10
3.72387e-10
3.94232e-10
4.06759e-10
4.16767e-10
4.12915e-10
4.11349e-10
4.32525e-10
4.52298e-10
4.69196e-10
4.74801e-10
4.87388e-10
4.92986e-10
5.03421e-10
5.19896e-10
5.08902e-10
4.89516e-10
4.83263e-10
4.72979e-10
4.46117e-10
4.43483e-10
4.29313e-10
4.06284e-10
3.87606e-10
3.79026e-10
3.70092e-10
3.60867e-10
3.65377e-10
3.62072e-10
3.6033e-10
3.3742e-10
3.03845e-10
2.84969e-10
2.70262e-10
2.59681e-10
2.51185e-10
2.48262e-10
2.34847e-10
2.27802e-10
2.25417e-10
2.17898e-10
2.12088e-10
2.21154e-10
2.15106e-10
2.05471e-10
1.9477e-10
1.83946e-10
1.56116e-10
1.49138e-10
1.40816e-10
1.29304e-10
1.18379e-10
1.04012e-10
7.79338e-11
5.79332e-11
3.31976e-11
1.77723e-11
-1.40606e-09
-1.4411e-09
-1.43488e-09
-1.40417e-09
-1.40043e-09
-1.38266e-09
-1.35526e-09
-1.34029e-09
-1.32862e-09
-1.30378e-09
-1.28556e-09
-1.25481e-09
-1.2272e-09
-1.21807e-09
-1.22327e-09
-1.21089e-09
-1.19872e-09
-1.17824e-09
-1.16345e-09
-1.148e-09
-1.13819e-09
-1.11295e-09
-1.08449e-09
-1.04763e-09
-1.01564e-09
-9.76878e-10
-9.42893e-10
-9.11006e-10
-8.80612e-10
-8.60872e-10
-8.56534e-10
-8.40614e-10
-8.1543e-10
-7.78715e-10
-7.54762e-10
-7.33049e-10
-7.0926e-10
-6.75518e-10
-6.31186e-10
-5.98953e-10
-5.75024e-10
-5.44165e-10
-5.01023e-10
-4.65704e-10
-4.43872e-10
-4.34357e-10
-4.41995e-10
-4.28345e-10
-4.16384e-10
-4.05664e-10
-3.96817e-10
-3.98905e-10
-3.91158e-10
-3.80758e-10
-3.832e-10
-3.64142e-10
-3.33021e-10
-3.08159e-10
-2.87381e-10
-2.78454e-10
-2.63326e-10
-2.48126e-10
-2.32603e-10
-2.29016e-10
-2.20839e-10
-2.10844e-10
-2.05321e-10
-2.09772e-10
-2.15335e-10
-2.30913e-10
-2.47115e-10
-2.52087e-10
-2.49976e-10
-2.74884e-10
-2.85609e-10
-2.6963e-10
-2.55785e-10
-2.52815e-10
-2.4453e-10
-2.3526e-10
-2.24478e-10
-2.15697e-10
-2.07948e-10
-2.06061e-10
-2.11869e-10
-2.09299e-10
-2.10099e-10
-2.11786e-10
-2.13825e-10
-2.18146e-10
-2.19694e-10
-2.27744e-10
-2.36756e-10
-2.44206e-10
-2.43748e-10
-2.30024e-10
-2.20697e-10
-2.07826e-10
-1.87556e-10
-1.81744e-10
-1.63482e-10
-1.5014e-10
-1.61445e-10
-1.58299e-10
-1.5519e-10
-1.50036e-10
-1.51005e-10
-1.50931e-10
-1.60387e-10
-1.64076e-10
-1.54056e-10
-1.39048e-10
-1.20191e-10
-1.13875e-10
-9.2413e-11
-6.18461e-11
-4.21432e-11
-3.03027e-11
-1.9412e-11
-1.16264e-11
7.81797e-12
3.72043e-11
5.97902e-11
8.56284e-11
1.09315e-10
1.2649e-10
1.34522e-10
1.56297e-10
1.6853e-10
1.76388e-10
1.89368e-10
2.05609e-10
2.19253e-10
2.29714e-10
2.31899e-10
2.31942e-10
2.36919e-10
2.44608e-10
2.55767e-10
2.78314e-10
3.007e-10
3.25636e-10
3.50361e-10
3.65275e-10
3.75978e-10
3.9233e-10
4.08137e-10
4.14769e-10
4.13639e-10
4.12834e-10
4.33563e-10
4.48679e-10
4.71815e-10
4.78456e-10
4.84704e-10
4.97638e-10
5.16858e-10
5.2222e-10
5.16423e-10
5.00272e-10
4.92836e-10
4.81528e-10
4.57678e-10
4.42007e-10
4.29951e-10
4.09383e-10
3.89379e-10
3.8343e-10
3.75636e-10
3.59541e-10
3.60656e-10
3.53743e-10
3.4001e-10
3.2944e-10
3.04403e-10
2.86687e-10
2.67859e-10
2.61201e-10
2.53554e-10
2.4703e-10
2.28939e-10
2.21701e-10
2.11286e-10
2.21017e-10
2.18065e-10
2.13059e-10
2.06776e-10
1.97301e-10
1.99205e-10
1.90641e-10
1.65594e-10
1.49025e-10
1.30983e-10
1.25327e-10
1.11922e-10
9.30894e-11
7.77531e-11
7.18889e-11
4.93707e-11
2.46416e-11
-1.39878e-09
-1.4229e-09
-1.42039e-09
-1.38902e-09
-1.38184e-09
-1.36489e-09
-1.34866e-09
-1.33248e-09
-1.31517e-09
-1.29743e-09
-1.28512e-09
-1.25811e-09
-1.23966e-09
-1.22066e-09
-1.20557e-09
-1.20928e-09
-1.2001e-09
-1.18589e-09
-1.16445e-09
-1.14033e-09
-1.13005e-09
-1.10513e-09
-1.08373e-09
-1.05822e-09
-1.01583e-09
-9.8644e-10
-9.66027e-10
-9.32473e-10
-8.90922e-10
-8.66835e-10
-8.75664e-10
-8.66386e-10
-8.3393e-10
-7.83951e-10
-7.54442e-10
-7.29381e-10
-7.12239e-10
-6.81446e-10
-6.38561e-10
-6.03713e-10
-5.72168e-10
-5.38143e-10
-4.9835e-10
-4.59878e-10
-4.23569e-10
-4.29542e-10
-4.34824e-10
-4.27055e-10
-4.01635e-10
-3.91861e-10
-3.9595e-10
-3.93434e-10
-3.9409e-10
-3.94995e-10
-3.94956e-10
-3.73491e-10
-3.48336e-10
-3.14648e-10
-2.8459e-10
-2.81031e-10
-2.76189e-10
-2.48574e-10
-2.35276e-10
-2.28745e-10
-2.28741e-10
-2.13829e-10
-2.02772e-10
-2.1476e-10
-2.29888e-10
-2.40973e-10
-2.47861e-10
-2.57533e-10
-2.64128e-10
-2.8103e-10
-2.891e-10
-2.7401e-10
-2.57966e-10
-2.57593e-10
-2.52556e-10
-2.28955e-10
-2.18117e-10
-2.21201e-10
-2.09734e-10
-1.98546e-10
-2.13237e-10
-2.13962e-10
-2.03975e-10
-2.08981e-10
-2.11347e-10
-2.17742e-10
-2.17591e-10
-2.34018e-10
-2.45343e-10
-2.4199e-10
-2.40354e-10
-2.34633e-10
-2.10882e-10
-1.9889e-10
-1.8401e-10
-1.84759e-10
-1.7401e-10
-1.62063e-10
-1.6661e-10
-1.61622e-10
-1.60532e-10
-1.62693e-10
-1.6049e-10
-1.55961e-10
-1.60537e-10
-1.66391e-10
-1.51741e-10
-1.32303e-10
-1.20552e-10
-1.03791e-10
-7.81926e-11
-5.87248e-11
-4.36044e-11
-2.2381e-11
-1.24083e-11
8.69527e-13
1.40242e-11
4.09077e-11
6.12901e-11
8.41037e-11
1.10251e-10
1.22283e-10
1.25196e-10
1.46533e-10
1.57598e-10
1.75078e-10
1.98944e-10
2.10918e-10
2.2361e-10
2.38406e-10
2.33883e-10
2.26516e-10
2.42721e-10
2.50273e-10
2.6094e-10
2.88447e-10
3.02085e-10
3.17392e-10
3.52435e-10
3.72599e-10
3.83228e-10
3.95483e-10
4.07643e-10
4.14899e-10
4.16188e-10
4.17465e-10
4.29856e-10
4.40576e-10
4.56418e-10
4.73136e-10
4.90309e-10
5.07659e-10
5.11343e-10
5.19508e-10
5.21348e-10
5.04286e-10
4.95891e-10
4.81005e-10
4.587e-10
4.43198e-10
4.23471e-10
4.24457e-10
4.03329e-10
3.78304e-10
3.68458e-10
3.49287e-10
3.60967e-10
3.57201e-10
3.41355e-10
3.21768e-10
3.00966e-10
2.97037e-10
2.65784e-10
2.48684e-10
2.45401e-10
2.46296e-10
2.26869e-10
2.09802e-10
2.16521e-10
2.29494e-10
2.10595e-10
2.15123e-10
2.18941e-10
1.99228e-10
1.8655e-10
1.72134e-10
1.71949e-10
1.62122e-10
1.42526e-10
1.23137e-10
1.0738e-10
9.82106e-11
8.2579e-11
6.67816e-11
4.30844e-11
1.34488e-11
-1.39174e-09
-1.40492e-09
-1.3967e-09
-1.36716e-09
-1.35299e-09
-1.34133e-09
-1.33417e-09
-1.33044e-09
-1.31495e-09
-1.29767e-09
-1.29128e-09
-1.26586e-09
-1.23821e-09
-1.21465e-09
-1.20196e-09
-1.21216e-09
-1.18916e-09
-1.17893e-09
-1.16178e-09
-1.13964e-09
-1.13156e-09
-1.10159e-09
-1.08044e-09
-1.05003e-09
-1.03316e-09
-9.98448e-10
-9.713e-10
-9.40806e-10
-9.03571e-10
-8.91599e-10
-8.83845e-10
-8.73603e-10
-8.32341e-10
-7.85656e-10
-7.66467e-10
-7.49838e-10
-7.10202e-10
-6.76428e-10
-6.41281e-10
-6.10107e-10
-5.77317e-10
-5.30382e-10
-4.85201e-10
-4.45755e-10
-4.20056e-10
-4.24526e-10
-4.30934e-10
-4.19248e-10
-4.03533e-10
-3.93213e-10
-4.00389e-10
-4.00481e-10
-3.96132e-10
-3.94165e-10
-3.89324e-10
-3.75322e-10
-3.46855e-10
-3.16414e-10
-2.992e-10
-2.78268e-10
-2.72053e-10
-2.60326e-10
-2.45485e-10
-2.53128e-10
-2.46421e-10
-2.21475e-10
-2.2363e-10
-2.29853e-10
-2.31778e-10
-2.51755e-10
-2.46925e-10
-2.53997e-10
-2.72818e-10
-2.82299e-10
-2.91897e-10
-2.70296e-10
-2.60455e-10
-2.56205e-10
-2.4081e-10
-2.34373e-10
-2.22023e-10
-2.1408e-10
-2.00306e-10
-2.05466e-10
-2.05287e-10
-1.93373e-10
-1.87341e-10
-2.0454e-10
-2.13832e-10
-2.14472e-10
-2.21616e-10
-2.34843e-10
-2.49674e-10
-2.40814e-10
-2.46349e-10
-2.251e-10
-2.04215e-10
-1.90476e-10
-1.88215e-10
-1.85444e-10
-1.74557e-10
-1.69626e-10
-1.67423e-10
-1.67681e-10
-1.66659e-10
-1.63429e-10
-1.60369e-10
-1.75426e-10
-1.7669e-10
-1.66683e-10
-1.4668e-10
-1.28668e-10
-1.23458e-10
-1.02579e-10
-8.08663e-11
-5.92962e-11
-3.42042e-11
-2.81737e-11
-1.91053e-11
-1.10118e-12
1.70783e-11
4.58413e-11
6.5721e-11
8.26197e-11
1.07797e-10
1.25993e-10
1.23375e-10
1.47659e-10
1.61042e-10
1.82967e-10
2.05102e-10
2.15778e-10
2.3338e-10
2.38642e-10
2.37399e-10
2.32725e-10
2.41882e-10
2.47153e-10
2.64635e-10
2.84906e-10
3.03226e-10
3.16563e-10
3.48007e-10
3.60674e-10
3.80052e-10
3.90379e-10
4.02995e-10
4.13804e-10
4.12558e-10
4.18654e-10
4.31079e-10
4.37297e-10
4.60697e-10
4.74032e-10
4.90999e-10
5.01992e-10
5.11033e-10
5.11512e-10
5.15018e-10
5.07257e-10
5.0016e-10
4.80146e-10
4.53809e-10
4.42981e-10
4.29849e-10
4.22147e-10
4.10668e-10
3.83452e-10
3.59277e-10
3.48314e-10
3.47243e-10
3.49411e-10
3.47762e-10
3.18132e-10
2.99148e-10
2.83335e-10
2.74192e-10
2.61468e-10
2.48497e-10
2.41451e-10
2.28998e-10
2.16676e-10
2.17095e-10
2.19936e-10
2.13452e-10
2.07084e-10
2.12978e-10
2.03103e-10
1.8294e-10
1.66328e-10
1.68214e-10
1.65579e-10
1.50859e-10
1.16411e-10
1.09166e-10
9.37779e-11
8.06167e-11
5.65227e-11
4.34483e-11
1.5473e-11
-1.37147e-09
-1.39251e-09
-1.38391e-09
-1.35482e-09
-1.34082e-09
-1.3148e-09
-1.30882e-09
-1.31711e-09
-1.30272e-09
-1.28842e-09
-1.28481e-09
-1.26254e-09
-1.2384e-09
-1.22138e-09
-1.21211e-09
-1.2028e-09
-1.19133e-09
-1.18578e-09
-1.1745e-09
-1.15285e-09
-1.12806e-09
-1.09856e-09
-1.07081e-09
-1.0602e-09
-1.0329e-09
-1.00816e-09
-9.78869e-10
-9.40817e-10
-9.09955e-10
-8.98355e-10
-8.81276e-10
-8.63576e-10
-8.17868e-10
-7.71587e-10
-7.59143e-10
-7.41293e-10
-7.09874e-10
-6.68201e-10
-6.3088e-10
-6.13761e-10
-5.74609e-10
-5.19146e-10
-4.85289e-10
-4.46555e-10
-4.27272e-10
-4.25094e-10
-4.22285e-10
-4.17076e-10
-4.03565e-10
-3.95246e-10
-4.14752e-10
-4.08356e-10
-3.99169e-10
-3.97402e-10
-3.86048e-10
-3.81794e-10
-3.69256e-10
-3.35477e-10
-2.97049e-10
-2.88125e-10
-2.71296e-10
-2.4786e-10
-2.44296e-10
-2.58688e-10
-2.41958e-10
-2.1923e-10
-2.31348e-10
-2.34618e-10
-2.36986e-10
-2.45121e-10
-2.42038e-10
-2.5189e-10
-2.756e-10
-2.9078e-10
-2.99924e-10
-2.73036e-10
-2.55591e-10
-2.43115e-10
-2.28284e-10
-2.23156e-10
-2.15561e-10
-2.11328e-10
-2.02173e-10
-1.88693e-10
-1.84233e-10
-1.83115e-10
-1.89823e-10
-2.08722e-10
-2.04499e-10
-2.09699e-10
-2.25303e-10
-2.42944e-10
-2.43805e-10
-2.3399e-10
-2.37385e-10
-2.16328e-10
-2.00421e-10
-1.96544e-10
-1.86973e-10
-1.85864e-10
-1.77692e-10
-1.68251e-10
-1.62654e-10
-1.70161e-10
-1.7867e-10
-1.64539e-10
-1.67573e-10
-1.76721e-10
-1.84269e-10
-1.68385e-10
-1.49669e-10
-1.49651e-10
-1.43171e-10
-1.15371e-10
-7.73568e-11
-5.07343e-11
-3.88519e-11
-2.99243e-11
-1.54796e-11
-1.65819e-12
1.39579e-11
3.2318e-11
5.51393e-11
7.51689e-11
1.02599e-10
1.16249e-10
1.18791e-10
1.41249e-10
1.71112e-10
1.85667e-10
2.02899e-10
2.08639e-10
2.2494e-10
2.41087e-10
2.30148e-10
2.34371e-10
2.46617e-10
2.50022e-10
2.60725e-10
2.7951e-10
3.06634e-10
3.17943e-10
3.40528e-10
3.61361e-10
3.77689e-10
3.85178e-10
3.93706e-10
4.00002e-10
4.09219e-10
4.12329e-10
4.34859e-10
4.39727e-10
4.52152e-10
4.72971e-10
4.90679e-10
4.99177e-10
5.03915e-10
5.00917e-10
5.10531e-10
5.15043e-10
5.02614e-10
4.82213e-10
4.60644e-10
4.502e-10
4.38557e-10
4.2498e-10
4.13277e-10
3.89549e-10
3.69679e-10
3.58466e-10
3.48843e-10
3.40044e-10
3.35334e-10
3.30036e-10
3.11755e-10
2.93379e-10
2.83019e-10
2.67891e-10
2.49576e-10
2.36534e-10
2.16828e-10
2.09366e-10
2.10398e-10
2.05157e-10
2.09723e-10
2.04764e-10
2.04643e-10
2.00224e-10
1.84791e-10
1.80978e-10
1.74266e-10
1.67183e-10
1.54907e-10
1.25493e-10
1.1302e-10
9.18107e-11
7.38637e-11
5.14697e-11
2.97469e-11
8.85513e-12
-1.36333e-09
-1.3774e-09
-1.3776e-09
-1.33994e-09
-1.32598e-09
-1.30394e-09
-1.29996e-09
-1.29942e-09
-1.29838e-09
-1.28716e-09
-1.27283e-09
-1.25748e-09
-1.24595e-09
-1.22503e-09
-1.21067e-09
-1.20896e-09
-1.19705e-09
-1.19263e-09
-1.17446e-09
-1.14276e-09
-1.12567e-09
-1.10573e-09
-1.07827e-09
-1.06183e-09
-1.04009e-09
-1.01228e-09
-9.79466e-10
-9.52178e-10
-9.24667e-10
-8.93125e-10
-8.73581e-10
-8.52811e-10
-8.10758e-10
-7.71571e-10
-7.46415e-10
-7.19802e-10
-6.84799e-10
-6.57489e-10
-6.32022e-10
-6.10839e-10
-5.75637e-10
-5.26075e-10
-4.86003e-10
-4.602e-10
-4.41428e-10
-4.27872e-10
-4.34322e-10
-4.19945e-10
-4.09009e-10
-4.12543e-10
-4.16989e-10
-4.08929e-10
-3.93085e-10
-3.89392e-10
-3.91426e-10
-3.86713e-10
-3.71428e-10
-3.46715e-10
-3.03687e-10
-2.90019e-10
-2.7157e-10
-2.58594e-10
-2.30209e-10
-2.36233e-10
-2.35621e-10
-2.26545e-10
-2.30899e-10
-2.3316e-10
-2.43783e-10
-2.37064e-10
-2.31579e-10
-2.54886e-10
-2.75319e-10
-2.83841e-10
-2.94344e-10
-2.73267e-10
-2.65735e-10
-2.46456e-10
-2.29448e-10
-2.24654e-10
-2.0839e-10
-2.04399e-10
-1.87708e-10
-1.80482e-10
-1.66225e-10
-1.69199e-10
-1.89826e-10
-2.02564e-10
-2.14872e-10
-2.12626e-10
-2.2523e-10
-2.42601e-10
-2.42225e-10
-2.39819e-10
-2.22691e-10
-1.96521e-10
-1.9353e-10
-1.91855e-10
-1.94347e-10
-1.86481e-10
-1.80754e-10
-1.6338e-10
-1.65997e-10
-1.6656e-10
-1.68634e-10
-1.74644e-10
-1.90624e-10
-1.85157e-10
-1.82032e-10
-1.63146e-10
-1.50024e-10
-1.54097e-10
-1.509e-10
-1.22095e-10
-8.07891e-11
-6.43645e-11
-4.89111e-11
-3.61231e-11
-2.60737e-11
-6.70638e-12
8.10183e-12
3.50235e-11
5.23964e-11
6.71218e-11
9.7762e-11
1.10318e-10
1.22914e-10
1.42262e-10
1.54841e-10
1.76705e-10
1.8994e-10
1.98719e-10
2.14758e-10
2.30491e-10
2.38634e-10
2.31946e-10
2.48669e-10
2.51971e-10
2.59983e-10
2.76555e-10
3.09447e-10
3.15969e-10
3.2259e-10
3.43885e-10
3.67003e-10
3.71621e-10
3.85283e-10
4.06918e-10
4.14731e-10
4.20147e-10
4.18548e-10
4.28552e-10
4.49345e-10
4.71473e-10
4.98932e-10
4.99584e-10
4.99453e-10
5.01163e-10
5.07979e-10
5.09916e-10
5.03833e-10
4.78283e-10
4.6903e-10
4.58794e-10
4.4057e-10
4.2065e-10
4.07423e-10
3.8526e-10
3.65741e-10
3.45184e-10
3.28019e-10
3.27512e-10
3.32547e-10
3.38089e-10
3.16312e-10
2.95286e-10
2.77064e-10
2.65296e-10
2.46103e-10
2.32746e-10
2.17786e-10
2.17986e-10
2.12652e-10
1.98366e-10
2.0623e-10
2.01235e-10
1.92001e-10
1.90805e-10
1.88155e-10
1.86674e-10
1.77028e-10
1.65023e-10
1.58544e-10
1.30731e-10
1.04267e-10
8.52175e-11
6.3481e-11
4.40396e-11
2.6311e-11
1.03539e-11
-1.35238e-09
-1.37804e-09
-1.3756e-09
-1.33674e-09
-1.31787e-09
-1.2956e-09
-1.30127e-09
-1.29593e-09
-1.29769e-09
-1.27963e-09
-1.26587e-09
-1.25538e-09
-1.24588e-09
-1.23768e-09
-1.21668e-09
-1.20951e-09
-1.20332e-09
-1.19342e-09
-1.18165e-09
-1.16116e-09
-1.13397e-09
-1.11236e-09
-1.08678e-09
-1.06776e-09
-1.04245e-09
-1.00507e-09
-9.79425e-10
-9.46508e-10
-9.05803e-10
-8.70645e-10
-8.55751e-10
-8.30988e-10
-7.99766e-10
-7.65791e-10
-7.37583e-10
-7.16134e-10
-6.81385e-10
-6.57139e-10
-6.29667e-10
-6.06287e-10
-5.82834e-10
-5.22834e-10
-4.86733e-10
-4.6926e-10
-4.36676e-10
-4.40585e-10
-4.45337e-10
-4.31882e-10
-4.26347e-10
-4.16994e-10
-4.17267e-10
-4.15738e-10
-3.99965e-10
-3.99937e-10
-3.94624e-10
-3.82215e-10
-3.63436e-10
-3.44334e-10
-3.12379e-10
-3.09117e-10
-2.7119e-10
-2.48714e-10
-2.3618e-10
-2.33687e-10
-2.43897e-10
-2.30494e-10
-2.36552e-10
-2.33759e-10
-2.4039e-10
-2.48029e-10
-2.42597e-10
-2.56713e-10
-2.78449e-10
-2.77847e-10
-2.94203e-10
-2.68129e-10
-2.49413e-10
-2.39954e-10
-2.1628e-10
-2.07323e-10
-1.93255e-10
-1.88827e-10
-1.75058e-10
-1.68673e-10
-1.70823e-10
-1.72331e-10
-1.9245e-10
-2.0579e-10
-2.13006e-10
-2.25401e-10
-2.27837e-10
-2.4488e-10
-2.38948e-10
-2.26227e-10
-2.01254e-10
-1.97827e-10
-1.96499e-10
-1.89006e-10
-1.9007e-10
-1.90282e-10
-1.8068e-10
-1.66515e-10
-1.74895e-10
-1.84414e-10
-1.74306e-10
-1.77861e-10
-1.87904e-10
-1.77675e-10
-1.71466e-10
-1.57288e-10
-1.59381e-10
-1.53092e-10
-1.36335e-10
-1.16421e-10
-9.19091e-11
-7.84112e-11
-6.51542e-11
-4.47881e-11
-4.35582e-11
-3.19823e-11
-9.4884e-12
2.34668e-11
4.95908e-11
6.72881e-11
9.44434e-11
1.02275e-10
1.16542e-10
1.43842e-10
1.5745e-10
1.7313e-10
1.74861e-10
1.93887e-10
2.13219e-10
2.34045e-10
2.42654e-10
2.34621e-10
2.48377e-10
2.54151e-10
2.58506e-10
2.74728e-10
2.93374e-10
3.09092e-10
3.16522e-10
3.33709e-10
3.55889e-10
3.56568e-10
3.69086e-10
3.95501e-10
4.06585e-10
4.18038e-10
4.22637e-10
4.26194e-10
4.52901e-10
4.71154e-10
4.87431e-10
4.88608e-10
4.94133e-10
5.04383e-10
5.12252e-10
5.17983e-10
5.09287e-10
4.78141e-10
4.79229e-10
4.66401e-10
4.47752e-10
4.17176e-10
3.98633e-10
3.83724e-10
3.67258e-10
3.4401e-10
3.17471e-10
3.20459e-10
3.3311e-10
3.40556e-10
3.25366e-10
2.89547e-10
2.75273e-10
2.70135e-10
2.5564e-10
2.34927e-10
2.05504e-10
2.02248e-10
2.12176e-10
2.1299e-10
2.15913e-10
1.92317e-10
1.91546e-10
1.89666e-10
1.94058e-10
1.9415e-10
1.63887e-10
1.51969e-10
1.50529e-10
1.33395e-10
1.07258e-10
7.58748e-11
5.2141e-11
5.03294e-11
3.0891e-11
1.00363e-11
-1.36644e-09
-1.3855e-09
-1.35019e-09
-1.32115e-09
-1.32005e-09
-1.31096e-09
-1.30334e-09
-1.29785e-09
-1.30724e-09
-1.29141e-09
-1.27956e-09
-1.2664e-09
-1.25381e-09
-1.25121e-09
-1.23546e-09
-1.21051e-09
-1.2101e-09
-1.1993e-09
-1.184e-09
-1.16605e-09
-1.14147e-09
-1.11689e-09
-1.08745e-09
-1.06157e-09
-1.0334e-09
-9.97634e-10
-9.80568e-10
-9.40898e-10
-8.7957e-10
-8.47298e-10
-8.37358e-10
-8.13309e-10
-7.92857e-10
-7.61575e-10
-7.34657e-10
-7.11206e-10
-6.84691e-10
-6.59423e-10
-6.34509e-10
-6.02227e-10
-5.68189e-10
-5.30963e-10
-4.99387e-10
-4.7123e-10
-4.33288e-10
-4.35941e-10
-4.50307e-10
-4.51968e-10
-4.42558e-10
-4.32786e-10
-4.19419e-10
-4.0879e-10
-3.99675e-10
-3.97152e-10
-3.78128e-10
-3.68709e-10
-3.57951e-10
-3.45512e-10
-3.28245e-10
-3.09208e-10
-2.81469e-10
-2.52161e-10
-2.42334e-10
-2.35594e-10
-2.42902e-10
-2.44927e-10
-2.39135e-10
-2.39501e-10
-2.48347e-10
-2.48593e-10
-2.43199e-10
-2.52486e-10
-2.61343e-10
-2.68264e-10
-2.75287e-10
-2.56396e-10
-2.38913e-10
-2.25467e-10
-2.01864e-10
-1.89586e-10
-1.80663e-10
-1.75772e-10
-1.60556e-10
-1.54189e-10
-1.65084e-10
-1.72964e-10
-1.93281e-10
-2.08349e-10
-2.18929e-10
-2.22617e-10
-2.35807e-10
-2.52315e-10
-2.37867e-10
-2.15183e-10
-2.11996e-10
-2.05217e-10
-1.95261e-10
-1.93178e-10
-1.96547e-10
-1.92004e-10
-1.81077e-10
-1.66833e-10
-1.75656e-10
-1.82839e-10
-1.7927e-10
-1.78097e-10
-1.81364e-10
-1.78079e-10
-1.71464e-10
-1.54186e-10
-1.506e-10
-1.44507e-10
-1.36292e-10
-1.14496e-10
-9.11779e-11
-7.70476e-11
-7.11772e-11
-6.00035e-11
-5.12322e-11
-4.2186e-11
-1.33859e-11
2.30684e-11
4.75686e-11
6.62316e-11
8.29821e-11
9.49376e-11
1.08691e-10
1.37579e-10
1.51945e-10
1.55932e-10
1.68982e-10
1.89452e-10
2.10237e-10
2.38818e-10
2.35719e-10
2.38591e-10
2.48509e-10
2.5983e-10
2.6384e-10
2.60424e-10
2.74624e-10
2.893e-10
3.12004e-10
3.31104e-10
3.47452e-10
3.44465e-10
3.67965e-10
3.95815e-10
3.93229e-10
4.05814e-10
4.30833e-10
4.28755e-10
4.42431e-10
4.71768e-10
4.83493e-10
4.85807e-10
4.93499e-10
5.0477e-10
5.14019e-10
5.11411e-10
5.0337e-10
4.89992e-10
4.80434e-10
4.60456e-10
4.41843e-10
4.26296e-10
4.08887e-10
3.91578e-10
3.62661e-10
3.29527e-10
3.10514e-10
3.15794e-10
3.31404e-10
3.31598e-10
3.19419e-10
2.89878e-10
2.87969e-10
2.85704e-10
2.5897e-10
2.31062e-10
2.199e-10
2.18903e-10
2.17033e-10
2.09243e-10
1.98735e-10
1.79173e-10
1.81298e-10
1.89473e-10
1.93414e-10
1.90958e-10
1.73636e-10
1.50753e-10
1.43934e-10
1.25897e-10
1.03263e-10
8.01535e-11
7.09861e-11
5.78693e-11
3.91199e-11
1.30815e-11
-1.3642e-09
-1.3936e-09
-1.34939e-09
-1.32232e-09
-1.32107e-09
-1.31799e-09
-1.31599e-09
-1.30894e-09
-1.31212e-09
-1.30908e-09
-1.29649e-09
-1.27226e-09
-1.26095e-09
-1.25531e-09
-1.23923e-09
-1.22179e-09
-1.21681e-09
-1.20079e-09
-1.18412e-09
-1.16186e-09
-1.15459e-09
-1.12521e-09
-1.08732e-09
-1.05362e-09
-1.03633e-09
-9.95346e-10
-9.71643e-10
-9.31517e-10
-8.76917e-10
-8.33543e-10
-8.22054e-10
-7.98409e-10
-7.83815e-10
-7.58016e-10
-7.38267e-10
-7.10803e-10
-6.84049e-10
-6.59648e-10
-6.25997e-10
-6.02234e-10
-5.75153e-10
-5.21615e-10
-4.9702e-10
-4.74338e-10
-4.36966e-10
-4.44133e-10
-4.41345e-10
-4.46448e-10
-4.49759e-10
-4.36917e-10
-4.23126e-10
-4.05542e-10
-4.09394e-10
-4.08349e-10
-3.77515e-10
-3.62538e-10
-3.5144e-10
-3.44467e-10
-3.34936e-10
-3.0202e-10
-2.83338e-10
-2.64632e-10
-2.56901e-10
-2.53897e-10
-2.42296e-10
-2.43425e-10
-2.46805e-10
-2.49076e-10
-2.51627e-10
-2.41211e-10
-2.43159e-10
-2.41555e-10
-2.44852e-10
-2.59273e-10
-2.5237e-10
-2.44211e-10
-2.33994e-10
-2.20407e-10
-2.00913e-10
-1.78877e-10
-1.65568e-10
-1.63147e-10
-1.49177e-10
-1.45891e-10
-1.4901e-10
-1.63256e-10
-1.93375e-10
-2.0736e-10
-2.21488e-10
-2.28002e-10
-2.30997e-10
-2.33478e-10
-2.27654e-10
-2.18719e-10
-2.1914e-10
-2.04541e-10
-1.94674e-10
-1.91723e-10
-2.02234e-10
-2.04232e-10
-1.87949e-10
-1.72903e-10
-1.8509e-10
-1.98291e-10
-1.8935e-10
-1.81935e-10
-1.77956e-10
-1.72976e-10
-1.58809e-10
-1.4809e-10
-1.40129e-10
-1.3492e-10
-1.32355e-10
-1.11059e-10
-9.75913e-11
-7.79564e-11
-7.83096e-11
-7.71884e-11
-5.78527e-11
-4.34573e-11
-1.54118e-11
1.91001e-11
3.61827e-11
5.87705e-11
7.4502e-11
8.84976e-11
1.08252e-10
1.23147e-10
1.4075e-10
1.50168e-10
1.68646e-10
1.88488e-10
2.00674e-10
2.3136e-10
2.37553e-10
2.44139e-10
2.54217e-10
2.60897e-10
2.7035e-10
2.69873e-10
2.77883e-10
2.87471e-10
3.11857e-10
3.28931e-10
3.43718e-10
3.47411e-10
3.61507e-10
3.81071e-10
3.86563e-10
3.94044e-10
4.19895e-10
4.27789e-10
4.61428e-10
4.70545e-10
4.81031e-10
4.87224e-10
4.98862e-10
5.05213e-10
5.05298e-10
5.00857e-10
4.94103e-10
4.92621e-10
4.88317e-10
4.62133e-10
4.39014e-10
4.22447e-10
4.09125e-10
3.9161e-10
3.64498e-10
3.35222e-10
3.11981e-10
3.15908e-10
3.24206e-10
3.24952e-10
3.14985e-10
2.89956e-10
2.96412e-10
2.8297e-10
2.65876e-10
2.39228e-10
2.21931e-10
2.2834e-10
2.23141e-10
2.10443e-10
1.99496e-10
1.7934e-10
1.83091e-10
1.91427e-10
1.93327e-10
1.92671e-10
1.70539e-10
1.54054e-10
1.41098e-10
1.25776e-10
1.10066e-10
9.69329e-11
7.94608e-11
6.15502e-11
4.06952e-11
1.50077e-11
-1.37901e-09
-1.3837e-09
-1.36623e-09
-1.34367e-09
-1.32631e-09
-1.32358e-09
-1.32341e-09
-1.32294e-09
-1.30101e-09
-1.29311e-09
-1.29601e-09
-1.28554e-09
-1.26533e-09
-1.24427e-09
-1.22123e-09
-1.21002e-09
-1.21502e-09
-1.20562e-09
-1.17979e-09
-1.17389e-09
-1.15836e-09
-1.12319e-09
-1.0904e-09
-1.05551e-09
-1.0168e-09
-9.84666e-10
-9.58013e-10
-9.19482e-10
-8.70605e-10
-8.26739e-10
-8.17818e-10
-8.0853e-10
-7.86037e-10
-7.57305e-10
-7.43095e-10
-7.04175e-10
-6.96194e-10
-6.64615e-10
-6.16865e-10
-5.94354e-10
-5.54508e-10
-5.18352e-10
-5.04711e-10
-4.83026e-10
-4.62079e-10
-4.46964e-10
-4.39182e-10
-4.4333e-10
-4.42945e-10
-4.34149e-10
-4.21643e-10
-4.18875e-10
-4.11147e-10
-4.04275e-10
-3.83654e-10
-3.5333e-10
-3.40911e-10
-3.40322e-10
-3.21616e-10
-2.97849e-10
-2.82892e-10
-2.71893e-10
-2.61446e-10
-2.48232e-10
-2.5113e-10
-2.49192e-10
-2.55649e-10
-2.41183e-10
-2.46956e-10
-2.46737e-10
-2.34394e-10
-2.28415e-10
-2.32421e-10
-2.45662e-10
-2.42348e-10
-2.27645e-10
-2.34753e-10
-2.22891e-10
-1.99881e-10
-1.86521e-10
-1.63767e-10
-1.48852e-10
-1.38778e-10
-1.48343e-10
-1.46172e-10
-1.57206e-10
-1.80085e-10
-2.02778e-10
-2.19415e-10
-2.31061e-10
-2.34111e-10
-2.33454e-10
-2.29957e-10
-2.24396e-10
-2.25884e-10
-2.0816e-10
-1.96628e-10
-2.02725e-10
-2.12632e-10
-2.03075e-10
-1.92652e-10
-1.86791e-10
-2.05704e-10
-2.06355e-10
-1.93117e-10
-1.80722e-10
-1.73293e-10
-1.69153e-10
-1.55176e-10
-1.36576e-10
-1.30187e-10
-1.26745e-10
-1.19538e-10
-1.07978e-10
-1.06762e-10
-9.42551e-11
-7.77483e-11
-6.92432e-11
-5.92486e-11
-4.62618e-11
-1.83854e-11
1.19179e-11
3.43423e-11
5.01658e-11
6.86881e-11
8.93617e-11
1.11907e-10
1.19777e-10
1.30686e-10
1.46162e-10
1.63155e-10
1.85803e-10
1.95122e-10
2.19011e-10
2.31557e-10
2.38492e-10
2.55737e-10
2.61561e-10
2.56657e-10
2.66044e-10
2.74612e-10
2.9632e-10
3.11377e-10
3.15542e-10
3.40206e-10
3.42324e-10
3.66214e-10
3.7186e-10
3.75207e-10
3.95136e-10
4.26477e-10
4.42687e-10
4.60322e-10
4.65467e-10
4.82473e-10
4.8669e-10
4.96755e-10
5.12509e-10
5.10674e-10
5.06763e-10
4.94857e-10
4.95975e-10
4.84813e-10
4.63201e-10
4.50255e-10
4.26019e-10
4.12881e-10
3.84033e-10
3.61603e-10
3.53313e-10
3.31603e-10
3.18579e-10
3.14111e-10
3.18368e-10
3.17081e-10
3.02827e-10
2.89078e-10
2.66029e-10
2.42298e-10
2.30104e-10
2.2811e-10
2.27357e-10
2.15084e-10
1.99817e-10
1.96326e-10
1.81245e-10
1.8107e-10
1.98889e-10
1.88248e-10
1.9513e-10
1.78178e-10
1.52382e-10
1.41757e-10
1.22836e-10
1.02697e-10
9.70523e-11
8.31493e-11
5.83665e-11
3.75691e-11
2.05528e-11
-1.39241e-09
-1.39024e-09
-1.36979e-09
-1.34759e-09
-1.33382e-09
-1.32571e-09
-1.31984e-09
-1.32147e-09
-1.31143e-09
-1.29734e-09
-1.29386e-09
-1.27621e-09
-1.25637e-09
-1.23293e-09
-1.21138e-09
-1.20503e-09
-1.21009e-09
-1.21232e-09
-1.19181e-09
-1.17417e-09
-1.15746e-09
-1.11374e-09
-1.0885e-09
-1.06576e-09
-1.01483e-09
-9.76264e-10
-9.43701e-10
-9.10073e-10
-8.68899e-10
-8.39863e-10
-8.10096e-10
-7.88059e-10
-7.70468e-10
-7.62299e-10
-7.38299e-10
-7.14742e-10
-6.82057e-10
-6.55425e-10
-6.12138e-10
-5.92304e-10
-5.64717e-10
-5.3683e-10
-5.16969e-10
-4.92697e-10
-4.71932e-10
-4.58006e-10
-4.45209e-10
-4.39942e-10
-4.36479e-10
-4.32456e-10
-4.17111e-10
-4.15768e-10
-4.11817e-10
-3.9901e-10
-3.76522e-10
-3.46763e-10
-3.35286e-10
-3.33758e-10
-3.15423e-10
-2.90227e-10
-2.7475e-10
-2.76362e-10
-2.63735e-10
-2.61972e-10
-2.60951e-10
-2.58364e-10
-2.66971e-10
-2.49894e-10
-2.44895e-10
-2.48469e-10
-2.48749e-10
-2.40625e-10
-2.34562e-10
-2.32112e-10
-2.24311e-10
-2.1727e-10
-2.30608e-10
-2.2195e-10
-2.01085e-10
-1.87928e-10
-1.60992e-10
-1.43266e-10
-1.24248e-10
-1.34345e-10
-1.36679e-10
-1.47838e-10
-1.64889e-10
-1.86248e-10
-2.14935e-10
-2.30206e-10
-2.30645e-10
-2.31022e-10
-2.22088e-10
-2.11226e-10
-2.12011e-10
-2.06263e-10
-2.05072e-10
-2.1069e-10
-2.09072e-10
-2.06279e-10
-2.01674e-10
-2.04555e-10
-2.04772e-10
-1.95915e-10
-1.81818e-10
-1.72565e-10
-1.72024e-10
-1.80045e-10
-1.6339e-10
-1.41752e-10
-1.34249e-10
-1.30033e-10
-1.22203e-10
-1.16583e-10
-1.22066e-10
-1.10657e-10
-8.96401e-11
-6.6873e-11
-6.64926e-11
-4.79073e-11
-2.90196e-11
-6.8164e-14
3.70227e-11
5.55485e-11
6.70156e-11
7.90105e-11
1.00079e-10
1.14115e-10
1.33244e-10
1.47103e-10
1.59588e-10
1.69685e-10
1.8646e-10
2.14365e-10
2.32792e-10
2.40695e-10
2.62261e-10
2.59866e-10
2.54295e-10
2.58405e-10
2.74373e-10
3.02108e-10
3.12709e-10
3.226e-10
3.33605e-10
3.39777e-10
3.58027e-10
3.67152e-10
3.77912e-10
4.01118e-10
4.19397e-10
4.38187e-10
4.59305e-10
4.609e-10
4.75148e-10
4.8275e-10
4.9225e-10
5.0552e-10
5.17551e-10
5.09951e-10
5.01347e-10
4.97471e-10
4.86066e-10
4.61607e-10
4.39258e-10
4.28868e-10
4.11388e-10
3.82369e-10
3.66697e-10
3.56236e-10
3.36372e-10
3.19361e-10
3.12098e-10
3.05215e-10
3.10869e-10
3.10059e-10
2.87212e-10
2.72962e-10
2.46851e-10
2.30882e-10
2.28743e-10
2.2689e-10
2.18519e-10
2.0436e-10
1.96805e-10
1.81159e-10
1.85445e-10
1.93143e-10
1.95657e-10
1.91776e-10
1.75904e-10
1.59768e-10
1.47851e-10
1.31128e-10
1.13208e-10
1.00025e-10
8.29827e-11
5.80776e-11
3.33388e-11
1.46134e-11
)
;

boundaryField
{
    cyclic1
    {
        type            cyclic;
    }
    cyclic2
    {
        type            cyclic;
    }
    frontAndBack
    {
        type            empty;
    }
    outlet
    {
        type            fixedValue;
        value           uniform 0;
    }
    inlet
    {
        type            zeroGradient;
    }
}


// ************************************************************************* //
