/*--------------------------------*- C++ -*----------------------------------*\
  =========                 |
  \\      /  F ield         | OpenFOAM: The Open Source CFD Toolbox
   \\    /   O peration     | Website:  https://openfoam.org
    \\  /    A nd           | Version:  6
     \\/     M anipulation  |
\*---------------------------------------------------------------------------*/
FoamFile
{
    version     2.0;
    format      ascii;
    class       volVectorField;
    location    "100";
    object      U;
}
// * * * * * * * * * * * * * * * * * * * * * * * * * * * * * * * * * * * * * //

dimensions      [0 1 -1 0 0 0 0];

internalField   nonuniform List<vector> 
4000
(
(400 3.11618e-14 0)
(400 2.5198e-14 0)
(400 2.05674e-14 0)
(400 4.23664e-14 0)
(400 5.28112e-14 0)
(400 5.00618e-14 0)
(400 3.88032e-14 0)
(400 4.14507e-14 0)
(400 4.55913e-14 0)
(400 2.05896e-14 0)
(400 7.45866e-15 0)
(400 -7.40838e-15 0)
(400 -4.03835e-14 0)
(400 -4.49326e-14 0)
(400 -3.28223e-14 0)
(400 -2.78635e-14 0)
(400 -3.04834e-14 0)
(400 -4.42882e-14 0)
(400 -2.71572e-14 0)
(400 -1.47432e-15 0)
(400 7.12171e-16 0)
(400 5.1325e-15 0)
(400 1.58354e-14 0)
(400 2.12477e-14 0)
(400 3.51975e-14 0)
(400 4.12497e-14 0)
(400 3.51418e-14 0)
(400 1.6211e-14 0)
(400 -4.14988e-15 0)
(400 -7.12719e-15 0)
(400 -1.45287e-14 0)
(400 -8.64176e-15 0)
(400 6.362e-15 0)
(400 1.67757e-14 0)
(400 1.15106e-14 0)
(400 2.26114e-14 0)
(400 5.09923e-14 0)
(400 5.78738e-14 0)
(400 5.38111e-14 0)
(400 4.55275e-14 0)
(400 3.05786e-14 0)
(400 2.29795e-14 0)
(400 1.70875e-14 0)
(400 1.28423e-14 0)
(400 1.53303e-14 0)
(400 1.93374e-14 0)
(400 3.68141e-14 0)
(400 3.13439e-14 0)
(400 1.84596e-14 0)
(400 3.73794e-14 0)
(400 4.40077e-14 0)
(400 6.29327e-14 0)
(400 6.30087e-14 0)
(400 5.21274e-14 0)
(400 4.37948e-14 0)
(400 4.39759e-14 0)
(400 3.74808e-14 0)
(400 2.26804e-14 0)
(400 1.41372e-14 0)
(400 1.20307e-14 0)
(400 1.66988e-14 0)
(400 1.5774e-15 0)
(400 -4.51469e-15 0)
(400 -7.974e-15 0)
(400 -1.07967e-14 0)
(400 2.01423e-16 0)
(400 -8.383e-15 0)
(400 -2.00188e-14 0)
(400 -3.13145e-14 0)
(400 -4.01997e-14 0)
(400 -2.89606e-14 0)
(400 -4.52974e-15 0)
(400 8.5158e-16 0)
(400 -6.22417e-15 0)
(400 -6.79293e-15 0)
(400 -1.351e-14 0)
(400 -3.21869e-14 0)
(400 -4.03502e-14 0)
(400 -5.02315e-14 0)
(400 -5.79689e-14 0)
(400 -4.08519e-14 0)
(400 -1.49082e-14 0)
(400 -1.68907e-15 0)
(400 4.5487e-15 0)
(400 1.17871e-14 0)
(400 3.11197e-14 0)
(400 5.10886e-14 0)
(400 5.2639e-14 0)
(400 4.45081e-14 0)
(400 2.91618e-14 0)
(400 3.44289e-14 0)
(400 3.10184e-14 0)
(400 1.48312e-14 0)
(400 3.31518e-15 0)
(400 -7.90844e-15 0)
(400 -2.55767e-14 0)
(400 -6.77928e-14 0)
(400 -7.43638e-14 0)
(400 -6.66602e-14 0)
(400 -4.95516e-14 0)
(400 -4.9399e-14 0)
(400 -5.94527e-14 0)
(400 -4.94037e-14 0)
(400 -3.82004e-14 0)
(400 -4.0255e-14 0)
(400 -2.92609e-14 0)
(400 -2.1327e-14 0)
(400 -7.02458e-15 0)
(400 4.41703e-15 0)
(400 1.41772e-14 0)
(400 2.61969e-14 0)
(400 4.62003e-14 0)
(400 2.56997e-14 0)
(400 1.98929e-14 0)
(400 1.10086e-14 0)
(400 5.01399e-15 0)
(400 6.32312e-15 0)
(400 -2.65288e-15 0)
(400 -3.4931e-15 0)
(400 3.68553e-15 0)
(400 9.18161e-15 0)
(400 1.18223e-14 0)
(400 9.94763e-15 0)
(400 1.08677e-14 0)
(400 1.85971e-14 0)
(400 2.83766e-14 0)
(400 3.17625e-14 0)
(400 8.90494e-15 0)
(400 -1.45113e-15 0)
(400 5.87448e-16 0)
(400 1.58247e-15 0)
(400 -4.59246e-15 0)
(400 -7.89992e-15 0)
(400 -1.84276e-14 0)
(400 -1.76576e-14 0)
(400 4.38817e-15 0)
(400 3.06006e-14 0)
(400 4.3838e-14 0)
(400 4.06745e-14 0)
(400 3.91585e-14 0)
(400 3.70941e-14 0)
(400 4.18685e-14 0)
(400 4.74876e-14 0)
(400 1.98388e-14 0)
(400 -1.57508e-14 0)
(400 -3.93201e-16 0)
(400 1.45334e-14 0)
(400 5.25542e-15 0)
(400 -6.80961e-15 0)
(400 -1.18167e-14 0)
(400 -1.64615e-15 0)
(400 2.20186e-14 0)
(400 4.02359e-14 0)
(400 5.06686e-14 0)
(400 5.28726e-14 0)
(400 5.40327e-14 0)
(400 4.57971e-14 0)
(400 4.35807e-14 0)
(400 3.98094e-14 0)
(400 2.72019e-14 0)
(400 2.7725e-14 0)
(400 3.13865e-14 0)
(400 2.96156e-14 0)
(400 1.0341e-14 0)
(400 -6.12143e-15 0)
(400 -1.09193e-14 0)
(400 -9.14263e-15 0)
(400 -1.75766e-14 0)
(400 -2.61997e-14 0)
(400 -3.10598e-14 0)
(400 -2.73181e-14 0)
(400 -3.19205e-14 0)
(400 -3.43907e-14 0)
(400 -3.9708e-14 0)
(400 -4.63016e-14 0)
(400 -5.28071e-14 0)
(400 -4.1731e-14 0)
(400 -4.49361e-14 0)
(400 -5.39143e-14 0)
(400 -7.03044e-14 0)
(400 -6.39489e-14 0)
(400 -5.66004e-14 0)
(400 -6.40811e-14 0)
(400 -6.71754e-14 0)
(400 -6.54862e-14 0)
(400 -4.76361e-14 0)
(400 -2.22794e-14 0)
(400 -1.63711e-14 0)
(400 -1.12169e-14 0)
(400 6.89032e-15 0)
(400 2.80218e-14 0)
(400 3.04207e-14 0)
(400 4.9532e-14 0)
(400 6.13965e-14 0)
(400 7.9079e-14 0)
(400 9.36013e-14 0)
(400 8.12023e-14 0)
(400 5.87975e-14 0)
(400 3.96346e-14 0)
(400 3.93706e-14 0)
(400 -9.35452e-15 0)
(400 -1.48144e-14 0)
(400 -2.79404e-15 0)
(400 1.99793e-15 0)
(400 9.95423e-15 0)
(400 2.71467e-14 0)
(400 3.41211e-14 0)
(400 4.47187e-14 0)
(400 4.66999e-14 0)
(400 2.90741e-14 0)
(400 4.41857e-15 0)
(400 -1.18071e-14 0)
(400 -4.24695e-15 0)
(400 1.04517e-15 0)
(400 -2.76416e-15 0)
(400 -1.06358e-15 0)
(400 1.51829e-14 0)
(400 3.47024e-14 0)
(400 3.70552e-14 0)
(400 6.82555e-14 0)
(400 6.23029e-14 0)
(400 3.78913e-14 0)
(400 1.85608e-14 0)
(400 8.41537e-15 0)
(400 -4.95035e-16 0)
(400 -1.82613e-15 0)
(400 -1.69121e-15 0)
(400 3.59013e-15 0)
(400 9.37088e-15 0)
(400 1.86969e-14 0)
(400 1.64738e-14 0)
(400 3.60246e-14 0)
(400 3.66369e-14 0)
(400 1.807e-14 0)
(400 2.81745e-15 0)
(400 1.54522e-14 0)
(400 3.94519e-14 0)
(400 5.05592e-14 0)
(400 2.99743e-14 0)
(400 2.20286e-14 0)
(400 2.16071e-14 0)
(400 3.60399e-14 0)
(400 3.75446e-14 0)
(400 5.05751e-14 0)
(400 5.29125e-14 0)
(400 4.71474e-14 0)
(400 5.05909e-14 0)
(400 5.16257e-14 0)
(400 5.0901e-14 0)
(400 4.44134e-14 0)
(400 4.41453e-14 0)
(400 3.26161e-14 0)
(400 1.41139e-14 0)
(400 -1.43069e-15 0)
(400 2.71091e-15 0)
(400 1.31258e-15 0)
(400 -2.08987e-15 0)
(400 6.17858e-15 0)
(400 2.10484e-14 0)
(400 2.45669e-14 0)
(400 3.4268e-14 0)
(400 2.59031e-14 0)
(400 2.03724e-14 0)
(400 3.92355e-14 0)
(400 5.05915e-14 0)
(400 3.81306e-14 0)
(400 2.8272e-14 0)
(400 1.51658e-14 0)
(400 2.79197e-14 0)
(400 4.79372e-14 0)
(400 4.12673e-14 0)
(400 3.33279e-14 0)
(400 1.40372e-14 0)
(400 1.55031e-14 0)
(400 2.59351e-14 0)
(400 1.50158e-14 0)
(400 6.41321e-15 0)
(400 2.3928e-14 0)
(400 3.34498e-14 0)
(400 2.18909e-14 0)
(400 2.17119e-14 0)
(400 3.64911e-14 0)
(400 3.28796e-14 0)
(400 4.34851e-14 0)
(400 3.92322e-14 0)
(400 3.20905e-14 0)
(400 2.6994e-14 0)
(400 2.21498e-14 0)
(400 1.90766e-14 0)
(400 -1.32133e-15 0)
(400 -1.98867e-14 0)
(400 -1.04711e-14 0)
(400 -2.18303e-14 0)
(400 -2.10874e-14 0)
(400 -2.55732e-14 0)
(400 -5.26917e-14 0)
(400 -6.52627e-14 0)
(400 -7.34413e-14 0)
(400 -5.64513e-14 0)
(400 -4.21622e-14 0)
(400 -4.74332e-14 0)
(400 -6.13175e-14 0)
(400 -6.47762e-14 0)
(400 -5.26908e-14 0)
(400 -6.80688e-14 0)
(400 -7.13794e-14 0)
(400 -5.97936e-14 0)
(400 -4.02345e-14 0)
(400 -2.70975e-14 0)
(400 -1.82793e-14 0)
(400 -8.17301e-15 0)
(400 1.35491e-14 0)
(400 6.06659e-15 0)
(400 1.77746e-14 0)
(400 1.61174e-14 0)
(400 8.20428e-15 0)
(400 2.5318e-14 0)
(400 8.84823e-15 0)
(400 -2.00835e-14 0)
(400 -2.7723e-14 0)
(400 -1.49773e-14 0)
(400 -1.15319e-14 0)
(400 -1.26604e-14 0)
(400 2.58477e-15 0)
(400 1.30954e-14 0)
(400 2.50544e-14 0)
(400 2.77025e-14 0)
(400 7.93847e-15 0)
(400 9.69054e-15 0)
(400 -1.18432e-15 0)
(400 -2.33386e-14 0)
(400 -1.38608e-14 0)
(400 -1.75493e-14 0)
(400 -1.60287e-14 0)
(400 8.33567e-16 0)
(400 3.63236e-14 0)
(400 4.83127e-14 0)
(400 5.91081e-14 0)
(400 7.52947e-14 0)
(400 9.22023e-14 0)
(400 9.98021e-14 0)
(400 9.61822e-14 0)
(400 8.82488e-14 0)
(400 7.17624e-14 0)
(400 4.88035e-14 0)
(400 2.8369e-14 0)
(400 1.53767e-14 0)
(400 2.74669e-14 0)
(400 5.3952e-14 0)
(400 7.18515e-14 0)
(400 7.0427e-14 0)
(400 7.84585e-14 0)
(400 8.83903e-14 0)
(400 9.26985e-14 0)
(400 9.61576e-14 0)
(400 9.8225e-14 0)
(400 9.94875e-14 0)
(400 1.0481e-13 0)
(400 1.14108e-13 0)
(400 1.18483e-13 0)
(400 1.23799e-13 0)
(400 1.21894e-13 0)
(400 1.18234e-13 0)
(400 1.05424e-13 0)
(400 8.09156e-14 0)
(400 5.84527e-14 0)
(400 4.31828e-14 0)
(400 3.08293e-14 0)
(400 6.3485e-15 0)
(400 -1.59837e-14 0)
(400 -1.52253e-14 0)
(400 -2.88151e-14 0)
(400 -2.60988e-14 0)
(400 -2.26206e-14 0)
(400 -3.69664e-14 0)
(400 -3.24226e-14 0)
(400 -1.73868e-14 0)
(400 -1.72185e-14 0)
(400 -1.13644e-14 0)
(400 -4.14774e-15 0)
(400 -1.36833e-14 0)
(400 -1.20494e-14 0)
(400 -5.26536e-15 0)
(400 -7.49276e-15 0)
(400 -8.62634e-15 0)
(400 -1.01748e-14 0)
(400 -1.94841e-16 0)
(400 -3.27326e-15 0)
(400 -2.51118e-15 0)
(400 1.70169e-14 0)
(400 3.98843e-14 0)
(400 4.17434e-14 0)
(400 5.47892e-14 0)
(400 4.96165e-14 0)
(400 3.03729e-14 0)
(400 1.80687e-14 0)
(400 3.8084e-15 0)
(400 5.36902e-15 0)
(400 3.45557e-15 0)
(400 -2.99746e-16 0)
(400 -3.05063e-14 0)
(400 -3.6139e-14 0)
(400 -3.13806e-14 0)
(400 -3.30002e-14 0)
(400 -3.35157e-14 0)
(400 -1.24616e-14 0)
(400 4.5884e-15 0)
(400 1.51632e-14 0)
(400 1.844e-14 0)
(400 9.40706e-15 0)
(400 -1.65449e-14 0)
(400 -2.58466e-14 0)
(400 -1.59149e-14 0)
(400 3.65541e-15 0)
(400 1.47294e-14 0)
(400 1.93745e-14 0)
(400 3.17213e-14 0)
(400 5.49253e-14 0)
(400 5.81735e-14 0)
(400 4.51245e-14 0)
(400 3.48726e-14 0)
(400 1.36289e-14 0)
(400 4.46392e-15 0)
(400 1.98944e-14 0)
(400 1.33728e-14 0)
(400 9.14543e-15 0)
(400 1.64776e-14 0)
(400 3.60148e-14 0)
(400 6.13058e-14 0)
(400 5.91897e-14 0)
(400 4.93113e-14 0)
(400 3.4111e-14 0)
(400 2.44255e-14 0)
(400 3.44802e-14 0)
(400 2.5597e-14 0)
(400 2.36128e-14 0)
(400 1.71615e-14 0)
(400 6.48424e-15 0)
(400 -6.85851e-15 0)
(400 -2.05031e-14 0)
(400 -1.48899e-14 0)
(400 4.90533e-15 0)
(400 6.7875e-15 0)
(400 1.21037e-14 0)
(400 6.99488e-15 0)
(400 1.72638e-14 0)
(400 2.33498e-14 0)
(400 2.37806e-14 0)
(400 9.39626e-15 0)
(400 -2.62109e-14 0)
(400 -3.28418e-14 0)
(400 -3.22996e-14 0)
(400 -3.91612e-14 0)
(400 -5.70045e-14 0)
(400 -5.48547e-14 0)
(400 -4.65682e-14 0)
(400 -2.82813e-14 0)
(400 -6.94242e-15 0)
(400 9.45236e-16 0)
(400 1.75694e-14 0)
(400 3.83373e-14 0)
(400 3.66524e-14 0)
(400 4.52072e-14 0)
(400 5.003e-14 0)
(400 5.06025e-14 0)
(400 3.60314e-14 0)
(400 3.01739e-14 0)
(400 3.65462e-14 0)
(400 5.01436e-14 0)
(400 5.72655e-14 0)
(400 3.68242e-14 0)
(400 -2.07048e-15 0)
(400 -2.47165e-14 0)
(400 -2.73687e-14 0)
(400 -2.58368e-14 0)
(400 -3.03484e-14 0)
(400 -2.03981e-14 0)
(400 1.48084e-15 0)
(400 2.51668e-14 0)
(400 4.61887e-14 0)
(400 6.12721e-14 0)
(400 6.54426e-14 0)
(400 5.98031e-14 0)
(400 6.75575e-14 0)
(400 6.12214e-14 0)
(400 6.1352e-14 0)
(400 4.1398e-14 0)
(400 2.79059e-14 0)
(400 3.31286e-14 0)
(400 3.20017e-14 0)
(400 3.38238e-15 0)
(400 -1.7478e-14 0)
(400 -2.94229e-14 0)
(400 -2.04592e-14 0)
(400 -1.53771e-14 0)
(400 -2.01607e-14 0)
(400 -1.29145e-14 0)
(400 -1.33491e-14 0)
(400 1.01793e-14 0)
(400 1.84283e-14 0)
(400 1.22588e-14 0)
(400 -1.96582e-15 0)
(400 3.44503e-15 0)
(400 3.0018e-15 0)
(400 -3.76376e-14 0)
(400 -7.16879e-14 0)
(400 -7.10887e-14 0)
(400 -4.96888e-14 0)
(400 -4.04188e-14 0)
(400 -3.21977e-14 0)
(400 -1.82504e-14 0)
(400 4.929e-16 0)
(400 1.43352e-14 0)
(400 2.74977e-14 0)
(400 3.45851e-14 0)
(400 3.60876e-14 0)
(400 3.56662e-14 0)
(400 2.84174e-14 0)
(400 2.79316e-15 0)
(400 -1.42354e-14 0)
(400 5.67015e-15 0)
(400 1.41092e-14 0)
(400 6.55831e-15 0)
(400 1.06743e-14 0)
(400 1.10793e-14 0)
(400 9.08781e-15 0)
(400 1.7363e-14 0)
(400 1.81762e-14 0)
(400 2.42258e-17 0)
(400 -2.63665e-14 0)
(400 -5.2687e-14 0)
(400 -5.01672e-14 0)
(400 -3.96787e-14 0)
(400 -2.99184e-14 0)
(400 -1.29884e-14 0)
(400 6.71163e-15 0)
(400 2.96388e-14 0)
(400 3.81348e-14 0)
(400 4.97467e-14 0)
(400 5.67045e-14 0)
(400 6.66457e-14 0)
(400 7.14755e-14 0)
(400 5.10154e-14 0)
(400 4.22961e-14 0)
(400 4.50086e-14 0)
(400 2.55337e-14 0)
(400 8.17764e-15 0)
(400 1.31767e-14 0)
(400 2.31842e-14 0)
(400 3.4229e-14 0)
(400 3.96728e-14 0)
(400 3.3485e-14 0)
(400 2.0831e-14 0)
(400 9.84828e-15 0)
(400 1.91554e-14 0)
(400 2.69677e-14 0)
(400 2.77208e-14 0)
(400 3.05147e-14 0)
(400 4.25786e-14 0)
(400 6.1248e-14 0)
(400 6.74873e-14 0)
(400 6.47749e-14 0)
(400 5.59884e-14 0)
(400 3.66313e-14 0)
(400 2.1334e-14 0)
(400 2.10123e-14 0)
(400 -4.0149e-15 0)
(400 -1.67493e-14 0)
(400 -2.77912e-14 0)
(400 -4.04966e-14 0)
(400 -4.43733e-14 0)
(400 -5.72169e-14 0)
(400 -6.28477e-14 0)
(400 -5.48093e-14 0)
(400 -6.17726e-14 0)
(400 -3.8983e-14 0)
(400 -3.64721e-14 0)
(400 -1.77668e-14 0)
(400 -1.47134e-15 0)
(400 5.93913e-15 0)
(400 1.06809e-14 0)
(400 7.36149e-15 0)
(400 8.31977e-15 0)
(400 3.02992e-15 0)
(400 -1.64336e-15 0)
(400 -7.96124e-16 0)
(400 5.29266e-15 0)
(400 6.58379e-15 0)
(400 7.8851e-15 0)
(400 1.37991e-14 0)
(400 3.81906e-14 0)
(400 5.79674e-14 0)
(400 5.60279e-14 0)
(400 4.87528e-14 0)
(400 3.67318e-14 0)
(400 1.85795e-14 0)
(400 1.01399e-14 0)
(400 2.52228e-14 0)
(400 3.43862e-14 0)
(400 3.66289e-14 0)
(400 -1.34907e-14 0)
(400 -2.45793e-14 0)
(400 -2.97563e-14 0)
(400 -2.13302e-14 0)
(400 -3.1071e-14 0)
(400 -4.07766e-14 0)
(400 -3.83111e-14 0)
(400 -4.15045e-14 0)
(400 -3.7184e-14 0)
(400 -3.04838e-14 0)
(400 -3.21971e-14 0)
(400 -3.11533e-14 0)
(400 -3.88436e-14 0)
(400 -1.736e-14 0)
(400 3.47694e-15 0)
(400 2.06485e-15 0)
(400 -8.49218e-15 0)
(400 -7.45993e-16 0)
(400 8.13822e-15 0)
(400 -6.22475e-15 0)
(400 -1.42126e-14 0)
(400 -1.16412e-14 0)
(400 -9.58359e-15 0)
(400 7.65171e-15 0)
(400 1.49973e-14 0)
(400 1.30354e-14 0)
(400 1.87536e-14 0)
(400 3.60588e-14 0)
(400 5.68509e-14 0)
(400 5.43557e-14 0)
(400 6.49503e-14 0)
(400 3.899e-14 0)
(400 2.4489e-14 0)
(400 2.68965e-14 0)
(400 3.02389e-14 0)
(400 2.91516e-14 0)
(400 1.79229e-14 0)
(400 9.06583e-15 0)
(400 2.49322e-14 0)
(400 3.65598e-14 0)
(400 4.25602e-14 0)
(400 4.56363e-14 0)
(400 4.67976e-14 0)
(400 2.91342e-14 0)
(400 1.3864e-14 0)
(400 2.1035e-14 0)
(400 2.33408e-14 0)
(400 2.36415e-14 0)
(400 1.02815e-14 0)
(400 -1.30262e-14 0)
(400 -3.28565e-14 0)
(400 -3.61614e-14 0)
(400 -4.02171e-14 0)
(400 -5.00136e-14 0)
(400 -6.12025e-14 0)
(400 -6.56086e-14 0)
(400 -4.47208e-14 0)
(400 -2.38656e-14 0)
(400 -4.22203e-15 0)
(400 4.15904e-14 0)
(400 6.17157e-14 0)
(400 6.41537e-14 0)
(400 6.33935e-14 0)
(400 5.98193e-14 0)
(400 6.72901e-14 0)
(400 7.57407e-14 0)
(400 7.5683e-14 0)
(400 9.37313e-14 0)
(400 1.091e-13 0)
(400 9.03961e-14 0)
(400 6.97471e-14 0)
(400 3.9372e-14 0)
(400 2.82929e-14 0)
(400 1.76786e-14 0)
(400 1.32553e-14 0)
(400 1.04194e-14 0)
(400 1.68873e-14 0)
(400 2.08103e-14 0)
(400 3.84781e-14 0)
(400 5.09386e-14 0)
(400 5.00629e-14 0)
(400 4.54139e-14 0)
(400 4.39726e-14 0)
(400 2.68777e-14 0)
(400 -5.46943e-15 0)
(400 -3.05402e-14 0)
(400 -3.44845e-14 0)
(400 -3.53549e-14 0)
(400 -3.56091e-14 0)
(400 -4.44832e-14 0)
(400 -4.09384e-14 0)
(400 -5.02378e-14 0)
(400 -5.29356e-14 0)
(400 -6.2862e-14 0)
(400 -5.34529e-14 0)
(400 -2.5355e-14 0)
(400 -1.31581e-14 0)
(400 -1.43007e-14 0)
(400 -1.63489e-14 0)
(400 -1.90385e-14 0)
(400 -1.69034e-14 0)
(400 -1.45463e-14 0)
(400 -6.16039e-15 0)
(400 -3.95042e-15 0)
(400 -8.19347e-15 0)
(400 -2.23245e-14 0)
(400 -4.37358e-14 0)
(400 -3.57534e-14 0)
(400 -2.63956e-14 0)
(400 -2.96268e-14 0)
(400 -2.26592e-14 0)
(400 -3.56407e-15 0)
(400 1.32504e-14 0)
(400 1.68758e-14 0)
(400 2.17504e-14 0)
(400 2.48353e-14 0)
(400 -1.04009e-15 0)
(400 -2.11936e-14 0)
(400 -1.56344e-14 0)
(400 -1.79036e-14 0)
(400 -1.26264e-14 0)
(400 -9.64681e-15 0)
(400 1.12535e-15 0)
(400 8.78472e-15 0)
(400 7.5544e-15 0)
(400 4.61681e-15 0)
(400 9.86842e-16 0)
(400 3.20233e-15 0)
(400 1.55594e-15 0)
(400 -1.51522e-14 0)
(400 -1.99887e-14 0)
(400 -1.76414e-14 0)
(400 8.35345e-15 0)
(400 2.08096e-14 0)
(400 2.09406e-14 0)
(400 9.35532e-15 0)
(400 2.12823e-14 0)
(400 2.82786e-14 0)
(400 5.82e-14 0)
(400 7.34613e-14 0)
(400 8.52049e-14 0)
(400 9.15226e-14 0)
(400 8.37134e-14 0)
(400 9.57526e-14 0)
(400 1.16081e-13 0)
(400 1.09266e-13 0)
(400 8.90329e-14 0)
(400 7.22937e-14 0)
(400 5.93719e-14 0)
(400 6.04696e-14 0)
(400 6.45332e-14 0)
(400 3.29029e-14 0)
(400 2.81052e-14 0)
(400 4.96109e-14 0)
(400 5.76311e-14 0)
(400 6.37373e-14 0)
(400 6.32246e-14 0)
(400 5.74811e-14 0)
(400 5.793e-14 0)
(400 7.39871e-14 0)
(400 9.03354e-14 0)
(400 9.23615e-14 0)
(400 9.38687e-14 0)
(400 8.0999e-14 0)
(400 7.2953e-14 0)
(400 5.06365e-14 0)
(400 2.75904e-14 0)
(400 1.35318e-14 0)
(400 1.13752e-14 0)
(400 7.55099e-15 0)
(400 -7.4608e-15 0)
(400 -1.88144e-14 0)
(400 -3.19834e-14 0)
(400 -3.19628e-14 0)
(400 -2.12414e-14 0)
(400 -1.69783e-14 0)
(400 -4.95289e-15 0)
(400 1.28072e-14 0)
(400 2.46836e-14 0)
(400 3.30612e-14 0)
(400 4.13562e-14 0)
(400 2.58565e-14 0)
(400 2.49185e-14 0)
(400 2.98254e-14 0)
(400 2.06111e-14 0)
(400 2.09135e-14 0)
(400 2.27915e-14 0)
(400 2.17824e-14 0)
(400 2.17211e-14 0)
(400 2.8054e-14 0)
(400 3.73667e-14 0)
(400 4.37955e-14 0)
(400 2.69059e-14 0)
(400 2.23579e-14 0)
(400 1.54184e-14 0)
(400 -1.1039e-15 0)
(400 9.4304e-15 0)
(400 1.03254e-14 0)
(400 7.48279e-15 0)
(400 4.91693e-15 0)
(400 -8.98903e-17 0)
(400 -4.88665e-15 0)
(400 -2.64661e-14 0)
(400 -3.12569e-14 0)
(400 -3.10984e-14 0)
(400 -5.16771e-14 0)
(400 -5.3338e-14 0)
(400 -5.35132e-14 0)
(400 -4.87061e-14 0)
(400 -4.89555e-14 0)
(400 -4.63071e-14 0)
(400 -5.20088e-14 0)
(400 -3.67401e-14 0)
(400 -3.05223e-14 0)
(400 -2.9645e-14 0)
(400 -4.37753e-14 0)
(400 -4.03549e-14 0)
(400 -4.13598e-14 0)
(400 -4.00875e-14 0)
(400 -1.782e-14 0)
(400 -2.01774e-14 0)
(400 -9.38769e-15 0)
(400 -1.20436e-14 0)
(400 -1.5655e-14 0)
(400 -1.11679e-14 0)
(400 -9.37291e-15 0)
(400 -1.04456e-15 0)
(400 1.59723e-14 0)
(400 2.34583e-14 0)
(400 3.16014e-14 0)
(400 3.57676e-14 0)
(400 2.7535e-14 0)
(400 1.41673e-14 0)
(400 -1.07666e-14 0)
(400 -7.99796e-15 0)
(400 -4.82223e-15 0)
(400 -1.57585e-14 0)
(400 -9.85448e-15 0)
(400 1.44443e-14 0)
(400 4.8211e-14 0)
(400 6.30993e-14 0)
(400 6.09266e-14 0)
(400 6.72892e-14 0)
(400 6.25714e-14 0)
(400 4.59075e-14 0)
(400 2.67871e-14 0)
(400 1.61668e-14 0)
(400 2.98302e-15 0)
(400 -1.46778e-14 0)
(400 -3.1869e-14 0)
(400 -4.6059e-14 0)
(400 -6.33913e-14 0)
(400 -6.33287e-14 0)
(400 -5.58549e-14 0)
(400 -5.59891e-14 0)
(400 -5.07128e-14 0)
(400 -3.41162e-14 0)
(400 -1.60729e-14 0)
(400 1.3002e-14 0)
(400 4.51749e-14 0)
(400 5.26269e-14 0)
(400 6.29702e-14 0)
(400 6.21803e-14 0)
(400 6.39269e-14 0)
(400 7.16029e-14 0)
(400 7.48814e-14 0)
(400 7.79957e-14 0)
(400 8.38557e-14 0)
(400 9.78484e-14 0)
(400 9.54652e-14 0)
(400 8.68147e-14 0)
(400 7.86588e-14 0)
(400 7.62986e-14 0)
(400 7.1621e-14 0)
(400 6.81416e-14 0)
(400 7.17328e-14 0)
(400 7.51787e-14 0)
(400 7.36838e-14 0)
(400 7.86953e-14 0)
(400 7.81888e-14 0)
(400 6.32995e-14 0)
(400 4.78474e-14 0)
(400 5.12794e-14 0)
(400 2.45084e-14 0)
(400 -3.63164e-15 0)
(400 -3.53794e-14 0)
(400 -4.79079e-14 0)
(400 -4.49012e-14 0)
(400 -4.08905e-14 0)
(400 -4.62491e-14 0)
(400 -3.54582e-14 0)
(400 -1.60055e-14 0)
(400 -1.20272e-14 0)
(400 -2.57933e-14 0)
(400 -1.92261e-14 0)
(400 -5.23453e-15 0)
(400 1.44163e-14 0)
(400 2.73947e-14 0)
(400 1.06857e-14 0)
(400 -7.4726e-15 0)
(400 -6.21097e-16 0)
(400 2.35202e-14 0)
(400 2.24743e-14 0)
(400 1.9831e-14 0)
(400 5.16949e-14 0)
(400 5.08351e-14 0)
(400 3.24621e-14 0)
(400 2.64e-14 0)
(400 3.21837e-14 0)
(400 3.27251e-14 0)
(400 3.61729e-14 0)
(400 2.95846e-14 0)
(400 3.18376e-14 0)
(400 3.64481e-14 0)
(400 2.36893e-14 0)
(400 8.68403e-15 0)
(400 -1.99205e-14 0)
(400 -6.11972e-14 0)
(400 -3.66084e-14 0)
(400 -2.38524e-14 0)
(400 -3.40959e-14 0)
(400 -3.55736e-14 0)
(400 -2.71339e-14 0)
(400 -1.04034e-14 0)
(400 -6.82009e-16 0)
(400 8.9833e-15 0)
(400 8.15314e-15 0)
(400 1.56598e-14 0)
(400 2.54989e-14 0)
(400 1.74959e-14 0)
(400 1.59427e-14 0)
(400 1.68173e-14 0)
(400 1.07219e-14 0)
(400 -4.62833e-15 0)
(400 -2.85121e-14 0)
(400 -4.2994e-14 0)
(400 -4.70567e-14 0)
(400 -4.14205e-14 0)
(400 -1.21043e-14 0)
(400 1.00391e-14 0)
(400 2.76099e-14 0)
(400 3.33977e-14 0)
(400 4.0183e-14 0)
(400 5.30625e-14 0)
(400 6.61474e-14 0)
(400 6.24422e-14 0)
(400 4.94467e-14 0)
(400 4.58951e-14 0)
(400 4.63695e-14 0)
(400 4.37511e-14 0)
(400 2.84508e-14 0)
(400 -1.60516e-15 0)
(400 -4.73456e-15 0)
(400 1.87922e-15 0)
(400 -1.13268e-14 0)
(400 -1.90195e-14 0)
(400 -1.74958e-14 0)
(400 -4.77574e-15 0)
(400 4.788e-15 0)
(400 1.93484e-14 0)
(400 4.296e-14 0)
(400 4.82974e-14 0)
(400 3.81196e-14 0)
(400 3.22882e-14 0)
(400 1.79751e-14 0)
(400 -4.77385e-15 0)
(400 -9.93436e-15 0)
(400 -1.3278e-14 0)
(400 -4.27442e-15 0)
(400 7.38571e-15 0)
(400 7.8038e-16 0)
(400 -4.17909e-16 0)
(400 -3.96351e-15 0)
(400 1.44099e-15 0)
(400 1.84355e-14 0)
(400 1.51533e-14 0)
(400 2.12465e-14 0)
(400 3.01076e-14 0)
(400 3.2797e-14 0)
(400 5.57828e-14 0)
(400 6.1187e-14 0)
(400 5.58397e-14 0)
(400 6.39453e-14 0)
(400 6.85073e-14 0)
(400 5.60734e-14 0)
(400 4.71551e-14 0)
(400 3.47785e-14 0)
(400 1.90764e-14 0)
(400 6.09375e-15 0)
(400 1.63334e-14 0)
(400 1.84133e-14 0)
(400 2.83402e-15 0)
(400 -2.16153e-17 0)
(400 7.24881e-15 0)
(400 -7.49731e-15 0)
(400 -1.78844e-14 0)
(400 -1.34691e-14 0)
(400 -1.99665e-14 0)
(400 -1.30717e-14 0)
(400 -5.40405e-17 0)
(400 3.39619e-15 0)
(400 -6.37415e-15 0)
(400 -3.04854e-14 0)
(400 -3.38681e-14 0)
(400 -2.71212e-14 0)
(400 -2.794e-14 0)
(400 -3.79086e-14 0)
(400 -3.89812e-14 0)
(400 -3.65052e-14 0)
(400 -4.44549e-14 0)
(400 -4.88544e-14 0)
(400 -4.49915e-14 0)
(400 -2.52207e-14 0)
(400 -3.16983e-14 0)
(400 -3.74143e-14 0)
(400 -4.2966e-14 0)
(400 -4.45345e-14 0)
(400 -4.35245e-14 0)
(400 -4.54084e-14 0)
(400 -4.47653e-14 0)
(400 -3.17406e-14 0)
(400 -1.86138e-14 0)
(400 -6.83794e-15 0)
(400 -4.89005e-15 0)
(400 -5.51592e-15 0)
(400 -1.43702e-15 0)
(400 -9.16586e-15 0)
(400 -3.31533e-15 0)
(400 1.39463e-14 0)
(400 2.33316e-14 0)
(400 2.13217e-14 0)
(400 1.33104e-14 0)
(400 -2.40449e-15 0)
(400 -8.48553e-15 0)
(400 -6.26139e-15 0)
(400 -7.71754e-15 0)
(400 -1.43701e-14 0)
(400 -1.06381e-14 0)
(400 -2.51824e-15 0)
(400 3.60524e-15 0)
(400 1.65545e-14 0)
(400 1.42528e-14 0)
(400 3.11144e-14 0)
(400 4.07367e-14 0)
(400 3.50767e-14 0)
(400 2.98178e-14 0)
(400 2.70975e-14 0)
(400 2.1922e-14 0)
(400 -5.84525e-15 0)
(400 -1.51516e-14 0)
(400 -8.57383e-15 0)
(400 -3.534e-14 0)
(400 -3.22854e-14 0)
(400 -1.41519e-14 0)
(400 -8.32243e-15 0)
(400 1.04069e-14 0)
(400 2.95126e-14 0)
(400 4.60936e-14 0)
(400 5.43096e-14 0)
(400 5.78431e-14 0)
(400 5.37514e-14 0)
(400 4.97975e-14 0)
(400 4.30089e-14 0)
(400 3.15922e-14 0)
(400 2.02269e-14 0)
(400 2.0523e-14 0)
(400 3.15092e-14 0)
(400 3.84399e-14 0)
(400 3.59517e-14 0)
(400 5.8109e-14 0)
(400 6.99382e-14 0)
(400 6.86483e-14 0)
(400 6.09077e-14 0)
(400 5.35248e-14 0)
(400 5.30728e-14 0)
(400 5.53363e-14 0)
(400 4.4302e-14 0)
(400 4.40032e-14 0)
(400 4.62704e-14 0)
(400 4.93387e-14 0)
(400 3.05928e-14 0)
(400 1.84471e-14 0)
(400 2.00133e-14 0)
(400 -8.53804e-15 0)
(400 -1.80193e-14 0)
(400 -2.1918e-14 0)
(400 -4.49776e-14 0)
(400 -5.90546e-14 0)
(400 -6.43471e-14 0)
(400 -5.85995e-14 0)
(400 -4.66418e-14 0)
(400 -5.29975e-14 0)
(400 -5.29559e-14 0)
(400 -6.24395e-14 0)
(400 -5.98309e-14 0)
(400 -7.65432e-14 0)
(400 -6.51201e-14 0)
(400 -5.27445e-14 0)
(400 -6.41029e-14 0)
(400 -5.31173e-14 0)
(400 -3.74702e-14 0)
(400 3.62189e-15 0)
(400 2.17511e-14 0)
(400 1.31725e-14 0)
(400 3.25017e-14 0)
(400 3.7787e-14 0)
(400 5.17649e-14 0)
(400 4.80873e-14 0)
(400 4.66365e-14 0)
(400 6.15649e-14 0)
(400 6.70619e-14 0)
(400 4.02228e-14 0)
(400 1.9658e-14 0)
(400 1.44682e-14 0)
(400 1.07043e-14 0)
(400 -5.65776e-15 0)
(400 -2.70415e-14 0)
(400 -3.48431e-14 0)
(400 -3.47574e-14 0)
(400 -2.016e-14 0)
(400 -1.21476e-14 0)
(400 -2.59206e-15 0)
(400 -6.02018e-15 0)
(400 -8.92237e-16 0)
(400 1.16269e-14 0)
(400 2.22323e-14 0)
(400 3.41152e-14 0)
(400 4.25468e-14 0)
(400 2.40549e-14 0)
(400 2.05737e-14 0)
(400 3.84589e-14 0)
(400 4.29672e-14 0)
(400 3.05303e-14 0)
(400 1.28992e-14 0)
(400 -7.14249e-15 0)
(400 -9.55366e-15 0)
(400 -3.83172e-15 0)
(400 6.8057e-15 0)
(400 7.90538e-15 0)
(400 9.76229e-15 0)
(400 1.66737e-14 0)
(400 3.57297e-14 0)
(400 6.41911e-14 0)
(400 7.38553e-14 0)
(400 7.41342e-14 0)
(400 8.37631e-14 0)
(400 8.93175e-14 0)
(400 7.93577e-14 0)
(400 6.19053e-14 0)
(400 6.6479e-14 0)
(400 6.20523e-14 0)
(400 5.78608e-14 0)
(400 4.69189e-14 0)
(400 2.08162e-14 0)
(400 -5.60013e-15 0)
(400 -5.38442e-15 0)
(400 2.2046e-14 0)
(400 5.77468e-14 0)
(400 7.41503e-14 0)
(400 7.6189e-14 0)
(400 7.23471e-14 0)
(400 6.02868e-14 0)
(400 4.03381e-14 0)
(400 3.18169e-14 0)
(400 2.48312e-14 0)
(400 3.13443e-14 0)
(400 3.1461e-14 0)
(400 4.16783e-14 0)
(400 4.79268e-14 0)
(400 5.74143e-14 0)
(400 5.10721e-14 0)
(400 4.55911e-14 0)
(400 3.80007e-14 0)
(400 2.74901e-14 0)
(400 4.23208e-14 0)
(400 4.29127e-14 0)
(400 3.84331e-14 0)
(400 4.26588e-14 0)
(400 4.18378e-14 0)
(400 3.77981e-14 0)
(400 3.9152e-14 0)
(400 4.5882e-14 0)
(400 4.26552e-14 0)
(400 4.06446e-14 0)
(400 3.44532e-14 0)
(400 7.7243e-15 0)
(400 -1.9582e-14 0)
(400 -3.71297e-14 0)
(400 -3.67833e-14 0)
(400 -2.77386e-14 0)
(400 -2.97102e-14 0)
(400 -2.43394e-14 0)
(400 -6.78094e-15 0)
(400 -1.00943e-14 0)
(400 -2.37356e-14 0)
(400 -3.46032e-14 0)
(400 -5.06912e-14 0)
(400 -6.36796e-14 0)
(400 -5.79939e-14 0)
(400 -3.88884e-14 0)
(400 -1.3365e-14 0)
(400 -3.87698e-14 0)
(400 -3.25811e-14 0)
(400 -3.61243e-14 0)
(400 -3.99198e-14 0)
(400 -3.64177e-14 0)
(400 -3.42162e-14 0)
(400 -3.6849e-14 0)
(400 -4.22574e-14 0)
(400 -3.82518e-14 0)
(400 -3.49592e-14 0)
(400 -3.41017e-14 0)
(400 -2.94115e-14 0)
(400 -1.51578e-14 0)
(400 -2.10671e-14 0)
(400 -1.57726e-14 0)
(400 -1.22543e-14 0)
(400 -1.07481e-14 0)
(400 -9.17689e-15 0)
(400 -2.5643e-14 0)
(400 -1.85653e-14 0)
(400 -2.60977e-15 0)
(400 1.40673e-14 0)
(400 4.45804e-15 0)
(400 -1.23152e-14 0)
(400 -7.37755e-15 0)
(400 -5.74528e-15 0)
(400 -6.15243e-15 0)
(400 1.64496e-16 0)
(400 1.54739e-14 0)
(400 2.99399e-14 0)
(400 3.91193e-14 0)
(400 3.08726e-14 0)
(400 2.85595e-14 0)
(400 3.34082e-14 0)
(400 3.76659e-14 0)
(400 4.24617e-14 0)
(400 5.17554e-14 0)
(400 4.43993e-14 0)
(400 3.26666e-14 0)
(400 3.18662e-14 0)
(400 2.39353e-14 0)
(400 2.35706e-14 0)
(400 1.10053e-14 0)
(400 1.71982e-14 0)
(400 1.77209e-14 0)
(400 1.17715e-14 0)
(400 2.59433e-15 0)
(400 -5.80021e-15 0)
(400 -1.76601e-15 0)
(400 -6.44481e-15 0)
(400 -1.00677e-14 0)
(400 -1.80941e-14 0)
(400 -1.50409e-14 0)
(400 -2.01704e-14 0)
(400 -8.8438e-15 0)
(400 1.06465e-15 0)
(400 1.29226e-14 0)
(400 2.40382e-14 0)
(400 2.39179e-14 0)
(400 3.66776e-14 0)
(400 5.47069e-14 0)
(400 5.19762e-14 0)
(400 3.59559e-14 0)
(400 3.14309e-14 0)
(400 5.09027e-14 0)
(400 6.07484e-14 0)
(400 6.85894e-14 0)
(400 5.5873e-14 0)
(400 6.34881e-14 0)
(400 7.49399e-14 0)
(400 7.17332e-14 0)
(400 6.66569e-14 0)
(400 5.96401e-14 0)
(400 5.62999e-14 0)
(400 6.73269e-14 0)
(400 6.21454e-14 0)
(400 5.7122e-14 0)
(400 4.4201e-14 0)
(400 3.58231e-14 0)
(400 1.90523e-14 0)
(400 1.29104e-14 0)
(400 -5.91741e-15 0)
(400 -1.94442e-14 0)
(400 -1.81701e-14 0)
(400 -2.26634e-14 0)
(400 -2.53415e-14 0)
(400 -3.03122e-14 0)
(400 -4.2407e-14 0)
(400 -3.36573e-14 0)
(400 -2.85765e-14 0)
(400 -4.20737e-14 0)
(400 -3.98931e-14 0)
(400 -2.2907e-14 0)
(400 -1.45537e-14 0)
(400 -8.34044e-15 0)
(400 -8.02633e-15 0)
(400 -1.98039e-14 0)
(400 -1.15774e-14 0)
(400 1.53945e-14 0)
(400 3.00949e-14 0)
(400 6.20867e-14 0)
(400 7.61761e-14 0)
(400 8.24164e-14 0)
(400 8.81263e-14 0)
(400 1.07963e-13 0)
(400 1.28402e-13 0)
(400 1.20717e-13 0)
(400 1.24698e-13 0)
(400 1.22572e-13 0)
(400 1.02424e-13 0)
(400 7.52296e-14 0)
(400 5.23073e-14 0)
(400 2.81665e-14 0)
(400 1.8782e-14 0)
(400 4.68373e-15 0)
(400 -4.58025e-15 0)
(400 5.82855e-15 0)
(400 -3.522e-15 0)
(400 -1.3112e-14 0)
(400 -8.41166e-15 0)
(400 6.96944e-15 0)
(400 5.17712e-15 0)
(400 8.08695e-15 0)
(400 1.36312e-14 0)
(400 2.05545e-14 0)
(400 3.74474e-14 0)
(400 4.21823e-14 0)
(400 3.95862e-14 0)
(400 3.15502e-14 0)
(400 4.11961e-14 0)
(400 5.21479e-14 0)
(400 5.48449e-14 0)
(400 4.3991e-14 0)
(400 2.67233e-14 0)
(400 1.54828e-14 0)
(400 1.08187e-14 0)
(400 1.31908e-14 0)
(400 -8.26705e-15 0)
(400 -1.8721e-14 0)
(400 -1.91929e-14 0)
(400 -1.3927e-15 0)
(400 2.45747e-14 0)
(400 3.90741e-14 0)
(400 2.70249e-14 0)
(400 2.71969e-14 0)
(400 3.85846e-14 0)
(400 2.90921e-14 0)
(400 1.58398e-14 0)
(400 -3.02834e-15 0)
(400 6.61247e-15 0)
(400 1.67394e-14 0)
(400 1.85978e-14 0)
(400 1.07466e-14 0)
(400 -3.70182e-15 0)
(400 5.25499e-15 0)
(400 4.79221e-14 0)
(400 6.49012e-14 0)
(400 7.19706e-14 0)
(400 6.98191e-14 0)
(400 6.15065e-14 0)
(400 6.08155e-14 0)
(400 5.37529e-14 0)
(400 4.46306e-14 0)
(400 4.12811e-14 0)
(400 6.49126e-14 0)
(400 7.29923e-14 0)
(400 7.23537e-14 0)
(400 7.47726e-14 0)
(400 7.45564e-14 0)
(400 6.93028e-14 0)
(400 6.57378e-14 0)
(400 5.90087e-14 0)
(400 4.72675e-14 0)
(400 5.23184e-14 0)
(400 5.82154e-14 0)
(400 5.62384e-14 0)
(400 4.14765e-14 0)
(400 4.26609e-14 0)
(400 3.37147e-14 0)
(400 3.48093e-14 0)
(400 3.90365e-14 0)
(400 4.00646e-14 0)
(400 3.92237e-14 0)
(400 2.73379e-14 0)
(400 4.78914e-15 0)
(400 -1.92521e-14 0)
(400 -2.90459e-14 0)
(400 -2.11338e-14 0)
(400 -3.00141e-14 0)
(400 -2.77341e-14 0)
(400 -1.73613e-14 0)
(400 -1.54424e-14 0)
(400 -3.30024e-14 0)
(400 -3.8026e-14 0)
(400 -4.75129e-14 0)
(400 -6.70717e-14 0)
(400 -8.58506e-14 0)
(400 -8.5972e-14 0)
(400 -8.85982e-14 0)
(400 -6.83334e-15 0)
(400 -5.34674e-15 0)
(400 8.4721e-15 0)
(400 -7.83028e-15 0)
(400 -1.92584e-14 0)
(400 -3.97115e-14 0)
(400 -3.73389e-14 0)
(400 -3.32868e-14 0)
(400 -3.70769e-14 0)
(400 -3.53339e-14 0)
(400 -3.3474e-14 0)
(400 -4.34829e-14 0)
(400 -4.21878e-14 0)
(400 -3.52614e-14 0)
(400 -3.78851e-14 0)
(400 -2.44506e-14 0)
(400 -1.09265e-14 0)
(400 -1.40617e-14 0)
(400 6.20515e-16 0)
(400 2.02054e-14 0)
(400 3.99745e-14 0)
(400 4.80587e-14 0)
(400 4.83093e-14 0)
(400 2.80413e-14 0)
(400 1.62122e-14 0)
(400 6.75186e-15 0)
(400 -7.58139e-15 0)
(400 -3.20121e-14 0)
(400 -4.49578e-14 0)
(400 -2.58702e-14 0)
(400 -5.23933e-15 0)
(400 2.22905e-14 0)
(400 3.56221e-14 0)
(400 3.70378e-14 0)
(400 3.2665e-14 0)
(400 2.81145e-14 0)
(400 3.42692e-14 0)
(400 2.99629e-14 0)
(400 2.08547e-14 0)
(400 4.0319e-15 0)
(400 -2.39111e-14 0)
(400 -2.32605e-14 0)
(400 -3.52103e-14 0)
(400 -3.83509e-14 0)
(400 -3.19178e-14 0)
(400 -2.67631e-14 0)
(400 -3.04349e-14 0)
(400 -3.89596e-14 0)
(400 -3.28582e-14 0)
(400 -1.96737e-14 0)
(400 -1.19473e-14 0)
(400 3.44293e-15 0)
(400 4.28757e-15 0)
(400 7.67869e-15 0)
(400 1.96331e-14 0)
(400 2.70733e-14 0)
(400 3.44414e-14 0)
(400 2.63314e-14 0)
(400 3.19687e-14 0)
(400 1.86861e-14 0)
(400 4.29287e-14 0)
(400 9.63695e-14 0)
(400 1.00667e-13 0)
(400 7.53369e-14 0)
(400 5.74787e-14 0)
(400 5.64527e-14 0)
(400 5.48012e-14 0)
(400 3.99847e-14 0)
(400 3.19872e-14 0)
(400 2.41475e-14 0)
(400 2.62447e-14 0)
(400 3.40302e-14 0)
(400 4.18502e-14 0)
(400 3.22613e-14 0)
(400 1.81855e-14 0)
(400 2.31768e-14 0)
(400 5.17086e-14 0)
(400 5.21011e-14 0)
(400 3.40577e-14 0)
(400 1.1182e-14 0)
(400 -4.47977e-15 0)
(400 -1.76823e-14 0)
(400 -3.6306e-14 0)
(400 -4.56249e-14 0)
(400 -3.91052e-14 0)
(400 -4.23008e-14 0)
(400 -2.67878e-14 0)
(400 -2.09792e-14 0)
(400 -3.85611e-14 0)
(400 -5.0228e-14 0)
(400 -5.76585e-14 0)
(400 -4.99505e-14 0)
(400 -4.3487e-14 0)
(400 -3.98795e-14 0)
(400 -3.708e-14 0)
(400 -2.09941e-14 0)
(400 -2.41011e-14 0)
(400 -2.7102e-14 0)
(400 -1.4026e-14 0)
(400 -3.45306e-15 0)
(400 1.35796e-14 0)
(400 1.92206e-14 0)
(400 3.11672e-14 0)
(400 4.87517e-14 0)
(400 5.40143e-14 0)
(400 6.34165e-14 0)
(400 6.51506e-14 0)
(400 6.44193e-14 0)
(400 5.76934e-14 0)
(400 4.32532e-14 0)
(400 3.25524e-14 0)
(400 2.20895e-14 0)
(400 5.90334e-15 0)
(400 -9.52451e-15 0)
(400 -1.7176e-14 0)
(400 -9.85038e-15 0)
(400 1.69609e-14 0)
(400 2.95434e-14 0)
(400 1.74525e-14 0)
(400 1.37752e-14 0)
(400 9.95035e-15 0)
(400 4.18834e-15 0)
(400 5.30176e-15 0)
(400 1.07994e-14 0)
(400 6.43913e-15 0)
(400 1.09125e-14 0)
(400 9.07428e-15 0)
(400 1.85019e-14 0)
(400 3.85926e-14 0)
(400 3.73408e-14 0)
(400 2.4863e-14 0)
(400 1.47419e-14 0)
(400 1.09231e-14 0)
(400 5.79814e-16 0)
(400 4.02545e-15 0)
(400 1.22067e-14 0)
(400 -3.08723e-15 0)
(400 -1.53735e-15 0)
(400 -3.10124e-15 0)
(400 2.13476e-14 0)
(400 4.78621e-14 0)
(400 5.09601e-14 0)
(400 5.56931e-14 0)
(400 6.12859e-14 0)
(400 6.17813e-14 0)
(400 5.06587e-14 0)
(400 4.74317e-14 0)
(400 5.41382e-14 0)
(400 4.87652e-14 0)
(400 1.74937e-14 0)
(400 1.82761e-14 0)
(400 2.25652e-14 0)
(400 1.94211e-14 0)
(400 1.18577e-14 0)
(400 1.77457e-14 0)
(400 1.76868e-14 0)
(400 3.39245e-14 0)
(400 4.45653e-14 0)
(400 4.30589e-14 0)
(400 5.91737e-14 0)
(400 6.74575e-14 0)
(400 7.30787e-14 0)
(400 6.80346e-14 0)
(400 7.15169e-14 0)
(400 8.44214e-14 0)
(400 8.16347e-14 0)
(400 8.0982e-14 0)
(400 7.49316e-14 0)
(400 6.60939e-14 0)
(400 6.14849e-14 0)
(400 6.04715e-14 0)
(400 5.10983e-14 0)
(400 5.24562e-14 0)
(400 4.97705e-14 0)
(400 3.07327e-14 0)
(400 2.62202e-14 0)
(400 2.41338e-14 0)
(400 1.83981e-14 0)
(400 1.57883e-14 0)
(400 1.76269e-14 0)
(400 1.46792e-14 0)
(400 1.80335e-14 0)
(400 2.5214e-14 0)
(400 2.93074e-14 0)
(400 2.0466e-14 0)
(400 1.83843e-14 0)
(400 7.94427e-15 0)
(400 1.66614e-15 0)
(400 -1.74891e-14 0)
(400 -3.3032e-14 0)
(400 -2.28336e-14 0)
(400 -1.68068e-14 0)
(400 -2.23965e-14 0)
(400 -2.72497e-14 0)
(400 -3.29444e-14 0)
(400 -4.17748e-14 0)
(400 -4.93676e-14 0)
(400 -4.64305e-14 0)
(400 -5.47496e-14 0)
(400 -7.19176e-14 0)
(400 1.26792e-14 0)
(400 4.49724e-14 0)
(400 4.85071e-14 0)
(400 3.99453e-14 0)
(400 3.16899e-14 0)
(400 1.54064e-14 0)
(400 -3.20993e-16 0)
(400 -7.85577e-16 0)
(400 -7.97753e-15 0)
(400 -2.04938e-14 0)
(400 -2.78552e-14 0)
(400 -1.74532e-14 0)
(400 -2.14748e-14 0)
(400 -3.26217e-14 0)
(400 -1.51483e-14 0)
(400 -8.10549e-15 0)
(400 -4.64462e-15 0)
(400 2.09064e-14 0)
(400 3.83252e-14 0)
(400 6.54121e-14 0)
(400 8.64706e-14 0)
(400 8.38347e-14 0)
(400 6.9377e-14 0)
(400 5.30667e-14 0)
(400 5.39711e-14 0)
(400 2.57646e-14 0)
(400 6.49397e-15 0)
(400 -2.40621e-14 0)
(400 -4.50148e-14 0)
(400 -3.76229e-14 0)
(400 -1.72777e-14 0)
(400 1.149e-14 0)
(400 3.2024e-14 0)
(400 3.31049e-14 0)
(400 3.00113e-14 0)
(400 1.23205e-14 0)
(400 -6.11831e-15 0)
(400 -4.47157e-14 0)
(400 -5.82316e-14 0)
(400 -5.70365e-14 0)
(400 -7.55756e-14 0)
(400 -8.09899e-14 0)
(400 -8.617e-14 0)
(400 -8.00661e-14 0)
(400 -7.02221e-14 0)
(400 -5.90006e-14 0)
(400 -4.7014e-14 0)
(400 -3.11929e-14 0)
(400 -2.606e-14 0)
(400 -1.29747e-14 0)
(400 6.98068e-15 0)
(400 2.00585e-14 0)
(400 1.96556e-14 0)
(400 3.69033e-14 0)
(400 5.1248e-14 0)
(400 7.66158e-14 0)
(400 8.9928e-14 0)
(400 7.6506e-14 0)
(400 7.05785e-14 0)
(400 6.57629e-14 0)
(400 7.91148e-14 0)
(400 9.16251e-14 0)
(400 9.22838e-14 0)
(400 7.73772e-14 0)
(400 7.09046e-14 0)
(400 5.45168e-14 0)
(400 4.3318e-14 0)
(400 2.79854e-14 0)
(400 2.44045e-14 0)
(400 2.22814e-14 0)
(400 2.77694e-14 0)
(400 4.62657e-14 0)
(400 4.9813e-14 0)
(400 3.67772e-14 0)
(400 2.51356e-14 0)
(400 7.69167e-15 0)
(400 1.68214e-14 0)
(400 1.72838e-14 0)
(400 2.89937e-14 0)
(400 2.13916e-14 0)
(400 8.39765e-15 0)
(400 -4.6459e-15 0)
(400 -1.04339e-14 0)
(400 2.72972e-15 0)
(400 1.13208e-14 0)
(400 7.13919e-15 0)
(400 1.2817e-14 0)
(400 9.42965e-15 0)
(400 1.58445e-14 0)
(400 2.02873e-15 0)
(400 -1.0918e-14 0)
(400 -1.65171e-15 0)
(400 2.22655e-15 0)
(400 -1.70637e-14 0)
(400 -3.31661e-14 0)
(400 -3.95525e-14 0)
(400 -3.66098e-14 0)
(400 -2.00545e-14 0)
(400 -7.35424e-15 0)
(400 -1.36414e-14 0)
(400 -2.34723e-15 0)
(400 -2.24382e-15 0)
(400 6.14559e-15 0)
(400 2.11868e-14 0)
(400 2.69461e-14 0)
(400 2.53828e-14 0)
(400 8.68335e-15 0)
(400 3.01108e-15 0)
(400 -1.49275e-14 0)
(400 -1.96732e-14 0)
(400 -2.96519e-14 0)
(400 -3.2867e-14 0)
(400 -2.89197e-14 0)
(400 -3.91711e-14 0)
(400 -3.66331e-14 0)
(400 -1.01688e-14 0)
(400 1.54873e-14 0)
(400 2.64751e-14 0)
(400 2.54717e-14 0)
(400 2.34301e-14 0)
(400 1.92176e-15 0)
(400 -2.18996e-14 0)
(400 -1.15358e-14 0)
(400 -1.23449e-14 0)
(400 -1.63399e-14 0)
(400 -2.08968e-14 0)
(400 -3.68255e-14 0)
(400 -2.81738e-14 0)
(400 -1.02596e-14 0)
(400 4.07664e-15 0)
(400 -6.55818e-15 0)
(400 -3.81938e-14 0)
(400 -4.94449e-14 0)
(400 -5.47056e-14 0)
(400 -5.46581e-14 0)
(400 -5.66765e-14 0)
(400 -7.65649e-14 0)
(400 -8.39694e-14 0)
(400 -7.27995e-14 0)
(400 -4.96547e-14 0)
(400 -2.43899e-14 0)
(400 -2.55021e-14 0)
(400 -3.01595e-14 0)
(400 -3.67346e-14 0)
(400 -2.24973e-14 0)
(400 -1.87163e-14 0)
(400 -1.73532e-14 0)
(400 -2.11774e-14 0)
(400 -2.52211e-14 0)
(400 -6.53237e-15 0)
(400 -8.37266e-15 0)
(400 -4.35656e-15 0)
(400 -4.03147e-15 0)
(400 -1.48422e-14 0)
(400 6.41245e-15 0)
(400 3.02084e-14 0)
(400 3.44591e-14 0)
(400 3.97616e-14 0)
(400 3.7115e-14 0)
(400 4.89323e-14 0)
(400 5.96543e-14 0)
(400 5.46517e-14 0)
(400 5.26198e-14 0)
(400 5.91913e-14 0)
(400 5.6564e-14 0)
(400 3.77856e-14 0)
(400 3.69568e-14 0)
(400 5.34213e-14 0)
(400 6.39724e-14 0)
(400 7.05098e-14 0)
(400 7.55772e-14 0)
(400 7.59511e-14 0)
(400 8.30375e-14 0)
(400 7.30887e-14 0)
(400 6.35364e-14 0)
(400 4.71683e-14 0)
(400 3.00739e-14 0)
(400 2.62834e-14 0)
(400 1.47381e-14 0)
(400 1.62765e-14 0)
(400 6.80166e-15 0)
(400 6.66881e-15 0)
(400 9.00942e-15 0)
(400 1.06686e-14 0)
(400 1.39681e-14 0)
(400 1.81528e-14 0)
(400 2.05696e-14 0)
(400 1.86403e-14 0)
(400 1.82182e-15 0)
(400 -8.94354e-15 0)
(400 -1.79226e-14 0)
(400 -2.17922e-14 0)
(400 -1.97595e-14 0)
(400 -1.36804e-14 0)
(400 -1.60165e-14 0)
(400 -1.30888e-14 0)
(400 -2.7731e-15 0)
(400 1.39494e-14 0)
(400 1.25559e-14 0)
(400 2.35184e-15 0)
(400 -1.94322e-15 0)
(400 2.26981e-14 0)
(400 2.25229e-14 0)
(400 4.61022e-15 0)
(400 -3.6515e-15 0)
(400 -2.37621e-15 0)
(400 -2.04555e-14 0)
(400 -3.30056e-14 0)
(400 -3.8091e-14 0)
(400 -4.10488e-14 0)
(400 -3.59802e-14 0)
(400 -1.76524e-14 0)
(400 -9.66554e-15 0)
(400 -8.92927e-15 0)
(400 6.5296e-15 0)
(400 6.72807e-15 0)
(400 2.13152e-14 0)
(400 4.71413e-14 0)
(400 4.98318e-14 0)
(400 5.19016e-14 0)
(400 4.59672e-14 0)
(400 3.41326e-14 0)
(400 3.09944e-14 0)
(400 1.96257e-14 0)
(400 9.56307e-15 0)
(400 -7.39438e-15 0)
(400 -1.43883e-14 0)
(400 -2.39484e-14 0)
(400 -3.55999e-14 0)
(400 -4.30578e-14 0)
(400 -2.37945e-14 0)
(400 3.81458e-15 0)
(400 2.88835e-14 0)
(400 3.79499e-14 0)
(400 3.89137e-14 0)
(400 2.7846e-14 0)
(400 -9.2267e-15 0)
(400 -4.5531e-14 0)
(400 -6.44293e-14 0)
(400 -6.45626e-14 0)
(400 -6.60429e-14 0)
(400 -7.21076e-14 0)
(400 -6.82914e-14 0)
(400 -6.91162e-14 0)
(400 -6.32004e-14 0)
(400 -6.17254e-14 0)
(400 -5.36215e-14 0)
(400 -4.07224e-14 0)
(400 -2.59337e-14 0)
(400 -1.03404e-14 0)
(400 -1.05496e-14 0)
(400 3.91586e-15 0)
(400 7.20947e-15 0)
(400 7.54252e-15 0)
(400 2.00396e-14 0)
(400 4.72698e-14 0)
(400 5.00209e-14 0)
(400 4.02991e-14 0)
(400 2.8922e-14 0)
(400 3.14865e-14 0)
(400 2.70056e-14 0)
(400 2.5946e-14 0)
(400 3.01554e-14 0)
(400 3.36604e-14 0)
(400 3.59285e-14 0)
(400 2.42431e-14 0)
(400 6.77128e-15 0)
(400 -1.18875e-14 0)
(400 -2.57921e-14 0)
(400 -2.79764e-14 0)
(400 -2.54149e-14 0)
(400 -9.40694e-15 0)
(400 -2.05763e-15 0)
(400 6.14661e-15 0)
(400 1.25568e-14 0)
(400 4.63177e-15 0)
(400 1.16156e-15 0)
(400 -7.5731e-15 0)
(400 5.92236e-15 0)
(400 1.99878e-14 0)
(400 1.41201e-14 0)
(400 8.38814e-16 0)
(400 -1.54555e-16 0)
(400 2.46687e-14 0)
(400 3.70813e-14 0)
(400 3.0707e-14 0)
(400 1.89149e-14 0)
(400 7.67123e-15 0)
(400 2.64777e-14 0)
(400 4.38371e-14 0)
(400 3.0965e-14 0)
(400 2.79316e-14 0)
(400 3.35986e-14 0)
(400 3.47277e-14 0)
(400 2.96835e-14 0)
(400 7.80256e-15 0)
(400 8.88207e-15 0)
(400 3.36155e-14 0)
(400 5.35148e-14 0)
(400 5.26427e-14 0)
(400 4.80397e-14 0)
(400 4.16667e-14 0)
(400 4.37206e-14 0)
(400 5.7873e-14 0)
(400 7.0156e-14 0)
(400 6.87706e-14 0)
(400 3.21516e-14 0)
(400 -2.8134e-15 0)
(400 -2.10696e-15 0)
(400 1.43981e-14 0)
(400 9.73773e-15 0)
(400 6.6025e-15 0)
(400 2.27153e-14 0)
(400 2.06519e-14 0)
(400 2.58048e-14 0)
(400 3.28125e-14 0)
(400 2.66198e-14 0)
(400 2.60661e-14 0)
(400 4.20059e-14 0)
(400 4.06164e-14 0)
(400 2.55612e-14 0)
(400 1.6775e-14 0)
(400 1.00645e-14 0)
(400 1.3123e-15 0)
(400 -4.40884e-15 0)
(400 -2.02817e-14 0)
(400 -2.52894e-14 0)
(400 -1.68918e-14 0)
(400 -3.81344e-15 0)
(400 8.34955e-15 0)
(400 1.2385e-14 0)
(400 1.95022e-15 0)
(400 -4.49742e-15 0)
(400 2.95929e-15 0)
(400 -9.60649e-15 0)
(400 -2.0008e-14 0)
(400 -2.78372e-14 0)
(400 -3.84927e-14 0)
(400 -3.78701e-14 0)
(400 -3.40068e-14 0)
(400 -1.9743e-14 0)
(400 -8.60587e-15 0)
(400 -6.98328e-15 0)
(400 -1.15572e-14 0)
(400 -1.47818e-14 0)
(400 -5.34274e-15 0)
(400 -5.9562e-15 0)
(400 -2.70833e-14 0)
(400 -3.53114e-14 0)
(400 -1.60634e-14 0)
(400 -1.33006e-14 0)
(400 -1.59679e-14 0)
(400 -2.41949e-14 0)
(400 -3.09476e-14 0)
(400 -1.68026e-15 0)
(400 3.98337e-14 0)
(400 5.19461e-14 0)
(400 3.36297e-14 0)
(400 2.0419e-14 0)
(400 9.09909e-15 0)
(400 1.00919e-14 0)
(400 8.08686e-15 0)
(400 1.56316e-14 0)
(400 3.39646e-14 0)
(400 4.51142e-14 0)
(400 5.41604e-14 0)
(400 7.78365e-14 0)
(400 8.98998e-14 0)
(400 9.93448e-14 0)
(400 1.0509e-13 0)
(400 1.06447e-13 0)
(400 1.06195e-13 0)
(400 1.04172e-13 0)
(400 8.82228e-14 0)
(400 8.65684e-14 0)
(400 7.66126e-14 0)
(400 6.02036e-14 0)
(400 6.05249e-14 0)
(400 4.99995e-14 0)
(400 5.08957e-14 0)
(400 5.04761e-14 0)
(400 5.40802e-14 0)
(400 6.03399e-14 0)
(400 5.18332e-14 0)
(400 5.68584e-14 0)
(400 6.36981e-14 0)
(400 6.79981e-14 0)
(400 6.4889e-14 0)
(400 5.449e-14 0)
(400 3.69256e-14 0)
(400 1.76384e-14 0)
(400 7.58513e-15 0)
(400 -4.81697e-16 0)
(400 -2.64118e-15 0)
(400 6.02684e-15 0)
(400 2.18833e-14 0)
(400 3.11941e-14 0)
(400 2.13949e-14 0)
(400 2.4356e-14 0)
(400 2.66186e-14 0)
(400 4.00144e-15 0)
(400 1.38867e-14 0)
(400 2.6066e-14 0)
(400 1.25705e-14 0)
(400 1.31553e-14 0)
(400 1.63738e-14 0)
(400 3.73704e-15 0)
(400 -1.45647e-14 0)
(400 -2.03878e-14 0)
(400 -1.0362e-14 0)
(400 3.25271e-17 0)
(400 1.27446e-14 0)
(400 2.47776e-14 0)
(400 2.25192e-14 0)
(400 1.09349e-14 0)
(400 1.48166e-14 0)
(400 2.82547e-14 0)
(400 3.42135e-14 0)
(400 3.29226e-14 0)
(400 2.02579e-14 0)
(400 1.38188e-14 0)
(400 -1.02163e-14 0)
(400 3.68272e-15 0)
(400 1.715e-14 0)
(400 5.82495e-15 0)
(400 1.38453e-15 0)
(400 3.55583e-15 0)
(400 1.2781e-14 0)
(400 4.19329e-15 0)
(400 -2.82378e-14 0)
(400 -3.08774e-14 0)
(400 -9.5439e-15 0)
(400 1.38303e-14 0)
(400 2.61274e-14 0)
(400 1.96495e-14 0)
(400 3.85526e-15 0)
(400 -1.801e-14 0)
(400 -2.97348e-14 0)
(400 -4.49731e-14 0)
(400 -7.91683e-14 0)
(400 -8.34237e-14 0)
(400 -8.75169e-14 0)
(400 -8.26532e-14 0)
(400 -7.69999e-14 0)
(400 -9.25423e-14 0)
(400 -9.10792e-14 0)
(400 -8.0764e-14 0)
(400 -6.15959e-14 0)
(400 -3.64436e-14 0)
(400 -3.89184e-14 0)
(400 -4.23469e-14 0)
(400 -3.72107e-14 0)
(400 -2.85348e-14 0)
(400 -3.09523e-14 0)
(400 -1.39619e-14 0)
(400 -1.6034e-14 0)
(400 -1.98578e-14 0)
(400 -2.32158e-14 0)
(400 -3.53703e-14 0)
(400 -2.25475e-14 0)
(400 -2.54812e-14 0)
(400 -1.00448e-14 0)
(400 4.41331e-15 0)
(400 2.34955e-14 0)
(400 2.39666e-14 0)
(400 1.514e-14 0)
(400 -1.3001e-14 0)
(400 -4.0872e-14 0)
(400 -6.16649e-14 0)
(400 -6.3387e-14 0)
(400 -6.88792e-14 0)
(400 -6.30002e-14 0)
(400 -5.01259e-14 0)
(400 -3.90202e-14 0)
(400 -1.69429e-14 0)
(400 -7.31131e-15 0)
(400 -1.29597e-14 0)
(400 -1.44947e-14 0)
(400 -1.41726e-14 0)
(400 -1.78599e-14 0)
(400 -1.14078e-14 0)
(400 -1.04911e-14 0)
(400 -1.16237e-14 0)
(400 -2.46675e-14 0)
(400 -1.75431e-14 0)
(400 -4.03349e-15 0)
(400 -1.29153e-14 0)
(400 -1.30575e-14 0)
(400 -2.73447e-14 0)
(400 -1.43684e-14 0)
(400 -1.67247e-15 0)
(400 4.26357e-15 0)
(400 9.061e-15 0)
(400 8.38273e-15 0)
(400 3.38337e-15 0)
(400 6.55524e-15 0)
(400 9.32078e-15 0)
(400 1.04998e-14 0)
(400 5.55026e-15 0)
(400 2.40028e-14 0)
(400 3.73201e-14 0)
(400 4.21206e-14 0)
(400 4.91772e-14 0)
(400 5.21267e-14 0)
(400 5.83067e-14 0)
(400 6.08347e-14 0)
(400 5.44121e-14 0)
(400 3.64042e-14 0)
(400 3.63077e-14 0)
(400 3.97151e-14 0)
(400 3.76993e-14 0)
(400 3.6866e-14 0)
(400 5.52333e-14 0)
(400 4.9893e-14 0)
(400 5.09399e-14 0)
(400 4.91807e-14 0)
(400 4.37911e-14 0)
(400 3.8711e-14 0)
(400 2.69173e-14 0)
(400 1.80196e-14 0)
(400 2.17548e-14 0)
(400 2.59004e-14 0)
(400 1.49228e-14 0)
(400 -1.17533e-14 0)
(400 -3.27244e-14 0)
(400 -4.63492e-14 0)
(400 -3.86001e-14 0)
(400 -4.40846e-14 0)
(400 -3.95919e-14 0)
(400 -2.67465e-14 0)
(400 -2.17499e-14 0)
(400 -1.72995e-14 0)
(400 -3.22776e-14 0)
(400 -4.07928e-14 0)
(400 -4.57157e-14 0)
(400 -5.35345e-14 0)
(400 -4.26165e-14 0)
(400 -4.55969e-14 0)
(400 -5.88226e-14 0)
(400 -6.6978e-14 0)
(400 -6.26984e-14 0)
(400 -5.4629e-14 0)
(400 -5.75926e-14 0)
(400 -7.06143e-14 0)
(400 -8.03026e-14 0)
(400 -7.79279e-14 0)
(400 -9.00626e-14 0)
(400 -9.78268e-14 0)
(400 -1.08065e-13 0)
(400 -1.12134e-13 0)
(400 -1.03288e-13 0)
(400 -9.40427e-14 0)
(400 -1.02052e-13 0)
(400 -9.59584e-14 0)
(400 -7.77372e-14 0)
(400 -5.16365e-14 0)
(400 -3.13037e-14 0)
(400 -3.13029e-14 0)
(400 -4.96064e-14 0)
(400 -5.4992e-14 0)
(400 -6.91526e-14 0)
(400 -6.49427e-14 0)
(400 -3.85563e-14 0)
(400 -6.96899e-15 0)
(400 3.8579e-14 0)
(400 5.74461e-14 0)
(400 7.14067e-14 0)
(400 7.19129e-14 0)
(400 6.61017e-14 0)
(400 6.68599e-14 0)
(400 5.33862e-14 0)
(400 3.70312e-14 0)
(400 2.51658e-14 0)
(400 2.39583e-14 0)
(400 1.982e-14 0)
(400 -2.53477e-15 0)
(400 -3.99925e-15 0)
(400 8.30665e-16 0)
(400 1.03658e-14 0)
(400 1.43033e-14 0)
(400 1.67784e-14 0)
(400 3.07422e-14 0)
(400 3.58284e-14 0)
(400 3.44618e-14 0)
(400 4.72787e-14 0)
(400 4.1971e-14 0)
(400 3.41422e-14 0)
(400 3.55279e-14 0)
(400 2.98344e-14 0)
(400 2.87627e-14 0)
(400 1.46744e-15 0)
(400 -1.51449e-14 0)
(400 -2.06319e-14 0)
(400 -2.68649e-14 0)
(400 -1.27086e-14 0)
(400 -8.67114e-15 0)
(400 -1.68309e-14 0)
(400 -1.83196e-14 0)
(400 -9.44886e-15 0)
(400 1.3473e-15 0)
(400 2.34792e-14 0)
(400 1.97689e-14 0)
(400 3.45199e-14 0)
(400 4.38543e-14 0)
(400 4.3151e-14 0)
(400 4.62176e-14 0)
(400 4.10451e-14 0)
(400 2.77734e-14 0)
(400 1.96746e-14 0)
(400 2.28907e-14 0)
(400 2.74004e-14 0)
(400 2.44416e-14 0)
(400 2.19307e-14 0)
(400 5.85601e-15 0)
(400 -1.01357e-14 0)
(400 6.50098e-15 0)
(400 2.93678e-15 0)
(400 1.703e-15 0)
(400 7.25857e-17 0)
(400 -1.81607e-14 0)
(400 -3.86639e-14 0)
(400 -4.39417e-14 0)
(400 -3.84746e-14 0)
(400 -2.06641e-14 0)
(400 3.01062e-15 0)
(400 2.61358e-14 0)
(400 4.38057e-14 0)
(400 5.56736e-14 0)
(400 4.62519e-14 0)
(400 2.99694e-14 0)
(400 1.04511e-14 0)
(400 1.32408e-14 0)
(400 1.68546e-14 0)
(400 7.74165e-15 0)
(400 1.03812e-14 0)
(400 1.49318e-14 0)
(400 1.49046e-14 0)
(400 1.84258e-15 0)
(400 -3.03343e-14 0)
(400 -5.66299e-14 0)
(400 -3.79204e-14 0)
(400 -3.78896e-14 0)
(400 -4.06046e-14 0)
(400 -3.88163e-14 0)
(400 -5.46424e-14 0)
(400 -4.91818e-14 0)
(400 -3.47767e-14 0)
(400 -2.05677e-14 0)
(400 -1.7156e-14 0)
(400 -2.51965e-14 0)
(400 -2.07451e-14 0)
(400 -9.50623e-15 0)
(400 1.39238e-15 0)
(400 1.26678e-14 0)
(400 1.27848e-14 0)
(400 3.16444e-15 0)
(400 1.9467e-15 0)
(400 2.44476e-15 0)
(400 -2.87832e-15 0)
(400 2.92356e-15 0)
(400 3.08897e-15 0)
(400 -4.61298e-15 0)
(400 7.48228e-15 0)
(400 3.61933e-14 0)
(400 3.8823e-14 0)
(400 2.05718e-14 0)
(400 9.15577e-15 0)
(400 -2.84991e-15 0)
(400 -1.62006e-14 0)
(400 -3.03363e-14 0)
(400 -3.98726e-14 0)
(400 -5.18692e-14 0)
(400 -4.4822e-14 0)
(400 -3.65807e-14 0)
(400 -1.45857e-14 0)
(400 1.31345e-14 0)
(400 1.54622e-14 0)
(400 2.62476e-14 0)
(400 1.08236e-14 0)
(400 -1.4447e-15 0)
(400 1.48004e-14 0)
(400 1.81255e-14 0)
(400 1.49007e-14 0)
(400 1.97512e-15 0)
(400 -5.76817e-15 0)
(400 4.28808e-15 0)
(400 8.25998e-15 0)
(400 1.50179e-14 0)
(400 1.8191e-15 0)
(400 6.11117e-15 0)
(400 2.97222e-14 0)
(400 4.16564e-14 0)
(400 4.09917e-14 0)
(400 4.65318e-14 0)
(400 4.47521e-14 0)
(400 6.67067e-14 0)
(400 8.13969e-14 0)
(400 7.37348e-14 0)
(400 6.22152e-14 0)
(400 5.89067e-14 0)
(400 5.6028e-14 0)
(400 5.91922e-14 0)
(400 4.99866e-14 0)
(400 4.02327e-14 0)
(400 3.47224e-14 0)
(400 4.14746e-14 0)
(400 5.96479e-14 0)
(400 6.42431e-14 0)
(400 5.74975e-14 0)
(400 4.35903e-14 0)
(400 4.02189e-14 0)
(400 3.96047e-14 0)
(400 5.41946e-14 0)
(400 5.6344e-14 0)
(400 4.09478e-14 0)
(400 3.69876e-14 0)
(400 2.76802e-14 0)
(400 2.29927e-14 0)
(400 1.85243e-14 0)
(400 1.01483e-14 0)
(400 5.53662e-15 0)
(400 -3.17911e-15 0)
(400 -3.79579e-15 0)
(400 -1.99973e-14 0)
(400 -3.05331e-14 0)
(400 -4.0183e-14 0)
(400 -4.41674e-14 0)
(400 -4.68701e-14 0)
(400 -5.45198e-14 0)
(400 -4.09221e-14 0)
(400 -2.96122e-14 0)
(400 -2.47671e-14 0)
(400 -2.60571e-14 0)
(400 -3.96569e-14 0)
(400 -2.68929e-14 0)
(400 -4.62725e-14 0)
(400 -4.35433e-14 0)
(400 -5.09518e-14 0)
(400 -5.7776e-14 0)
(400 -7.64836e-14 0)
(400 -9.08084e-14 0)
(400 -1.00368e-13 0)
(400 -9.61268e-14 0)
(400 -9.02606e-14 0)
(400 -8.83354e-14 0)
(400 -8.55377e-14 0)
(400 -7.90432e-14 0)
(400 -7.09254e-14 0)
(400 -6.08442e-14 0)
(400 -6.94879e-14 0)
(400 -6.72708e-14 0)
(400 -4.85242e-14 0)
(400 -4.48774e-14 0)
(400 -2.84778e-14 0)
(400 -1.93563e-14 0)
(400 -2.74423e-14 0)
(400 -4.18556e-14 0)
(400 -4.5552e-14 0)
(400 -4.28703e-14 0)
(400 -4.68047e-14 0)
(400 -5.49288e-14 0)
(400 -4.33942e-14 0)
(400 -2.08242e-14 0)
(400 -8.42243e-15 0)
(400 1.23544e-14 0)
(400 4.19217e-14 0)
(400 3.83957e-14 0)
(400 3.06482e-14 0)
(400 2.93508e-14 0)
(400 2.33037e-14 0)
(400 1.97396e-14 0)
(400 2.15914e-14 0)
(400 1.5459e-14 0)
(400 2.30674e-14 0)
(400 1.48117e-14 0)
(400 1.01529e-14 0)
(400 1.56289e-15 0)
(400 -8.44039e-15 0)
(400 5.14215e-15 0)
(400 1.81021e-14 0)
(400 2.48749e-14 0)
(400 3.01377e-14 0)
(400 3.51722e-14 0)
(400 5.58224e-14 0)
(400 5.996e-14 0)
(400 6.91456e-14 0)
(400 6.22703e-14 0)
(400 5.42882e-14 0)
(400 5.50931e-14 0)
(400 4.88234e-14 0)
(400 1.62548e-14 0)
(400 -7.98556e-15 0)
(400 -2.43247e-14 0)
(400 -3.21413e-14 0)
(400 -3.37376e-14 0)
(400 -3.31006e-14 0)
(400 -4.65007e-14 0)
(400 -4.01544e-14 0)
(400 -1.77766e-14 0)
(400 -2.54519e-16 0)
(400 8.08374e-15 0)
(400 1.34048e-14 0)
(400 2.81984e-14 0)
(400 5.00826e-14 0)
(400 5.40972e-14 0)
(400 5.07495e-14 0)
(400 4.62069e-14 0)
(400 5.71321e-14 0)
(400 4.87437e-14 0)
(400 3.29688e-14 0)
(400 3.59604e-14 0)
(400 2.43071e-14 0)
(400 1.69163e-15 0)
(400 3.58288e-16 0)
(400 1.29191e-14 0)
(400 1.27373e-14 0)
(400 4.20934e-15 0)
(400 -1.10164e-14 0)
(400 -1.88383e-14 0)
(400 -2.10968e-14 0)
(400 -2.58806e-14 0)
(400 -1.36586e-14 0)
(400 -3.04553e-14 0)
(400 -2.51195e-14 0)
(400 -4.98954e-15 0)
(400 1.62416e-14 0)
(400 2.06988e-14 0)
(400 1.93762e-14 0)
(400 2.87733e-14 0)
(400 4.95549e-14 0)
(400 4.8559e-14 0)
(400 2.83993e-14 0)
(400 8.84527e-15 0)
(400 -1.29974e-15 0)
(400 8.59191e-15 0)
(400 3.11891e-14 0)
(400 3.59412e-14 0)
(400 1.02873e-14 0)
(400 -2.73954e-14 0)
(400 -2.8753e-14 0)
(400 -2.15243e-14 0)
(400 -2.19259e-14 0)
(400 -3.07533e-14 0)
(400 -4.80242e-14 0)
(400 -5.35172e-14 0)
(400 -4.11279e-14 0)
(400 -2.39274e-14 0)
(400 -2.34224e-14 0)
(400 -3.53921e-14 0)
(400 -3.75117e-14 0)
(400 -2.32105e-14 0)
(400 -1.09967e-14 0)
(400 -7.40597e-15 0)
(400 3.11162e-15 0)
(400 2.62882e-15 0)
(400 4.12578e-15 0)
(400 2.5274e-14 0)
(400 3.5527e-14 0)
(400 2.40742e-14 0)
(400 1.80487e-14 0)
(400 1.13384e-14 0)
(400 -3.36754e-15 0)
(400 -1.34462e-14 0)
(400 3.06996e-15 0)
(400 8.19788e-15 0)
(400 -9.93076e-15 0)
(400 -7.35527e-16 0)
(400 2.5311e-15 0)
(400 -4.08482e-15 0)
(400 -2.73181e-14 0)
(400 -4.94223e-14 0)
(400 -7.38592e-14 0)
(400 -7.27619e-14 0)
(400 -4.75343e-14 0)
(400 -2.45567e-14 0)
(400 -1.2703e-14 0)
(400 -1.89239e-14 0)
(400 -1.95282e-14 0)
(400 -2.30089e-14 0)
(400 -2.44578e-14 0)
(400 -2.17189e-14 0)
(400 -2.69587e-14 0)
(400 -2.46454e-14 0)
(400 -2.11529e-14 0)
(400 -2.27646e-14 0)
(400 -1.43015e-14 0)
(400 5.23596e-15 0)
(400 5.51297e-15 0)
(400 1.11067e-14 0)
(400 1.84528e-14 0)
(400 3.32048e-14 0)
(400 3.92936e-14 0)
(400 4.9822e-14 0)
(400 6.06699e-14 0)
(400 6.80288e-14 0)
(400 7.05574e-14 0)
(400 6.75147e-14 0)
(400 7.30633e-14 0)
(400 7.23547e-14 0)
(400 5.46066e-14 0)
(400 4.02894e-14 0)
(400 2.94963e-14 0)
(400 2.85078e-14 0)
(400 3.20908e-14 0)
(400 1.90104e-14 0)
(400 1.23598e-14 0)
(400 1.47772e-14 0)
(400 1.48321e-14 0)
(400 1.70003e-14 0)
(400 1.45674e-14 0)
(400 1.03401e-14 0)
(400 1.33642e-14 0)
(400 1.33416e-14 0)
(400 3.90383e-14 0)
(400 2.64937e-14 0)
(400 1.83793e-14 0)
(400 1.97745e-14 0)
(400 3.72257e-14 0)
(400 4.43622e-14 0)
(400 3.36407e-14 0)
(400 2.37543e-14 0)
(400 1.62892e-14 0)
(400 1.79289e-14 0)
(400 2.69459e-14 0)
(400 1.44346e-14 0)
(400 1.00738e-14 0)
(400 3.24201e-15 0)
(400 6.55596e-15 0)
(400 -1.00584e-14 0)
(400 -1.89669e-14 0)
(400 -1.47403e-14 0)
(400 -7.662e-15 0)
(400 7.11677e-15 0)
(400 9.04043e-15 0)
(400 1.2192e-14 0)
(400 -2.4728e-15 0)
(400 -3.62266e-14 0)
(400 -6.30293e-14 0)
(400 -6.68523e-14 0)
(400 -7.26794e-14 0)
(400 -8.24256e-14 0)
(400 -8.76477e-14 0)
(400 -7.2656e-14 0)
(400 -5.39325e-14 0)
(400 -5.22378e-14 0)
(400 -5.42137e-14 0)
(400 -5.95158e-14 0)
(400 -6.37795e-14 0)
(400 -4.80657e-14 0)
(400 -5.2499e-14 0)
(400 -6.01928e-14 0)
(400 -6.09644e-14 0)
(400 -4.92626e-14 0)
(400 -2.79346e-14 0)
(400 -2.50025e-14 0)
(400 -3.68041e-14 0)
(400 -6.69157e-14 0)
(400 -8.22298e-14 0)
(400 -6.53647e-14 0)
(400 -6.37626e-14 0)
(400 -5.77106e-14 0)
(400 -4.45625e-14 0)
(400 -3.6376e-14 0)
(400 -3.07148e-14 0)
(400 -2.12511e-14 0)
(400 1.21554e-14 0)
(400 1.66915e-14 0)
(400 1.10295e-14 0)
(400 8.32891e-15 0)
(400 -4.17425e-15 0)
(400 -1.46711e-15 0)
(400 6.67224e-15 0)
(400 1.41025e-14 0)
(400 1.45747e-14 0)
(400 1.1727e-14 0)
(400 3.69773e-14 0)
(400 3.55013e-14 0)
(400 2.54808e-14 0)
(400 2.21576e-14 0)
(400 1.06489e-14 0)
(400 7.44384e-15 0)
(400 -1.37977e-14 0)
(400 -1.92282e-14 0)
(400 -4.27042e-17 0)
(400 2.39855e-15 0)
(400 1.85804e-14 0)
(400 2.25035e-14 0)
(400 1.76389e-14 0)
(400 1.68577e-14 0)
(400 4.0644e-15 0)
(400 -5.76844e-15 0)
(400 -1.57149e-14 0)
(400 -2.8865e-14 0)
(400 -3.04316e-14 0)
(400 -3.54087e-14 0)
(400 -3.58189e-14 0)
(400 -3.39916e-14 0)
(400 -3.26007e-14 0)
(400 -2.12315e-14 0)
(400 -2.75975e-15 0)
(400 -3.99451e-15 0)
(400 6.89029e-16 0)
(400 2.89177e-14 0)
(400 4.63692e-14 0)
(400 4.38915e-14 0)
(400 3.74464e-14 0)
(400 5.59375e-14 0)
(400 6.2809e-14 0)
(400 5.70674e-14 0)
(400 6.31898e-14 0)
(400 5.97718e-14 0)
(400 5.34935e-14 0)
(400 5.07316e-14 0)
(400 4.90747e-14 0)
(400 4.3128e-14 0)
(400 4.32889e-14 0)
(400 4.07542e-14 0)
(400 2.87058e-14 0)
(400 1.94238e-14 0)
(400 1.32615e-14 0)
(400 1.20447e-14 0)
(400 7.90243e-15 0)
(400 2.10306e-15 0)
(400 1.4566e-14 0)
(400 1.34238e-14 0)
(400 1.71843e-14 0)
(400 1.11548e-14 0)
(400 6.37275e-15 0)
(400 2.56643e-14 0)
(400 3.60443e-14 0)
(400 3.14891e-14 0)
(400 3.16949e-16 0)
(400 -1.78795e-14 0)
(400 -7.59767e-15 0)
(400 -7.73477e-16 0)
(400 -5.34082e-15 0)
(400 -1.19149e-14 0)
(400 -2.09147e-14 0)
(400 -1.57488e-14 0)
(400 -1.45227e-14 0)
(400 -1.82824e-14 0)
(400 -1.56485e-14 0)
(400 -2.58327e-14 0)
(400 -5.06262e-14 0)
(400 -5.25883e-14 0)
(400 -4.26063e-14 0)
(400 -4.02375e-14 0)
(400 -4.83443e-14 0)
(400 -3.85815e-14 0)
(400 -2.60521e-14 0)
(400 -5.69199e-15 0)
(400 4.77565e-15 0)
(400 -8.10755e-15 0)
(400 -1.61135e-14 0)
(400 9.752e-16 0)
(400 1.07865e-14 0)
(400 2.5818e-14 0)
(400 3.26888e-14 0)
(400 2.8103e-14 0)
(400 2.03052e-14 0)
(400 3.49434e-15 0)
(400 6.24303e-15 0)
(400 -1.94493e-14 0)
(400 -3.25676e-14 0)
(400 -2.54096e-14 0)
(400 -1.65782e-14 0)
(400 -1.77268e-14 0)
(400 -1.87722e-14 0)
(400 -9.24613e-15 0)
(400 -2.03358e-14 0)
(400 -3.99089e-14 0)
(400 -6.28381e-14 0)
(400 -6.27455e-14 0)
(400 -4.01079e-14 0)
(400 -2.03666e-14 0)
(400 -2.84599e-14 0)
(400 -4.45138e-14 0)
(400 -5.97491e-14 0)
(400 -6.5114e-14 0)
(400 -6.45604e-14 0)
(400 -5.80772e-14 0)
(400 -4.80936e-14 0)
(400 -4.42901e-14 0)
(400 -4.00024e-14 0)
(400 -3.44539e-14 0)
(400 -2.38981e-14 0)
(400 -1.63235e-15 0)
(400 1.07424e-14 0)
(400 2.2212e-14 0)
(400 2.6791e-14 0)
(400 4.00617e-14 0)
(400 5.50664e-14 0)
(400 7.94332e-14 0)
(400 8.80616e-14 0)
(400 7.72623e-14 0)
(400 6.60655e-14 0)
(400 6.64393e-14 0)
(400 6.22144e-14 0)
(400 6.3345e-14 0)
(400 6.15432e-14 0)
(400 6.07588e-14 0)
(400 5.28176e-14 0)
(400 5.15216e-14 0)
(400 3.57642e-14 0)
(400 1.97823e-14 0)
(400 1.41386e-14 0)
(400 2.70888e-14 0)
(400 1.82916e-14 0)
(400 1.08494e-14 0)
(400 -4.17887e-15 0)
(400 -1.55248e-14 0)
(400 -3.36148e-15 0)
(400 -6.77132e-15 0)
(400 -6.55639e-15 0)
(400 -5.40694e-15 0)
(400 4.21697e-15 0)
(400 2.67026e-14 0)
(400 4.01926e-14 0)
(400 3.36841e-14 0)
(400 1.90574e-14 0)
(400 1.61537e-14 0)
(400 2.65582e-14 0)
(400 2.4007e-14 0)
(400 2.00366e-14 0)
(400 9.64396e-15 0)
(400 1.18903e-14 0)
(400 1.74393e-14 0)
(400 2.35072e-14 0)
(400 2.82908e-14 0)
(400 4.59836e-15 0)
(400 -6.33015e-15 0)
(400 -3.00746e-15 0)
(400 1.00844e-14 0)
(400 8.72544e-15 0)
(400 -1.60459e-14 0)
(400 -1.49244e-14 0)
(400 -4.01699e-14 0)
(400 -5.1612e-14 0)
(400 -7.45103e-14 0)
(400 -8.12196e-14 0)
(400 -9.11261e-14 0)
(400 -6.85835e-14 0)
(400 -4.04051e-14 0)
(400 -4.3793e-14 0)
(400 -5.71134e-14 0)
(400 -5.01056e-14 0)
(400 -5.59259e-14 0)
(400 -5.56836e-14 0)
(400 -5.35316e-14 0)
(400 -6.45607e-14 0)
(400 -7.60406e-14 0)
(400 -8.20475e-14 0)
(400 -7.53989e-14 0)
(400 -7.84848e-14 0)
(400 -9.86556e-14 0)
(400 -9.62142e-14 0)
(400 -1.12466e-13 0)
(400 -1.22798e-13 0)
(400 -1.21528e-13 0)
(400 -1.23222e-13 0)
(400 -1.05211e-13 0)
(400 -9.37917e-14 0)
(400 -9.75069e-14 0)
(400 -8.56338e-14 0)
(400 -7.23111e-14 0)
(400 -6.95847e-14 0)
(400 -5.81798e-14 0)
(400 -4.13465e-14 0)
(400 -3.32993e-14 0)
(400 -3.28632e-14 0)
(400 -3.44996e-14 0)
(400 -2.17301e-14 0)
(400 -1.58649e-14 0)
(400 -2.14014e-14 0)
(400 -6.02524e-15 0)
(400 2.18159e-14 0)
(400 3.5355e-14 0)
(400 3.54188e-14 0)
(400 3.62248e-14 0)
(400 4.22861e-14 0)
(400 3.45328e-14 0)
(400 1.65078e-14 0)
(400 4.37865e-15 0)
(400 4.20761e-15 0)
(400 1.44473e-14 0)
(400 2.15903e-14 0)
(400 2.52212e-14 0)
(400 3.26518e-14 0)
(400 3.11498e-14 0)
(400 1.53117e-14 0)
(400 -8.57575e-15 0)
(400 -3.12205e-14 0)
(400 -2.81677e-14 0)
(400 -2.77267e-14 0)
(400 -2.37011e-14 0)
(400 -1.40388e-14 0)
(400 -1.7129e-15 0)
(400 5.69007e-15 0)
(400 -3.72566e-15 0)
(400 -6.63411e-16 0)
(400 -1.06332e-14 0)
(400 -2.61946e-15 0)
(400 1.47157e-14 0)
(400 2.19264e-14 0)
(400 1.22347e-14 0)
(400 1.85954e-14 0)
(400 4.40855e-14 0)
(400 3.47882e-14 0)
(400 3.70158e-14 0)
(400 5.31757e-14 0)
(400 3.62321e-14 0)
(400 3.04907e-14 0)
(400 5.80103e-14 0)
(400 5.45079e-14 0)
(400 3.31638e-14 0)
(400 2.80153e-14 0)
(400 3.50866e-14 0)
(400 3.17728e-14 0)
(400 3.21952e-14 0)
(400 2.62706e-14 0)
(400 1.74353e-15 0)
(400 -1.07938e-14 0)
(400 -1.22541e-14 0)
(400 -8.29742e-15 0)
(400 -1.47291e-14 0)
(400 -9.65656e-15 0)
(400 -7.97774e-15 0)
(400 -9.44354e-16 0)
(400 3.30339e-15 0)
(400 -5.58783e-16 0)
(400 1.09715e-15 0)
(400 -7.56699e-15 0)
(400 -6.15848e-15 0)
(400 9.17762e-15 0)
(400 2.83155e-15 0)
(400 -1.52811e-14 0)
(400 -2.38239e-14 0)
(400 -1.23364e-14 0)
(400 6.82529e-15 0)
(400 -3.1678e-15 0)
(400 7.07371e-15 0)
(400 1.67881e-14 0)
(400 2.0451e-14 0)
(400 1.34472e-14 0)
(400 5.40573e-15 0)
(400 -4.31254e-15 0)
(400 -2.91183e-14 0)
(400 -4.03461e-14 0)
(400 -3.00738e-14 0)
(400 -2.03248e-14 0)
(400 -2.72624e-14 0)
(400 -3.8659e-14 0)
(400 -3.49843e-14 0)
(400 -3.58157e-14 0)
(400 -2.76288e-14 0)
(400 -1.7959e-14 0)
(400 -2.49509e-14 0)
(400 -2.66185e-14 0)
(400 -1.39655e-14 0)
(400 -1.78436e-14 0)
(400 -2.54995e-14 0)
(400 -1.6101e-14 0)
(400 -1.28756e-14 0)
(400 -2.94663e-14 0)
(400 -2.46623e-14 0)
(400 -7.4933e-15 0)
(400 -6.36515e-15 0)
(400 -1.14028e-14 0)
(400 4.31953e-15 0)
(400 7.02981e-15 0)
(400 -5.92272e-16 0)
(400 5.21983e-15 0)
(400 6.82553e-15 0)
(400 1.66741e-14 0)
(400 2.18694e-14 0)
(400 1.39096e-14 0)
(400 2.47798e-14 0)
(400 1.31567e-14 0)
(400 -2.53702e-14 0)
(400 -2.10161e-14 0)
(400 -1.06101e-14 0)
(400 5.62585e-15 0)
(400 1.4518e-14 0)
(400 1.95924e-14 0)
(400 3.15234e-14 0)
(400 3.8731e-14 0)
(400 5.12398e-14 0)
(400 6.37757e-14 0)
(400 6.857e-14 0)
(400 7.32739e-14 0)
(400 8.01545e-14 0)
(400 8.87371e-14 0)
(400 1.02365e-13 0)
(400 9.9651e-14 0)
(400 8.10876e-14 0)
(400 7.33333e-14 0)
(400 8.32386e-14 0)
(400 7.12983e-14 0)
(400 5.75554e-14 0)
(400 5.3314e-14 0)
(400 4.23095e-14 0)
(400 2.42681e-14 0)
(400 3.87473e-15 0)
(400 -1.76952e-14 0)
(400 -2.15479e-14 0)
(400 -9.74446e-15 0)
(400 -7.59236e-15 0)
(400 -2.53946e-14 0)
(400 -5.10588e-14 0)
(400 -6.10271e-14 0)
(400 -4.43615e-14 0)
(400 -3.0802e-14 0)
(400 -4.40157e-14 0)
(400 -5.71676e-14 0)
(400 -2.46659e-14 0)
(400 3.22212e-15 0)
(400 2.14953e-14 0)
(400 1.27455e-14 0)
(400 7.05404e-15 0)
(400 2.60904e-14 0)
(400 3.99783e-14 0)
(400 4.63041e-14 0)
(400 8.18727e-15 0)
(400 -2.42771e-14 0)
(400 -1.8085e-14 0)
(400 -1.93324e-14 0)
(400 -8.7212e-15 0)
(400 -1.74752e-14 0)
(400 -5.42899e-15 0)
(400 -2.32124e-15 0)
(400 3.65393e-15 0)
(400 7.78433e-15 0)
(400 -3.44592e-15 0)
(400 -7.51466e-15 0)
(400 -2.41643e-14 0)
(400 -2.08576e-14 0)
(400 -1.99434e-14 0)
(400 -3.19437e-14 0)
(400 -4.95486e-14 0)
(400 -5.68039e-14 0)
(400 -6.08782e-14 0)
(400 -5.49295e-14 0)
(400 -5.40411e-14 0)
(400 -6.04705e-14 0)
(400 -5.72469e-14 0)
(400 -4.7257e-14 0)
(400 -3.36242e-14 0)
(400 -2.20056e-14 0)
(400 -2.15538e-14 0)
(400 -2.9372e-14 0)
(400 -2.84198e-14 0)
(400 -3.95995e-14 0)
(400 -5.33832e-14 0)
(400 -6.37521e-14 0)
(400 -6.6331e-14 0)
(400 -6.77856e-14 0)
(400 -7.11639e-14 0)
(400 -7.30593e-14 0)
(400 -7.04728e-14 0)
(400 -6.38828e-14 0)
(400 -6.36483e-14 0)
(400 -6.92343e-14 0)
(400 -8.35238e-14 0)
(400 -7.94954e-14 0)
(400 -7.26034e-14 0)
(400 -7.46171e-14 0)
(400 -4.75261e-14 0)
(400 -2.35732e-14 0)
(400 -1.62756e-14 0)
(400 -5.26377e-15 0)
(400 8.30731e-15 0)
(400 1.86015e-14 0)
(400 1.23142e-14 0)
(400 1.21472e-14 0)
(400 2.7613e-14 0)
(400 4.11992e-14 0)
(400 4.73851e-14 0)
(400 5.80342e-14 0)
(400 5.53445e-14 0)
(400 5.84596e-14 0)
(400 6.97803e-14 0)
(400 7.56007e-14 0)
(400 6.16774e-14 0)
(400 3.58909e-14 0)
(400 2.20844e-14 0)
(400 2.51281e-14 0)
(400 3.41892e-14 0)
(400 4.28381e-14 0)
(400 3.5898e-14 0)
(400 1.20872e-14 0)
(400 -8.72609e-15 0)
(400 -1.99234e-14 0)
(400 -2.5874e-14 0)
(400 -3.98218e-14 0)
(400 -4.93056e-14 0)
(400 -3.64687e-14 0)
(400 -1.78315e-14 0)
(400 -1.01625e-14 0)
(400 -2.20458e-14 0)
(400 -3.68235e-14 0)
(400 4.15625e-15 0)
(400 2.14938e-14 0)
(400 3.19741e-15 0)
(400 -1.7063e-15 0)
(400 4.17401e-15 0)
(400 2.34552e-14 0)
(400 1.88343e-14 0)
(400 -1.88364e-15 0)
(400 6.33027e-15 0)
(400 1.25631e-14 0)
(400 1.40314e-14 0)
(400 1.8217e-14 0)
(400 2.69779e-14 0)
(400 4.36592e-14 0)
(400 4.23902e-14 0)
(400 4.02708e-15 0)
(400 4.5595e-15 0)
(400 2.89974e-16 0)
(400 -7.33e-15 0)
(400 1.51936e-15 0)
(400 -1.12017e-14 0)
(400 -2.46068e-14 0)
(400 -4.29812e-14 0)
(400 -4.27506e-14 0)
(400 -4.80804e-14 0)
(400 -4.78239e-14 0)
(400 -2.86902e-14 0)
(400 -4.67873e-15 0)
(400 -1.98706e-14 0)
(400 -3.0394e-14 0)
(400 -1.95512e-14 0)
(400 -1.3833e-14 0)
(400 -1.03729e-14 0)
(400 -1.18881e-14 0)
(400 -2.31837e-14 0)
(400 -3.32566e-14 0)
(400 -2.11362e-14 0)
(400 -6.25696e-15 0)
(400 5.28918e-15 0)
(400 6.58781e-15 0)
(400 -7.26988e-15 0)
(400 -1.75861e-15 0)
(400 2.37469e-14 0)
(400 3.90409e-14 0)
(400 2.97571e-14 0)
(400 2.41062e-15 0)
(400 -8.25198e-15 0)
(400 6.76442e-15 0)
(400 1.38284e-14 0)
(400 1.39864e-14 0)
(400 -5.09392e-15 0)
(400 -3.56111e-14 0)
(400 -3.56542e-14 0)
(400 -2.83683e-14 0)
(400 -4.81816e-14 0)
(400 -7.15033e-14 0)
(400 -8.94119e-14 0)
(400 -9.22958e-14 0)
(400 -9.07083e-14 0)
(400 -1.04218e-13 0)
(400 -1.10998e-13 0)
(400 -1.20881e-13 0)
(400 -9.75072e-14 0)
(400 -9.80028e-14 0)
(400 -1.06676e-13 0)
(400 -1.10327e-13 0)
(400 -1.01793e-13 0)
(400 -8.30463e-14 0)
(400 -6.31267e-14 0)
(400 -5.13234e-14 0)
(400 -4.88698e-14 0)
(400 -3.45073e-14 0)
(400 -3.72348e-14 0)
(400 -4.35167e-14 0)
(400 -4.81801e-14 0)
(400 -4.36661e-14 0)
(400 -3.41638e-14 0)
(400 -2.83484e-14 0)
(400 -2.99733e-14 0)
(400 -2.94813e-14 0)
(400 -2.13595e-14 0)
(400 -3.48708e-15 0)
(400 -7.13042e-15 0)
(400 -2.02721e-14 0)
(400 -1.21783e-14 0)
(400 1.57097e-14 0)
(400 1.7674e-14 0)
(400 2.53351e-14 0)
(400 3.22531e-14 0)
(400 3.69384e-14 0)
(400 4.18454e-14 0)
(400 5.30844e-14 0)
(400 3.83529e-14 0)
(400 1.30002e-14 0)
(400 2.01788e-14 0)
(400 3.13441e-14 0)
(400 3.25014e-14 0)
(400 2.7665e-14 0)
(400 -5.78447e-15 0)
(400 -8.14601e-15 0)
(400 -4.01303e-15 0)
(400 -5.38731e-15 0)
(400 -2.68129e-14 0)
(400 -4.7714e-14 0)
(400 -5.15167e-14 0)
(400 -4.233e-14 0)
(400 -4.87508e-14 0)
(400 -6.30777e-14 0)
(400 -8.94424e-14 0)
(400 -7.52293e-14 0)
(400 -5.50521e-14 0)
(400 -4.76161e-14 0)
(400 -5.52636e-14 0)
(400 -5.5897e-14 0)
(400 -2.99544e-14 0)
(400 -8.21605e-15 0)
(400 1.63944e-15 0)
(400 -1.06226e-14 0)
(400 -2.06367e-14 0)
(400 9.67856e-16 0)
(400 2.06995e-14 0)
(400 1.71433e-14 0)
(400 -1.06198e-16 0)
(400 -1.06242e-14 0)
(400 -1.36662e-14 0)
(400 -1.64401e-14 0)
(400 -1.16088e-14 0)
(400 -2.64864e-14 0)
(400 -4.23122e-14 0)
(400 -1.24648e-14 0)
(400 1.55397e-14 0)
(400 2.8217e-14 0)
(400 2.14192e-14 0)
(400 1.45661e-14 0)
(400 1.71732e-14 0)
(400 8.39688e-15 0)
(400 2.00584e-14 0)
(400 1.63752e-14 0)
(400 2.11232e-14 0)
(400 2.40986e-14 0)
(400 1.3558e-14 0)
(400 -7.93651e-15 0)
(400 -3.50688e-14 0)
(400 -4.92795e-14 0)
(400 -4.68052e-14 0)
(400 -5.1798e-14 0)
(400 -4.90286e-14 0)
(400 -4.82977e-14 0)
(400 -5.63227e-14 0)
(400 -5.49152e-14 0)
(400 -4.86162e-14 0)
(400 -4.53187e-14 0)
(400 -4.01521e-14 0)
(400 -5.20953e-14 0)
(400 -6.07253e-14 0)
(400 -8.25027e-14 0)
(400 -7.87843e-14 0)
(400 -7.87157e-14 0)
(400 -9.27731e-14 0)
(400 -9.60494e-14 0)
(400 -1.25308e-13 0)
(400 -1.42863e-13 0)
(400 -1.38115e-13 0)
(400 -1.31242e-13 0)
(400 -1.22769e-13 0)
(400 -1.29304e-13 0)
(400 -1.21701e-13 0)
(400 -1.14781e-13 0)
(400 -1.1022e-13 0)
(400 -9.01811e-14 0)
(400 -6.86817e-14 0)
(400 -7.24289e-14 0)
(400 -7.13761e-14 0)
(400 -5.02962e-14 0)
(400 -2.5141e-14 0)
(400 -2.64941e-14 0)
(400 -2.45564e-14 0)
(400 -2.27458e-14 0)
(400 -3.1775e-14 0)
(400 -3.42256e-14 0)
(400 -2.06129e-14 0)
(400 -1.17057e-14 0)
(400 -1.8019e-14 0)
(400 -2.91423e-14 0)
(400 -3.01682e-14 0)
(400 -3.45355e-14 0)
(400 -2.00388e-14 0)
(400 -7.0881e-15 0)
(400 -1.87691e-14 0)
(400 -3.973e-14 0)
(400 -2.12941e-14 0)
(400 -8.931e-15 0)
(400 -1.2094e-14 0)
(400 -1.20079e-14 0)
(400 -9.64668e-15 0)
(400 -1.40644e-14 0)
(400 8.46649e-15 0)
(400 2.25471e-14 0)
(400 1.95166e-14 0)
(400 9.21916e-15 0)
(400 -3.53864e-15 0)
(400 1.47265e-15 0)
(400 -1.0088e-14 0)
(400 -2.36924e-14 0)
(400 -1.78216e-14 0)
(400 -3.14254e-16 0)
(400 -2.97827e-15 0)
(400 -5.2177e-15 0)
(400 6.02221e-15 0)
(400 1.7599e-14 0)
(400 3.80803e-14 0)
(400 3.97999e-14 0)
(400 2.47745e-14 0)
(400 3.09089e-14 0)
(400 2.46367e-14 0)
(400 1.52953e-14 0)
(400 7.1657e-15 0)
(400 -2.6386e-15 0)
(400 -2.63976e-14 0)
(400 -5.14134e-14 0)
(400 -5.28874e-14 0)
(400 -4.62585e-14 0)
(400 -4.24373e-14 0)
(400 -5.41329e-14 0)
(400 -4.64769e-14 0)
(400 -4.83908e-14 0)
(400 -2.88914e-14 0)
(400 9.99901e-17 0)
(400 4.08912e-15 0)
(400 -5.45601e-15 0)
(400 -8.16154e-15 0)
(400 -1.20375e-14 0)
(400 -1.41772e-14 0)
(400 -2.76776e-14 0)
(400 -3.47222e-14 0)
(400 -3.80429e-14 0)
(400 -3.43903e-14 0)
(400 -2.95912e-14 0)
(400 -1.84543e-14 0)
(400 2.03745e-15 0)
(400 -4.65111e-15 0)
(400 -1.68135e-14 0)
(400 -4.50449e-15 0)
(400 2.62575e-14 0)
(400 4.44902e-14 0)
(400 2.00694e-14 0)
(400 1.12902e-14 0)
(400 2.51425e-14 0)
(400 3.53892e-14 0)
(400 5.2135e-14 0)
(400 6.04006e-14 0)
(400 6.19454e-14 0)
(400 6.24961e-14 0)
(400 5.67439e-14 0)
(400 3.87277e-14 0)
(400 -5.19768e-15 0)
(400 -2.23014e-14 0)
(400 -2.77342e-14 0)
(400 -4.18156e-14 0)
(400 -6.59345e-14 0)
(400 -9.46904e-14 0)
(400 -1.06497e-13 0)
(400 -9.70804e-14 0)
(400 -8.93116e-14 0)
(400 -1.04591e-13 0)
(400 -1.17902e-13 0)
(400 -1.10331e-13 0)
(400 -8.35979e-14 0)
(400 -6.06289e-14 0)
(400 -5.14388e-14 0)
(400 -4.22905e-14 0)
(400 -4.16305e-14 0)
(400 -4.1443e-14 0)
(400 -3.97135e-14 0)
(400 -5.46486e-14 0)
(400 -5.15216e-14 0)
(400 -4.68791e-14 0)
(400 -3.98148e-14 0)
(400 -9.22288e-15 0)
(400 -8.12513e-15 0)
(400 -1.83825e-14 0)
(400 -2.92712e-14 0)
(400 -2.74205e-14 0)
(400 -2.65957e-14 0)
(400 -3.32757e-14 0)
(400 -3.00282e-14 0)
(400 -4.09314e-14 0)
(400 -2.34136e-14 0)
(400 -1.10845e-15 0)
(400 4.63618e-15 0)
(400 1.06345e-14 0)
(400 1.26913e-14 0)
(400 5.88006e-15 0)
(400 3.21806e-16 0)
(400 -2.06716e-15 0)
(400 3.329e-15 0)
(400 9.40154e-15 0)
(400 6.58973e-15 0)
(400 -1.05558e-14 0)
(400 -1.57463e-14 0)
(400 -1.03034e-14 0)
(400 5.64225e-15 0)
(400 -9.3239e-15 0)
(400 -3.46134e-14 0)
(400 -4.00683e-14 0)
(400 -2.3213e-14 0)
(400 -2.17363e-14 0)
(400 -3.3312e-14 0)
(400 -4.5456e-14 0)
(400 -4.28332e-14 0)
(400 -4.11085e-14 0)
(400 -4.34433e-14 0)
(400 -4.15578e-14 0)
(400 -4.07493e-14 0)
(400 -4.10883e-14 0)
(400 -4.41615e-14 0)
(400 -3.99834e-14 0)
(400 -4.38162e-14 0)
(400 -4.52441e-14 0)
(400 -4.7287e-14 0)
(400 -3.85831e-14 0)
(400 -3.6846e-14 0)
(400 -1.90844e-14 0)
(400 -1.287e-15 0)
(400 -2.54269e-15 0)
(400 1.47397e-15 0)
(400 -1.33319e-14 0)
(400 -1.23751e-14 0)
(400 -5.47239e-15 0)
(400 2.38672e-15 0)
(400 6.97971e-15 0)
(400 1.65581e-14 0)
(400 3.55265e-14 0)
(400 5.23648e-14 0)
(400 5.46434e-14 0)
(400 6.08658e-14 0)
(400 7.88794e-14 0)
(400 9.90449e-14 0)
(400 1.07956e-13 0)
(400 8.97415e-14 0)
(400 6.92988e-14 0)
(400 5.88926e-14 0)
(400 3.99968e-14 0)
(400 3.71033e-14 0)
(400 3.02822e-14 0)
(400 2.4229e-14 0)
(400 3.41051e-14 0)
(400 3.09947e-14 0)
(400 3.03235e-14 0)
(400 3.40553e-14 0)
(400 2.56824e-14 0)
(400 3.0969e-14 0)
(400 4.28041e-14 0)
(400 4.13961e-14 0)
(400 1.35766e-14 0)
(400 -1.04051e-14 0)
(400 -1.67192e-14 0)
(400 -2.96166e-14 0)
(400 -3.5018e-14 0)
(400 -4.88542e-14 0)
(400 -5.61153e-14 0)
(400 -5.66294e-14 0)
(400 -3.68188e-14 0)
(400 -3.01011e-14 0)
(400 -3.92494e-14 0)
(400 -3.9755e-14 0)
(400 -4.65115e-14 0)
(400 -5.20406e-14 0)
(400 -6.56823e-14 0)
(400 -7.5507e-14 0)
(400 -6.76809e-14 0)
(400 -5.34782e-14 0)
(400 -3.90517e-14 0)
(400 -3.13131e-14 0)
(400 -2.10733e-14 0)
(400 -1.11887e-14 0)
(400 -1.50321e-14 0)
(400 -3.44264e-14 0)
(400 -4.44252e-14 0)
(400 -4.41739e-14 0)
(400 -5.1573e-14 0)
(400 -5.15895e-14 0)
(400 -4.57525e-14 0)
(400 -3.88295e-14 0)
(400 -2.62947e-14 0)
(400 -1.84409e-14 0)
(400 -9.91413e-15 0)
(400 -1.64016e-14 0)
(400 -2.88111e-14 0)
(400 -4.09611e-14 0)
(400 -9.85008e-15 0)
(400 -7.06422e-15 0)
(400 -1.63085e-14 0)
(400 -6.23421e-15 0)
(400 7.83884e-15 0)
(400 7.76235e-15 0)
(400 2.15108e-14 0)
(400 2.74813e-14 0)
(400 2.50947e-14 0)
(400 1.43803e-14 0)
(400 -1.44801e-14 0)
(400 -3.34565e-14 0)
(400 -3.14295e-14 0)
(400 -3.16756e-14 0)
(400 -3.01109e-14 0)
(400 -2.30312e-14 0)
(400 -6.21385e-15 0)
(400 2.28254e-14 0)
(400 1.635e-14 0)
(400 1.57441e-14 0)
(400 2.78861e-14 0)
(400 4.15234e-14 0)
(400 4.41298e-14 0)
(400 1.98312e-14 0)
(400 -7.58545e-15 0)
(400 -5.97064e-15 0)
(400 -1.26701e-14 0)
(400 -1.89376e-14 0)
(400 -4.01246e-14 0)
(400 -5.57127e-14 0)
(400 -4.72257e-14 0)
(400 -2.89518e-14 0)
(400 -5.78774e-15 0)
(400 -2.55147e-14 0)
(400 -3.88505e-14 0)
(400 -4.27461e-14 0)
(400 -4.11557e-14 0)
(400 -4.6056e-14 0)
(400 -3.59288e-14 0)
(400 -4.50842e-14 0)
(400 -4.85374e-14 0)
(400 -4.65586e-14 0)
(400 -5.45235e-14 0)
(400 -6.75008e-14 0)
(400 -5.69422e-14 0)
(400 -5.36931e-14 0)
(400 -4.29628e-14 0)
(400 -7.05011e-15 0)
(400 1.7189e-14 0)
(400 3.75864e-14 0)
(400 4.21215e-14 0)
(400 2.41689e-14 0)
(400 1.87361e-14 0)
(400 3.46325e-14 0)
(400 6.11983e-14 0)
(400 5.93265e-14 0)
(400 4.26648e-14 0)
(400 3.53936e-14 0)
(400 3.64166e-14 0)
(400 3.52681e-14 0)
(400 2.91422e-14 0)
(400 3.06106e-14 0)
(400 3.83815e-14 0)
(400 3.50705e-14 0)
(400 2.83166e-14 0)
(400 3.7499e-15 0)
(400 -2.27392e-14 0)
(400 -4.07482e-14 0)
(400 -6.11688e-14 0)
(400 -7.64898e-14 0)
(400 -8.88464e-14 0)
(400 -9.55802e-14 0)
(400 -9.84997e-14 0)
(400 -9.40144e-14 0)
(400 -8.92175e-14 0)
(400 -8.2001e-14 0)
(400 -6.22758e-14 0)
(400 -5.75112e-14 0)
(400 -5.49114e-14 0)
(400 -2.78679e-14 0)
(400 -6.51196e-15 0)
(400 -3.6743e-15 0)
(400 -6.15309e-15 0)
(400 2.19165e-16 0)
(400 -1.43913e-14 0)
(400 -1.89988e-14 0)
(400 -1.27815e-14 0)
(400 -1.72098e-14 0)
(400 -2.57322e-14 0)
(400 -3.23555e-14 0)
(400 -4.60067e-14 0)
(400 -5.75656e-14 0)
(400 -4.2007e-14 0)
(400 -1.49938e-14 0)
(400 -5.98725e-15 0)
(400 -1.45447e-14 0)
(400 -6.33249e-15 0)
(400 3.59319e-15 0)
(400 6.91026e-15 0)
(400 1.52441e-14 0)
(400 7.17018e-15 0)
(400 -1.14952e-14 0)
(400 2.71623e-15 0)
(400 3.07427e-14 0)
(400 3.36562e-14 0)
(400 2.22058e-14 0)
(400 9.76541e-15 0)
(400 1.06628e-16 0)
(400 8.3943e-15 0)
(400 3.62346e-15 0)
(400 2.89038e-16 0)
(400 -4.89478e-15 0)
(400 -2.62386e-14 0)
(400 -3.09007e-14 0)
(400 -2.22339e-14 0)
(400 -2.06948e-14 0)
(400 -2.68144e-14 0)
(400 -2.20604e-14 0)
(400 -1.8556e-14 0)
(400 -2.68564e-14 0)
(400 -3.22175e-14 0)
(400 -4.57913e-14 0)
(400 -4.85011e-14 0)
(400 -3.84505e-14 0)
(400 -3.26247e-14 0)
(400 -4.17157e-14 0)
(400 -5.24472e-14 0)
(400 -3.76658e-14 0)
(400 -1.32939e-14 0)
(400 -1.16154e-14 0)
(400 -2.85065e-14 0)
(400 -2.84748e-14 0)
(400 -1.02954e-14 0)
(400 6.48091e-15 0)
(400 1.74046e-14 0)
(400 1.95348e-14 0)
(400 4.77484e-15 0)
(400 1.73228e-14 0)
(400 4.28281e-14 0)
(400 3.1953e-14 0)
(400 1.56795e-14 0)
(400 5.28171e-15 0)
(400 1.41253e-14 0)
(400 4.43834e-14 0)
(400 5.82268e-14 0)
(400 5.24884e-14 0)
(400 3.98651e-14 0)
(400 4.09881e-14 0)
(400 3.61169e-14 0)
(400 3.57667e-17 0)
(400 -2.6487e-14 0)
(400 -4.60035e-14 0)
(400 -6.38714e-14 0)
(400 -4.72632e-14 0)
(400 -3.49353e-14 0)
(400 -3.26541e-14 0)
(400 -2.44381e-14 0)
(400 -1.60662e-14 0)
(400 2.67139e-15 0)
(400 1.86496e-14 0)
(400 7.09796e-15 0)
(400 -5.33672e-15 0)
(400 -8.84711e-15 0)
(400 2.85333e-15 0)
(400 -1.15272e-14 0)
(400 -2.42873e-14 0)
(400 -4.62986e-14 0)
(400 -6.92179e-14 0)
(400 -6.61913e-14 0)
(400 -8.09863e-14 0)
(400 -8.20164e-14 0)
(400 -8.17219e-14 0)
(400 -8.41753e-14 0)
(400 -8.0247e-14 0)
(400 -1.00783e-13 0)
(400 -9.63764e-14 0)
(400 -9.15755e-14 0)
(400 -1.02602e-13 0)
(400 -1.1794e-13 0)
(400 -1.18556e-13 0)
(400 -1.02959e-13 0)
(400 -6.82542e-14 0)
(400 -5.8094e-14 0)
(400 -5.27712e-14 0)
(400 -4.88181e-14 0)
(400 -5.48688e-14 0)
(400 -5.90822e-14 0)
(400 -5.97599e-14 0)
(400 -6.50914e-14 0)
(400 -7.68765e-14 0)
(400 -9.21661e-14 0)
(400 -7.56716e-14 0)
(400 -7.18071e-14 0)
(400 -8.09386e-14 0)
(400 -7.34331e-14 0)
(400 -5.41911e-14 0)
(400 -4.24326e-14 0)
(400 -3.21494e-14 0)
(400 -1.90919e-14 0)
(400 1.15781e-14 0)
(400 2.273e-14 0)
(400 2.64563e-14 0)
(400 1.45951e-14 0)
(400 1.52898e-14 0)
(400 2.75203e-14 0)
(400 4.38275e-14 0)
(400 5.97124e-14 0)
(400 7.37691e-14 0)
(400 7.89368e-14 0)
(400 7.18512e-14 0)
(400 2.20669e-15 0)
(400 -1.65199e-14 0)
(400 -3.7539e-14 0)
(400 -4.28176e-14 0)
(400 -4.1633e-14 0)
(400 -5.03162e-14 0)
(400 -4.65675e-14 0)
(400 -3.76039e-14 0)
(400 -3.64841e-14 0)
(400 -1.5677e-14 0)
(400 7.90238e-15 0)
(400 2.94764e-14 0)
(400 3.46707e-14 0)
(400 1.12846e-14 0)
(400 2.2985e-15 0)
(400 5.27775e-15 0)
(400 -1.87007e-14 0)
(400 -3.17672e-14 0)
(400 -3.99591e-14 0)
(400 -3.96177e-14 0)
(400 -2.01071e-14 0)
(400 -9.67139e-15 0)
(400 -1.02361e-14 0)
(400 -1.2612e-14 0)
(400 -1.86877e-14 0)
(400 -1.89881e-14 0)
(400 -3.8709e-14 0)
(400 -6.92964e-14 0)
(400 -7.6123e-14 0)
(400 -7.68172e-14 0)
(400 -9.38295e-14 0)
(400 -1.02864e-13 0)
(400 -1.10191e-13 0)
(400 -1.08481e-13 0)
(400 -8.88799e-14 0)
(400 -7.31087e-14 0)
(400 -4.84558e-14 0)
(400 -1.68336e-16 0)
(400 3.64327e-14 0)
(400 6.01858e-14 0)
(400 6.89302e-14 0)
(400 7.94614e-14 0)
(400 7.06854e-14 0)
(400 6.82499e-14 0)
(400 8.25992e-14 0)
(400 9.56385e-14 0)
(400 8.1678e-14 0)
(400 6.99594e-14 0)
(400 8.38328e-14 0)
(400 7.91112e-14 0)
(400 6.60921e-14 0)
(400 4.71575e-14 0)
(400 4.58931e-14 0)
(400 4.53523e-14 0)
(400 3.57766e-14 0)
(400 2.01655e-14 0)
(400 -2.46646e-14 0)
(400 -4.74473e-14 0)
(400 -5.59627e-14 0)
(400 -7.64335e-14 0)
(400 -8.92689e-14 0)
(400 -1.11542e-13 0)
(400 -1.28029e-13 0)
(400 -1.26853e-13 0)
(400 -1.16279e-13 0)
(400 -9.58634e-14 0)
(400 -7.28503e-14 0)
(400 -6.29894e-14 0)
(400 -7.42418e-14 0)
(400 -6.25355e-14 0)
(400 -3.55835e-14 0)
(400 -1.62234e-14 0)
(400 -1.09107e-14 0)
(400 -2.44553e-14 0)
(400 -4.23737e-14 0)
(400 -4.50781e-14 0)
(400 -4.74952e-14 0)
(400 -4.85589e-14 0)
(400 -5.51653e-14 0)
(400 -5.23646e-14 0)
(400 -4.9326e-14 0)
(400 -4.58917e-14 0)
(400 -4.4266e-14 0)
(400 -2.75177e-14 0)
(400 -2.09481e-14 0)
(400 -3.24508e-14 0)
(400 -3.52306e-14 0)
(400 -4.81591e-14 0)
(400 -6.20235e-14 0)
(400 -6.59377e-14 0)
(400 -8.58863e-14 0)
(400 -9.95596e-14 0)
(400 -1.03676e-13 0)
(400 -8.70312e-14 0)
(400 -6.12077e-14 0)
(400 -5.60217e-14 0)
(400 -5.97775e-14 0)
(400 -6.26324e-14 0)
(400 -6.1675e-14 0)
(400 -8.09806e-14 0)
(400 -1.01405e-13 0)
(400 -1.25439e-13 0)
(400 -1.33209e-13 0)
(400 -1.22452e-13 0)
(400 -1.07057e-13 0)
(400 -1.26124e-13 0)
(400 -1.19818e-13 0)
(400 -8.89376e-14 0)
(400 -6.59018e-14 0)
(400 -7.13371e-14 0)
(400 -8.29216e-14 0)
(400 -9.82253e-14 0)
(400 -8.19912e-14 0)
(400 -6.76975e-14 0)
(400 -6.70684e-14 0)
(400 -7.49751e-14 0)
(400 -8.2192e-14 0)
(400 -4.59484e-14 0)
(400 -2.20028e-14 0)
(400 -1.07004e-14 0)
(400 -2.55283e-14 0)
(400 -3.14593e-14 0)
(400 -9.36639e-15 0)
(400 -9.1172e-16 0)
(400 8.23463e-15 0)
(400 3.646e-15 0)
(400 -4.84809e-15 0)
(400 6.30242e-15 0)
(400 2.86472e-15 0)
(400 1.40611e-14 0)
(400 2.21884e-14 0)
(400 2.04718e-14 0)
(400 2.04622e-14 0)
(400 4.65815e-14 0)
(400 8.6196e-14 0)
(400 8.52165e-14 0)
(400 6.86732e-14 0)
(400 6.80294e-14 0)
(400 6.63713e-14 0)
(400 6.56256e-14 0)
(400 4.54476e-14 0)
(400 1.50567e-14 0)
(400 7.86128e-15 0)
(400 2.71264e-14 0)
(400 5.64018e-14 0)
(400 5.60155e-14 0)
(400 5.26973e-14 0)
(400 7.7444e-14 0)
(400 9.11462e-14 0)
(400 1.00575e-13 0)
(400 9.88088e-14 0)
(400 9.47434e-14 0)
(400 8.84613e-14 0)
(400 8.54946e-14 0)
(400 8.97077e-14 0)
(400 6.68915e-14 0)
(400 4.54829e-14 0)
(400 4.00887e-14 0)
(400 2.21415e-14 0)
(400 2.96088e-15 0)
(400 -1.46099e-14 0)
(400 -2.63847e-14 0)
(400 -3.65742e-14 0)
(400 -3.74817e-14 0)
(400 -3.81161e-14 0)
(400 -6.47861e-14 0)
(400 -8.23912e-14 0)
(400 -8.69104e-14 0)
(400 -7.4304e-14 0)
(400 -6.41068e-14 0)
(400 -6.77605e-14 0)
(400 -6.21611e-14 0)
(400 -5.45364e-14 0)
(400 -4.77751e-14 0)
(400 -6.54037e-14 0)
(400 -9.42805e-14 0)
(400 -9.42781e-14 0)
(400 -8.61457e-14 0)
(400 -7.93167e-14 0)
(400 -8.17201e-14 0)
(400 -9.30511e-14 0)
(400 -9.43794e-14 0)
(400 -9.09349e-14 0)
(400 -8.69281e-14 0)
(400 -7.69596e-14 0)
(400 -9.02031e-14 0)
(400 -1.01394e-13 0)
(400 -7.99212e-14 0)
(400 -3.87401e-14 0)
(400 -3.61202e-15 0)
(400 -1.77729e-14 0)
(400 4.00625e-15 0)
(400 1.94754e-14 0)
(400 3.06718e-14 0)
(400 3.3248e-14 0)
(400 3.73358e-14 0)
(400 3.6848e-14 0)
(400 3.90815e-14 0)
(400 3.76325e-14 0)
(400 3.15942e-14 0)
(400 1.90649e-14 0)
(400 1.99216e-14 0)
(400 -3.16468e-15 0)
(400 -4.2104e-16 0)
(400 1.00424e-14 0)
(400 -4.30266e-16 0)
(400 -9.70992e-15 0)
(400 -9.46489e-15 0)
(400 2.73493e-15 0)
(400 7.85969e-15 0)
(400 1.69975e-14 0)
(400 1.14117e-14 0)
(400 -2.36056e-14 0)
(400 -2.62173e-14 0)
(400 2.60069e-16 0)
(400 1.18411e-14 0)
(400 -8.12517e-15 0)
(400 -3.52724e-14 0)
(400 -2.2279e-14 0)
(400 -3.02798e-14 0)
(400 -1.72446e-14 0)
(400 -2.29769e-16 0)
(400 3.69754e-15 0)
(400 1.55195e-14 0)
(400 3.5735e-14 0)
(400 3.812e-14 0)
(400 2.89587e-14 0)
(400 8.31529e-15 0)
(400 -1.57272e-14 0)
(400 -1.79917e-14 0)
(400 -4.75637e-14 0)
(400 -6.75963e-14 0)
(400 -5.73058e-14 0)
(400 -3.22237e-14 0)
(400 -2.78554e-14 0)
(400 -1.54879e-14 0)
(400 -6.93768e-15 0)
(400 -1.03938e-15 0)
(400 1.47914e-14 0)
(400 2.53156e-14 0)
(400 2.81528e-14 0)
(400 2.76225e-14 0)
(400 8.54131e-15 0)
(400 -2.0029e-15 0)
(400 3.06859e-15 0)
(400 1.21573e-14 0)
(400 1.57333e-14 0)
(400 1.67915e-15 0)
(400 1.58829e-15 0)
(400 8.54091e-15 0)
(400 1.50178e-14 0)
(400 3.41631e-14 0)
(400 4.3846e-14 0)
(400 4.01663e-14 0)
(400 2.64077e-14 0)
(400 2.66626e-14 0)
(400 1.07302e-14 0)
(400 -3.38582e-15 0)
(400 -1.13675e-14 0)
(400 -2.23961e-14 0)
(400 -3.18051e-14 0)
(400 -5.24246e-14 0)
(400 -5.44057e-14 0)
(400 -5.57471e-14 0)
(400 -5.32662e-14 0)
(400 -3.07535e-14 0)
(400 -2.81973e-14 0)
(400 -1.6895e-14 0)
(400 -3.9201e-14 0)
(400 -6.61842e-14 0)
(400 -5.00029e-14 0)
(400 -1.64461e-14 0)
(400 4.55634e-15 0)
(400 -8.52202e-15 0)
(400 -2.89155e-14 0)
(400 -3.40721e-14 0)
(400 -4.80112e-14 0)
(400 -5.77982e-14 0)
(400 -5.18204e-14 0)
(400 -2.91767e-14 0)
(400 -5.07953e-15 0)
(400 3.77375e-15 0)
(400 1.43696e-14 0)
(400 2.86685e-14 0)
(400 4.09173e-14 0)
(400 4.66684e-14 0)
(400 3.86519e-14 0)
(400 2.71803e-14 0)
(400 2.60919e-14 0)
(400 2.20537e-14 0)
(400 1.17197e-14 0)
(400 -6.21935e-15 0)
(400 -2.75178e-14 0)
(400 -3.04424e-14 0)
(400 -3.32693e-14 0)
(400 -2.22559e-14 0)
(400 -3.51162e-14 0)
(400 -3.35966e-14 0)
(400 -3.46979e-14 0)
(400 -5.48526e-14 0)
(400 -7.70579e-14 0)
(400 -9.4702e-14 0)
(400 -7.86503e-14 0)
(400 -6.52067e-14 0)
(400 -6.60233e-14 0)
(400 -7.39207e-14 0)
(400 -6.19839e-14 0)
(400 -3.65969e-14 0)
(400 -1.47995e-14 0)
(400 -1.45867e-14 0)
(400 -2.2126e-14 0)
(400 -2.81472e-14 0)
(400 -1.78906e-14 0)
(400 -2.25461e-14 0)
(400 -3.72369e-14 0)
(400 -4.88963e-14 0)
(400 -5.18663e-14 0)
(400 -3.09747e-14 0)
(400 -1.50869e-14 0)
(400 -1.51438e-14 0)
(400 -1.77636e-14 0)
(400 -1.74836e-14 0)
(400 -1.59713e-14 0)
(400 -2.69263e-14 0)
(400 -2.56716e-14 0)
(400 -2.59095e-14 0)
(400 -2.16423e-14 0)
(400 -3.14123e-14 0)
(400 -5.30201e-14 0)
(400 -4.1742e-14 0)
(400 -3.6291e-14 0)
(400 -4.2488e-14 0)
(400 -5.59001e-14 0)
(400 -5.77571e-14 0)
(400 -4.99748e-14 0)
(400 -3.64106e-14 0)
(400 -1.93767e-14 0)
(400 -1.72139e-14 0)
(400 -3.35551e-14 0)
(400 -3.72883e-14 0)
(400 -4.29429e-14 0)
(400 -5.08195e-14 0)
(400 -5.72298e-14 0)
(400 -6.82589e-14 0)
(400 -6.65042e-14 0)
(400 -5.42167e-14 0)
(400 -3.42904e-14 0)
(400 -2.26532e-14 0)
(400 -2.80427e-14 0)
(400 -3.72413e-14 0)
(400 -2.44265e-14 0)
(400 -1.80858e-15 0)
(400 3.46539e-15 0)
(400 5.04157e-15 0)
(400 1.89204e-14 0)
(400 9.29084e-15 0)
(400 1.7464e-15 0)
(400 1.1046e-14 0)
(400 6.71251e-15 0)
(400 3.1645e-15 0)
(400 -3.51906e-15 0)
(400 -8.77252e-16 0)
(400 -2.41498e-15 0)
(400 -2.50967e-14 0)
(400 -3.16384e-14 0)
(400 -2.97892e-14 0)
(400 -3.48876e-14 0)
(400 -2.96771e-14 0)
(400 -5.85821e-15 0)
(400 -4.12651e-15 0)
(400 -1.57564e-14 0)
(400 -2.12705e-14 0)
(400 -1.34895e-14 0)
(400 -1.62966e-14 0)
(400 -4.30158e-14 0)
(400 -5.36979e-14 0)
(400 -6.04277e-14 0)
(400 -6.83272e-14 0)
(400 -7.20924e-14 0)
(400 -9.11273e-14 0)
(400 -8.51723e-14 0)
(400 -9.75875e-14 0)
(400 -1.04053e-13 0)
(400 -1.0048e-13 0)
(400 -1.00926e-13 0)
(400 -1.08854e-13 0)
(400 -1.10216e-13 0)
(400 -1.01813e-13 0)
(400 -7.39204e-14 0)
(400 -6.32534e-14 0)
(400 -5.74368e-14 0)
(400 -3.62039e-14 0)
(400 -7.88115e-15 0)
(400 1.88315e-14 0)
(400 3.87333e-14 0)
(400 4.92848e-14 0)
(400 3.01119e-14 0)
(400 5.69281e-15 0)
(400 -4.90578e-15 0)
(400 -5.91349e-15 0)
)
;

boundaryField
{
    cyclic1
    {
        type            cyclic;
    }
    cyclic2
    {
        type            cyclic;
    }
    frontAndBack
    {
        type            empty;
    }
    outlet
    {
        type            zeroGradient;
    }
    inlet
    {
        type            fixedValue;
        value           uniform (400 0 0);
    }
}


// ************************************************************************* //
