/*--------------------------------*- C++ -*----------------------------------*\
  =========                 |
  \\      /  F ield         | OpenFOAM: The Open Source CFD Toolbox
   \\    /   O peration     | Website:  https://openfoam.org
    \\  /    A nd           | Version:  6
     \\/     M anipulation  |
\*---------------------------------------------------------------------------*/
FoamFile
{
    version     2.0;
    format      ascii;
    class       surfaceScalarField;
    location    "110";
    object      phi;
}
// * * * * * * * * * * * * * * * * * * * * * * * * * * * * * * * * * * * * * //

dimensions      [0 3 -1 0 0 0 0];

internalField   nonuniform List<scalar> 
7780
(
2
1.63394e-16
2
2.51129e-16
2
2.20304e-16
2
3.77378e-16
2
4.12199e-16
2
2.27376e-16
2
3.2728e-16
2
3.21261e-16
2
2.74686e-16
2
1.78939e-16
2
2.20906e-16
2
1.37357e-17
2
4.66789e-17
2
-9.76773e-17
2
-1.63302e-16
2
-9.10797e-18
2
-1.04825e-16
2
-1.54243e-16
2
-1.75827e-17
2
3.53235e-16
2
2.22166e-16
2
3.56375e-16
2
2.69854e-16
2
2.87185e-16
2
2.2855e-16
2
3.16506e-16
2
1.30609e-16
2
2.3833e-16
2
4.0667e-16
2
3.37519e-16
2
3.92551e-16
2
3.58827e-16
2
2.39121e-16
2
-1.17103e-18
2
1.02417e-16
2
1.93146e-16
2
1.29485e-16
2
1.1844e-16
2
2.75455e-16
2
1.73446e-16
2
1.92171e-16
2
1.53494e-16
2
6.92394e-17
2
-6.49178e-18
2
8.62952e-17
2
7.72349e-17
2
1.96905e-16
2
1.21418e-16
2
8.69009e-17
2
7.79728e-17
2
2.36494e-16
2
2.74664e-16
2
8.57665e-17
2
7.72738e-17
2
-4.91859e-17
2
4.19718e-17
2
-1.11398e-17
2
5.17772e-17
2
6.77584e-17
2
4.20965e-17
2
8.32668e-17
2
-9.35498e-17
2
1.71487e-17
2
-2.90835e-17
2
7.23635e-17
2
5.13391e-17
2
5.04198e-17
2
2.58103e-17
2
1.09623e-16
2
1.11122e-16
2
1.80976e-16
2
1.83667e-16
2
2.30941e-16
2
-5.93334e-17
2
-1.44709e-16
2
-3.42283e-17
2
-1.32794e-16
2
1.15913e-16
2
1.688e-16
2
5.15009e-17
2
9.50546e-17
2
1.14605e-16
2
-2.46838e-17
2
5.49903e-17
2
2.48045e-16
2
2.40792e-16
2
3.54682e-16
2
2.31549e-16
2
8.55525e-18
2
3.25514e-17
2
1.4443e-16
2
1.08568e-16
2
1.7826e-17
2
-4.46527e-17
2
1.61066e-16
2
2.3387e-16
2
1.15568e-16
2
1.20284e-16
2
1.10142e-16
2
2.7297e-16
2
8.57326e-17
2
5.43653e-17
2
6.58252e-17
2
1.85772e-16
2
1.18947e-16
2
-1.03694e-17
2
-3.48629e-17
2
2.99181e-17
2
6.09529e-17
2
2.07449e-16
2
1.36163e-16
2
2.13501e-16
2
3.05957e-16
2
2.91219e-16
2
3.7861e-16
2
3.25513e-16
2
1.57817e-16
2
-1.9274e-17
2
-2.97801e-18
2
4.05132e-17
2
1.30206e-16
2
1.10647e-16
2
-1.09628e-16
2
-2.80906e-16
2
-1.92843e-16
2
-2.75407e-16
2
-2.00035e-16
2
-2.11546e-16
2
-3.20643e-16
2
-1.48142e-16
2
4.46334e-17
2
3.07018e-17
2
-1.39952e-16
2
-2.25342e-16
2
-1.2275e-16
2
-2.4175e-16
2
-2.53843e-16
2
-1.48975e-16
2
-1.73681e-16
2
-1.71529e-16
2
-1.6772e-17
2
-1.91001e-16
2
-1.20065e-16
2
-1.47413e-16
2
-1.22437e-16
2
-1.62437e-16
2
-1.24563e-16
2
-2.19953e-16
2
-4.5218e-17
2
-2.81649e-17
2
4.83062e-17
2
1.00095e-16
2
1.43666e-16
2
3.31469e-16
2
2.30159e-16
2
1.62105e-16
2
2.93302e-16
2
1.57277e-16
2
2.49871e-17
2
-3.93857e-18
2
3.63332e-17
2
1.42272e-16
2
4.98817e-16
2
2.18442e-16
2
2.01275e-16
2
2.65139e-16
2
2.26164e-16
2
4.48464e-16
2
2.46614e-16
2
1.13917e-16
2
1.56028e-16
2
2.59596e-16
2
2.22658e-16
2
2.48168e-16
2
9.77407e-17
2
1.52575e-16
2
8.2871e-17
2
1.51381e-16
2
1.00332e-16
2
7.55432e-17
2
2.0273e-16
2
4.78048e-17
2
1.92876e-16
2
1.66731e-16
2
-1.8986e-17
2
-7.53203e-17
2
-1.61733e-16
2
-1.3581e-16
2
-3.71171e-17
2
1.35304e-16
2
1.42346e-16
2
1.92294e-16
2
2.22499e-16
2
-6.19351e-17
2
-1.80007e-17
2
1.36083e-16
2
2.31749e-16
2
1.13177e-16
2
1.48062e-16
2.05235e-16
2
-1.32204e-16
2
-4.21552e-17
2
1.8642e-16
2
1.64823e-16
2
2.27939e-16
2
5.11974e-16
2
5.45769e-16
2
5.89582e-16
2
3.96394e-16
2
4.29679e-16
2
1.42294e-16
2
-1.79856e-17
2
-6.0983e-17
2
1.70969e-17
2
1.83686e-17
2
-1.16089e-16
2
-1.00517e-16
2
2.27869e-16
2
2.57897e-16
2
1.29877e-16
2
1.71954e-16
2
2.23268e-16
2
3.43126e-16
2
2.67782e-16
2
4.4675e-16
2
3.11859e-16
2
1.75909e-16
2
1.42916e-16
2
3.87039e-16
2
3.57204e-16
2
2.71496e-16
2
2.49087e-16
2
1.78702e-16
2
2.66217e-16
2
-3.38964e-17
2
2.75388e-17
2
1.56598e-16
2
1.56483e-16
2
8.34383e-17
2
7.62832e-17
2
7.99563e-17
2
-9.90938e-17
2
-1.26106e-16
2
-1.50467e-16
2
-1.88808e-16
2
4.57751e-17
2
6.41138e-17
2
1.1301e-17
2
-9.23163e-17
2
-8.41773e-17
2
9.23079e-17
2
7.26197e-17
2
-6.81906e-17
2
-4.10713e-17
2
-1.5428e-17
2
-9.68813e-17
2
-5.55222e-17
2
9.70377e-17
2
-1.84086e-17
2
5.2106e-17
2
-1.14346e-18
2
8.87034e-17
2
1.84742e-16
2
1.47672e-16
2
5.31706e-17
2
1.33587e-16
2
1.25469e-16
2
5.93391e-17
2
1.73647e-16
2
2.03158e-16
2
1.14653e-16
2
-1.46782e-17
2
-6.99025e-17
2
-4.51067e-18
2
-1.49186e-16
2
-1.18852e-16
2
-2.59311e-16
2
1.15582e-17
2
4.00565e-17
2
-1.15431e-17
2
-6.29326e-17
2
5.3482e-17
2
3.64223e-17
2
-2.64002e-17
2
8.87829e-17
2
9.13544e-17
2
6.71173e-17
2
-2.66693e-18
2
1.87426e-16
2
9.93122e-17
2
-3.601e-17
2
3.38128e-17
2
-1.06562e-16
2
7.85042e-17
2
8.63717e-17
2
2.34733e-17
2
2.16719e-16
2
1.71653e-16
2
2.08313e-16
2
1.80911e-16
2
1.04519e-16
2
5.30332e-17
2
4.17967e-17
2
2.57605e-16
2
1.71995e-16
2
-2.16161e-18
2
4.08783e-17
2
1.21043e-16
2
1.13214e-17
2
8.09745e-17
2
4.75363e-17
2
1.20068e-17
2
1.07376e-16
2
2.85691e-16
2
2.01576e-16
2
6.82505e-17
2
2.77572e-16
2
2.15194e-16
2
1.87154e-16
2
1.96606e-16
2
-7.48741e-17
2
-5.16146e-17
2
1.65785e-16
2
3.20833e-18
2
-1.38593e-16
2
-1.521e-16
2
-1.04291e-16
2
-2.30264e-16
2
-2.02714e-17
2
-5.4258e-17
2
-2.00924e-16
2
-1.16583e-17
2
-1.19966e-16
2
-1.50782e-16
2
-1.17042e-16
2
-9.89501e-17
2
-2.20632e-16
2
-2.13733e-16
2
-2.77702e-16
2
-3.19431e-16
2
-3.24748e-16
2
-2.68212e-16
2
-2.904e-16
2
-3.65522e-16
2
-2.35515e-16
2
-2.19147e-16
2
-3.39972e-16
2
-2.70728e-16
2
-2.12965e-17
2
1.68136e-16
2
-2.55098e-17
2
6.41359e-17
2
1.63568e-16
2
2.12326e-16
2
1.30125e-16
2
1.07398e-16
2
-1.50423e-17
2
2.76789e-16
2
3.94992e-16
2
4.43834e-16
2
5.00223e-16
2
3.51396e-16
2
1.58684e-16
2
1.92362e-16
2
2.02157e-16
2
4.92958e-17
2
3.44361e-17
2
-6.81966e-17
2
2.24727e-16
2
4.17771e-16
2
1.3521e-16
2
2.50989e-16
2
1.03174e-16
2
2.95233e-16
2
2.39742e-16
2
1.37723e-16
2
1.09164e-16
2
1.04942e-16
2
6.65466e-18
2
1.06484e-17
2
1.00195e-16
2
1.38534e-16
2
8.68958e-17
2
2.04642e-16
2
3.08514e-16
2
1.69241e-16
2
1.36042e-16
2
-4.76498e-17
2
-2.8112e-17
2
3.35796e-16
2
2.84871e-16
2
2.30922e-16
2
2.42116e-16
2
3.1125e-16
2
2.37477e-16
2
-1.38913e-16
2
-2.3806e-16
2
-8.9146e-17
2
3.44321e-16
4.38957e-16
2
-3.85346e-17
2
-2.58899e-17
2
2.07943e-16
2
2.10643e-16
2
3.4666e-16
2
4.94843e-16
2
4.0221e-16
2
2.90284e-16
2
4.64442e-16
2
2.72083e-16
2
5.06223e-17
2
3.51323e-17
2
-7.54395e-17
2
-6.70788e-17
2
5.70604e-17
2
1.42128e-16
2
1.64483e-16
2
1.38887e-16
2
1.13883e-16
2
1.4521e-16
2
8.87772e-17
2
3.99996e-17
2
2.11922e-16
2
5.1623e-16
2
4.9201e-16
2
3.79092e-16
2
2.57552e-16
2
3.20921e-16
2
3.42906e-16
2
1.8669e-16
2
2.14702e-16
2
1.34545e-16
2
2.15334e-16
2
3.16728e-16
2
2.18885e-16
2
1.00305e-16
2
1.92484e-16
2
1.48159e-16
2
-6.66827e-17
2
-2.66506e-16
2
-1.66379e-16
2
9.13095e-17
2
-1.24734e-16
2
-8.80189e-17
2
-1.80748e-16
2
-6.19886e-17
2
-2.77869e-17
2
-6.4379e-18
2
6.95856e-17
2
5.13453e-17
2
-1.91126e-16
2
5.15572e-17
2
2.68928e-17
2
-1.27583e-16
2
-6.70006e-17
2
-1.59798e-16
2
-4.07923e-17
2
7.10873e-17
2
7.31643e-17
2
9.35616e-17
2
-1.14469e-17
2
9.80708e-17
2
-6.74819e-17
2
-1.65091e-16
2
-1.24435e-16
2
-1.20133e-16
2
-1.46799e-16
2
-3.25769e-17
2
-6.49024e-17
2
-3.52355e-18
2
3.13255e-17
2
1.11346e-16
2
-1.42735e-17
2
-1.18235e-16
2
-9.4523e-17
2
-3.7012e-16
2
-2.22475e-16
2
-2.50602e-16
2
7.04437e-18
2
2.17558e-16
2
3.09742e-16
2
1.02095e-18
2
1.11654e-16
2
1.04266e-16
2
-1.7816e-17
2
-6.28203e-17
2
-1.37837e-16
2
4.77442e-17
2
1.52734e-16
2
5.23296e-17
2
5.21892e-17
2
-1.4565e-16
2
9.21558e-17
2
7.54968e-17
2
6.88838e-17
2
5.30713e-17
2
1.5639e-16
2
2.10618e-16
2
1.20415e-16
2
9.78504e-17
2
6.85469e-17
2
-9.80051e-17
2
1.11677e-16
2
-5.59586e-17
2
-5.2903e-18
2
3.18464e-17
2
-4.71632e-17
2
-2.71584e-16
2
-4.50638e-17
2
-9.55739e-17
2
-1.01425e-16
2
2.50597e-17
2
2.38721e-16
2
-3.2345e-17
2
4.08056e-17
2
-1.93303e-18
2
-7.20722e-17
2
7.44438e-17
2
-1.39348e-16
2
-5.71041e-17
2
9.41875e-17
2
9.74311e-17
2
-8.24156e-17
2
1.23291e-16
2
-1.05711e-17
2
-9.32864e-17
2
-1.5702e-16
2
2.36702e-17
2
1.1984e-17
2
-2.10158e-17
2
-7.57721e-17
2
-2.89252e-16
2
-9.02807e-17
2
1.05969e-16
2
-1.91816e-17
2
-1.56294e-16
2
-7.47148e-17
2
9.91835e-17
2
-1.5198e-16
2
-2.50061e-16
2
-2.32319e-16
2
-2.45851e-16
2
-4.43311e-16
2
-2.60579e-16
2
-2.72632e-16
2
-2.25868e-16
2
-2.26396e-16
2
-2.65467e-16
2
-2.26952e-16
2
-1.02265e-16
2
8.17311e-17
2
1.64049e-16
2
3.4605e-17
2
6.15668e-17
2
1.99744e-16
2
2.71101e-16
2
2.39682e-16
2
2.01167e-16
2
3.78959e-16
2
3.22011e-16
2
3.42908e-16
2
3.61428e-16
2
2.69981e-16
2
4.22549e-16
2
5.32782e-16
2
4.47394e-16
2
2.86064e-16
2
2.09839e-16
2
2.81003e-16
2
3.28752e-16
2
2.91626e-16
2
3.8568e-17
2
1.45257e-16
2
5.4347e-17
2
2.74399e-16
2
2.78302e-16
2
2.45132e-16
2
3.39451e-16
2
4.34593e-16
2
4.04081e-16
2
2.88814e-16
2
1.37707e-16
2
1.10032e-16
2
2.1016e-16
2
4.31291e-16
2
2.52261e-16
2
2.83755e-16
2
4.35847e-16
2
3.42021e-16
2
1.30393e-16
2
1.8792e-16
2
2.42984e-16
2
1.95484e-16
2
3.71111e-16
2
-5.44577e-17
2
4.86565e-17
2
3.44405e-17
2
8.87264e-17
2
6.0676e-18
5.45762e-17
2
4.22047e-17
2
6.6129e-17
2
1.13114e-16
2
3.04983e-16
2
3.34478e-16
2
4.48895e-16
2
3.10756e-16
2
2.51013e-16
2
1.59736e-16
2
2.03376e-16
2
2.67769e-16
2
2.76343e-16
2
2.60234e-16
2
1.68795e-16
2
5.68613e-17
2
4.40285e-17
2
1.00113e-16
2
5.63878e-17
2
1.50456e-16
2
1.26516e-16
2
1.21332e-16
2
1.74202e-16
2
1.09739e-16
2
2.95878e-16
2
2.69513e-16
2
1.73056e-16
2
3.52975e-16
2
2.79035e-16
2
8.95765e-17
2
2.12124e-16
2
2.19769e-16
2
1.30336e-16
2
1.82954e-16
2
2.45027e-16
2
4.45779e-16
2
4.40132e-16
2
-6.69117e-18
2
-7.812e-17
2
-7.125e-17
2
3.29187e-19
2
-7.11326e-17
2
5.70953e-18
2
1.00845e-16
2
4.37692e-17
2
1.35877e-17
2
-2.09168e-17
2
-4.45839e-17
2
-1.9265e-17
2
1.22249e-17
2
1.06964e-16
2
1.1943e-16
2
1.41129e-16
2
7.98163e-17
2
-6.96e-17
2
-9.12986e-17
2
-1.31618e-16
2
1.20079e-16
2
-1.46099e-17
2
1.68658e-16
2
1.20665e-16
2
1.67343e-16
2
1.13672e-16
2
-1.08057e-16
2
-8.91032e-17
2
-1.83745e-16
2
-1.91336e-16
2
-1.49614e-16
2
-6.51238e-18
2
4.15946e-18
2
-7.56869e-17
2
-1.6051e-16
2
-5.58617e-17
2
-5.37542e-17
2
-6.0981e-17
2
-1.28943e-16
2
-2.38296e-16
2
-1.30418e-16
2
-2.51467e-17
2
-2.05623e-16
2
6.3217e-17
2
5.82103e-17
2
2.08952e-16
2
-3.18879e-17
2
4.95843e-17
2
-3.74797e-17
2
-2.00947e-17
2
1.87853e-17
2
1.21206e-16
2
2.11478e-16
2
-2.21872e-18
2
4.6148e-17
2
5.00828e-17
2
-1.27504e-16
2
-7.40436e-18
2
1.74598e-16
2
2.24691e-16
2
-5.48042e-17
2
5.06431e-17
2
-4.88485e-17
2
6.98726e-19
2
-1.6414e-17
2
1.24383e-16
2
-4.65903e-17
2
1.38195e-16
2
9.01296e-17
2
5.34885e-17
2
-8.85533e-17
2
6.28975e-17
2
2.71552e-17
2
6.39896e-18
2
2.15856e-17
2
3.536e-17
2
-6.97605e-17
2
5.69881e-17
2
-3.5364e-17
2
9.59378e-17
2
1.65852e-17
2
5.83904e-17
2
2.76488e-16
2
9.09246e-17
2
3.1681e-17
2
-6.2279e-17
2
-1.05705e-16
2
1.11627e-17
2
-1.24825e-16
2
-9.09262e-17
2
8.85597e-17
2
-5.53875e-17
2
5.06485e-17
2
8.92253e-17
2
6.23555e-17
2
2.41026e-16
2
1.70269e-16
2
4.47912e-19
2
8.36767e-17
2
5.18889e-17
2
2.49206e-16
2
-1.92726e-17
2
1.65855e-16
2
-1.03689e-16
2
-6.97925e-17
2
-2.54384e-16
2
-3.62089e-16
2
-2.5343e-16
2
-2.1125e-16
2
-1.629e-16
2
-2.3999e-16
2
-2.73444e-16
2
-2.22201e-16
2
-1.17692e-16
2
-1.38121e-16
2
-3.32415e-16
2
-1.27436e-16
2
2.08757e-17
2
-8.53301e-17
2
-5.3991e-17
2
-6.04014e-17
2
1.93594e-17
2
1.02158e-16
2
1.81505e-16
2
5.37419e-17
2
2.47534e-16
2
3.21622e-16
2
3.9139e-16
2
2.22181e-16
2
1.99833e-16
2
3.29288e-16
2
3.30292e-16
2
2.72264e-16
2
3.42513e-16
2
2.7119e-16
2
6.15732e-17
2
-7.41561e-17
2
2.44083e-16
2
3.16211e-16
2
2.48335e-16
2
4.48376e-16
2
2.87094e-16
2
2.2238e-16
2
1.37337e-16
2
2.47871e-16
2
2.63784e-16
2
3.05385e-16
2
9.28302e-17
2
1.15069e-16
2
3.39979e-16
2
2.89885e-16
2
2.94031e-16
2
2.33982e-16
2
2.04317e-16
2
4.57198e-17
2
1.66232e-16
2
2.47247e-16
2
7.56256e-17
2
1.35997e-16
2
2.28924e-16
2
1.43376e-16
2
2.6535e-17
2
-2.93652e-17
1.05048e-16
2
6.7535e-17
2
7.46903e-17
2
-2.486e-17
2
5.17571e-17
2
1.09503e-16
2
1.27433e-16
2
1.56792e-16
2
3.05785e-16
2
1.54948e-16
2
1.25737e-16
2
6.28467e-17
2
6.67637e-17
2
1.29311e-16
2
2.10483e-16
2
1.85825e-16
2
1.31941e-16
2
5.40047e-17
2
6.09809e-17
2
2.83069e-17
2
-9.05814e-17
2
-6.40154e-17
2
-3.32068e-17
2
1.16051e-16
2
2.52731e-16
2
1.70668e-16
2
2.40497e-16
2
2.15295e-16
2
2.27511e-16
2
1.87136e-16
2
7.75581e-17
2
4.41854e-18
2
2.10367e-16
2
1.3044e-16
2
1.20388e-16
2
2.01476e-16
2
-7.32244e-17
2
-4.65894e-17
2
-1.05019e-16
2
-4.68731e-17
2
-4.84768e-17
2
-5.50966e-17
2
-1.29857e-16
2
-3.07827e-18
2
-6.37656e-18
2
7.01607e-17
2
-1.31392e-17
2
-2.39861e-17
2
8.26121e-17
2
6.41877e-17
2
-2.0362e-17
2
1.86589e-16
2
-4.57314e-17
2
4.43419e-17
2
1.40714e-16
2
-9.52431e-18
2
1.23814e-19
2
1.57975e-16
2
1.08093e-16
2
-5.52345e-18
2
2.74839e-17
2
7.84641e-17
2
1.0615e-16
2
-3.44873e-17
2
-2.40151e-16
2
-1.91594e-16
2
-1.26435e-16
2
1.82453e-16
2
1.36212e-16
2
1.54651e-16
2
2.54086e-17
2
-8.49646e-17
2
-8.11799e-17
2
1.18467e-17
2
-1.50713e-16
2
-8.82492e-17
2
-2.21362e-17
2
-7.52694e-17
2
-7.76438e-17
2
-4.74602e-17
2
-2.55592e-16
2
-2.47244e-16
2
-1.40868e-16
2
9.42886e-17
2
-1.14101e-16
2
-2.47093e-17
2
9.76304e-17
2
1.45913e-16
2
1.12726e-17
2
-6.78829e-17
2
2.00987e-16
2
1.75917e-16
2
1.53121e-16
2
2.30442e-16
2
1.05963e-16
2
3.70119e-17
2
1.67195e-18
2
1.00801e-17
2
-2.11747e-19
2
1.24115e-17
2
-1.29451e-16
2
1.01983e-16
2
4.22927e-17
2
1.86823e-16
2
5.2079e-17
2
1.05723e-16
2
7.35499e-17
2
-1.55902e-17
2
1.37923e-16
2
6.98635e-17
2
1.09901e-16
2
1.50449e-16
2
9.02702e-17
2
-8.54336e-17
2
-1.16958e-16
2
1.52897e-16
2
1.81957e-17
2
8.21647e-17
2
8.16277e-17
2
1.25567e-16
2
7.47756e-17
2
-3.35825e-17
2
-1.55716e-16
2
3.82533e-17
2
-2.52887e-17
2
1.60311e-16
2
2.06264e-16
2
9.88802e-17
2
3.38426e-16
2
1.75899e-16
2
-2.78358e-17
2
9.84882e-17
2
5.16416e-18
2
2.7449e-16
2
9.23193e-18
2
-6.88062e-17
2
1.14567e-16
2
2.25292e-17
2
-9.05778e-17
2
-7.51895e-17
2
-1.04717e-16
2
-2.12268e-16
2
-1.13349e-16
2
-1.03875e-18
2
-8.5334e-17
2
-1.16877e-16
2
-1.51375e-17
2
-1.01659e-16
2
5.86337e-17
2
-3.99433e-17
2
-1.67101e-16
2
-8.08249e-19
2
-1.49373e-16
2
-2.67862e-17
2
-8.00666e-17
2
-7.16764e-17
2
-3.93249e-17
2
7.24443e-17
2
8.44792e-17
2
-1.2791e-16
2
2.92845e-17
2
2.49291e-17
2
-2.01088e-16
2
-9.72668e-17
2
1.36173e-16
2
2.53757e-16
2
1.46689e-16
2
9.57158e-17
2
3.62471e-18
2
1.25058e-16
2
-9.5805e-17
2
-3.89883e-17
2
6.44464e-17
2
2.65448e-16
2
2.82099e-16
2
5.01144e-16
2
4.07877e-16
2
9.16241e-17
2
1.21501e-16
2
2.0915e-17
2
1.25109e-16
2
2.51948e-16
2
2.04383e-16
2
2.00067e-16
2
1.05292e-16
2
-7.90021e-17
2
1.98602e-16
2
1.15645e-16
2
1.59928e-16
2
1.05589e-16
2
-2.18871e-18
2
1.08528e-16
2
1.34926e-16
2
1.65945e-16
2
9.78084e-17
2
1.41977e-16
2
4.60729e-17
2
1.06213e-17
2
1.37199e-16
2
-6.15193e-17
-4.45763e-17
2
-4.17812e-17
2
6.37326e-17
2
1.5702e-17
2
2.0399e-18
2
-9.93476e-17
2
-2.00968e-16
2
-8.2466e-17
2
-1.80141e-16
2
7.4171e-17
2
7.77063e-17
2
1.24956e-16
2
8.0647e-17
2
2.8521e-16
2
1.73015e-16
2
1.68612e-16
2
8.34946e-17
2
1.20865e-16
2
2.30327e-16
2
1.65121e-16
2
2.03185e-16
2
3.10518e-17
2
-6.5406e-17
2
9.09388e-17
2
-6.59551e-17
2
-3.10568e-17
2
-7.68947e-17
2
-6.7015e-17
2
1.36134e-16
2
2.47839e-16
2
1.84972e-16
2
3.17543e-16
2
1.01593e-16
2
1.0621e-16
2
-3.30549e-18
2
-1.35775e-16
2
-9.08671e-17
2
-2.31977e-18
2
-1.3754e-16
2
-2.98443e-16
2
-1.66176e-17
2
1.78485e-16
2
-6.59403e-18
2
1.7752e-18
2
-1.27663e-16
2
-1.02906e-16
2
-5.25156e-18
2
3.6031e-17
2
1.7817e-17
2
-1.14136e-16
2
-1.93284e-16
2
-6.92973e-17
2
-1.21561e-16
2
3.13076e-17
2
1.34573e-16
2
1.07935e-16
2
2.85085e-16
2
2.24984e-16
2
9.58702e-17
2
3.40549e-17
2
-3.38957e-17
2
8.59682e-17
2
-1.47254e-16
2
1.37871e-17
2
1.99983e-16
2
1.85269e-16
2
1.69327e-16
2
8.23941e-17
2
-5.68431e-17
2
-2.86831e-16
2
-2.21389e-16
2
-4.2864e-17
2
-7.75245e-17
2
-4.66634e-17
2
7.66155e-17
2
2.72387e-17
2
-8.75043e-17
2
-1.12323e-16
2
-6.10557e-18
2
3.35931e-17
2
-1.80021e-16
2
-6.42759e-17
2
2.3569e-17
2
-6.70031e-17
2
-4.63764e-17
2
9.69191e-17
2
2.73096e-16
2
2.9998e-16
2
9.50428e-17
2
1.64891e-16
2
3.32251e-16
2
2.28207e-16
2
9.97781e-17
2
2.68196e-16
2
1.18688e-16
2
2.22464e-16
2
9.67414e-17
2
-1.02882e-18
2
-2.8172e-16
2
-5.49408e-17
2
1.90267e-16
2
-9.08891e-18
2
1.5005e-16
2
4.21365e-17
2
1.0355e-16
2
1.66832e-16
2
7.95931e-17
2
1.61623e-16
2
-2.0684e-18
2
7.71497e-17
2
2.25826e-16
2
3.17673e-16
2
1.29041e-16
2
9.75858e-17
2
-7.22665e-17
2
-1.89021e-16
2
1.02587e-16
2
1.63691e-16
2
7.81538e-17
2
1.50754e-16
2
1.10897e-16
2
-8.60939e-17
2
-1.74085e-17
2
7.34098e-17
2
2.8816e-17
2
1.15852e-16
2
1.19679e-16
2
7.55759e-17
2
-4.98813e-17
2
2.07948e-18
2
1.67277e-16
2
1.39983e-16
2
2.35413e-16
2
-2.12612e-18
2
-6.29366e-17
2
1.67028e-16
2
2.09076e-16
2
6.61828e-17
2
-6.78832e-17
2
1.0953e-17
2
1.32897e-16
2
-3.64493e-17
2
-3.02755e-18
2
4.2708e-17
2
2.12953e-17
2
-1.05336e-16
2
-1.51882e-16
2
1.58149e-16
2
1.31516e-16
2
5.83424e-17
2
-6.69057e-17
2
-3.11819e-16
2
-1.1177e-16
2
-9.49849e-17
2
-1.52858e-16
2
-3.36611e-16
2
-2.0978e-16
2
5.16662e-17
2
3.81805e-17
2
-1.92448e-16
2
-1.40526e-16
2
-9.66216e-17
2
-4.91811e-17
2
-4.32271e-17
2
-6.73698e-17
2
-3.15488e-17
2
2.93652e-16
2
3.31741e-16
2
3.35201e-16
2
1.91303e-16
2
4.03159e-16
2
2.40398e-16
2
3.41664e-16
2
3.8274e-16
2
3.16414e-16
2
2.96098e-16
2
3.05167e-16
2
3.63562e-16
2
2.65052e-16
2
2.85026e-16
2
2.41703e-16
2
-4.47242e-17
2
1.02145e-16
2
1.6218e-16
2
1.34076e-16
2
1.16449e-16
2
-1.01672e-16
2
2.5074e-16
2
1.54651e-16
2
1.4608e-17
2
2.01856e-17
2
2.48441e-16
2
2.046e-16
2
2.89403e-16
2
7.09757e-17
2
8.92506e-17
2
6.1898e-17
2
2.56982e-17
2
4.77288e-18
2
-4.4966e-17
-1.20655e-16
2
-2.70961e-16
2
-1.82369e-16
2
-1.51898e-16
2
-1.38942e-16
2
-2.37991e-16
2
-2.3639e-16
2
-3.52686e-17
2
-5.83319e-17
2
-1.05995e-16
2
6.49521e-18
2
1.07458e-16
2
4.10204e-17
2
7.13504e-17
2
2.27897e-16
2
1.07646e-16
2
2.0191e-16
2
3.30484e-16
2
-8.07452e-17
2
3.19088e-17
2
1.78876e-16
2
3.91709e-17
2
1.49956e-16
2
-4.38297e-17
2
-7.15456e-17
2
-5.05267e-17
2
4.88037e-17
2
-4.64376e-17
2
-1.84045e-16
2
-2.11474e-16
2
-3.16574e-17
2
-1.36886e-16
2
-3.37156e-18
2
-1.39835e-16
2
-6.06317e-17
2
-3.36012e-16
2
-2.48332e-16
2
-2.6657e-16
2
-4.70075e-17
2
-4.77206e-17
2
1.62753e-16
2
6.55341e-17
2
3.88159e-17
2
2.0017e-16
2
2.32959e-16
2
-2.85898e-17
2
-1.79474e-16
2
-1.71732e-16
2
-2.70555e-16
2
-2.77974e-16
2
-9.0433e-17
2
-1.64286e-16
2
-6.4549e-17
2
-7.99747e-17
2
1.75883e-18
2
2.21013e-16
2
1.49653e-16
2
1.71077e-16
2
1.69354e-16
2
2.25824e-16
2
9.7969e-17
2
-2.39334e-17
2
5.26468e-17
2
2.75821e-18
2
-6.23533e-17
2
1.0382e-16
2
1.39024e-16
2
4.71153e-17
2
-5.07337e-17
2
-1.84102e-17
2
-2.36318e-17
2
-1.50668e-16
2
2.99109e-17
2
-1.13593e-16
2
-2.76464e-17
2
1.95665e-16
2
1.38568e-16
2
2.08733e-16
2
1.10773e-16
2
6.88918e-17
2
1.74336e-16
2
2.02823e-16
2
-1.99437e-17
2
7.21489e-17
2
3.18282e-16
2
1.72598e-16
2
4.6945e-17
2
-4.82352e-17
2
1.17033e-16
2
7.87329e-17
2
9.44358e-17
2
1.0284e-16
2
-1.05118e-18
2
-8.1299e-18
2
1.50895e-16
2
2.39955e-17
2
-5.1432e-17
2
3.2191e-17
2
5.56377e-18
2
8.91152e-17
2
-5.65161e-17
2
-9.1908e-17
2
6.68131e-17
2
1.51708e-16
2
1.46958e-16
2
5.94518e-17
2
-8.34311e-18
2
1.14538e-16
2
4.37544e-17
2
1.68235e-16
2
9.76e-17
2
-8.49032e-17
2
-5.42711e-17
2
4.97191e-17
2
6.45736e-17
2
6.4256e-18
2
2.28253e-19
2
5.86283e-19
2
-2.07988e-17
2
-1.07746e-16
2
-1.84557e-16
2
1.15442e-18
2
7.66872e-17
2
5.55896e-18
2
2.62228e-16
2
9.24239e-17
2
1.72501e-17
2
-2.12426e-17
2
3.26821e-17
2
-1.03746e-17
2
2.24333e-17
2
4.49751e-17
2
1.0927e-16
2
2.05234e-16
2
1.18026e-16
2
-4.9002e-17
2
-9.13345e-18
2
-6.88656e-18
2
2.1833e-16
2
-8.34292e-17
2
2.86263e-17
2
5.5084e-17
2
1.3131e-16
2
-2.21429e-17
2
5.93645e-17
2
1.65574e-16
2
2.39319e-16
2
5.69688e-17
2
-1.03731e-16
2
-5.87546e-17
2
-1.44421e-16
2
-1.9767e-17
2
8.81599e-17
2
2.20523e-17
2
-2.50556e-17
2
-8.44681e-17
2
-7.68668e-17
2
-4.58239e-17
2
-2.6913e-16
2
-7.68555e-17
2
-3.13222e-16
2
-2.34277e-16
2
-2.2961e-16
2
-1.8998e-16
2
-1.8675e-16
2
1.29366e-16
2
3.39048e-17
2
1.52244e-16
2
2.19105e-16
2
2.31007e-16
2
2.57767e-16
2
4.88579e-16
2
4.84139e-16
2
4.50689e-16
2
3.38712e-16
2
7.41144e-17
2
1.60287e-16
2
3.02183e-16
2
3.68832e-16
2
2.07747e-16
2
1.88768e-16
2
1.01259e-16
2
1.46405e-16
2
3.25258e-16
2
1.51561e-16
2
8.32064e-17
2
-2.96874e-17
2
-2.36248e-17
2
1.94376e-16
2
1.69355e-16
2
1.41502e-16
2
1.52078e-16
2
1.26913e-16
2
1.87289e-16
2
2.5626e-16
2
9.00552e-17
2
8.13451e-17
2
1.74284e-17
2
-1.12622e-16
2
-3.64988e-16
-3.86568e-16
2
-2.95409e-16
2
-3.13625e-16
2
-2.1429e-16
2
-1.28427e-16
2
2.40777e-20
2
-3.30922e-17
2
-1.6478e-16
2
-4.25152e-17
2
-1.97985e-17
2
-9.91996e-17
2
1.92184e-16
2
2.20274e-16
2
1.84272e-16
2
1.46225e-16
2
2.51391e-16
2
3.36981e-16
2
1.52775e-16
2
-5.79752e-17
2
-2.67517e-17
2
3.4526e-17
2
2.6419e-16
2
1.48019e-16
2
4.3021e-17
2
-1.69379e-16
2
-8.44968e-17
2
-5.98717e-17
2
2.28105e-17
2
-1.04783e-16
2
-1.70133e-16
2
-5.10469e-17
2
-1.23006e-17
2
5.36353e-17
2
4.58318e-17
2
-1.34956e-16
2
7.7454e-17
2
-2.47926e-16
2
-2.00467e-16
2
-1.59437e-16
2
8.89141e-17
2
-1.80794e-16
2
-1.02586e-16
2
2.80804e-17
2
-6.61898e-17
2
-1.77383e-16
2
-2.67486e-16
2
-2.19921e-16
2
-1.4877e-16
2
-1.58729e-16
2
-1.73943e-16
2
-2.21278e-16
2
-1.89982e-16
2
-3.78101e-17
2
-1.025e-17
2
2.30448e-17
2
1.0097e-17
2
1.60083e-16
2
-2.37794e-17
2
1.06321e-16
2
6.8591e-17
2
-9.3259e-18
2
1.10552e-16
2
-4.70153e-17
2
1.55719e-17
2
-2.41973e-18
2
-8.39436e-17
2
-1.74909e-16
2
-3.02112e-16
2
-1.62881e-16
2
-4.99515e-17
2
1.4007e-17
2
6.79907e-17
2
-2.00059e-16
2
7.37782e-17
2
8.61606e-17
2
9.80089e-17
2
2.53766e-16
2
2.69578e-16
2
1.66526e-16
2
3.25384e-17
2
-1.15891e-16
2
-3.78029e-17
2
9.23045e-17
2
3.51673e-17
2
1.74579e-16
2
1.51765e-16
2
9.15312e-17
2
1.97704e-16
2
1.77332e-16
2
1.84999e-16
2
1.47722e-16
2
3.67334e-16
2
4.87508e-16
2
3.01311e-16
2
3.32044e-16
2
3.45777e-17
2
3.25182e-17
2
1.00806e-16
2
8.87936e-17
2
-2.4516e-17
2
2.74063e-17
2
1.42482e-16
2
1.55392e-16
2
1.05919e-16
2
-2.03186e-17
2
-5.25994e-18
2
2.7827e-16
2
2.24551e-16
2
3.59037e-16
2
5.37302e-17
2
6.07969e-17
2
7.9275e-17
2
5.20926e-17
2
1.33224e-16
2
3.25682e-16
2
1.97678e-16
2
-1.93559e-17
2
1.19892e-17
2
1.08435e-16
2
-3.55647e-16
2
-2.67653e-16
2
-1.89519e-16
2
-2.15656e-16
2
-5.567e-17
2
-5.6428e-17
2
-1.23519e-16
2
-1.79728e-16
2
-2.99991e-16
2
-2.32455e-16
2
-8.25481e-17
2
-8.81057e-17
2
1.29136e-17
2
1.18835e-16
2
-7.99933e-17
2
3.69563e-17
2
6.07259e-17
2
-1.16064e-16
2
-1.53877e-16
2
-2.4113e-16
2
-1.25968e-16
2
-1.63279e-17
2
1.22311e-16
2
-6.30209e-18
2
6.38527e-17
2
-2.62788e-17
2
-4.14067e-17
2
-1.30172e-16
2
-2.37593e-16
2
-2.70648e-16
2
-1.82352e-16
2
-1.8435e-16
2
-3.21459e-16
2
-2.49803e-16
2
-1.31679e-16
2
-1.43628e-16
2
-7.14677e-17
2
-9.39557e-17
2
-2.96846e-16
2
-3.12057e-16
2
-2.91574e-16
2
-3.15526e-16
2
-2.0409e-16
2
-1.05487e-16
2
-1.1611e-16
2
-2.81684e-17
2
-1.3325e-16
2
1.32657e-16
2
1.39106e-16
2
2.49807e-16
2
3.10469e-16
2
4.49189e-16
2
5.10725e-16
2
5.39981e-16
2
4.70765e-16
2
3.06639e-16
2
4.2711e-16
2
4.077e-16
2
4.43218e-16
2
3.11228e-16
2
4.22191e-16
2
3.04231e-16
2
2.59065e-16
2
2.20732e-16
2
1.35346e-16
2
9.06303e-17
2
1.16297e-16
2
-7.48187e-17
2
-1.08969e-16
2
-9.26475e-17
2
2.19493e-16
2
1.52919e-16
2
-6.34584e-18
2
-2.13557e-16
2
-7.71697e-18
2
1.82492e-16
2
2.08029e-16
2
6.71425e-17
2
-4.81457e-17
2
-2.23688e-16
2
-1.61931e-16
-9.79466e-17
2
-3.16384e-16
2
-3.52228e-16
2
-3.99959e-16
2
-2.82333e-16
2
-9.17392e-17
2
-3.21372e-17
2
-1.22282e-16
2
-6.06921e-17
2
-7.39692e-17
2
2.41644e-16
2
3.92699e-17
2
1.44914e-16
2
2.27183e-17
2
1.05875e-16
2
1.24918e-16
2
2.79305e-17
2
1.05691e-16
2
3.58154e-16
2
6.11188e-17
2
-1.95252e-16
2
-1.07972e-16
2
9.95991e-17
2
1.44832e-16
2
2.47266e-16
2
-6.89285e-17
2
-1.68702e-16
2
-8.23885e-17
2
-3.59605e-17
2
-1.19554e-16
2
-1.38774e-16
2
-1.39251e-16
2
-2.17316e-17
2
6.88534e-17
2
-2.6153e-17
2
-1.01439e-16
2
2.33006e-17
2
4.94262e-17
2
-1.40456e-17
2
-1.85911e-16
2
7.22828e-17
2
3.06696e-17
2
-6.17394e-17
2
-1.76656e-16
2
-1.5694e-18
2
-2.73987e-17
2
-1.47148e-16
2
7.54471e-17
2
4.48656e-17
2
-8.43865e-17
2
-1.22932e-16
2
-8.22031e-17
2
5.53809e-18
2
-4.76458e-17
2
-4.90184e-17
2
-1.68232e-17
2
-8.39224e-17
2
-1.34645e-16
2
1.63007e-17
2
1.59964e-16
2
2.50332e-16
2
-1.96165e-16
2
-1.32618e-16
2
-1.02428e-16
2
-7.72533e-17
2
-1.02717e-16
2
-2.00652e-16
2
-4.01325e-16
2
-1.53665e-16
2
-2.60295e-16
2
-2.05829e-16
2
-1.01973e-16
2
-1.05312e-16
2
-2.23904e-17
2
1.40593e-16
2
1.58361e-16
2
3.99618e-16
2
3.73407e-16
2
8.42109e-17
2
2.89568e-16
2
2.39105e-16
2
1.51429e-16
2
3.4125e-16
2
2.02631e-16
2
1.34301e-16
2
1.09466e-16
2
-2.52534e-18
2
1.5066e-16
2
2.22842e-16
2
2.9589e-16
2
2.83128e-16
2
2.31014e-16
2
3.06911e-16
2
2.99263e-16
2
3.00581e-16
2
1.54014e-16
2
1.39858e-16
2
1.71961e-16
2
2.99561e-16
2
2.38382e-16
2
1.49346e-16
2
2.27747e-16
2
2.33392e-17
2
-1.21687e-16
2
-1.37873e-16
2
-1.92032e-16
2
5.89289e-18
2
1.50746e-16
2
1.39916e-16
2
3.90572e-16
2
2.68062e-16
2
1.75589e-16
2
6.72501e-18
2
4.30913e-17
2
2.11123e-17
2
5.67062e-17
2
1.48957e-16
2
1.16678e-17
2
-1.70333e-16
2
1.08825e-16
2
-3.38213e-17
2
4.22182e-18
2
1.7573e-16
2
9.79775e-17
2
1.65948e-16
2
1.32601e-16
2
4.05349e-17
2
9.45815e-17
2
3.08313e-17
2
1.90589e-16
2
6.788e-17
2
-9.75386e-17
2
-1.55592e-16
2
-9.99679e-17
2
3.13852e-17
2
9.39399e-17
2
-4.73689e-17
2
-2.12325e-17
2
4.34364e-17
2
-1.10309e-16
2
-1.03737e-16
2
-1.07189e-17
2
1.52068e-17
2
-3.26545e-17
2
1.14021e-16
2
1.57141e-16
2
3.30986e-17
2
-4.8786e-17
2
1.05005e-16
2
-4.70911e-17
2
1.10357e-17
2
2.65237e-18
2
-2.45578e-16
2
-4.54744e-16
2
-4.55996e-16
2
-2.22637e-16
2
-2.36308e-16
2
-2.4576e-16
2
-2.15554e-16
2
-3.00205e-16
2
-3.18818e-16
2
-2.28576e-16
2
-1.73621e-16
2
-8.24196e-17
2
-2.62605e-16
2
-1.5735e-16
2
-3.01562e-16
2
-1.4756e-16
2
3.04002e-17
2
1.04579e-16
2
1.58323e-16
2
3.26958e-16
2
1.87522e-16
2
2.69184e-18
2
-5.47813e-17
2
-9.2005e-17
2
3.04279e-16
2
1.24253e-17
2
1.67198e-16
2
1.26249e-16
2
3.30031e-17
2
1.85719e-16
2
1.31366e-16
2
2.71994e-17
2
1.56918e-16
2
-5.88025e-17
2
1.33092e-16
2
1.32383e-16
2
8.97179e-17
2
1.99348e-17
2
1.43342e-16
2
2.60192e-16
2
2.83165e-16
2
1.67305e-16
2
1.89378e-16
2
-2.76339e-17
2
-3.75598e-17
2
2.414e-17
2
-9.78067e-17
2
1.12984e-17
-7.16246e-17
2
-2.8304e-16
2
-3.43631e-16
2
-2.12629e-16
2
-4.80481e-16
2
-5.60784e-16
2
-4.90497e-16
2
-3.75833e-16
2
-4.11466e-16
2
-3.09658e-16
2
-2.0649e-16
2
-3.29131e-16
2
-4.91313e-17
2
5.88946e-17
2
1.62304e-16
2
1.4212e-16
2
1.06481e-18
2
8.41283e-17
2
1.18795e-16
2
8.22703e-17
2
1.43236e-16
2
-4.12922e-17
2
-8.476e-17
2
-1.13403e-16
2
-2.02367e-16
2
-1.21776e-16
2
-3.1243e-16
2
3.50047e-17
2
2.80529e-16
2
-2.05743e-17
2
-7.77848e-17
2
-2.6092e-16
2
-4.68471e-17
2
-1.23433e-16
2
-2.60913e-16
2
-2.27114e-16
2
-2.2355e-16
2
-2.79386e-16
2
-1.71823e-16
2
2.90168e-17
2
-2.46289e-16
2
-2.41523e-16
2
-1.64892e-16
2
-1.22277e-16
2
-6.4866e-17
2
-1.52513e-16
2
-5.13157e-17
2
-2.76594e-16
2
-2.03139e-16
2
2.02543e-16
2
1.94486e-16
2
-8.73904e-17
2
-2.43026e-16
2
-1.82404e-16
2
-2.12036e-16
2
7.72765e-17
2
1.42611e-16
2
-1.37154e-18
2
6.91717e-18
2
7.98561e-17
2
-1.65265e-16
2
3.13725e-18
2
-5.31453e-17
2
-1.4205e-16
2
-5.35185e-17
2
9.72861e-18
2
-1.59883e-16
2
-2.9689e-17
2
-1.3974e-16
2
-9.58947e-17
2
-3.23064e-16
2
-2.82356e-16
2
-1.44831e-16
2
-1.66284e-16
2
-5.63057e-17
2
-1.489e-18
2
-9.97351e-17
2
-2.3465e-16
2
-1.23625e-16
2
-1.1984e-16
2
1.26028e-17
2
4.23416e-17
2
-3.81702e-17
2
2.76914e-16
2
5.26269e-17
2
1.31722e-16
2
2.03476e-16
2
3.97418e-17
2
1.10594e-16
2
2.64865e-16
2
5.878e-17
2
2.88072e-17
2
-8.35343e-18
2
1.46542e-17
2
9.32635e-17
2
2.96531e-16
2
2.11284e-16
2
2.22635e-16
2
-1.26267e-17
2
-1.43177e-16
2
-1.0837e-16
2
-2.19306e-16
2
-5.49584e-17
2
1.42959e-16
2
-1.103e-17
2
3.51634e-17
2
-7.63387e-17
2
-9.85943e-17
2
-1.70514e-16
2
-1.2365e-16
2
7.53822e-17
2
-8.20775e-18
2
-2.69792e-17
2
-2.40054e-16
2
-2.356e-16
2
-7.92957e-17
2
2.80149e-17
2
-1.69676e-16
2
-1.82449e-16
2
-8.65719e-17
2
1.00498e-16
2
1.49465e-16
2
1.69465e-16
2
-3.29843e-17
2
-1.10383e-17
2
-1.77357e-17
2
-1.32427e-16
2
-2.18332e-17
2
1.70518e-16
2
-9.6625e-17
2
7.51044e-17
2
2.30446e-16
2
-4.05297e-17
2
5.47578e-17
2
1.32117e-16
2
1.2644e-16
2
2.9418e-16
2
4.9128e-16
2
3.61343e-16
2
4.12035e-16
2
4.48047e-16
2
1.79514e-16
2
2.84895e-16
2
3.69945e-16
2
3.29336e-16
2
2.78625e-16
2
1.40438e-16
2
-9.6725e-18
2
-4.74792e-17
2
-2.31188e-17
2
-3.54791e-17
2
-1.06229e-16
2
-9.65268e-17
2
-1.92448e-16
2
-2.93668e-16
2
-2.74352e-16
2
-2.69096e-16
2
-2.31145e-16
2
-1.21579e-17
2
4.33447e-17
2
3.60241e-17
2
-4.52841e-17
2
1.0294e-16
2
-5.74523e-17
2
-2.61473e-17
2
-2.32433e-16
2
-7.25628e-18
2
-1.92498e-16
2
-3.07944e-16
2
-2.89347e-16
2
-1.72957e-16
2
-3.38132e-16
2
-3.55577e-16
2
-3.63034e-16
2
-3.01835e-16
2
-3.11214e-16
2
-2.29141e-16
2
-1.78581e-16
2
-6.37729e-17
2
3.36336e-17
2
1.50503e-16
2
3.88719e-17
2
1.07332e-16
2
1.86742e-16
2
8.63342e-17
2
2.17846e-16
2
3.9373e-16
2
2.47956e-16
2
1.6767e-16
2
-5.91168e-17
2
7.43083e-17
2
1.23187e-16
2
4.13847e-16
2
1.95271e-16
2
-2.30217e-17
2
7.92059e-17
2
5.47495e-19
2
-1.05194e-16
2
-6.27808e-17
2
-4.12094e-17
-9.13085e-17
2
-2.48357e-16
2
-2.27331e-16
2
-2.0899e-16
2
-3.69266e-16
2
-3.49892e-16
2
-2.88027e-16
2
-2.3483e-16
2
-1.36848e-16
2
-2.97207e-16
2
-2.54075e-16
2
-7.34559e-17
2
-4.21205e-17
2
8.23904e-17
2
-1.89633e-16
2
-2.31325e-16
2
-2.05274e-16
2
-2.42869e-16
2
-7.43945e-17
2
-5.00619e-17
2
-1.84616e-16
2
-4.85966e-17
2
-1.82044e-16
2
-2.02547e-16
2
-2.62518e-16
2
-2.81458e-16
2
4.85426e-17
2
-4.69431e-17
2
-1.44552e-16
2
-2.16883e-16
2
-3.52609e-16
2
-2.38571e-16
2
-2.42258e-16
2
-2.32385e-16
2
-2.26109e-16
2
-2.49229e-16
2
-2.77209e-16
2
-2.65785e-16
2
-2.59298e-16
2
-1.91668e-16
2
-7.10609e-17
2
-1.21222e-16
2
-2.46484e-16
2
-1.82364e-16
2
-1.90318e-16
2
-2.34408e-16
2
-1.8079e-16
2
-1.5348e-16
2
-5.11896e-17
2
-1.22385e-16
2
-1.45204e-16
2
-1.38762e-16
2
-1.12853e-16
2
-1.66993e-16
2
-6.90634e-17
2
-1.70908e-16
2
-1.2101e-16
2
9.92486e-17
2
-6.16445e-17
2
-1.54143e-16
2
-6.13526e-18
2
2.09262e-17
2
1.09837e-16
2
8.79636e-17
2
-9.33417e-18
2
-9.72527e-17
2
-5.04353e-19
2
-2.10375e-16
2
-1.99311e-16
2
-7.63233e-17
2
-1.11587e-16
2
-2.34003e-16
2
-3.52167e-16
2
-1.8892e-16
2
-1.78126e-17
2
1.13731e-16
2
-1.04632e-17
2
-2.32707e-16
2
-1.18645e-16
2
-1.6962e-16
2
-9.20171e-17
2
3.28932e-17
2
9.23592e-17
2
3.01469e-17
2
4.85374e-17
2
1.26537e-16
2
2.34967e-16
2
2.31264e-16
2
9.33885e-17
2
-1.44966e-16
2
-1.1583e-16
2
4.95162e-17
2
2.66439e-16
2
3.53379e-16
2
3.71751e-17
2
3.14921e-18
2
2.89445e-16
2
1.15107e-16
2
1.29064e-16
2
1.02353e-17
2
-1.80892e-17
2
1.06479e-16
2
-1.36452e-17
2
-3.30308e-17
2
-7.45722e-18
2
1.05778e-16
2
-5.58177e-17
2
-1.05436e-17
2
4.80204e-17
2
-1.27235e-16
2
-1.50175e-16
2
-1.1428e-16
2
-7.94623e-18
2
-3.80622e-17
2
-1.19836e-16
2
-1.04921e-16
2
-1.71349e-16
2
-1.08076e-16
2
5.99482e-17
2
3.80929e-17
2
-9.83548e-18
2
-3.72649e-17
2
-4.87016e-17
2
1.80784e-16
2
8.33685e-18
2
9.7152e-17
2
1.69217e-16
2
3.79694e-17
2
5.43218e-17
2
2.28192e-16
2
2.01276e-16
2
2.08878e-17
2
5.48391e-17
2
4.09512e-18
2
-6.48595e-18
2
9.43235e-17
2
2.60133e-16
2
7.90667e-17
2
8.20248e-17
2
2.23957e-16
2
1.59372e-16
2
2.9614e-16
2
3.61441e-16
2
2.27089e-16
2
-1.40652e-16
2
-8.83136e-17
2
2.39908e-16
2
3.93182e-16
2
2.87229e-16
2
1.54589e-16
2
1.35246e-16
2
1.40596e-16
2
-1.73584e-17
2
-1.28288e-16
2
-3.10349e-16
2
-2.09282e-16
2
4.96693e-17
2
4.01914e-17
2
-1.4641e-16
2
-1.53942e-16
2
3.91468e-17
2
-2.92406e-17
2
-2.50971e-16
2
-2.721e-16
2
-4.25017e-16
2
-2.20231e-16
2
-5.13463e-16
2
-4.96359e-16
2
-5.48572e-16
2
-5.72153e-16
2
-4.10346e-16
2
-3.82871e-16
2
-5.01299e-16
2
-4.25269e-16
2
-2.02051e-16
2
5.74338e-18
2
-1.00001e-16
2
-1.99416e-16
2
-2.09476e-16
2
-9.34969e-17
2
7.26774e-17
2
1.23596e-16
2
1.83189e-18
2
-1.25969e-16
2
8.22866e-17
2
2.20408e-16
2
2.11667e-16
2
8.77351e-17
2
-8.78594e-17
2
7.86242e-17
2
1.38465e-16
2
1.32899e-16
2
-9.45879e-17
2
-9.94521e-17
2
-2.46989e-17
2
7.18024e-17
2
2.09108e-16
2
1.62087e-16
2
2.18946e-17
2
3.00412e-18
-1.27701e-16
2
-7.22939e-17
2
-2.62063e-16
2
-3.47598e-16
2
-2.02971e-16
2
-1.96879e-16
2
-2.69525e-16
2
-2.4467e-16
2
-4.21726e-16
2
-1.73649e-16
2
-3.29981e-16
2
-8.53537e-17
2
-9.23336e-17
2
-1.24559e-16
2
-1.16242e-16
2
-1.34446e-16
2
-7.16325e-17
2
-1.37239e-16
2
-7.82231e-17
2
-3.15842e-17
2
-2.45941e-16
2
-1.00288e-16
2
-1.40093e-16
2
-2.17339e-16
2
-3.43809e-16
2
-2.50072e-16
2
-2.26181e-16
2
-3.92415e-16
2
-4.03096e-16
2
-3.45324e-16
2
-2.08348e-16
2
-1.81948e-16
2
-3.29106e-16
2
-2.56755e-16
2
-3.42588e-16
2
-1.70084e-16
2
1.08778e-17
2
-1.07207e-16
2
-1.73646e-16
2
-2.55574e-16
2
-8.83763e-17
2
1.96701e-16
2
1.97975e-16
2
1.32012e-16
2
-3.42111e-17
2
1.96774e-16
2
5.20112e-17
2
-2.17279e-16
2
-2.61678e-16
2
-1.29328e-16
2
-2.93359e-16
2
-1.16257e-16
2
-9.52754e-17
2
-2.29651e-17
2
-6.14137e-17
2
-9.27691e-17
2
-9.01692e-17
2
-1.00883e-16
2
-7.8936e-17
2
-2.08204e-16
2
5.99193e-17
2
9.55495e-18
2
1.35981e-17
2
2.11875e-17
2
7.22315e-17
2
-1.88434e-16
2
-1.71214e-16
2
-2.04101e-16
2
-2.05314e-16
2
-2.65354e-16
2
-1.42937e-16
2
-1.35044e-16
2
1.46611e-17
2
-8.66134e-18
2
8.96249e-17
2
-7.96418e-17
2
-4.39757e-17
2
8.68916e-17
2
8.61276e-17
2
-1.07919e-16
2
7.93681e-17
2
1.33943e-16
2
1.21502e-16
2
1.36402e-16
2
1.6505e-16
2
1.42324e-16
2
1.0216e-16
2
2.56239e-17
2
7.60374e-17
2
5.71456e-17
2
2.06432e-16
2
8.00651e-17
2
1.7727e-16
2
1.09968e-16
2
-1.76992e-17
2
2.32587e-16
2
2.41359e-16
2
8.92091e-17
2
1.0002e-16
2
4.80418e-17
2
-1.36555e-17
2
-8.56034e-17
2
-2.28417e-16
2
-7.12896e-17
2
-1.04494e-16
2
-2.37303e-16
2
-1.4881e-16
2
-2.46681e-16
2
-5.596e-17
2
1.28327e-16
2
-1.42907e-16
2
-1.64578e-16
2
-3.38236e-16
2
-1.68685e-16
2
9.86364e-17
2
-9.63124e-18
2
-1.6825e-16
2
-3.78529e-17
2
2.50343e-17
2
1.15723e-16
2
1.98792e-17
2
-1.36651e-16
2
-1.54532e-16
2
5.917e-17
2
2.77594e-17
2
1.09024e-16
2
3.29335e-16
2
3.12466e-16
2
3.01294e-16
2
3.63534e-16
2
2.62334e-16
2
2.1494e-16
2
2.23982e-16
2
6.79946e-17
2
7.04895e-17
2
5.35661e-17
2
8.12474e-17
2
1.11965e-16
2
1.25609e-16
2
2.6586e-16
2
2.00995e-16
2
1.37201e-16
2
-9.74863e-17
2
1.29355e-16
2
3.93812e-16
2
2.78397e-16
2
1.5734e-16
2
3.74269e-16
2
2.83473e-16
2
1.45309e-16
2
1.19422e-16
2
1.21463e-16
2
-9.09995e-17
2
-7.98556e-17
2
1.01484e-16
2
2.98543e-17
2
-1.50708e-16
2
-2.84814e-16
2
-1.18294e-16
2
6.64852e-17
2
-2.17334e-17
2
-2.60064e-16
2
-4.8841e-16
2
-5.13984e-16
2
-4.49063e-16
2
-5.96869e-16
2
-6.46454e-16
2
-6.8158e-16
2
-4.31948e-16
2
-2.83996e-16
2
-5.34469e-16
2
-3.31125e-16
2
-9.55244e-17
2
-1.22861e-16
2
-2.65218e-16
2
-3.08025e-16
2
-2.49396e-16
2
-9.56653e-17
2
4.03708e-17
2
-5.9518e-17
2
-1.14385e-16
2
-4.73408e-17
2
-8.22764e-17
2
-2.04516e-17
2
1.69326e-16
2
2.91198e-16
2
1.38811e-16
2
8.1596e-17
2
3.53698e-17
2
-2.41818e-17
2
-1.94534e-16
2
-8.87561e-17
2
3.30694e-17
2
-3.00699e-17
2
1.04675e-16
2
2.83451e-16
2
3.36123e-16
2
2.55548e-16
2
2.26602e-16
2
-2.20209e-18
-5.94641e-18
2
-3.84014e-17
2
-2.04958e-17
2
-4.37492e-17
2
3.58425e-17
2
2.69171e-18
2
-1.43658e-16
2
-3.1366e-16
2
-2.16736e-16
2
-3.00905e-16
2
-2.5896e-16
2
-2.74546e-16
2
-1.69744e-16
2
-1.50209e-16
2
-8.45371e-17
2
-1.24381e-17
2
-1.59351e-17
2
3.83468e-17
2
1.50101e-17
2
-1.6731e-17
2
2.20929e-17
2
-1.79777e-16
2
-1.45799e-16
2
-1.18354e-16
2
3.58926e-17
2
-8.65026e-17
2
-1.32716e-16
2
-2.51167e-16
2
-4.55612e-16
2
-2.70551e-16
2
-1.13287e-16
2
-1.17339e-16
2
-2.08834e-17
2
-9.56018e-17
2
9.4825e-17
2
6.36504e-17
2
-2.54721e-17
2
4.72379e-17
2
2.93712e-17
2
1.13069e-16
2
9.14438e-17
2
-1.04833e-17
2
6.5408e-17
2
9.24543e-18
2
2.55697e-17
2
1.01704e-17
2
-1.00087e-16
2
-1.8779e-16
2
-1.58777e-16
2
-2.5151e-16
2
-1.5667e-16
2
3.17499e-17
2
3.00273e-18
2
-1.15436e-16
2
-1.18477e-16
2
-1.85457e-16
2
-2.70967e-16
2
-1.896e-16
2
-1.57866e-16
2
-1.27516e-16
2
-1.288e-16
2
-4.68744e-17
2
-9.95857e-17
2
3.77521e-17
2
1.88358e-17
2
1.11513e-16
2
-7.71237e-17
2
1.82704e-16
2
5.7522e-17
2
-3.84512e-17
2
-1.10815e-17
2
-3.44489e-17
2
-4.55404e-17
2
1.27577e-16
2
-7.5142e-17
2
1.21097e-16
2
4.76687e-17
2
-1.30561e-16
2
-1.26112e-18
2
1.70633e-16
2
1.01391e-16
2
1.55495e-16
2
1.79991e-16
2
4.64627e-17
2
-1.41137e-17
2
4.24995e-17
2
1.39375e-16
2
3.8781e-17
2
-1.45496e-17
2
3.57413e-17
2
-1.53775e-16
2
-1.65199e-16
2
-2.44753e-16
2
-2.38605e-16
2
-1.53171e-16
2
-3.13828e-16
2
-1.75821e-16
2
-2.67062e-17
2
-1.32801e-17
2
6.49527e-17
2
5.25623e-17
2
-1.09412e-16
2
-6.24488e-18
2
-8.22811e-17
2
-1.12138e-17
2
-3.18732e-17
2
5.84179e-17
2
1.76318e-16
2
1.31137e-16
2
8.28687e-17
2
-9.91169e-17
2
-1.56583e-17
2
9.44366e-17
2
8.80499e-17
2
1.2129e-17
2
4.27236e-17
2
1.85613e-16
2
7.05466e-17
2
-2.17311e-17
2
-1.26783e-16
2
4.82898e-17
2
1.15777e-16
2
7.55789e-17
2
2.9293e-17
2
6.57348e-17
2
-5.23242e-18
2
8.54442e-17
2
1.35536e-16
2
3.09588e-16
2
3.72932e-16
2
2.26356e-16
2
4.59077e-17
2
3.98509e-17
2
1.43067e-16
2
8.45551e-17
2
2.23243e-17
2
-8.90891e-17
2
-2.00523e-18
2
1.79306e-16
2
1.261e-16
2
3.06979e-16
2
2.81093e-16
2
1.84736e-17
2
2.4288e-17
2
2.23555e-16
2
3.84081e-16
2
3.53081e-16
2
2.79838e-16
2
3.15644e-16
2
1.52478e-16
2
1.83169e-16
2
1.63661e-16
2
3.9512e-16
2
3.51326e-16
2
2.34293e-16
2
1.87569e-16
2
8.44951e-17
2
-5.74507e-18
2
-1.05616e-16
2
-1.38748e-16
2
-2.06286e-16
2
-1.77942e-16
2
-3.14187e-16
2
-2.13895e-16
2
-1.7534e-16
2
-3.45873e-16
2
-3.1732e-16
2
-4.87843e-16
2
-4.93476e-16
2
-3.51479e-16
2
-3.05415e-16
2
-4.32681e-16
2
-2.52087e-16
2
-2.05861e-16
2
-2.83485e-16
2
-2.80467e-16
2
-4.04327e-16
2
-2.84655e-16
2
-3.91202e-16
2
-1.61027e-16
2
-1.6426e-16
2
-9.73419e-17
2
-1.64576e-16
2
-1.39487e-16
2
-3.43123e-17
2
-1.14047e-16
2
-1.75824e-16
2
-8.98111e-17
2
-1.56871e-17
2
2.64573e-18
2
3.41006e-17
2
3.3989e-17
2
2.15207e-16
2
-8.00045e-18
2
1.03355e-16
2
2.57012e-16
2
1.30203e-16
2
2.57735e-16
2
2.12627e-16
2
-1.08065e-17
-1.73472e-16
2
9.93676e-17
2
-4.61148e-17
2
1.24762e-16
2
1.08081e-17
2
-6.69889e-17
2
-1.96088e-16
2
-1.27454e-16
2
-2.86532e-16
2
-3.49886e-16
2
-1.77133e-16
2
-1.09841e-16
2
-2.14498e-16
2
-1.67147e-16
2
-3.82931e-17
2
-2.41754e-16
2
-2.25344e-16
2
-7.71948e-17
2
2.42629e-16
2
1.28761e-16
2
6.4168e-17
2
-1.18118e-16
2
-4.47372e-17
2
2.41141e-17
2
-4.52563e-17
2
-2.33995e-16
2
-2.53913e-16
2
-2.80187e-16
2
-2.44799e-16
2
-2.27726e-16
2
-4.66272e-16
2
-1.17273e-16
2
-5.91673e-17
2
2.25926e-17
2
1.04049e-16
2
3.45563e-17
2
1.14324e-16
2
-5.34982e-17
2
9.29012e-17
2
2.19302e-16
2
5.32608e-18
2
-9.61583e-17
2
3.13741e-17
2
-1.63076e-17
2
7.90977e-17
2
1.27279e-16
2
-1.8593e-19
2
5.47039e-17
2
4.84575e-18
2
1.01968e-16
2
1.00977e-16
2
-1.22708e-16
2
-1.01583e-17
2
1.00003e-16
2
-5.68689e-17
2
-1.49363e-17
2
-1.52897e-16
2
-3.71277e-16
2
-3.77221e-16
2
-2.24689e-16
2
-2.33068e-16
2
-1.52316e-16
2
-1.91572e-16
2
1.82325e-17
2
-1.18649e-16
2
3.47545e-17
2
3.04765e-16
2
9.56595e-17
2
2.09861e-16
2
2.07922e-16
2
-3.33769e-17
2
-1.21888e-17
2
7.42489e-18
2
-8.02875e-18
2
-1.38943e-16
2
-1.90665e-16
2
-6.35311e-17
2
1.82056e-16
2
1.03227e-16
2
1.7039e-16
2
3.11786e-16
2
3.8447e-17
2
3.19953e-18
2
-1.78691e-17
2
1.23069e-16
2
1.31914e-16
2
-1.39408e-16
2
-9.4645e-17
2
-5.84568e-17
2
1.78629e-17
2
-1.2386e-16
2
-2.42718e-16
2
-1.80567e-16
2
-4.08336e-17
2
-1.39192e-16
2
-1.46416e-16
2
-3.52112e-16
2
-3.58199e-16
2
-1.66739e-16
2
8.58913e-17
2
1.34111e-16
2
-3.1757e-17
2
-1.07888e-16
2
-2.38416e-16
2
-2.56982e-16
2
-1.55132e-16
2
-8.95829e-17
2
7.14332e-17
2
9.90951e-17
2
9.52439e-18
2
1.6576e-16
2
1.33031e-16
2
1.49893e-16
2
1.38444e-16
2
2.49092e-17
2
-1.16257e-16
2
5.7482e-17
2
4.16925e-18
2
7.89176e-17
2
-6.11241e-17
2
-2.18117e-17
2
5.35883e-17
2
7.91323e-17
2
4.72511e-17
2
1.87106e-16
2
2.45518e-16
2
3.65183e-16
2
4.86802e-16
2
4.0251e-16
2
1.41387e-16
2
-1.51248e-17
2
-1.03109e-16
2
-2.46256e-17
2
9.99679e-17
2
6.75003e-17
2
-5.06398e-17
2
4.7957e-17
2
6.00072e-17
2
-1.11063e-17
2
1.64244e-16
2
1.81734e-16
2
2.22316e-16
2
3.76662e-16
2
3.07077e-16
2
1.81795e-16
2
1.63353e-16
2
2.61646e-16
2
1.38853e-16
2
4.27228e-17
2
3.1664e-16
2
3.04487e-16
2
3.1243e-16
2
2.00923e-16
2
3.60177e-16
2
2.39328e-16
2
6.46846e-17
2
-5.7117e-17
2
7.51302e-17
2
1.40891e-17
2
7.41295e-17
2
-7.39995e-17
2
-3.43926e-17
2
-2.62346e-17
2
-1.67134e-17
2
-2.06383e-16
2
-3.46973e-16
2
-3.13658e-16
2
-2.44388e-16
2
-1.19568e-16
2
-3.12056e-16
2
-3.84967e-16
2
-4.9745e-16
2
-5.74021e-16
2
-2.92914e-16
2
-1.83677e-16
2
-2.14512e-16
2
-3.45366e-16
2
-3.37392e-16
2
-2.30832e-16
2
-3.79863e-16
2
-4.78172e-16
2
-4.08788e-16
2
-3.02418e-16
2
-2.84235e-16
2
-1.99309e-16
2
-2.31985e-16
2
-8.66471e-17
2
-2.00461e-16
2
-8.7979e-17
2
-1.53068e-16
2
-4.2301e-17
2
-1.5644e-17
2
-5.57359e-18
2
7.62696e-17
2
9.28509e-18
2
-1.04388e-17
2
9.05244e-17
2
9.75162e-17
2
2.6952e-16
2
8.509e-17
-1.15345e-16
2
2.66873e-17
2
1.39211e-16
2
-6.46371e-17
2
-5.29063e-17
2
-8.40511e-17
2
-4.08018e-17
2
-1.0175e-16
2
-1.02236e-16
2
-2.43854e-17
2
-9.54626e-17
2
-2.33835e-16
2
-2.07166e-16
2
-1.72304e-16
2
-1.42334e-16
2
-2.69146e-16
2
-2.26322e-16
2
-1.31818e-16
2
-2.977e-16
2
-7.97564e-17
2
8.07476e-17
2
-4.15012e-17
2
-2.26885e-16
2
-4.46866e-16
2
-3.56169e-16
2
-3.45897e-16
2
-1.60153e-16
2
-7.57053e-17
2
-6.63887e-17
2
-1.01031e-16
2
-2.64992e-16
2
-2.37695e-16
2
-1.33112e-16
2
-6.72964e-17
2
2.25143e-17
2
2.76578e-17
2
-2.76908e-17
2
2.41511e-16
2
1.6712e-16
2
1.85429e-16
2
1.92045e-16
2
2.05435e-16
2
9.00866e-17
2
-1.12067e-16
2
3.7021e-17
2
2.23862e-17
2
1.56522e-16
2
9.48059e-17
2
1.66515e-16
2
1.10056e-16
2
1.79577e-16
2
3.67207e-16
2
2.46191e-16
2
3.14078e-17
2
1.72002e-16
2
6.6161e-17
2
3.0171e-17
2
-8.45075e-17
2
-1.74124e-16
2
-1.29004e-16
2
-2.29134e-17
2
2.21917e-17
2
7.8643e-17
2
-1.44531e-17
2
2.36335e-16
2
2.04888e-16
2
1.20375e-16
2
1.41772e-16
2
-9.41259e-17
2
-1.24159e-16
2
-7.78354e-17
2
-1.4041e-17
2
1.01894e-18
2
-2.13366e-16
2
-1.63065e-16
2
-1.13664e-16
2
-5.1883e-17
2
6.7095e-17
2
-1.72044e-16
2
-2.8978e-16
2
-4.34892e-16
2
-3.07622e-16
2
-3.37183e-16
2
-1.66091e-17
2
1.3453e-16
2
-1.09399e-16
2
-3.47407e-17
2
8.28546e-17
2
-2.7109e-17
2
-1.21979e-16
2
1.97534e-17
2
-1.49192e-16
2
-1.22615e-16
2
-4.07968e-16
2
-3.00376e-16
2
-1.55083e-16
2
-1.27126e-16
2
-7.36216e-17
2
-7.53672e-17
2
-1.90154e-16
2
-2.81505e-16
2
-2.46478e-16
2
-3.44502e-16
2
-2.01317e-16
2
-3.2487e-16
2
-2.6056e-16
2
-5.23742e-17
2
6.51249e-17
2
1.22194e-16
2
1.76546e-16
2
1.85719e-16
2
2.15887e-16
2
8.19651e-17
2
-1.18049e-16
2
-2.5795e-16
2
-7.81833e-17
2
-1.04803e-16
2
9.89754e-17
2
8.91349e-18
2
5.11362e-17
2
-5.8953e-17
2
-1.12758e-16
2
-3.16569e-17
2
-4.0603e-17
2
-2.00273e-17
2
1.70944e-16
2
3.20456e-16
2
4.79365e-16
2
2.81818e-16
2
5.83269e-17
2
1.06976e-16
2
3.09998e-16
2
1.7111e-16
2
8.95406e-18
2
9.58511e-17
2
1.63707e-16
2
-4.58831e-18
2
7.53826e-17
2
-2.77433e-18
2
-4.19865e-17
2
5.24249e-17
2
1.65688e-16
2
1.43314e-16
2
1.99291e-16
2
7.77546e-17
2
5.91627e-17
2
9.1447e-17
2
5.79321e-17
2
2.68775e-16
2
2.529e-16
2
2.21887e-16
2
1.84826e-16
2
2.50371e-16
2
1.02611e-16
2
1.38062e-16
2
9.332e-17
2
9.56483e-17
2
1.24131e-16
2
9.29803e-17
2
-8.87379e-17
2
-5.90212e-18
2
5.63902e-17
2
1.71221e-16
2
1.39685e-16
2
6.26005e-17
2
1.72114e-17
2
-1.34377e-16
2
-7.12775e-17
2
-4.73645e-16
2
-3.38698e-16
2
-2.88653e-16
2
-2.47375e-16
2
-2.50829e-16
2
-4.2304e-16
2
-3.96908e-16
2
-2.54997e-16
2
-2.24597e-16
2
-2.44362e-16
2
-4.12827e-16
2
-3.28587e-16
2
-3.25388e-16
2
-3.1853e-16
2
-3.39697e-16
2
-3.78127e-16
2
-5.13131e-16
2
-2.21293e-16
2
-2.8105e-16
2
-2.01174e-16
2
-2.45605e-16
2
-2.79062e-16
2
-4.11581e-16
2
-2.35775e-16
2
-3.08207e-16
2
-1.89356e-16
2
-2.31084e-16
2
-3.41086e-16
2
-3.70471e-16
2
-4.20958e-17
2
3.54538e-17
2
1.90126e-16
5.27198e-17
2
2.15406e-16
2
1.13722e-16
2
-1.33974e-16
2
-8.50067e-17
2
-4.83262e-17
2
-2.02866e-16
2
-1.6608e-16
2
-1.68793e-17
2
7.9245e-17
2
3.80919e-19
2
-4.26461e-17
2
-2.3756e-17
2
-4.60585e-17
2
-3.57875e-17
2
5.19992e-17
2
-1.54211e-16
2
-2.05585e-16
2
-2.00306e-16
2
-1.97213e-16
2
-5.11995e-17
2
1.53332e-17
2
-2.40376e-16
2
-1.92314e-16
2
-1.94572e-17
2
1.53172e-17
2
-1.81656e-16
2
-7.11893e-17
2
-2.14778e-16
2
-2.89441e-16
2
-1.49341e-16
2
-1.82692e-16
2
-3.4015e-16
2
-7.82935e-17
2
5.31239e-17
2
5.29519e-17
2
3.65001e-17
2
5.7708e-17
2
6.82207e-17
2
4.12071e-18
2
1.69025e-16
2
1.27825e-17
2
8.21346e-17
2
1.22915e-16
2
-6.23114e-17
2
-2.56389e-17
2
-6.94188e-17
2
3.43645e-16
2
2.47525e-16
2
2.19002e-16
2
2.89865e-16
2
6.27184e-17
2
3.9589e-17
2
2.79885e-17
2
8.0358e-17
2
-2.04785e-17
2
-6.47409e-17
2
-1.51045e-16
2
-1.0255e-16
2
-1.16941e-16
2
-1.96164e-16
2
-1.15803e-16
2
1.21134e-16
2
8.4553e-17
2
6.9313e-17
2
6.11227e-17
2
-7.70864e-17
2
-1.59546e-17
2
1.49798e-16
2
2.74975e-16
2
2.57835e-16
2
9.90797e-17
2
1.89725e-16
2
1.64889e-16
2
1.32824e-16
2
2.81689e-17
2
4.29851e-17
2
-7.75219e-17
2
-6.87175e-17
2
-1.86013e-16
2
-3.4576e-16
2
-1.87211e-16
2
-2.91531e-16
2
-4.49876e-16
2
-5.18249e-16
2
-4.03619e-16
2
-3.30856e-16
2
-4.00678e-16
2
-4.21232e-16
2
-3.91362e-16
2
-3.35648e-16
2
-2.1159e-16
2
-1.89819e-16
2
-1.9605e-16
2
-3.58308e-16
2
-3.19159e-16
2
-1.80124e-16
2
-1.34198e-16
2
-2.46837e-16
2
-4.84526e-16
2
-3.21943e-16
2
-3.4321e-16
2
-3.95735e-16
2
-4.01949e-16
2
-2.75694e-16
2
-2.4683e-16
2
-5.06262e-17
2
4.22495e-17
2
9.47356e-17
2
-7.09006e-18
2
-1.22925e-16
2
-3.28114e-16
2
5.4467e-18
2
-1.27851e-16
2
-3.4634e-16
2
-1.77088e-16
2
-6.13489e-17
2
-5.21828e-17
2
-1.50551e-16
2
-1.13726e-16
2
-1.09427e-16
2
-1.96102e-17
2
-6.40763e-17
2
-1.12277e-16
2
-2.84483e-16
2
-1.64949e-16
2
-8.74809e-17
2
6.88609e-18
2
-1.54159e-16
2
-1.38626e-16
2
-1.53868e-16
2
-1.13839e-16
2
6.46925e-17
2
-1.5376e-16
2
-8.15246e-17
2
-6.56784e-17
2
-1.15746e-16
2
-4.56614e-17
2
3.16519e-17
2
1.22707e-16
2
7.4464e-17
2
-5.02402e-17
2
-5.55302e-17
2
-1.76001e-16
2
-1.61582e-16
2
-1.59991e-17
2
-4.96722e-17
2
1.58922e-16
2
1.04458e-16
2
8.28685e-17
2
1.09628e-16
2
7.48715e-17
2
1.4271e-16
2
1.33088e-16
2
1.52335e-16
2
1.33242e-16
2
1.70105e-16
2
1.73142e-16
2
1.45949e-16
2
1.3271e-16
2
3.07456e-16
2
2.85357e-16
2
3.11776e-16
2
1.7596e-16
2
2.16085e-16
2
4.04271e-16
2
2.45597e-16
2
1.40806e-16
2
7.16673e-17
2
-1.23608e-16
2
-1.13865e-16
2
2.63219e-17
2
-3.06374e-16
2
-3.51215e-16
2
-2.05415e-16
2
-1.32226e-16
2
-1.44672e-16
2
-1.88268e-16
2
-1.16843e-16
2
-2.16201e-16
2
-1.31359e-16
2
-1.50795e-16
2
-1.89118e-16
2
-2.65081e-16
2
-1.3994e-16
2
-1.46896e-16
2
-3.88831e-16
2
-3.34672e-16
2
-1.29112e-16
2
-1.63641e-16
2
-4.27891e-16
2
-4.71162e-16
2
-2.70783e-16
2
-1.75058e-16
2
-2.56792e-16
2
-1.821e-16
2
-2.18798e-16
2
-3.21557e-16
2
-2.45078e-16
2
1.87487e-17
3.93963e-17
2
4.99002e-17
2
1.35696e-16
2
1.72521e-16
2
-3.32095e-17
2
-1.72838e-16
2
8.86288e-17
2
7.68659e-17
2
3.46872e-18
2
-8.23585e-17
2
-1.34586e-16
2
-1.30145e-16
2
-1.00248e-16
2
-1.2066e-16
2
-1.97991e-16
2
2.07006e-17
2
1.33773e-16
2
-1.02877e-16
2
-2.01056e-16
2
-8.18092e-17
2
-2.49609e-16
2
1.15572e-16
2
-4.02654e-18
2
-1.15839e-16
2
-4.97391e-16
2
-2.33161e-16
2
4.78273e-17
2
-1.49066e-16
2
-2.20825e-16
2
-5.91844e-17
2
-1.41075e-16
2
-1.09519e-16
2
-1.38441e-16
2
-3.63522e-17
2
8.21212e-17
2
3.64913e-17
2
5.99042e-17
2
5.46128e-17
2
1.58259e-16
2
9.56941e-17
2
1.72458e-17
2
9.58772e-17
2
5.4839e-17
2
6.82454e-17
2
1.54005e-17
2
6.68736e-17
2
1.17338e-16
2
-1.41255e-16
2
-2.01873e-17
2
2.48442e-16
2
2.77147e-16
2
5.06606e-17
2
1.74874e-16
2
1.47662e-16
2
6.91427e-18
2
8.34519e-17
2
6.15191e-17
2
9.65746e-17
2
1.62176e-16
2
5.35484e-17
2
7.24264e-17
2
2.66575e-17
2
9.3798e-18
2
1.31103e-16
2
2.58109e-19
2
1.61008e-17
2
1.4357e-16
2
3.2546e-16
2
1.78891e-16
2
2.51515e-17
2
2.65447e-16
2
3.94958e-16
2
4.17693e-16
2
2.24465e-16
2
1.96696e-16
2
-8.33558e-17
2
2.66517e-17
2
-3.24378e-17
2
-2.5172e-16
2
-2.04639e-16
2
-1.2038e-16
2
-2.73406e-16
2
-1.57907e-16
2
-1.74139e-16
2
-3.30153e-16
2
-2.32605e-16
2
-3.32903e-16
2
-5.32264e-16
2
-4.01501e-16
2
-2.41443e-16
2
-3.34715e-17
2
-1.97433e-16
2
-3.52752e-16
2
-1.85441e-16
2
-7.73697e-17
2
-2.11747e-16
2
-3.22225e-16
2
-2.25707e-16
2
-2.34634e-16
2
-1.06024e-16
2
-3.07708e-16
2
-1.92755e-16
2
-7.09401e-17
2
-1.42712e-16
2
-2.78732e-17
2
3.59593e-17
2
-3.72708e-17
2
4.65633e-17
2
4.06468e-17
2
-1.18692e-16
2
-1.19106e-16
2
-1.24137e-16
2
-1.35785e-16
2
-1.9587e-16
2
-1.14308e-16
2
-1.06738e-16
2
-3.0679e-16
2
-2.62804e-16
2
-7.3059e-17
2
-2.83127e-17
2
-2.41358e-16
2
2.02392e-16
2
2.43668e-16
2
-1.04294e-17
2
7.31121e-17
2
-1.30536e-17
2
-2.27326e-17
2
-2.63086e-16
2
-2.12562e-16
2
-9.12377e-17
2
-2.58646e-16
2
-2.28755e-16
2
-1.46317e-16
2
4.49171e-17
2
1.015e-17
2
1.11913e-18
2
1.00673e-16
2
-4.05399e-17
2
-1.02986e-16
2
-1.35007e-16
2
-1.87052e-16
2
-5.04081e-17
2
-2.49217e-17
2
-1.34744e-17
2
-1.72948e-17
2
-2.81025e-16
2
-1.5492e-16
2
-1.04903e-16
2
2.62928e-17
2
6.95892e-17
2
-7.68768e-17
2
-1.99772e-17
2
1.22157e-16
2
1.81552e-16
2
1.7507e-16
2
9.41792e-17
2
1.36439e-16
2
1.18871e-16
2
1.04112e-16
2
2.4624e-16
2
2.24386e-16
2
1.98711e-16
2
2.20578e-16
2
1.17782e-16
2
2.71677e-16
2
2.71667e-16
2
3.77237e-16
2
1.95885e-16
2
1.3121e-16
2
6.18505e-17
2
6.64224e-17
2
-9.22043e-17
2
8.51087e-17
2
-1.5118e-17
2
-2.14495e-16
2
-4.68892e-16
2
-3.64314e-16
2
-2.05962e-16
2
-8.97021e-17
2
-3.25688e-16
2
-2.13582e-16
2
-8.38252e-17
2
-1.50253e-16
2
-9.29273e-17
2
-2.87611e-16
2
-4.45524e-16
2
-2.48895e-16
2
-1.70238e-16
2
-2.50188e-16
2
-1.07957e-16
2
-2.82453e-16
2
-3.48053e-16
2
-3.29013e-16
2
-3.68903e-16
2
-3.50264e-16
2
-3.33031e-16
2
-1.97938e-16
2
-2.42528e-16
2
-1.96401e-16
2
-1.68027e-16
-5.59599e-17
2
2.5466e-16
2
1.61903e-16
2
2.27202e-16
2
2.82958e-16
2
1.14013e-16
2
-4.66136e-17
2
-6.68593e-17
2
1.68299e-16
2
2.83239e-17
2
-8.20329e-17
2
-9.92203e-18
2
6.15617e-17
2
3.37828e-17
2
-7.88824e-18
2
-1.5813e-16
2
-1.2384e-16
2
-1.36666e-18
2
1.00217e-17
2
-1.23801e-16
2
-1.47629e-17
2
-3.26791e-16
2
-8.07114e-17
2
-4.04403e-17
2
-6.34768e-17
2
-1.99962e-16
2
-2.92001e-16
2
-6.81467e-17
2
9.18834e-17
2
2.81152e-17
2
1.48247e-16
2
8.82599e-17
2
5.74414e-17
2
-1.32084e-16
2
-2.30789e-16
2
-7.15054e-17
2
5.74118e-17
2
5.66381e-17
2
9.80387e-17
2
2.48711e-16
2
2.73525e-16
2
1.77522e-17
2
-1.94032e-17
2
1.38631e-16
2
-1.17044e-17
2
-3.71273e-17
2
6.41233e-17
2
-9.78127e-17
2
9.36145e-17
2
1.9638e-16
2
7.1014e-17
2
1.33052e-16
2
-1.73685e-16
2
-6.26854e-17
2
-9.11347e-17
2
1.78047e-17
2
6.38354e-17
2
3.75914e-17
2
7.67847e-17
2
5.85182e-17
2
-5.7717e-17
2
-8.43889e-17
2
2.08322e-17
2
-1.84127e-16
2
-1.94611e-16
2
-8.48539e-18
2
2.33638e-16
2
-8.30004e-17
2
9.91651e-17
2
2.02153e-16
2
9.51289e-17
2
5.43438e-17
2
2.90389e-17
2
2.17403e-18
2
-1.1032e-16
2
1.70589e-16
2
4.84752e-17
2
1.0086e-16
2
1.15898e-16
2
-2.34467e-17
2
6.21116e-17
2
-6.66077e-17
2
-9.75057e-17
2
-6.67712e-17
2
-1.10907e-16
2
-2.91091e-16
2
-4.10772e-16
2
-2.2541e-16
2
-1.1315e-16
2
-2.84616e-16
2
-1.57789e-16
2
4.19064e-18
2
-1.82982e-16
2
-4.09873e-16
2
-8.37259e-17
2
-7.94223e-17
2
-1.19949e-16
2
-5.08345e-17
2
-2.16428e-16
2
-1.7898e-16
2
-4.92589e-17
2
6.87846e-17
2
2.92292e-16
2
-2.52832e-17
2
-6.83983e-17
2
1.7262e-17
2
6.29432e-17
2
-5.48576e-17
2
-2.58243e-16
2
-1.90532e-16
2
-1.77624e-16
2
-1.94611e-16
2
-4.70179e-16
2
-2.27145e-16
2
-9.49606e-17
2
-3.21519e-16
2
-3.57992e-16
2
-3.86738e-16
2
-2.42074e-16
2
-7.73179e-17
2
1.19214e-16
2
-1.00448e-16
2
-1.27314e-18
2
8.55101e-17
2
-2.71392e-17
2
-6.95004e-17
2
-2.57974e-16
2
-3.06135e-16
2
-2.96044e-16
2
-2.24554e-16
2
-4.56493e-17
2
-1.09711e-16
2
-1.80901e-16
2
6.34937e-17
2
1.06295e-16
2
2.20546e-17
2
4.51078e-18
2
-3.51701e-17
2
7.46424e-17
2
-2.29072e-17
2
-1.23233e-16
2
-1.46426e-16
2
6.31139e-17
2
7.95542e-17
2
6.49607e-17
2
4.43095e-17
2
-1.81279e-16
2
-3.4413e-17
2
7.98466e-18
2
-1.19467e-16
2
-8.12165e-17
2
7.16535e-17
2
-2.74373e-16
2
-2.05482e-16
2
1.32504e-16
2
1.53576e-16
2
5.14937e-17
2
-5.78123e-17
2
-7.86323e-17
2
3.71401e-17
2
2.38457e-16
2
2.09587e-16
2
1.21739e-16
2
1.23001e-16
2
-7.38694e-17
2
-6.7821e-17
2
7.0432e-17
2
1.4634e-16
2
1.31949e-16
2
9.41161e-17
2
-9.84762e-17
2
-1.37277e-16
2
6.32715e-17
2
1.1365e-16
2
-1.42402e-16
2
-2.64298e-16
2
-2.53091e-16
2
-2.73242e-16
2
-4.18301e-16
2
-1.10901e-16
2
-1.15902e-16
2
-2.43188e-16
2
-2.57634e-16
2
-2.95165e-16
2
-2.26046e-16
2
-3.32254e-16
2
-2.80101e-16
2
-4.16216e-16
2
-3.20435e-16
2
-2.27463e-17
2
3.82748e-17
2
-2.39816e-16
2
-6.07359e-16
2
-5.07563e-16
2
-4.38697e-16
2
-1.33918e-16
2
-1.54211e-16
2
-2.54844e-16
2
-1.64282e-16
2
-1.50868e-16
4.1201e-17
2
3.80294e-16
2
3.70982e-16
2
2.17063e-16
2
2.07623e-16
2
1.72005e-16
2
3.49278e-18
2
-7.2068e-17
2
-1.69522e-16
2
-1.09401e-16
2
1.77816e-16
2
1.41902e-16
2
-2.17814e-16
2
-1.83072e-16
2
-9.87452e-17
2
4.29013e-17
2
9.57976e-17
2
5.25244e-17
2
-1.18132e-16
2
-1.68047e-16
2
-6.12209e-17
2
-1.50122e-16
2
-1.87828e-16
2
-1.62851e-16
2
-8.3826e-17
2
1.71638e-16
2
1.54508e-16
2
5.11167e-17
2
1.12866e-17
2
1.79746e-17
2
2.33029e-16
2
1.46498e-16
2
3.57698e-17
2
1.79218e-17
2
-1.12041e-17
2
1.38439e-17
2
-2.06726e-17
2
4.40687e-17
2
2.91384e-17
2
-4.25937e-17
2
-1.67221e-16
2
-5.12262e-17
2
-1.37724e-16
2
-3.85196e-17
2
2.2372e-16
2
1.98975e-16
2
1.20312e-16
2
2.29109e-16
2
7.09861e-17
2
-1.2496e-16
2
-1.40175e-16
2
-3.40538e-16
2
-3.68631e-16
2
-8.48766e-17
2
7.16602e-17
2
1.28e-19
2
2.61118e-19
2
1.23619e-16
2
9.24526e-18
2
-7.22377e-17
2
-6.76173e-17
2
-7.55541e-17
2
-1.13223e-16
2
-8.93922e-17
2
1.26761e-16
2
7.70405e-17
2
4.36164e-18
2
1.04875e-16
2
2.40689e-17
2
-1.98573e-18
2
7.67885e-17
2
1.23873e-16
2
-2.69592e-18
2
2.09288e-17
2
4.75563e-17
2
6.10732e-17
2
3.83395e-17
2
1.43709e-16
2
1.53903e-16
2
8.00678e-17
2
1.94397e-16
2
6.25792e-17
2
-1.11629e-16
2
-9.37513e-17
2
-6.18644e-17
2
-1.43445e-16
2
-7.88633e-17
2
-1.20103e-16
2
-6.89601e-17
2
-5.97039e-17
2
-2.57344e-16
2
-1.88188e-16
2
-1.34017e-16
2
-2.26524e-18
2
-3.33223e-17
2
-2.1994e-16
2
-2.34788e-16
2
-2.17504e-16
2
-3.75199e-17
2
-3.21799e-17
2
-5.9044e-18
2
2.92247e-17
2
9.66953e-17
2
2.50552e-16
2
2.73083e-16
2
1.34187e-16
2
-5.88473e-17
2
-3.74405e-16
2
-5.42428e-16
2
-4.08765e-16
2
-3.66598e-16
2
-2.1169e-16
2
-1.10113e-16
2
-1.52271e-16
2
-1.89017e-16
2
-1.84067e-16
2
-1.2146e-16
2
-3.02993e-17
2
-8.0752e-17
2
-5.45998e-18
2
1.18213e-16
2
-2.61103e-17
2
-1.12413e-16
2
-1.12098e-16
2
-1.01679e-16
2
-1.19633e-16
2
-2.46218e-16
2
-3.88316e-16
2
-4.05788e-16
2
-2.66981e-16
2
-2.11296e-16
2
-1.91961e-16
2
-2.89907e-16
2
-2.97396e-16
2
-1.80041e-16
2
-1.02065e-16
2
-1.7998e-16
2
-1.40244e-16
2
-1.39328e-16
2
-6.80913e-17
2
-1.75352e-16
2
-3.14697e-16
2
-2.15434e-16
2
-1.57599e-16
2
1.79559e-17
2
-2.32739e-17
2
-1.52762e-16
2
3.69228e-17
2
-9.79463e-17
2
-8.37421e-17
2
7.77554e-18
2
-1.66786e-16
2
1.57457e-17
2
-7.5275e-17
2
-2.80008e-16
2
-1.87152e-16
2
-8.16965e-17
2
1.20576e-18
2
-2.06913e-17
2
-1.0832e-16
2
-2.15156e-16
2
-1.7351e-16
2
-1.09681e-16
2
-1.01968e-16
2
-2.66991e-17
2
-4.05649e-17
2
4.60421e-17
2
1.68904e-16
2
1.48311e-16
2
7.31846e-17
2
2.38047e-17
2
1.60385e-16
2
3.47021e-17
2
8.04734e-17
2
5.97471e-20
2
-1.46619e-16
2
-1.54931e-16
2
-1.0227e-16
2
-1.33823e-16
2
-9.84835e-17
2
6.96537e-18
2
-2.97408e-16
2
-1.08118e-16
2
-7.77267e-17
2
-1.571e-16
2
-5.33921e-17
2
-8.14603e-17
2
4.27964e-17
2
-8.83926e-17
2
-2.10691e-16
2
-2.31543e-17
2
-1.81906e-16
2
-2.34306e-16
2
-3.98957e-16
2
-2.09515e-16
2
-4.11399e-16
2
-2.23938e-16
2
-2.18984e-17
2
-8.55432e-17
2
-5.82075e-17
1.04087e-16
2
2
2
2
2
2
2
2
2
2
2
2
2
2
2
2
2
2
2
2
2
2
2
2
2
2
2
2
2
2
2
2
2
2
2
2
2
2
2
2
2
2
2
2
2
2
2
2
2
2
2
2
2
2
2
2
2
2
2
2
2
2
2
2
2
2
2
2
2
2
2
2
2
2
2
2
2
2
2
2
2
2
2
2
2
2
2
2
2
2
2
2
2
2
2
2
2
2
2
2
2
2
2
2
2
2
2
2
2
2
2
2
2
2
2
2
2
2
2
2
2
2
2
2
2
2
2
2
2
2
2
2
2
2
2
2
2
2
2
2
2
2
2
2
2
2
2
2
2
2
2
2
2
2
2
2
2
2
2
2
2
2
2
2
2
2
2
2
2
2
2
2
2
2
2
2
2
2
2
2
2
2
2
2
2
2
2
2
2
2
2
2
2
2
2
2
2
2
2
)
;

boundaryField
{
    cyclic1
    {
        type            cyclic;
        value           nonuniform List<scalar> 
200
(
4.37919e-16
4.38709e-16
3.17554e-16
1.24686e-16
1.89324e-16
2.78019e-16
2.88327e-16
1.73934e-16
2.15266e-16
-7.59363e-17
-6.13317e-17
1.94406e-16
-7.44114e-17
-1.35484e-16
-1.78598e-17
-5.12918e-17
-9.91228e-17
-1.96286e-16
-2.26385e-16
-3.88489e-16
1.08927e-16
2.44454e-16
3.00185e-16
2.78187e-16
1.93385e-16
1.43827e-16
2.89389e-16
3.46292e-16
3.24619e-16
2.57844e-16
7.9157e-17
3.46634e-18
-4.59242e-17
-7.17255e-18
4.98921e-17
1.71505e-16
1.98745e-16
7.98045e-17
-1.36434e-16
-1.48364e-16
-1.852e-16
-1.89536e-17
6.52551e-17
1.83563e-16
3.53005e-16
2.95529e-16
2.68514e-16
1.58208e-16
-6.80936e-17
-4.36127e-18
1.03559e-16
1.4837e-16
1.52448e-16
7.52339e-17
3.76315e-17
1.2447e-16
2.12332e-17
-1.15976e-16
-4.46489e-17
-5.97166e-18
-9.145e-18
-4.12537e-17
2.38114e-17
6.94645e-17
-4.63331e-17
-9.40237e-17
1.15417e-16
7.60248e-17
4.9548e-17
1.04605e-16
1.13646e-16
2.72798e-17
-1.48512e-17
1.52691e-16
4.39171e-17
9.15619e-17
1.58349e-16
1.00695e-16
2.49004e-16
7.7057e-18
-7.43204e-17
-7.35929e-17
-1.33549e-16
-1.6954e-16
-2.12457e-16
-1.36721e-16
-1.20815e-16
-2.21958e-16
-3.7273e-16
-3.71083e-16
-3.42783e-16
-1.42645e-16
1.4939e-17
-9.79897e-17
-6.98643e-17
-4.32203e-18
-1.0777e-16
8.95887e-17
2.55938e-16
1.66779e-16
3.90896e-16
2.42059e-16
2.45417e-16
1.25022e-16
7.27645e-17
-7.37657e-17
-1.43333e-16
-1.50367e-16
-2.56389e-16
-2.31381e-16
4.84696e-17
2.25304e-16
1.98093e-16
3.75147e-16
3.00531e-16
2.57671e-16
1.98333e-16
1.45518e-16
2.39149e-17
3.63674e-17
4.84006e-18
-1.43534e-16
-1.52889e-16
-1.82666e-16
-1.7762e-16
-1.5068e-16
-9.16538e-17
-1.35973e-16
-3.83551e-16
-2.36212e-16
-1.46668e-16
-2.00303e-16
-1.99437e-16
-2.08913e-16
-3.42172e-16
-1.55038e-16
-2.11869e-16
-2.30045e-16
-2.78906e-16
-8.49464e-17
-5.00598e-17
2.45969e-17
1.18282e-16
-8.38547e-17
-7.53385e-17
3.05594e-17
-2.46915e-16
-1.42559e-16
-2.23105e-16
-3.17058e-16
-1.52589e-16
-3.61946e-17
-3.65618e-17
-1.18477e-16
1.65905e-16
8.00089e-17
-6.45726e-18
8.44309e-17
-8.17297e-17
-2.65876e-16
-2.82575e-16
-1.40285e-16
-1.57736e-16
-4.06145e-17
-1.17905e-16
-1.29327e-16
1.98872e-17
7.91834e-17
1.49926e-18
-2.09693e-16
-1.61714e-16
-1.2762e-16
-1.5225e-17
1.13978e-16
1.91022e-16
1.82505e-17
-3.75015e-17
-1.38465e-16
-1.33595e-16
-2.54622e-16
-1.54705e-16
4.59963e-17
-9.83898e-17
-1.38436e-16
-2.42734e-16
-5.72691e-17
-5.39874e-18
-7.35753e-17
-1.43514e-16
-2.07379e-16
-1.74922e-16
-2.22633e-16
-2.45286e-16
-2.1743e-16
-1.23118e-16
-1.35451e-16
-2.64083e-17
1.00687e-16
2.47439e-16
2.10149e-16
)
;
    }
    cyclic2
    {
        type            cyclic;
        value           nonuniform List<scalar> 
200
(
-4.37919e-16
-4.38709e-16
-3.17554e-16
-1.24686e-16
-1.89324e-16
-2.78019e-16
-2.88327e-16
-1.73934e-16
-2.15266e-16
7.59363e-17
6.13317e-17
-1.94406e-16
7.44114e-17
1.35484e-16
1.78598e-17
5.12918e-17
9.91228e-17
1.96286e-16
2.26385e-16
3.88489e-16
-1.08927e-16
-2.44454e-16
-3.00185e-16
-2.78187e-16
-1.93385e-16
-1.43827e-16
-2.89389e-16
-3.46292e-16
-3.24619e-16
-2.57844e-16
-7.9157e-17
-3.46634e-18
4.59242e-17
7.17255e-18
-4.98921e-17
-1.71505e-16
-1.98745e-16
-7.98045e-17
1.36434e-16
1.48364e-16
1.852e-16
1.89536e-17
-6.52551e-17
-1.83563e-16
-3.53005e-16
-2.95529e-16
-2.68514e-16
-1.58208e-16
6.80936e-17
4.36127e-18
-1.03559e-16
-1.4837e-16
-1.52448e-16
-7.52339e-17
-3.76315e-17
-1.2447e-16
-2.12332e-17
1.15976e-16
4.46489e-17
5.97166e-18
9.145e-18
4.12537e-17
-2.38114e-17
-6.94645e-17
4.63331e-17
9.40237e-17
-1.15417e-16
-7.60248e-17
-4.9548e-17
-1.04605e-16
-1.13646e-16
-2.72798e-17
1.48512e-17
-1.52691e-16
-4.39171e-17
-9.15619e-17
-1.58349e-16
-1.00695e-16
-2.49004e-16
-7.7057e-18
7.43204e-17
7.35929e-17
1.33549e-16
1.6954e-16
2.12457e-16
1.36721e-16
1.20815e-16
2.21958e-16
3.7273e-16
3.71083e-16
3.42783e-16
1.42645e-16
-1.4939e-17
9.79897e-17
6.98643e-17
4.32203e-18
1.0777e-16
-8.95887e-17
-2.55938e-16
-1.66779e-16
-3.90896e-16
-2.42059e-16
-2.45417e-16
-1.25022e-16
-7.27645e-17
7.37657e-17
1.43333e-16
1.50367e-16
2.56389e-16
2.31381e-16
-4.84696e-17
-2.25304e-16
-1.98093e-16
-3.75147e-16
-3.00531e-16
-2.57671e-16
-1.98333e-16
-1.45518e-16
-2.39149e-17
-3.63674e-17
-4.84006e-18
1.43534e-16
1.52889e-16
1.82666e-16
1.7762e-16
1.5068e-16
9.16538e-17
1.35973e-16
3.83551e-16
2.36212e-16
1.46668e-16
2.00303e-16
1.99437e-16
2.08913e-16
3.42172e-16
1.55038e-16
2.11869e-16
2.30045e-16
2.78906e-16
8.49464e-17
5.00598e-17
-2.45969e-17
-1.18282e-16
8.38547e-17
7.53385e-17
-3.05594e-17
2.46915e-16
1.42559e-16
2.23105e-16
3.17058e-16
1.52589e-16
3.61946e-17
3.65618e-17
1.18477e-16
-1.65905e-16
-8.00089e-17
6.45726e-18
-8.44309e-17
8.17297e-17
2.65876e-16
2.82575e-16
1.40285e-16
1.57736e-16
4.06145e-17
1.17905e-16
1.29327e-16
-1.98872e-17
-7.91834e-17
-1.49926e-18
2.09693e-16
1.61714e-16
1.2762e-16
1.5225e-17
-1.13978e-16
-1.91022e-16
-1.82505e-17
3.75015e-17
1.38465e-16
1.33595e-16
2.54622e-16
1.54705e-16
-4.59963e-17
9.83898e-17
1.38436e-16
2.42734e-16
5.72691e-17
5.39874e-18
7.35753e-17
1.43514e-16
2.07379e-16
1.74922e-16
2.22633e-16
2.45286e-16
2.1743e-16
1.23118e-16
1.35451e-16
2.64083e-17
-1.00687e-16
-2.47439e-16
-2.10149e-16
)
;
    }
    frontAndBack
    {
        type            empty;
        value           nonuniform 0();
    }
    outlet
    {
        type            calculated;
        value           nonuniform List<scalar> 
20
(
2
2
2
2
2
2
2
2
2
2
2
2
2
2
2
2
2
2
2
2
)
;
    }
    inlet
    {
        type            calculated;
        value           nonuniform List<scalar> 
20
(
-2
-2
-2
-2
-2
-2
-2
-2
-2
-2
-2
-2
-2
-2
-2
-2
-2
-2
-2
-2
)
;
    }
}


// ************************************************************************* //
