/*--------------------------------*- C++ -*----------------------------------*\
  =========                 |
  \\      /  F ield         | OpenFOAM: The Open Source CFD Toolbox
   \\    /   O peration     | Website:  https://openfoam.org
    \\  /    A nd           | Version:  6
     \\/     M anipulation  |
\*---------------------------------------------------------------------------*/
FoamFile
{
    version     2.0;
    format      ascii;
    class       surfaceScalarField;
    location    "30";
    object      phi;
}
// * * * * * * * * * * * * * * * * * * * * * * * * * * * * * * * * * * * * * //

dimensions      [0 3 -1 0 0 0 0];

internalField   nonuniform List<scalar> 
7780
(
2
5.37255e-17
2
1.78742e-16
2
1.1571e-16
2
1.80241e-16
2
2.22446e-16
2
2.37115e-16
2
2.09155e-16
2
2.2846e-16
2
1.65444e-16
2
-1.78651e-17
2
2.2032e-16
2
3.71318e-17
2
-2.79294e-17
2
6.49059e-17
2
2.77186e-16
2
5.15916e-16
2
2.34316e-16
2
7.85734e-17
2
9.92273e-17
2
3.58535e-16
2
1.74171e-16
2
1.84335e-17
2
6.37087e-17
2
7.30073e-17
2
6.75223e-17
2
4.32266e-17
2
-4.65651e-17
2
6.90613e-19
2
1.14175e-16
2
1.87497e-16
2
2.93766e-16
2
2.98219e-16
2
3.15067e-16
2
1.49017e-16
2
1.05028e-16
2
2.03141e-16
2
2.14753e-16
2
9.95408e-17
2
3.9335e-17
2
1.00438e-16
2
-4.17175e-17
2
2.98013e-17
2
6.05039e-17
2
4.61517e-17
2
-2.86029e-18
2
9.64803e-17
2
9.92534e-17
2
9.26787e-17
2
1.99069e-16
2
1.25414e-16
2
1.34193e-16
2
2.35426e-16
2
3.68944e-16
2
2.57042e-16
2
8.09381e-17
2
1.4427e-16
2
2.06494e-16
2
1.87825e-16
2
2.33251e-16
2
3.0669e-16
2
4.22068e-16
2
3.7068e-16
2
2.82056e-16
2
2.02535e-16
2
1.80059e-16
2
2.01446e-16
2
3.61436e-16
2
2.43949e-16
2
8.66446e-17
2
1.97712e-16
2
1.15614e-16
2
1.21433e-16
2
1.46612e-16
2
-4.31291e-19
2
2.1101e-18
2
-9.02146e-17
2
8.05261e-17
2
4.89889e-17
2
-6.7951e-17
2
-6.82012e-17
2
-1.4689e-16
2
-6.11883e-18
2
3.90663e-17
2
-1.00759e-16
2
-1.95043e-16
2
2.51027e-17
2
-7.68848e-17
2
-2.56651e-16
2
-2.80913e-16
2
-3.14255e-16
2
-2.67359e-16
2
-1.76654e-16
2
-2.1093e-16
2
-4.45092e-17
2
6.49655e-17
2
2.77786e-17
2
1.09152e-17
2
7.23491e-17
2
2.02283e-17
2
2.77534e-17
2
-1.06999e-16
2
-3.53832e-17
2
1.76421e-16
2
1.69025e-16
2
-1.09622e-16
2
-2.12739e-16
2
-2.36286e-16
2
-2.7912e-17
2
-4.16267e-17
2
-1.06828e-16
2
6.41269e-17
2
3.27274e-16
2
1.68659e-16
2
1.11628e-16
2
1.26917e-16
2
2.25626e-16
2
1.17702e-16
2
-2.78678e-17
2
1.14486e-16
2
2.99446e-16
2
1.91679e-16
2
1.40111e-18
2
-8.71489e-17
2
-4.24652e-16
2
-4.91222e-16
2
-1.24301e-16
2
-1.7462e-16
2
-3.18013e-16
2
-3.2338e-16
2
-6.75197e-17
2
-4.1811e-17
2
-1.12508e-16
2
-2.8756e-16
2
3.04544e-17
2
-5.67513e-17
2
-1.64817e-16
2
-1.74948e-16
2
-8.71348e-17
2
-1.25451e-16
2
-1.2834e-16
2
-1.53314e-16
2
-1.677e-16
2
-1.63277e-16
2
-1.80079e-16
2
-1.58653e-16
2
-2.09464e-16
2
-4.61034e-16
2
-6.2952e-17
2
1.34682e-16
2
-3.66904e-17
2
-2.17938e-16
2
-2.64737e-16
2
-1.60761e-16
2
-1.11382e-16
2
-4.40992e-17
2
-3.908e-17
2
-1.55941e-17
2
1.44709e-16
2
8.16658e-18
2
-5.08082e-17
2
1.13845e-16
2
1.51737e-16
2
1.18537e-16
2
4.08663e-17
2
2.3917e-17
2
1.82401e-16
2
3.06501e-16
2
6.93542e-17
2
7.19365e-17
2
2.28203e-16
2
2.09103e-16
2
2.22558e-16
2
9.82255e-17
2
7.28945e-17
2
-1.61194e-16
2
-1.15298e-16
2
2.00609e-16
2
1.46982e-16
2
2.72448e-17
2
-2.52755e-17
2
-8.55846e-17
2
-1.82661e-16
2
-2.49652e-16
2
-3.48742e-16
2
-1.19968e-16
2
1.9689e-17
2
1.10145e-16
2
1.66193e-16
2
4.63666e-17
2
-4.5048e-18
2
1.07669e-16
2
1.15367e-16
2
6.07592e-17
2
3.56995e-17
2
3.72493e-17
2
1.37679e-16
2
2.39163e-16
2
2.32782e-16
2
1.87556e-16
1.85062e-16
2
-1.6881e-16
2
7.31188e-17
2
6.69052e-17
2
2.43927e-16
2
3.89806e-16
2
3.40673e-16
2
1.56513e-16
2
1.80922e-16
2
1.77984e-16
2
2.68198e-16
2
-6.62225e-17
2
5.71318e-17
2
1.1267e-16
2
1.51774e-16
2
1.84119e-16
2
1.94037e-16
2
3.13871e-16
2
2.8098e-16
2
1.13634e-16
2
2.63891e-16
2
1.43615e-16
2
1.51146e-16
2
-2.35598e-17
2
1.66967e-16
2
1.51705e-16
2
3.83448e-17
2
1.39146e-16
2
1.78403e-16
2
1.07432e-16
2
1.93335e-16
2
2.64578e-16
2
3.48005e-16
2
3.49475e-16
2
2.16828e-16
2
9.83464e-17
2
9.31629e-17
2
2.69686e-17
2
1.89864e-17
2
5.30201e-17
2
-1.06041e-16
2
-9.31087e-17
2
1.10719e-16
2
-6.56137e-17
2
-9.41671e-17
2
8.58413e-17
2
8.25984e-17
2
1.22161e-16
2
-9.77517e-17
2
-2.78011e-17
2
2.49663e-17
2
-8.93175e-17
2
1.14576e-16
2
3.26375e-16
2
1.89408e-16
2
-2.28879e-17
2
-3.42718e-17
2
-7.30832e-17
2
5.76352e-17
2
2.09763e-16
2
2.91111e-16
2
4.17051e-16
2
4.83211e-16
2
3.09474e-16
2
6.67821e-17
2
2.7662e-16
2
4.30687e-16
2
3.36952e-16
2
2.06277e-16
2
3.08275e-16
2
2.16365e-16
2
2.72105e-16
2
1.12805e-16
2
1.27437e-16
2
2.65723e-17
2
2.18244e-16
2
1.00355e-17
2
-1.05144e-16
2
-5.42826e-17
2
1.29644e-17
2
-6.09938e-17
2
-7.31628e-17
2
-8.20495e-17
2
-9.72229e-17
2
-8.7152e-17
2
5.28726e-17
2
-2.31377e-16
2
-2.41941e-16
2
-3.84325e-16
2
-5.04588e-16
2
-3.67245e-16
2
-3.42387e-16
2
-1.1831e-16
2
-1.40935e-16
2
9.68312e-18
2
3.61451e-18
2
-1.44664e-17
2
-7.86675e-17
2
-1.50524e-16
2
-5.75052e-17
2
-1.81213e-17
2
3.56132e-17
2
-4.75164e-17
2
-2.18172e-17
2
-1.22356e-16
2
-5.20817e-18
2
1.03976e-16
2
1.50651e-16
2
1.33473e-17
2
2.83654e-17
2
1.30776e-16
2
1.0482e-16
2
8.84764e-17
2
1.5079e-16
2
3.23548e-16
2
2.31727e-16
2
8.51137e-17
2
1.72958e-16
2
6.60814e-17
2
6.48527e-17
2
5.44886e-17
2
4.44972e-17
2
1.25139e-16
2
4.29572e-17
2
7.09021e-18
2
-1.70962e-16
2
-3.11012e-16
2
-2.00905e-16
2
-4.19582e-16
2
-1.23063e-16
2
-2.02939e-16
2
-3.48333e-16
2
-1.05825e-16
2
-1.0003e-16
2
-4.12302e-16
2
-2.68096e-16
2
-2.74196e-16
2
-1.60962e-16
2
-2.81268e-16
2
-1.01101e-16
2
-6.47393e-17
2
-1.82019e-16
2
-1.95678e-16
2
-1.93704e-16
2
-1.82953e-16
2
-1.33575e-16
2
-2.88241e-16
2
-2.1701e-16
2
-2.09585e-16
2
-4.20441e-17
2
-6.26763e-17
2
-2.00112e-16
2
-6.29833e-17
2
8.35159e-17
2
1.09111e-17
2
-7.50895e-17
2
-5.14664e-17
2
-1.52745e-16
2
-6.41487e-17
2
1.77054e-16
2
1.28923e-16
2
7.37509e-17
2
2.33743e-16
2
1.60479e-16
2
7.18848e-17
2
-7.20552e-17
2
2.30283e-16
2
2.50056e-16
2
2.23118e-16
2
1.68153e-16
2
1.83555e-16
2
3.71512e-16
2
4.33027e-16
2
4.28922e-16
2
3.63753e-16
2
3.64935e-16
2
2.21173e-16
2
5.59465e-17
2
1.22152e-16
2
7.03343e-17
2
2.09733e-16
2
1.98122e-16
2
5.27853e-17
2
7.26154e-17
2
-8.67559e-17
2
-1.42251e-16
2
-3.06269e-18
2
5.43419e-17
2
3.78131e-17
2
1.00805e-16
2
-6.00639e-18
2
-9.33337e-17
2
1.18646e-16
2
5.65677e-17
2
1.9763e-16
2
1.76366e-16
2
8.37749e-17
2
-7.6322e-17
2
8.34871e-17
2
3.73276e-17
1.14094e-17
2
-1.51183e-16
2
-2.27988e-16
2
4.56605e-17
2
5.89545e-17
2
-3.69387e-17
2
2.40358e-16
2
3.5022e-16
2
2.67879e-16
2
2.20046e-16
2
1.36787e-16
2
3.70749e-17
2
5.35559e-17
2
1.69254e-16
2
1.14703e-16
2
6.97496e-17
2
2.11638e-16
2
1.99759e-16
2
1.95015e-16
2
1.88703e-16
2
-2.04566e-17
2
1.50297e-17
2
-4.24967e-17
2
1.70242e-16
2
2.05736e-16
2
3.21367e-16
2
2.43895e-16
2
-1.28605e-18
2
-9.42545e-17
2
2.66677e-16
2
1.86221e-16
2
1.79258e-16
2
1.90299e-16
2
1.37533e-16
2
1.56734e-16
2
8.359e-18
2
5.94094e-17
2
-1.42552e-17
2
3.90246e-17
2
1.33689e-16
2
-5.34878e-17
2
-4.48111e-17
2
7.06178e-17
2
6.25833e-17
2
1.76009e-16
2
9.3718e-17
2
2.06154e-16
2
4.09903e-17
2
6.50277e-18
2
-5.0216e-17
2
-1.75245e-16
2
7.10231e-17
2
1.49919e-16
2
1.13283e-16
2
2.843e-17
2
4.60771e-17
2
1.13e-16
2
1.94851e-16
2
2.00266e-16
2
1.40666e-16
2
1.81312e-16
2
3.93292e-16
2
1.91665e-16
2
2.84618e-16
2
2.79499e-16
2
2.2845e-16
2
2.47535e-16
2
2.2274e-16
2
2.41075e-16
2
2.57652e-16
2
5.52775e-17
2
3.06524e-17
2
2.77138e-16
2
1.28545e-16
2
1.38909e-16
2
-4.52192e-17
2
-4.18311e-17
2
-7.31532e-17
2
-1.79394e-16
2
-3.02744e-16
2
-1.79598e-16
2
-1.66591e-16
2
-1.94035e-16
2
-2.16694e-16
2
-1.15062e-16
2
-2.44646e-16
2
-2.45677e-16
2
-6.49025e-16
2
-3.51457e-16
2
-3.63828e-16
2
-2.36254e-16
2
-7.58486e-17
2
-1.53087e-16
2
9.45063e-17
2
2.27154e-18
2
1.33484e-16
2
1.88846e-16
2
6.68641e-17
2
8.34445e-17
2
1.26894e-16
2
5.39945e-18
2
-1.68916e-17
2
-5.6684e-17
2
8.45724e-18
2
-8.80733e-17
2
1.92308e-16
2
2.47465e-16
2
3.32037e-17
2
2.95514e-17
2
1.03388e-16
2
1.17712e-16
2
1.90675e-16
2
2.23782e-16
2
4.68941e-16
2
2.37107e-16
2
2.26675e-16
2
1.16714e-16
2
3.29871e-19
2
3.91858e-16
2
2.84846e-16
2
1.14955e-16
2
1.82161e-16
2
2.35413e-16
2
5.12273e-17
2
8.84354e-17
2
1.20495e-16
2
-1.55388e-16
2
-2.14188e-16
2
-3.06902e-17
2
-2.81809e-16
2
-2.31759e-16
2
2.02618e-17
2
-9.07044e-17
2
-1.72403e-17
2
7.04576e-17
2
-1.83607e-16
2
-3.80796e-16
2
-3.26635e-16
2
-3.33222e-16
2
-2.51684e-16
2
-2.79437e-16
2
-1.96506e-16
2
-1.92203e-16
2
-5.44682e-17
2
-8.56391e-17
2
-5.50714e-18
2
-1.44332e-16
2
-2.37646e-16
2
-2.42222e-16
2
-3.49964e-16
2
-2.17997e-16
2
-1.33946e-16
2
7.56824e-17
2
-1.28254e-16
2
-7.76157e-17
2
-1.10888e-16
2
6.49008e-17
2
5.82981e-18
2
3.49481e-18
2
1.04909e-16
2
1.38582e-16
2
2.76703e-16
2
-3.02833e-18
2
9.44816e-17
2
-1.90175e-17
2
2.51465e-16
2
7.88869e-17
2
1.41035e-16
2
2.93286e-16
2
4.7526e-16
2
2.91609e-16
2
1.04832e-16
2
1.35688e-16
2
2.24335e-16
2
4.0814e-16
2
3.17955e-16
2
2.83226e-16
2
8.31133e-17
2
2.40573e-17
2
2.29173e-16
2
2.42897e-17
2
2.26877e-17
2
8.32649e-17
2
5.87483e-17
2
1.73246e-17
2
3.52986e-18
2
-1.96908e-17
2
-1.22962e-16
2
-1.83414e-16
2
-1.40159e-16
2
-1.89424e-16
2
-1.49689e-16
2
-1.90978e-16
2
-6.93168e-17
2
2.30319e-16
2
2.1056e-16
2
1.59867e-16
2
-1.10375e-16
2
-1.64115e-16
2
-1.13971e-16
-1.44602e-16
2
-8.802e-17
2
-7.03394e-17
2
-1.41919e-17
2
-4.35176e-18
2
3.06599e-17
2
-9.52945e-17
2
4.2225e-17
2
7.37918e-17
2
9.80699e-17
2
1.98065e-16
2
2.14915e-16
2
1.2625e-16
2
2.44022e-17
2
1.07649e-16
2
2.32665e-16
2
-7.33276e-18
2
1.74631e-16
2
2.87804e-16
2
1.28132e-16
2
4.45433e-17
2
6.70968e-17
2
7.69786e-17
2
6.92597e-17
2
1.15666e-17
2
1.24285e-16
2
1.56235e-16
2
9.77623e-17
2
1.70229e-16
2
7.56606e-18
2
2.21816e-16
2
1.469e-16
2
2.03866e-16
2
1.96549e-17
2
-2.82577e-17
2
3.72874e-17
2
7.00885e-17
2
1.53666e-16
2
-2.35009e-17
2
9.05169e-17
2
1.74922e-16
2
3.18549e-16
2
1.44769e-16
2
1.22514e-16
2
1.22222e-16
2
2.83413e-16
2
1.18132e-16
2
2.16833e-16
2
6.11967e-17
2
-8.88741e-17
2
4.80754e-17
2
-8.5407e-18
2
-1.29452e-16
2
-2.04282e-16
2
4.78005e-17
2
-5.4339e-17
2
-1.52337e-16
2
-2.89107e-16
2
-3.40995e-16
2
-3.97053e-16
2
-6.04299e-17
2
-1.11638e-16
2
-3.11812e-17
2
-6.50403e-17
2
6.28252e-17
2
8.42834e-17
2
7.97491e-17
2
3.01997e-17
2
-7.93144e-17
2
-4.78992e-17
2
8.59094e-17
2
-7.70885e-17
2
-1.15619e-16
2
-3.69123e-17
2
-1.57229e-17
2
-5.93023e-17
2
-3.17635e-17
2
2.74449e-17
2
8.59111e-17
2
4.03806e-17
2
1.56189e-16
2
6.48969e-17
2
1.17404e-16
2
1.46915e-16
2
9.06256e-17
2
1.47869e-16
2
8.40832e-17
2
4.04454e-17
2
-2.08329e-17
2
5.52779e-18
2
-8.19304e-17
2
4.6163e-17
2
8.84784e-17
2
9.51675e-17
2
8.34381e-17
2
1.62306e-16
2
1.67181e-16
2
7.93845e-17
2
-1.2273e-17
2
-1.53988e-16
2
-5.29563e-17
2
-2.18905e-17
2
-6.57822e-17
2
-1.12277e-16
2
1.4466e-16
2
-5.26032e-17
2
-6.07324e-17
2
-1.44053e-16
2
4.954e-18
2
3.05593e-16
2
8.90145e-17
2
2.62935e-16
2
2.21792e-16
2
4.15123e-16
2
2.11063e-16
2
2.20955e-16
2
1.92131e-16
2
3.06147e-16
2
2.59002e-16
2
3.00547e-16
2
2.57151e-16
2
3.09344e-16
2
1.37223e-16
2
2.72334e-16
2
2.21823e-16
2
2.67496e-16
2
2.06356e-16
2
8.87911e-17
2
-5.32944e-18
2
1.36514e-16
2
-1.3995e-16
2
-3.18219e-16
2
-1.96069e-16
2
4.68866e-17
2
-1.04811e-16
2
-1.01641e-16
2
-1.12115e-16
2
-1.99993e-16
2
-3.66977e-16
2
-3.04304e-16
2
-2.4664e-16
2
-1.68366e-16
2
-2.02457e-16
2
-8.66746e-17
2
-3.82929e-17
2
-2.66505e-17
2
-1.74171e-17
2
-2.1175e-16
2
-4.47856e-16
2
-2.40343e-16
2
-1.06669e-16
2
1.10288e-16
2
-1.73988e-16
2
-1.04404e-16
2
-9.31024e-17
2
6.86676e-17
2
-1.27577e-16
2
-8.81084e-17
2
-1.89222e-16
2
-1.31445e-16
2
-1.15398e-16
2
-1.51306e-16
2
8.97437e-17
2
8.55038e-17
2
3.54635e-16
2
4.43863e-16
2
3.91345e-16
2
3.69972e-16
2
3.32409e-16
2
3.49909e-16
2
2.64865e-17
2
5.56795e-17
2
1.40562e-16
2
2.91634e-16
2
1.11851e-16
2
8.28363e-17
2
3.02946e-16
2
1.98935e-16
2
-4.54496e-17
2
2.46753e-16
2
3.42769e-16
2
2.26076e-16
2
1.63358e-16
2
1.45485e-16
2
1.0856e-16
2
1.04769e-16
2
-1.59234e-17
2
2.77944e-17
2
-6.52984e-17
2
-2.12978e-16
2
-2.8946e-16
2
-1.85702e-16
2
-2.45992e-16
2
-2.12444e-16
2
-2.29779e-16
2
-1.69189e-16
2
5.82425e-17
2
1.05031e-16
2
3.9847e-17
2
-4.62593e-18
-1.22446e-17
2
-3.88832e-17
2
8.86505e-18
2
-5.32564e-17
2
-7.40584e-17
2
1.11628e-16
2
2.92312e-16
2
1.39656e-16
2
4.38636e-17
2
-6.03376e-17
2
-1.15061e-16
2
-1.35394e-16
2
-1.61157e-18
2
2.62045e-16
2
2.57436e-16
2
3.79856e-17
2
-5.08137e-17
2
1.59612e-18
2
1.27862e-16
2
2.15001e-16
2
1.96594e-16
2
1.57309e-16
2
1.974e-16
2
6.96129e-17
2
-1.43443e-16
2
-1.56181e-16
2
5.11163e-17
2
7.15535e-17
2
1.33667e-16
2
3.03248e-16
2
3.87356e-17
2
1.36369e-16
2
-1.00281e-16
2
1.11542e-16
2
-9.42355e-17
2
5.92031e-18
2
-1.41922e-16
2
-4.41351e-18
2
8.19372e-17
2
5.69111e-17
2
2.57898e-16
2
-1.0013e-17
2
-1.76925e-16
2
-1.18172e-16
2
7.98336e-17
2
6.98761e-17
2
3.76554e-17
2
-1.24217e-17
2
-8.559e-17
2
-2.46738e-16
2
-1.2228e-16
2
-1.17026e-16
2
-1.1415e-16
2
-2.14345e-16
2
-3.8384e-16
2
-9.3471e-17
2
-1.46173e-16
2
-7.1507e-17
2
-1.47385e-16
2
-1.63813e-16
2
-2.29417e-16
2
-2.1929e-16
2
1.7819e-18
2
-6.49646e-18
2
5.19143e-17
2
4.85484e-17
2
1.56544e-17
2
-4.04655e-17
2
-1.32016e-16
2
-1.22408e-16
2
-1.02016e-16
2
4.06389e-17
2
7.53421e-19
2
5.33825e-17
2
8.75066e-17
2
1.1637e-16
2
1.24834e-16
2
2.66043e-16
2
2.29936e-16
2
1.55903e-17
2
-4.15765e-17
2
-4.186e-17
2
-3.89005e-17
2
6.18513e-17
2
9.04641e-17
2
1.0796e-16
2
1.83727e-16
2
2.89792e-16
2
9.50879e-17
2
-1.85893e-17
2
-1.85007e-16
2
-7.32552e-17
2
-4.00045e-17
2
-8.85647e-17
2
-1.64934e-16
2
-8.43469e-18
2
-1.88243e-16
2
-2.0615e-16
2
-9.97885e-18
2
1.1028e-16
2
5.11092e-17
2
1.02209e-16
2
3.38489e-17
2
-7.49803e-17
2
-8.92193e-17
2
-3.17348e-17
2
7.8948e-17
2
1.69079e-16
2
3.01529e-16
2
1.58488e-16
2
5.48065e-16
2
4.30453e-16
2
3.32443e-16
2
1.90678e-16
2
2.38979e-16
2
2.25838e-16
2
1.63879e-16
2
4.33997e-16
2
4.62209e-16
2
3.8262e-16
2
2.41025e-16
2
2.35283e-16
2
1.96789e-16
2
2.50676e-16
2
3.12959e-16
2
4.18626e-16
2
5.19525e-16
2
2.16323e-16
2
1.80245e-16
2
2.57466e-17
2
1.62421e-17
2
8.88175e-17
2
-3.04841e-17
2
3.49269e-17
2
-1.44524e-17
2
-6.13539e-17
2
-9.44598e-17
2
-2.63649e-16
2
-3.18603e-17
2
-2.63593e-16
2
-2.45885e-16
2
-5.60639e-17
2
7.7209e-17
2
7.17806e-19
2
-1.84881e-16
2
-2.7816e-16
2
-4.59133e-17
2
-6.75981e-17
2
-5.63903e-17
2
-1.44003e-16
2
-1.29785e-16
2
-1.91997e-16
2
-2.46946e-16
2
-4.54491e-16
2
-2.99776e-16
2
-2.80311e-16
2
-1.54795e-16
2
-2.21863e-17
2
-1.60688e-16
2
-2.62698e-16
2
-3.09144e-16
2
-5.34496e-17
2
-4.10328e-17
2
-7.80435e-17
2
1.63782e-16
2
3.31844e-16
2
2.44356e-16
2
2.39435e-16
2
4.34617e-16
2
1.76768e-16
2
3.42284e-16
2
3.6182e-16
2
3.61647e-16
2
4.40072e-16
2
3.06524e-16
2
3.35789e-16
2
1.28314e-16
2
-2.41523e-17
2
2.14199e-16
2
-1.06275e-17
2
-7.88642e-18
2
-5.75494e-17
2
-6.54673e-17
2
-9.68159e-17
2
1.62366e-16
2
-1.31346e-16
2
-1.75517e-16
2
-1.4126e-16
2
-3.01053e-16
2
-2.72451e-16
2
-2.42001e-16
2
-5.22274e-16
2
-4.12844e-16
2
-2.88701e-16
2
-2.89987e-16
2
-2.29791e-16
2
-2.13959e-16
2
-9.24639e-17
2
7.34615e-17
2
7.15615e-17
4.84707e-18
2
-1.46406e-17
2
-8.51441e-17
2
-1.5802e-16
2
-1.43494e-16
2
-1.2659e-16
2
-2.12599e-16
2
-9.69098e-17
2
-2.1818e-17
2
-1.35469e-16
2
-1.73147e-16
2
-1.09535e-16
2
-4.03622e-17
2
-2.02652e-17
2
3.01476e-17
2
-1.71869e-17
2
4.79959e-17
2
8.02203e-19
2
-5.85378e-17
2
1.44299e-16
2
6.61098e-17
2
2.79101e-16
2
8.97838e-17
2
-2.05393e-17
2
-4.0842e-17
2
-1.89405e-16
2
5.2864e-17
2
-6.02398e-17
2
3.58137e-17
2
5.16711e-17
2
9.97749e-18
2
-4.08383e-17
2
8.20258e-17
2
-2.88522e-17
2
2.7543e-16
2
1.10064e-16
2
1.62803e-16
2
-6.34262e-17
2
-1.32011e-16
2
-1.80209e-16
2
-5.92103e-17
2
-5.27698e-17
2
-2.12339e-17
2
1.29231e-16
2
3.15305e-17
2
2.08805e-16
2
2.13944e-16
2
7.41217e-17
2
9.17641e-17
2
5.8875e-17
2
-1.63345e-16
2
-2.44328e-16
2
-3.71424e-16
2
-3.62607e-16
2
-1.68982e-16
2
-1.37683e-16
2
-1.90733e-16
2
-8.708e-17
2
-5.931e-17
2
2.42072e-17
2
-1.17738e-16
2
-1.75713e-16
2
-2.12076e-16
2
-1.04968e-16
2
1.05332e-17
2
-2.35695e-17
2
-1.49954e-16
2
-1.73955e-16
2
-4.44967e-17
2
9.46038e-17
2
3.99271e-17
2
-1.62215e-16
2
-9.37127e-17
2
7.44669e-17
2
2.27094e-16
2
1.74175e-16
2
6.81048e-17
2
9.31493e-17
2
8.81198e-17
2
1.98906e-16
2
2.45959e-17
2
2.5408e-16
2
7.37079e-17
2
-5.1507e-17
2
4.83963e-17
2
-8.62872e-18
2
2.02723e-16
2
1.93131e-16
2
1.00287e-16
2
8.4817e-18
2
-6.81185e-17
2
-1.11261e-16
2
-4.87395e-17
2
-2.20424e-16
2
-1.4094e-16
2
-2.35223e-16
2
-1.78075e-16
2
-1.30375e-16
2
-2.97601e-16
2
-2.97024e-16
2
-2.23002e-16
2
-3.4923e-16
2
-1.55912e-16
2
-1.2481e-16
2
1.01466e-17
2
2.3093e-16
2
4.78629e-17
2
2.26672e-16
2
1.35435e-16
2
2.98509e-16
2
4.94831e-16
2
4.60751e-16
2
3.01081e-16
2
1.38812e-16
2
2.96213e-16
2
2.08468e-16
2
2.2415e-16
2
2.27708e-16
2
2.33273e-16
2
5.25745e-16
2
4.36697e-16
2
1.62223e-16
2
1.63474e-16
2
1.89537e-16
2
2.14727e-16
2
5.95797e-17
2
1.79531e-16
2
3.6645e-16
2
2.75233e-16
2
6.63615e-17
2
-5.98146e-17
2
4.85804e-17
2
2.24459e-16
2
5.92049e-17
2
6.91476e-17
2
-3.39181e-17
2
1.72267e-17
2
1.37726e-16
2
5.13668e-18
2
3.70484e-17
2
1.28452e-16
2
1.6373e-16
2
6.36848e-17
2
-2.71294e-16
2
-3.78819e-16
2
-2.42614e-16
2
-1.43945e-16
2
8.02694e-17
2
-1.02045e-16
2
2.12687e-19
2
6.52838e-17
2
-2.61409e-16
2
-1.3414e-16
2
-2.08528e-16
2
-4.51901e-16
2
-3.32307e-16
2
-1.1645e-16
2
-6.94309e-17
2
-1.24485e-16
2
-3.39607e-16
2
-2.13061e-16
2
-1.34052e-16
2
-1.07136e-16
2
9.4083e-17
2
1.21078e-16
2
7.51822e-17
2
3.27081e-17
2
5.40984e-17
2
9.54054e-17
2
3.71095e-16
2
6.25529e-16
2
3.70027e-16
2
2.50752e-16
2
1.12895e-16
2
1.79305e-16
2
1.93173e-16
2
1.81633e-16
2
2.379e-16
2
1.1437e-16
2
8.93795e-17
2
-1.43236e-16
2
-1.45234e-16
2
-6.22821e-17
2
3.36184e-17
2
-6.06329e-18
2
-9.21884e-17
2
-2.50678e-16
2
-4.37488e-16
2
-8.37357e-17
2
-1.3423e-16
2
-2.4851e-16
2
-1.85641e-16
2
-2.62235e-16
2
-3.78975e-16
2
-3.74559e-16
2
-7.58184e-17
2
-2.88603e-16
2
-1.81471e-16
2
-1.55527e-16
2
8.65941e-17
1.68353e-16
2
-1.81545e-16
2
-3.35411e-16
2
-2.6941e-16
2
-3.01398e-16
2
-3.90565e-16
2
-3.4443e-16
2
-1.26804e-16
2
-1.71334e-16
2
-8.94237e-17
2
2.85301e-16
2
3.28206e-17
2
-5.87474e-17
2
9.0096e-17
2
-9.69404e-17
2
-1.56349e-16
2
-1.15322e-16
2
-6.56393e-17
2
-9.50582e-17
2
-1.32795e-16
2
1.33799e-16
2
2.92869e-17
2
1.24256e-17
2
-1.1342e-16
2
-1.59252e-16
2
-1.25688e-16
2
-7.43666e-17
2
-4.6213e-17
2
-1.18121e-16
2
-2.06001e-16
2
-1.20026e-16
2
9.14798e-17
2
-5.39029e-17
2
2.68876e-16
2
6.07907e-17
2
3.57412e-16
2
2.20891e-16
2
1.39226e-16
2
1.7676e-17
2
-2.15156e-16
2
-2.83683e-16
2
-6.72855e-17
2
2.38745e-17
2
1.33144e-16
2
1.45062e-16
2
2.0068e-16
2
1.80711e-16
2
4.77871e-18
2
-8.43916e-17
2
-1.61215e-16
2
-2.1118e-16
2
-2.05912e-16
2
-2.71057e-16
2
-1.66724e-16
2
-1.66616e-16
2
-7.37406e-17
2
-3.44353e-17
2
-1.34042e-16
2
-1.53227e-16
2
-1.32848e-16
2
-2.12052e-16
2
-2.81202e-16
2
-2.50373e-16
2
-3.0334e-16
2
-3.75753e-16
2
-1.17516e-16
2
-5.68749e-17
2
-1.06402e-16
2
-1.25387e-16
2
-4.70215e-17
2
1.93143e-16
2
1.28009e-16
2
1.68086e-16
2
1.50346e-16
2
1.25789e-16
2
3.19527e-16
2
3.25944e-16
2
5.6975e-16
2
4.77183e-16
2
3.28892e-16
2
3.08904e-16
2
1.23318e-16
2
1.53424e-16
2
6.80632e-17
2
1.21723e-16
2
8.10798e-17
2
-4.51451e-17
2
3.62497e-17
2
7.85425e-17
2
8.99243e-17
2
4.84548e-17
2
-3.66468e-17
2
-2.41183e-16
2
-7.416e-17
2
-4.10642e-17
2
-3.04092e-16
2
-1.533e-16
2
-2.0531e-16
2
-2.48894e-16
2
-8.41074e-17
2
-3.88053e-16
2
-4.6017e-16
2
-3.98411e-16
2
-2.57965e-16
2
-4.87276e-17
2
-1.09719e-16
2
-1.30124e-16
2
3.11464e-16
2
3.59385e-16
2
1.89546e-16
2
7.7992e-17
2
8.10859e-17
2
2.60989e-16
2
2.27097e-16
2
2.33861e-16
2
8.69611e-17
2
2.03765e-16
2
1.98703e-16
2
2.3257e-18
2
2.34193e-17
2
1.88635e-16
2
8.44385e-17
2
-8.94784e-18
2
-8.46818e-18
2
1.44181e-16
2
1.01283e-16
2
1.09056e-16
2
1.95338e-16
2
3.40116e-16
2
3.17487e-16
2
3.76301e-16
2
1.90792e-16
2
2.35914e-16
2
2.49567e-16
2
2.70416e-16
2
2.66178e-16
2
3.63758e-16
2
2.67915e-16
2
6.65751e-17
2
2.31447e-16
2
3.36718e-16
2
2.4247e-16
2
1.65567e-16
2
2.02944e-16
2
-1.40198e-17
2
-1.8563e-16
2
-3.59719e-16
2
-1.50124e-16
2
1.17833e-16
2
4.17245e-17
2
9.53187e-17
2
-5.75062e-17
2
-2.94305e-16
2
-2.23537e-16
2
-2.04747e-16
2
-2.04568e-16
2
-1.59783e-16
2
-9.72692e-17
2
-1.61368e-16
2
-2.90717e-16
2
-2.45437e-16
2
-1.89789e-16
2
-2.35042e-16
2
-3.30924e-16
2
-2.81724e-16
2
-1.54299e-16
2
7.008e-17
2
5.2418e-17
2
-9.5397e-18
2
-5.42109e-17
2
-1.41574e-17
2
6.85011e-17
2
1.97737e-16
2
1.86701e-16
2
1.42026e-16
2
1.12603e-16
2
1.46283e-16
2
2.26954e-16
2
7.59374e-18
2
8.10988e-18
2
4.33876e-17
2
-1.58329e-16
2
-1.82901e-16
2
-1.89647e-16
2
-2.21651e-16
2
-1.46453e-16
2
-1.95198e-16
2
-1.61596e-16
2
-2.27467e-16
2
-4.16766e-17
2
-2.42315e-17
2
-1.78986e-16
2
-2.23831e-16
2
-3.58444e-16
2
-3.06046e-16
2
-3.05208e-16
2
-1.6558e-16
2
-1.81647e-16
2
-1.35356e-16
2
-2.92419e-16
-1.55491e-16
2
4.48066e-18
2
1.4093e-16
2
-9.83968e-17
2
-2.94353e-16
2
-1.08849e-16
2
-2.94749e-16
2
-4.79411e-16
2
-2.24507e-16
2
-1.44266e-16
2
-2.34211e-16
2
2.24588e-17
2
9.57146e-17
2
-1.87571e-17
2
-1.31901e-17
2
-1.03504e-16
2
4.09066e-17
2
-1.91332e-16
2
-2.84365e-16
2
-2.50294e-16
2
-2.73735e-16
2
-2.32485e-16
2
7.85382e-17
2
1.5012e-16
2
2.08123e-16
2
8.29333e-17
2
-3.81789e-17
2
8.07915e-17
2
4.9903e-17
2
-2.57868e-16
2
-2.39324e-16
2
-3.30565e-16
2
-8.79036e-17
2
-1.53145e-16
2
-1.30299e-17
2
-1.12977e-16
2
-9.67848e-17
2
-1.24423e-17
2
-1.53911e-16
2
-3.0134e-17
2
6.86524e-17
2
4.03854e-17
2
1.03927e-16
2
2.51906e-16
2
1.97755e-16
2
-1.26617e-16
2
-3.60153e-17
2
-6.73782e-17
2
-1.01662e-16
2
-2.10555e-16
2
-8.11369e-17
2
-9.44067e-17
2
-3.39118e-16
2
-3.17711e-16
2
-2.5237e-16
2
-3.83281e-16
2
-3.04455e-16
2
-3.92471e-16
2
-2.70775e-16
2
-1.64422e-16
2
-3.63736e-16
2
-4.32596e-16
2
-2.12212e-16
2
-2.03062e-16
2
-2.39814e-16
2
-3.75211e-16
2
-2.35232e-16
2
-2.958e-17
2
1.27796e-16
2
9.02043e-17
2
7.93125e-17
2
2.21043e-16
2
1.65059e-16
2
1.58875e-16
2
1.59679e-16
2
1.66262e-16
2
4.3047e-16
2
2.14359e-16
2
8.9986e-17
2
7.85297e-17
2
7.50623e-17
2
-3.25722e-17
2
1.10523e-16
2
1.83258e-16
2
-1.48128e-16
2
9.87011e-17
2
-9.9022e-17
2
-1.52902e-16
2
2.16926e-17
2
1.29601e-16
2
1.66984e-16
2
-7.27245e-17
2
-3.54646e-16
2
-2.00153e-16
2
-3.04846e-16
2
-2.1221e-16
2
-3.12887e-16
2
-3.53547e-16
2
-3.43571e-16
2
-4.94489e-16
2
-1.43647e-16
2
-1.61986e-16
2
-1.62076e-16
2
-1.69639e-16
2
-3.88195e-16
2
-2.34555e-16
2
2.53264e-17
2
-1.04922e-16
2
-6.31039e-17
2
2.41633e-17
2
-2.62469e-18
2
6.37047e-17
2
1.17138e-16
2
1.0144e-17
2
-1.08379e-17
2
2.03183e-16
2
2.4647e-16
2
2.52619e-16
2
1.89683e-16
2
9.9285e-17
2
4.28745e-17
2
2.17707e-16
2
3.5162e-16
2
3.10943e-16
2
1.35604e-16
2
3.6767e-16
2
2.6845e-16
2
3.49297e-16
2
5.55095e-16
2
4.75879e-16
2
5.2925e-16
2
4.5488e-16
2
1.66745e-16
2
3.00423e-16
2
3.39028e-16
2
3.01973e-16
2
2.89779e-16
2
3.63119e-16
2
3.02479e-16
2
3.27295e-16
2
3.13007e-16
2
2.94456e-16
2
4.21674e-16
2
1.6958e-16
2
1.79956e-16
2
1.42263e-16
2
1.53716e-16
2
1.22499e-16
2
-7.477e-17
2
-1.65937e-16
2
-1.72328e-16
2
2.708e-17
2
-5.90265e-17
2
-1.77244e-16
2
-1.08015e-16
2
6.49071e-17
2
-1.22164e-16
2
-2.36023e-17
2
2.85464e-18
2
6.3917e-17
2
-1.9562e-17
2
-9.69947e-17
2
-8.8338e-17
2
-2.55603e-16
2
-2.18269e-16
2
-2.72032e-16
2
-1.79841e-16
2
-1.71043e-17
2
-2.30012e-17
2
-1.34499e-16
2
-6.57516e-17
2
-4.61761e-17
2
-2.98675e-16
2
-2.54225e-16
2
-6.22038e-17
2
9.55459e-17
2
2.76922e-16
2
2.15519e-16
2
4.78598e-17
2
-3.07463e-17
2
-3.34992e-18
2
7.26928e-17
2
-2.22293e-16
2
-2.05923e-16
2
-3.02561e-16
2
-3.56233e-16
2
-9.119e-17
2
-1.0098e-16
2
-1.75517e-16
2
-2.57257e-16
2
-1.30749e-16
2
1.24155e-16
2
-9.27078e-17
2
-5.56779e-17
2
-1.58648e-16
2
-2.41616e-16
2
-3.56651e-16
2
-2.05588e-16
2
-3.0552e-16
2
-4.45091e-16
-3.03405e-16
2
-2.98623e-17
2
-1.91522e-17
2
-1.13176e-16
2
3.12981e-17
2
-1.34645e-16
2
-1.13475e-16
2
-3.41906e-17
2
-2.54408e-16
2
-1.76016e-16
2
-1.99821e-16
2
-7.60174e-17
2
1.83552e-18
2
-1.89938e-17
2
-5.17241e-17
2
-8.132e-18
2
-2.76714e-16
2
-1.68885e-16
2
-6.53276e-17
2
-2.88719e-16
2
-4.36709e-16
2
-2.49425e-16
2
-9.89832e-17
2
4.92355e-17
2
-1.15586e-17
2
7.95983e-17
2
-8.42041e-17
2
-5.12941e-17
2
-7.71422e-18
2
-1.70278e-16
2
-2.2087e-16
2
-2.02588e-16
2
-1.79621e-16
2
-2.11282e-16
2
-1.13507e-16
2
-1.36878e-17
2
-1.88122e-16
2
-2.86423e-16
2
-8.80535e-17
2
3.52482e-18
2
9.51259e-17
2
-1.89129e-17
2
1.06494e-16
2
1.30677e-16
2
5.6554e-17
2
4.03136e-17
2
-1.0506e-16
2
3.18024e-17
2
1.05912e-16
2
1.58701e-16
2
-4.85492e-17
2
-9.46344e-17
2
-1.21412e-16
2
-2.96411e-16
2
-3.07372e-16
2
-2.17952e-16
2
-2.08113e-16
2
-2.72718e-16
2
-1.63693e-16
2
-1.85777e-16
2
-1.3653e-16
2
-2.05237e-16
2
-2.74257e-16
2
-1.83197e-16
2
-1.16966e-16
2
-8.87993e-17
2
-9.12568e-18
2
9.22482e-17
2
1.44579e-16
2
1.85511e-16
2
2.63105e-16
2
2.08324e-16
2
2.1096e-16
2
1.92001e-16
2
1.8e-16
2
2.66033e-16
2
2.39413e-16
2
2.47715e-16
2
1.35951e-16
2
1.04857e-17
2
1.86935e-16
2
2.00358e-16
2
-4.9375e-17
2
-3.36546e-17
2
2.6669e-17
2
-2.34102e-16
2
-2.67068e-16
2
-7.21223e-17
2
-5.60794e-17
2
-1.82232e-18
2
2.67277e-17
2
-1.0953e-16
2
-1.9551e-17
2
-1.75907e-16
2
-1.04465e-16
2
1.1235e-17
2
-1.73721e-16
2
-1.32606e-16
2
-2.16679e-16
2
-5.86742e-17
2
2.83661e-17
2
-1.06022e-16
2
-2.11479e-16
2
-3.35877e-16
2
-3.81284e-16
2
-2.9633e-16
2
-2.13132e-16
2
-1.96981e-16
2
-1.98197e-16
2
1.86077e-17
2
1.14862e-16
2
7.58224e-17
2
-3.33819e-17
2
-2.45741e-18
2
-1.73266e-17
2
7.8979e-19
2
2.24576e-16
2
1.68995e-16
2
2.59317e-16
2
6.32167e-18
2
3.64664e-17
2
2.19709e-16
2
1.77551e-16
2
1.15074e-16
2
2.89927e-17
2
8.98369e-17
2
2.36766e-16
2
4.33443e-16
2
2.8543e-16
2
1.92322e-16
2
6.53141e-17
2
1.16728e-16
2
1.54353e-16
2
6.3536e-17
2
3.47979e-18
2
2.38747e-16
2
1.64544e-16
2
8.42378e-17
2
2.89542e-16
2
2.65247e-16
2
1.42747e-16
2
9.40168e-17
2
1.15704e-16
2
1.79612e-16
2
2.77116e-16
2
1.64479e-16
2
1.03851e-16
2
-2.17068e-17
2
-5.72317e-17
2
-6.86106e-17
2
6.71713e-17
2
1.68758e-16
2
1.50631e-16
2
-3.13038e-17
2
1.74512e-16
2
1.456e-16
2
1.74278e-16
2
9.35965e-17
2
1.34158e-16
2
1.89989e-17
2
1.46568e-16
2
-2.25334e-17
2
-2.33045e-16
2
-2.09164e-18
2
9.0802e-19
2
-9.60005e-17
2
-7.33839e-17
2
-9.77234e-18
2
2.97722e-17
2
1.12379e-16
2
5.55638e-17
2
1.04277e-16
2
1.86698e-16
2
-4.11755e-18
2
6.88891e-17
2
2.08071e-16
2
-5.27555e-17
2
4.0157e-17
2
1.94452e-16
2
-1.39466e-17
2
5.76655e-17
2
6.30316e-17
2
8.87603e-17
2
-8.16563e-17
2
-1.98181e-16
2
-1.27139e-16
2
-3.472e-16
2
-4.18807e-16
2
-2.79548e-16
2
-1.80264e-16
2
-4.86273e-17
2
-1.09587e-16
2
8.57406e-17
2
5.74166e-17
2
-7.57794e-17
2
-1.32591e-16
2
-9.54862e-17
2
-1.60998e-16
2
-2.2952e-16
2
-1.96417e-16
-3.3769e-16
2
-1.13404e-16
2
-7.88029e-17
2
1.24929e-16
2
-7.43971e-17
2
-1.61501e-16
2
-9.50201e-17
2
-1.50843e-16
2
-1.07395e-16
2
-4.06651e-17
2
-3.2516e-16
2
-1.6726e-16
2
-7.00915e-17
2
-1.01164e-16
2
-9.26463e-17
2
3.62309e-17
2
-1.99663e-16
2
-1.2774e-16
2
-7.85712e-17
2
-2.84263e-17
2
1.86789e-16
2
1.31748e-17
2
-2.20114e-17
2
3.57033e-18
2
-7.96731e-17
2
-9.10872e-17
2
-3.24561e-16
2
-1.28242e-16
2
-9.79206e-17
2
2.50461e-17
2
-2.00624e-16
2
-3.78304e-16
2
-2.82109e-16
2
-1.2556e-16
2
-1.49287e-16
2
-3.11534e-16
2
-2.15198e-16
2
-2.29563e-16
2
-2.0181e-16
2
-4.22138e-17
2
-7.85218e-17
2
1.04042e-16
2
1.90233e-16
2
8.72592e-17
2
-6.43101e-17
2
-3.99372e-17
2
-1.10285e-17
2
1.82905e-16
2
2.90982e-16
2
3.08988e-16
2
1.90657e-16
2
2.23711e-16
2
4.18971e-16
2
1.98567e-16
2
6.12983e-17
2
-5.81624e-17
2
8.85553e-17
2
2.41549e-16
2
-1.06777e-16
2
-2.13328e-16
2
-1.00337e-16
2
5.33047e-17
2
1.25014e-17
2
-9.18269e-17
2
-6.88073e-17
2
-3.7956e-17
2
-1.16613e-16
2
-3.1442e-18
2
6.72922e-17
2
1.36011e-16
2
-8.24479e-18
2
4.28518e-17
2
4.61454e-17
2
4.06804e-17
2
-4.21894e-17
2
-7.96e-17
2
-1.26752e-16
2
-1.72431e-16
2
-9.91635e-17
2
2.48999e-16
2
-9.53098e-17
2
-8.26214e-17
2
-8.90508e-17
2
-7.16484e-17
2
-2.2486e-16
2
-1.5542e-16
2
-8.50527e-17
2
-1.0351e-16
2
-2.90998e-17
2
-3.26873e-17
2
-1.18412e-17
2
2.33571e-17
2
7.64075e-17
2
3.00202e-17
2
4.18836e-18
2
-6.26352e-17
2
4.95437e-17
2
1.32756e-16
2
1.95151e-16
2
1.49074e-16
2
-3.33924e-17
2
4.76441e-17
2
5.53919e-17
2
8.80684e-17
2
-5.83839e-17
2
-1.25119e-16
2
-2.38729e-16
2
-2.2848e-16
2
-2.36195e-16
2
-1.65695e-16
2
-3.2836e-16
2
-3.51684e-16
2
-1.45641e-16
2
-2.06085e-16
2
-1.25981e-16
2
-2.52046e-17
2
-1.56524e-16
2
-2.07472e-16
2
-2.09327e-16
2
-2.24719e-16
2
-1.17078e-16
2
-6.69073e-17
2
-3.33087e-17
2
1.26206e-17
2
2.11538e-16
2
1.41777e-16
2
1.95933e-16
2
3.01366e-17
2
6.58976e-17
2
4.81123e-17
2
5.29155e-17
2
-3.80282e-17
2
-3.38913e-17
2
-3.92244e-17
2
-2.29975e-17
2
1.60005e-16
2
8.40576e-17
2
3.61126e-17
2
5.20667e-17
2
-6.66973e-17
2
-2.91935e-18
2
-2.02388e-17
2
-2.94718e-17
2
-1.78534e-16
2
1.10988e-16
2
1.14577e-16
2
1.03236e-16
2
7.94973e-17
2
2.69534e-16
2
1.71999e-16
2
-3.5263e-17
2
8.39289e-17
2
1.9426e-16
2
3.53185e-16
2
1.59672e-16
2
9.08115e-17
2
1.11626e-16
2
2.91498e-17
2
-1.67791e-16
2
6.21789e-17
2
1.49061e-17
2
-5.47089e-17
2
-1.10661e-16
2
-1.19341e-16
2
-2.15621e-16
2
-1.52526e-16
2
-1.29329e-16
2
-1.87899e-16
2
-8.76535e-17
2
-1.12681e-16
2
-1.72109e-17
2
1.27008e-17
2
1.35738e-16
2
6.4306e-17
2
-6.43535e-17
2
-1.93443e-16
2
9.89795e-17
2
-3.85691e-17
2
-6.82364e-17
2
-1.17831e-16
2
-1.66776e-16
2
-2.72547e-17
2
1.96143e-17
2
6.56077e-17
2
3.1843e-17
2
-1.40689e-16
2
-1.03896e-16
2
-4.97622e-17
2
-1.90972e-16
2
-7.8109e-17
2
-4.12831e-17
2
5.2234e-17
2
-1.68541e-16
2
-2.18454e-16
2
-2.60658e-16
2
-3.28809e-16
2
-1.23638e-16
2
-2.33134e-16
2
-2.3275e-16
2
-1.90194e-16
-1.63769e-16
2
1.24378e-16
2
2.00084e-17
2
-3.4931e-17
2
4.35355e-17
2
-1.74201e-16
2
-2.43327e-16
2
-1.99809e-16
2
-2.33333e-16
2
-2.87298e-16
2
-6.68815e-17
2
-8.6867e-17
2
-6.20435e-17
2
-1.20627e-16
2
-1.2023e-16
2
-2.31844e-16
2
-1.01213e-16
2
-3.07789e-17
2
7.43809e-17
2
1.7164e-17
2
-1.40447e-16
2
-8.87793e-17
2
-2.02193e-16
2
-1.28991e-16
2
-9.93165e-17
2
-2.57372e-16
2
-2.30975e-16
2
-6.15011e-17
2
-7.56892e-17
2
-2.70426e-16
2
-2.57434e-16
2
-1.89883e-16
2
-1.26824e-16
2
-4.05686e-17
2
-6.60912e-17
2
-7.66404e-17
2
-3.79514e-17
2
-2.38557e-17
2
1.61817e-16
2
1.91603e-16
2
-6.06871e-18
2
-1.26049e-16
2
-3.19655e-17
2
4.40847e-17
2
3.83986e-17
2
-1.56895e-16
2
-1.33516e-16
2
-1.06046e-16
2
-9.85415e-17
2
-1.04021e-16
2
-8.39951e-18
2
1.62131e-16
2
-4.81723e-17
2
6.46238e-17
2
8.94897e-17
2
2.42487e-16
2
1.88533e-16
2
1.18243e-16
2
4.15799e-17
2
-1.98921e-16
2
-7.32324e-17
2
-2.67009e-17
2
-1.83033e-16
2
-7.75558e-17
2
6.86991e-17
2
1.62503e-16
2
2.5447e-16
2
1.99009e-16
2
1.40009e-16
2
-1.95698e-17
2
-7.33235e-17
2
-5.59112e-17
2
-4.78809e-17
2
5.61338e-17
2
2.46034e-16
2
1.4126e-16
2
2.43569e-17
2
-2.2524e-16
2
-2.46632e-16
2
-3.77318e-16
2
-3.55403e-16
2
-2.47353e-16
2
-3.89397e-17
2
-3.8319e-16
2
-1.45972e-16
2
-9.40962e-18
2
2.0835e-16
2
2.41169e-16
2
1.58343e-16
2
1.15014e-16
2
6.31546e-17
2
3.50736e-17
2
1.3723e-16
2
7.02511e-17
2
5.85496e-17
2
7.03192e-17
2
9.84528e-17
2
1.71159e-16
2
1.41851e-16
2
-3.08022e-17
2
6.76431e-17
2
1.88508e-16
2
2.17532e-16
2
2.88377e-16
2
2.58886e-16
2
1.33957e-16
2
1.20974e-16
2
-8.1486e-17
2
-2.48966e-16
2
-4.82695e-16
2
-3.26729e-16
2
-4.72765e-16
2
-3.70532e-16
2
-4.29297e-18
2
-1.60594e-16
2
-1.15325e-16
2
-9.24293e-17
2
-3.10868e-17
2
-7.68748e-17
2
2.67597e-17
2
1.06714e-17
2
-1.28733e-16
2
9.00475e-18
2
4.33545e-16
2
3.43698e-16
2
1.21523e-16
2
-2.46199e-17
2
-1.84024e-17
2
-1.08545e-16
2
-8.9044e-17
2
-2.1115e-16
2
-1.00983e-16
2
-4.01234e-17
2
-5.11792e-17
2
-1.96532e-16
2
-6.9164e-17
2
6.89117e-18
2
-2.32994e-17
2
2.04236e-17
2
9.67224e-18
2
1.18809e-16
2
6.76715e-17
2
1.11547e-16
2
3.60825e-16
2
2.04659e-16
2
1.15237e-16
2
1.10842e-16
2
1.70321e-16
2
7.69093e-17
2
1.60161e-16
2
5.09103e-17
2
-5.04637e-18
2
1.48802e-16
2
2.71525e-16
2
1.96284e-16
2
1.56805e-16
2
-4.41623e-17
2
-8.23707e-17
2
-4.96367e-17
2
-3.58051e-17
2
-3.52944e-17
2
-5.50258e-17
2
5.31023e-17
2
-5.60286e-17
2
-3.19365e-16
2
-4.07022e-16
2
-3.82586e-16
2
-2.54304e-16
2
-3.3636e-16
2
-2.96467e-16
2
-3.62566e-16
2
-1.82898e-16
2
-2.04571e-16
2
-2.81171e-16
2
-1.20529e-16
2
-2.85058e-17
2
-3.22304e-16
2
-2.81985e-16
2
-2.30596e-16
2
-2.51761e-16
2
-5.86101e-17
2
-2.77242e-17
2
3.6281e-17
2
-9.94114e-17
2
1.92481e-17
2
2.22404e-16
2
1.4609e-16
2
7.36834e-17
2
1.48888e-16
2
4.3221e-17
2
2.81325e-16
2
1.26809e-17
2
-1.41624e-16
2
-4.50075e-18
2
-4.23672e-17
2
4.45819e-17
2
-1.06123e-16
2
-1.21206e-16
2
-3.15767e-16
2
-1.14885e-16
-1.37123e-16
2
-5.49416e-17
2
-1.58177e-16
2
-1.38824e-16
2
-1.0944e-16
2
-1.02576e-16
2
1.05858e-16
2
-5.36435e-17
2
-2.42258e-16
2
-2.06847e-16
2
-1.17472e-16
2
-4.1078e-17
2
-1.70012e-16
2
-1.56888e-16
2
-1.90503e-16
2
-9.87967e-17
2
2.53607e-16
2
1.62987e-17
2
-2.01016e-16
2
-1.63616e-16
2
-1.10109e-16
2
2.56129e-17
2
8.56975e-17
2
-1.93834e-16
2
-2.76786e-16
2
-8.72602e-17
2
4.64355e-17
2
-1.0725e-16
2
-1.83112e-16
2
-2.65979e-16
2
-7.89296e-17
2
7.06691e-17
2
8.11951e-17
2
1.30535e-17
2
-8.50509e-17
2
-1.31959e-16
2
-4.86458e-17
2
6.4349e-17
2
4.05297e-17
2
-2.19686e-17
2
-3.63266e-17
2
1.55091e-16
2
-2.07036e-17
2
-8.47118e-17
2
-1.23113e-16
2
-1.49848e-16
2
-8.77177e-17
2
-2.60847e-16
2
-2.38055e-16
2
-3.13954e-17
2
-7.9972e-17
2
-3.31722e-16
2
1.9687e-17
2
1.43553e-16
2
2.85185e-16
2
2.96249e-16
2
3.06154e-16
2
4.23618e-17
2
-1.05629e-16
2
-8.372e-17
2
-3.53015e-17
2
3.69387e-17
2
-9.13019e-17
2
1.91891e-17
2
-6.75203e-17
2
2.0469e-16
2
2.39233e-16
2
1.8177e-16
2
4.85749e-17
2
-6.37575e-17
2
-2.49647e-17
2
-1.99178e-16
2
1.95223e-17
2
8.65725e-17
2
1.86919e-16
2
1.35951e-16
2
-1.18789e-17
2
-6.08633e-17
2
-1.88766e-16
2
-1.99043e-16
2
-1.23525e-17
2
-2.37917e-16
2
-1.96977e-16
2
8.28818e-17
2
9.64243e-17
2
2.02805e-16
2
1.13895e-16
2
1.12931e-16
2
1.75716e-16
2
1.02672e-16
2
1.7254e-17
2
-4.72791e-17
2
8.35363e-18
2
1.055e-16
2
2.06204e-17
2
1.03498e-16
2
1.56393e-16
2
1.83317e-16
2
2.75582e-16
2
2.94567e-16
2
1.93314e-16
2
1.54867e-16
2
2.43777e-16
2
2.40689e-16
2
2.28852e-16
2
1.14224e-16
2
1.08933e-17
2
-1.12989e-16
2
-3.19075e-16
2
-1.70295e-16
2
-2.19492e-16
2
-1.61465e-16
2
-3.25972e-16
2
-4.06517e-16
2
-2.1302e-16
2
-6.57344e-17
2
-7.36396e-17
2
-3.84715e-17
2
-1.55335e-17
2
1.19075e-16
2
1.00269e-16
2
1.47723e-16
2
1.93536e-16
2
1.13993e-16
2
1.7763e-16
2
1.16469e-16
2
-3.89128e-17
2
-1.49361e-16
2
2.07629e-17
2
-1.44057e-16
2
-2.82535e-16
2
-2.43462e-16
2
-4.67588e-17
2
-6.96755e-17
2
7.61304e-17
2
-1.18485e-16
2
-1.63096e-16
2
-1.29133e-16
2
-1.22628e-16
2
-1.48126e-17
2
2.41999e-17
2
2.88154e-17
2
-1.49169e-17
2
8.39797e-17
2
1.40348e-16
2
1.94605e-16
2
1.40479e-16
2
1.38012e-16
2
1.00167e-16
2
-8.1165e-17
2
7.84453e-17
2
2.80241e-16
2
1.41315e-16
2
3.37591e-16
2
3.39278e-16
2
-1.19717e-17
2
-6.89862e-17
2
-2.10548e-17
2
-9.9243e-17
2
-1.43455e-17
2
4.08162e-17
2
1.37801e-16
2
1.27779e-16
2
-5.25131e-17
2
-1.02425e-16
2
-1.67787e-16
2
-4.35672e-16
2
-4.16317e-16
2
-3.75222e-16
2
-3.87101e-16
2
-3.29166e-16
2
-3.70139e-16
2
-3.78323e-16
2
-6.731e-17
2
-1.71306e-16
2
-2.73398e-16
2
-1.99589e-16
2
-2.30163e-16
2
-2.42689e-16
2
-1.23072e-16
2
-2.08327e-16
2
-8.93228e-17
2
8.50029e-18
2
-1.17116e-16
2
2.33712e-17
2
3.42664e-17
2
1.28905e-16
2
1.02052e-16
2
6.08559e-17
2
8.90206e-17
2
-5.47641e-17
2
5.32621e-17
2
7.42759e-17
2
-2.31109e-16
2
-9.0214e-17
2
-2.90917e-17
2
-8.1517e-17
2
-7.55824e-17
2
-2.21453e-17
2
-1.80122e-16
-2.20091e-16
2
-1.55982e-16
2
-2.26563e-16
2
-6.2413e-17
2
-1.25825e-17
2
9.5672e-17
2
-2.01506e-16
2
-8.84666e-17
2
2.05663e-16
2
-4.6017e-17
2
-8.42566e-17
2
-1.02004e-16
2
-5.88926e-17
2
-1.00468e-16
2
1.91214e-17
2
-7.93756e-17
2
-1.40493e-16
2
-1.37322e-16
2
-6.49833e-17
2
1.69485e-16
2
2.25937e-16
2
-2.04156e-17
2
-1.2664e-16
2
-1.50014e-16
2
4.75456e-17
2
-5.92507e-17
2
1.03549e-16
2
-6.96252e-17
2
-3.41451e-16
2
-1.11976e-16
2
6.11771e-17
2
7.1816e-17
2
-1.3966e-17
2
-1.28678e-17
2
-1.40339e-17
2
1.10797e-16
2
2.52572e-16
2
1.89729e-16
2
5.51583e-17
2
-3.59945e-17
2
-2.47826e-17
2
-9.63761e-17
2
-1.26149e-16
2
-1.93687e-16
2
-9.98631e-17
2
1.06813e-17
2
-7.96616e-17
2
2.58992e-17
2
-1.25677e-16
2
-2.80681e-16
2
-1.42389e-16
2
6.24174e-17
2
5.1868e-17
2
6.82029e-17
2
8.85368e-17
2
1.2758e-17
2
-7.9869e-17
2
-1.72194e-17
2
1.8548e-16
2
1.486e-16
2
-9.39868e-17
2
-1.98326e-16
2
4.50528e-17
2
-4.41161e-17
2
-2.94103e-17
2
-2.03127e-16
2
-1.54932e-16
2
-4.49809e-17
2
-4.38148e-17
2
-8.10818e-17
2
-1.24018e-16
2
-6.47339e-17
2
-1.53042e-16
2
-1.56782e-16
2
-2.59556e-16
2
-3.0692e-16
2
-2.50191e-16
2
-2.12566e-16
2
1.32243e-17
2
-3.51124e-18
2
-1.0616e-16
2
9.2266e-18
2
-5.654e-17
2
-8.72462e-17
2
-1.25727e-16
2
-1.5722e-16
2
-5.51343e-17
2
-1.09747e-17
2
2.52346e-16
2
2.58018e-16
2
1.44041e-16
2
2.73666e-16
2
1.77904e-16
2
1.26123e-16
2
2.43857e-16
2
1.55037e-16
2
-8.96591e-18
2
8.34297e-17
2
2.87978e-16
2
2.33415e-16
2
2.118e-16
2
2.09657e-16
2
2.35818e-16
2
3.12943e-16
2
1.76151e-16
2
2.54216e-16
2
1.17631e-17
2
-3.17108e-17
2
1.16818e-16
2
6.96625e-18
2
-9.63363e-17
2
-2.30299e-16
2
-3.21329e-16
2
-3.39773e-16
2
-4.61126e-16
2
-4.02487e-16
2
-2.85417e-16
2
-3.737e-16
2
-2.88829e-16
2
-2.98247e-16
2
-1.24459e-16
2
-2.24183e-17
2
-1.38429e-16
2
-2.28562e-16
2
-2.66692e-16
2
-3.14689e-17
2
-1.05607e-16
2
-1.62171e-16
2
-3.18495e-16
2
-1.64322e-16
2
-3.19563e-17
2
-1.87092e-16
2
-3.89687e-16
2
-3.30173e-16
2
-2.13968e-16
2
-1.14447e-16
2
-1.28304e-16
2
-4.98315e-17
2
3.79268e-17
2
1.94959e-16
2
-2.82269e-17
2
1.12246e-17
2
6.60725e-17
2
1.58834e-16
2
1.28759e-16
2
1.90329e-16
2
2.26798e-16
2
1.70165e-16
2
7.24161e-17
2
3.47942e-17
2
-6.20206e-17
2
-1.61838e-16
2
1.44515e-16
2
1.51377e-17
2
-6.30763e-17
2
2.01836e-16
2
2.4778e-16
2
-4.95112e-17
2
-2.90799e-17
2
-5.45163e-17
2
-4.16382e-17
2
3.28592e-17
2
1.7837e-16
2
9.68531e-17
2
-1.4121e-16
2
-4.06101e-16
2
-2.70587e-16
2
-3.59018e-16
2
-3.79291e-16
2
-2.97919e-16
2
-2.79988e-16
2
-3.10394e-16
2
-2.53103e-16
2
2.37583e-18
2
3.38558e-17
2
-1.80311e-16
2
-1.89511e-16
2
-1.94601e-16
2
-1.80064e-16
2
-1.36883e-16
2
-4.91231e-17
2
-6.75221e-17
2
-8.58671e-17
2
1.41848e-16
2
1.93435e-16
2
1.25837e-16
2
-3.12599e-18
2
1.60938e-16
2
1.44882e-16
2
2.01947e-16
2
7.7704e-17
2
4.49682e-17
2
1.85226e-16
2
1.71491e-16
2
1.26857e-16
2
1.33724e-16
2
1.13079e-16
2
1.02077e-16
2
1.49589e-16
2
8.25912e-18
-2.06588e-16
2
-6.68027e-17
2
-2.09948e-16
2
-5.93982e-17
2
7.54896e-18
2
1.77602e-17
2
-1.98423e-16
2
7.02495e-17
2
-1.18653e-16
2
9.8412e-17
2
-1.24085e-17
2
-1.4476e-16
2
-1.07582e-16
2
-2.99446e-17
2
-6.35127e-17
2
5.61135e-17
2
9.67586e-17
2
2.03717e-16
2
2.97584e-16
2
1.27755e-16
2
2.36483e-17
2
-2.25429e-17
2
-6.3547e-17
2
1.22729e-17
2
-1.68971e-17
2
-3.32069e-17
2
-8.30787e-17
2
-1.0428e-16
2
-6.39069e-17
2
-1.08648e-17
2
-1.78514e-16
2
-2.26776e-16
2
-1.93627e-16
2
-1.84625e-16
2
1.68995e-16
2
2.65663e-16
2
1.67664e-16
2
1.99726e-16
2
1.3708e-16
2
1.2023e-16
2
-1.68554e-17
2
-1.8032e-16
2
-2.48725e-16
2
5.1197e-18
2
-2.49695e-17
2
-1.24995e-16
2
-1.51882e-16
2
-2.36008e-16
2
-1.88449e-16
2
-9.78028e-17
2
2.47987e-16
2
2.47609e-16
2
1.24352e-16
2
1.30522e-16
2
5.35454e-17
2
1.99478e-16
2
4.37073e-17
2
5.2407e-17
2
1.20797e-16
2
1.59866e-16
2
-7.52751e-17
2
-1.51973e-16
2
-2.31901e-16
2
-1.63119e-16
2
-1.91904e-16
2
-2.57107e-16
2
-2.51051e-16
2
-2.53717e-16
2
-1.09677e-16
2
-9.98851e-17
2
-7.6904e-17
2
-1.9831e-16
2
-2.15233e-16
2
-2.2292e-16
2
-1.41022e-16
2
-2.3004e-16
2
-2.84366e-16
2
-9.68288e-17
2
-1.13196e-16
2
-1.4821e-17
2
6.59416e-17
2
1.55975e-16
2
-1.54108e-16
2
-1.7494e-16
2
-1.23143e-16
2
-1.40724e-16
2
-4.5912e-18
2
1.58903e-16
2
1.03831e-16
2
3.36091e-16
2
3.15557e-16
2
3.77284e-16
2
3.30989e-16
2
2.41952e-16
2
1.79174e-16
2
2.38828e-17
2
2.24654e-16
2
1.59559e-16
2
9.45628e-17
2
1.84314e-16
2
1.60111e-16
2
3.35782e-16
2
3.24794e-16
2
2.26868e-16
2
4.09768e-16
2
2.46433e-16
2
2.97097e-16
2
1.79249e-16
2
4.85524e-17
2
1.34809e-16
2
-2.13628e-17
2
-2.7767e-16
2
-2.00256e-16
2
-1.66376e-16
2
-2.92422e-16
2
-3.02437e-16
2
-2.28394e-16
2
-2.27609e-16
2
-3.98185e-16
2
-3.0875e-16
2
-3.15042e-16
2
-2.83033e-16
2
-3.50026e-16
2
-4.71329e-16
2
-2.46298e-16
2
-8.81835e-17
2
-1.64422e-16
2
-1.5403e-16
2
-2.61636e-16
2
-2.03688e-16
2
-7.81485e-17
2
-2.93327e-17
2
-8.04853e-17
2
8.73924e-19
2
-2.18935e-16
2
-2.07981e-16
2
9.66454e-17
2
1.3711e-16
2
7.71129e-17
2
-6.94618e-17
2
-1.45277e-16
2
-5.41665e-17
2
1.12997e-16
2
3.38519e-16
2
2.40352e-16
2
1.03972e-16
2
1.92783e-16
2
2.12781e-16
2
5.84897e-17
2
7.98614e-17
2
3.9087e-17
2
1.20498e-17
2
-1.13315e-16
2
4.2841e-17
2
1.65973e-17
2
-1.28646e-16
2
7.85357e-17
2
1.14951e-16
2
1.29695e-16
2
4.6566e-17
2
-6.09732e-17
2
3.25134e-17
2
4.53762e-17
2
-2.78114e-17
2
-1.95849e-17
2
-1.27487e-16
2
-2.01059e-16
2
-3.11453e-16
2
-2.9656e-16
2
-4.46001e-16
2
-4.25527e-16
2
-1.89977e-16
2
-1.29898e-16
2
1.24199e-17
2
4.55699e-17
2
2.70283e-17
2
-2.03811e-16
2
-2.98535e-16
2
-1.85435e-16
2
-2.78643e-16
2
-3.21729e-16
2
-1.93104e-16
2
-1.66017e-16
2
1.83828e-16
2
1.02605e-16
2
2.57311e-16
2
3.03701e-16
2
2.12275e-16
2
2.69199e-16
2
-7.7431e-18
2
1.27775e-16
2
1.792e-16
2
4.79433e-17
2
1.30275e-16
2
1.2959e-16
2
3.65555e-16
2
2.5186e-16
2
1.81899e-16
2
1.24938e-16
2
9.76614e-17
-1.69329e-17
2
-3.44799e-17
2
1.75139e-16
2
1.98098e-16
2
1.37502e-17
2
-1.06068e-16
2
1.50149e-17
2
-1.78934e-17
2
2.05748e-17
2
-7.41349e-18
2
8.77787e-17
2
-1.75374e-17
2
5.18126e-18
2
-2.91339e-17
2
5.13795e-17
2
1.37941e-16
2
-1.22746e-16
2
-2.83076e-17
2
8.61754e-17
2
-3.73465e-17
2
-6.25602e-17
2
1.90662e-17
2
-2.44213e-17
2
7.87664e-17
2
-5.06408e-18
2
-1.70571e-16
2
3.56901e-17
2
1.10251e-16
2
6.09463e-17
2
-4.67357e-17
2
-1.18262e-16
2
1.24034e-16
2
2.54922e-16
2
6.60299e-17
2
-1.08176e-16
2
-7.8489e-17
2
-2.09853e-16
2
-2.04732e-16
2
-2.55166e-17
2
8.36171e-17
2
8.49964e-17
2
-3.0304e-17
2
5.75033e-17
2
-2.39196e-16
2
-1.58446e-16
2
-9.43339e-17
2
-2.38278e-16
2
-2.60281e-16
2
-9.86597e-17
2
9.05366e-17
2
9.26127e-17
2
-1.58562e-17
2
-8.1115e-18
2
-3.32479e-17
2
-1.16235e-16
2
-6.0806e-17
2
-1.38797e-16
2
-6.21107e-17
2
8.04251e-17
2
1.4e-16
2
1.31574e-16
2
-4.0024e-18
2
-9.29107e-18
2
-7.82114e-17
2
-1.64313e-16
2
-1.45178e-16
2
-2.60094e-16
2
-2.4182e-16
2
-2.2451e-17
2
-9.62604e-17
2
-1.17529e-16
2
-1.50483e-17
2
-1.17671e-16
2
-1.78354e-16
2
-1.97841e-16
2
-1.86301e-18
2
-3.02027e-16
2
-2.02874e-16
2
7.16211e-17
2
-1.70205e-16
2
2.12792e-17
2
-6.52626e-17
2
1.4036e-16
2
2.05642e-16
2
2.04504e-16
2
1.53696e-16
2
6.50132e-17
2
4.54874e-17
2
9.13665e-18
2
9.31073e-17
2
1.73623e-16
2
1.67188e-17
2
3.47228e-17
2
5.76678e-17
2
1.08328e-16
2
6.73302e-17
2
-2.17368e-17
2
-7.64855e-17
2
6.04138e-17
2
1.70912e-16
2
2.78762e-16
2
6.74473e-17
2
-1.23799e-16
2
9.45072e-17
2
2.60774e-16
2
1.78389e-16
2
4.63971e-17
2
2.33681e-16
2
2.92196e-16
2
-4.34838e-17
2
-5.96199e-17
2
8.92764e-17
2
-8.20526e-17
2
-1.77758e-16
2
-1.40049e-16
2
-2.10226e-16
2
-1.27561e-16
2
2.23414e-17
2
-4.77246e-17
2
-3.36601e-16
2
-2.49603e-16
2
-3.4705e-16
2
-6.40669e-17
2
-7.69262e-17
2
-3.7155e-16
2
-3.62255e-16
2
-1.91844e-16
2
-2.5553e-16
2
-3.0068e-16
2
-9.791e-17
2
-1.12486e-17
2
1.30543e-17
2
-2.95098e-17
2
-1.56296e-16
2
5.70367e-17
2
5.27775e-17
2
-9.88209e-18
2
-7.23648e-17
2
-6.81984e-17
2
-8.42242e-17
2
1.29339e-16
2
2.56579e-16
2
8.82906e-17
2
-1.11347e-16
2
2.57683e-17
2
2.02097e-16
2
1.30003e-18
2
3.7249e-17
2
-3.14858e-17
2
1.25425e-16
2
1.31466e-16
2
2.51314e-17
2
-3.91969e-17
2
-1.30435e-16
2
-1.36989e-16
2
-7.09283e-17
2
-1.07475e-16
2
3.4782e-17
2
3.45951e-17
2
4.6938e-17
2
1.35725e-16
2
2.43991e-17
2
-1.26288e-16
2
-7.16871e-17
2
2.65134e-17
2
1.42795e-16
2
-6.60685e-17
2
-1.55573e-16
2
-3.77533e-16
2
-1.52053e-16
2
-4.71053e-17
2
1.18499e-16
2
4.01842e-17
2
-2.26155e-16
2
-2.70723e-16
2
-2.16025e-16
2
-1.58972e-16
2
-9.79119e-17
2
-2.05306e-16
2
-2.2622e-16
2
-2.97577e-18
2
3.89943e-17
2
1.93617e-16
2
1.75025e-16
2
3.07925e-16
2
2.21405e-16
2
1.87197e-16
2
1.15262e-16
2
5.43135e-17
2
2.3326e-16
2
2.75077e-16
2
1.37518e-16
2
1.66498e-16
2
1.32388e-16
2
2.74852e-16
2
1.33492e-16
2
2.19819e-16
2
2.18349e-16
2
1.43856e-16
2
8.21041e-17
8.73092e-17
2
1.99726e-16
2
2.25097e-16
2
1.69557e-17
2
-1.32589e-16
2
9.56152e-18
2
2.34206e-16
2
4.06477e-17
2
5.00337e-17
2
1.76617e-16
2
2.7337e-16
2
3.56746e-16
2
2.4684e-16
2
-9.24984e-17
2
-9.97217e-17
2
-2.07543e-16
2
-1.18933e-16
2
-7.88088e-17
2
-1.85286e-16
2
-1.5485e-16
2
-1.23385e-16
2
-2.06231e-16
2
-6.51281e-17
2
-1.21336e-16
2
-4.11742e-17
2
1.56809e-16
2
-1.28538e-16
2
1.56856e-17
2
1.26558e-16
2
1.85563e-16
2
1.52439e-16
2
-5.99774e-17
2
-1.68094e-16
2
-1.6676e-17
2
-1.00678e-16
2
-1.05908e-16
2
-1.22514e-16
2
-4.53059e-17
2
5.37907e-17
2
1.74981e-16
2
2.40114e-16
2
1.91592e-17
2
-4.97008e-17
2
-9.69236e-18
2
9.95834e-17
2
5.60314e-17
2
-6.75434e-17
2
-1.05618e-16
2
2.78928e-17
2
4.46883e-17
2
-2.2378e-17
2
4.99386e-17
2
-3.16005e-17
2
5.86782e-17
2
1.77669e-16
2
-1.93011e-17
2
9.64634e-17
2
3.21393e-17
2
-3.0928e-18
2
1.16748e-16
2
1.86718e-16
2
1.38978e-16
2
2.48986e-18
2
-3.03205e-17
2
3.91562e-17
2
-7.78427e-17
2
-1.01512e-16
2
-1.55666e-16
2
-2.18223e-16
2
-9.51948e-18
2
-1.5138e-16
2
-1.92441e-17
2
-1.03487e-17
2
-1.23303e-16
2
5.03512e-18
2
-2.01321e-16
2
7.20801e-17
2
-1.73473e-16
2
-2.40443e-16
2
7.9476e-17
2
-1.43063e-16
2
-1.13624e-16
2
1.30219e-16
2
2.10831e-16
2
1.69435e-16
2
8.75428e-17
2
9.32616e-17
2
-3.21393e-17
2
-2.16947e-16
2
-8.50778e-17
2
8.76619e-17
2
1.30069e-16
2
1.73161e-18
2
1.17168e-16
2
8.99184e-17
2
6.50868e-17
2
6.77607e-17
2
1.63783e-16
2
2.60281e-16
2
4.45168e-18
2
-1.20716e-16
2
-1.33224e-16
2
3.04125e-17
2
1.17147e-16
2
2.20213e-17
2
-2.99093e-16
2
2.24025e-17
2
2.8821e-17
2
3.5639e-17
2
-7.10821e-17
2
-1.156e-16
2
-6.82692e-17
2
-1.87526e-16
2
-3.12437e-16
2
-2.23926e-16
2
-1.06315e-16
2
-3.92109e-17
2
2.13742e-17
2
-3.77281e-17
2
-2.7112e-16
2
-3.59539e-16
2
-2.85209e-16
2
-2.22201e-16
2
-2.22974e-16
2
-2.50969e-16
2
-2.98257e-16
2
-2.72563e-17
2
-7.4675e-18
2
1.40182e-16
2
7.95348e-17
2
8.72209e-17
2
2.30604e-17
2
4.03396e-17
2
2.16156e-16
2
1.55479e-16
2
5.19643e-18
2
-4.69138e-17
2
3.99727e-17
2
1.18861e-16
2
1.17221e-16
2
9.57673e-17
2
-4.31226e-17
2
2.75209e-17
2
-6.12751e-17
2
-1.50622e-16
2
-1.45284e-16
2
1.14977e-16
2
6.46262e-17
2
2.75162e-16
2
1.99061e-16
2
1.5707e-16
2
1.53993e-16
2
1.92323e-16
2
1.67869e-16
2
2.76596e-16
2
2.23075e-16
2
7.59349e-17
2
1.32025e-16
2
3.05943e-16
2
7.04337e-17
2
1.55687e-16
2
1.19548e-16
2
1.20618e-17
2
-1.31035e-16
2
-6.51221e-17
2
1.39432e-16
2
2.1753e-16
2
-1.36882e-17
2
-1.0635e-16
2
-1.00135e-16
2
-1.27838e-16
2
-1.3903e-16
2
-1.40719e-16
2
-2.89984e-16
2
-2.48958e-16
2
-5.43379e-17
2
1.99481e-16
2
8.25794e-17
2
4.206e-17
2
9.96506e-17
2
5.49212e-17
2
1.51969e-16
2
3.0625e-16
2
3.57675e-16
2
3.13368e-16
2
2.38961e-16
2
1.42748e-16
2
1.13531e-16
2
1.84899e-16
2
1.43419e-16
2
7.72436e-17
2
2.65789e-16
2
2.46104e-16
2
3.60505e-16
2
1.96783e-16
2
1.83675e-16
2
1.67637e-16
2
2.40407e-16
2
6.59129e-17
2
-1.18035e-16
-1.26657e-17
2
-5.6428e-18
2
1.2793e-18
2
5.61296e-17
2
1.87335e-16
2
9.2598e-17
2
7.75023e-17
2
1.69338e-16
2
2.15153e-16
2
1.90298e-16
2
1.05845e-16
2
2.05044e-16
2
8.35984e-17
2
1.99693e-16
2
1.5089e-17
2
-8.59479e-17
2
-8.23728e-17
2
-1.39678e-16
2
-1.91746e-16
2
-1.7056e-17
2
-6.69653e-17
2
-1.7379e-16
2
-1.53828e-16
2
6.01664e-17
2
7.93257e-17
2
7.20509e-17
2
8.31472e-17
2
-5.05794e-17
2
1.01198e-16
2
2.70068e-16
2
1.97734e-16
2
-8.60256e-17
2
-1.95393e-16
2
-1.77174e-16
2
-4.68572e-17
2
-1.58481e-16
2
-6.4447e-17
2
-5.58307e-17
2
-6.94085e-17
2
-1.02862e-16
2
2.26313e-17
2
2.15567e-16
2
9.58902e-18
2
-9.69793e-17
2
5.7585e-18
2
-9.63487e-17
2
-9.82206e-17
2
3.29532e-17
2
-4.9109e-18
2
1.98001e-16
2
7.83224e-17
2
5.99954e-19
2
7.34443e-17
2
1.06755e-16
2
5.11379e-17
2
-1.11179e-16
2
1.21333e-17
2
-1.29241e-16
2
4.0613e-17
2
3.05165e-17
2
1.57319e-16
2
1.32305e-16
2
6.75563e-17
2
5.49931e-18
2
1.58305e-16
2
-1.35085e-16
2
-2.32279e-16
2
-1.34295e-16
2
-1.34663e-16
2
2.69857e-17
2
-6.25543e-17
2
-9.95818e-17
2
-9.52292e-17
2
-2.70518e-17
2
-1.15423e-16
2
-1.44777e-16
2
8.73995e-17
2
5.44651e-17
2
-9.61551e-17
2
-3.91454e-17
2
-6.57406e-17
2
3.31338e-17
2
1.64686e-16
2
1.56599e-16
2
6.83811e-17
2
5.98171e-18
2
-1.30814e-16
2
-9.97475e-17
2
9.47109e-17
2
1.49261e-17
2
8.40411e-17
2
1.24334e-16
2
1.60294e-16
2
3.73313e-19
2
-2.17955e-16
2
-4.59063e-17
2
1.46758e-17
2
2.72717e-16
2
8.25894e-17
2
2.10058e-17
2
-4.10059e-17
2
7.04087e-17
2
-3.52074e-17
2
-2.20194e-16
2
-2.47452e-16
2
6.8905e-17
2
-1.04099e-17
2
3.23211e-17
2
-1.29063e-16
2
-1.04986e-16
2
-7.8109e-17
2
1.80784e-17
2
-8.62141e-17
2
-2.46257e-16
2
-4.12977e-18
2
-3.7223e-17
2
-2.94651e-17
2
-9.07894e-17
2
-1.75514e-16
2
-1.41492e-16
2
-2.48228e-16
2
-9.76274e-17
2
-1.22081e-16
2
-1.55315e-17
2
-1.76047e-16
2
-2.07191e-16
2
-2.52213e-16
2
-4.15787e-17
2
1.36369e-16
2
6.32948e-17
2
2.43907e-16
2
1.80103e-16
2
9.24771e-17
2
1.01676e-16
2
1.51187e-16
2
1.36521e-16
2
8.48795e-17
2
1.28825e-16
2
1.51634e-16
2
4.47628e-17
2
3.94953e-17
2
1.66031e-17
2
-2.16492e-17
2
7.85109e-17
2
-2.55998e-17
2
5.2595e-17
2
-2.28802e-17
2
1.22487e-17
2
2.41848e-16
2
3.10801e-17
2
4.55005e-17
2
1.20431e-16
2
7.45192e-17
2
7.83874e-17
2
7.17735e-17
2
1.05144e-16
2
7.53688e-17
2
1.03856e-16
2
1.51485e-16
2
1.33283e-16
2
1.94099e-16
2
1.54846e-16
2
1.00561e-16
2
4.3128e-18
2
8.99496e-17
2
6.37402e-17
2
1.4807e-16
2
5.01706e-17
2
-2.2125e-17
2
9.50159e-17
2
5.85807e-17
2
-2.2877e-16
2
-1.37685e-16
2
-1.17655e-16
2
-1.39075e-16
2
-1.46335e-16
2
-2.17961e-17
2
3.62859e-17
2
1.17346e-16
2
2.34725e-16
2
1.02761e-16
2
6.22864e-17
2
2.30997e-16
2
4.18325e-16
2
2.54824e-16
2
1.88515e-16
2
2.54806e-16
2
5.68784e-17
2
1.72175e-16
2
2.84799e-16
2
1.93457e-16
2
3.0227e-16
2
4.0423e-16
2
1.84545e-16
2
-5.14761e-17
2
-2.13562e-16
2
8.32469e-17
2
-8.29614e-17
2
7.01479e-17
2
2.44901e-16
9.62887e-17
2
2.51396e-16
2
1.4727e-16
2
6.93667e-17
2
5.39198e-17
2
-8.72428e-18
2
-3.61684e-17
2
-1.40567e-16
2
-8.10773e-17
2
3.10771e-17
2
-7.07132e-17
2
-1.19364e-16
2
1.2748e-17
2
2.62242e-17
2
9.32492e-18
2
-5.889e-17
2
-1.60142e-16
2
-2.50928e-16
2
-2.1436e-16
2
-1.91099e-16
2
-1.69625e-16
2
4.56759e-17
2
3.44525e-17
2
-5.25729e-17
2
7.71711e-18
2
2.41486e-17
2
6.63803e-18
2
1.85352e-17
2
3.70067e-17
2
9.59441e-17
2
3.01557e-17
2
-1.4204e-17
2
-2.00996e-16
2
-2.24623e-16
2
-1.38729e-16
2
-7.29441e-17
2
3.73797e-17
2
1.70943e-16
2
3.74843e-17
2
-1.09652e-16
2
3.6653e-17
2
4.99426e-17
2
8.33026e-17
2
-9.0501e-17
2
-3.49719e-16
2
-7.75665e-17
2
-1.83722e-16
2
-2.27974e-16
2
6.80248e-18
2
1.06019e-17
2
3.61614e-17
2
6.81563e-17
2
-3.97036e-17
2
3.10164e-17
2
-1.46214e-17
2
1.5734e-16
2
1.64697e-17
2
1.17808e-18
2
-9.08542e-17
2
2.79118e-17
2
-3.19691e-17
2
2.5538e-17
2
1.27157e-16
2
1.70809e-16
2
-2.72981e-17
2
6.54859e-17
2
-1.80808e-17
2
-1.69451e-16
2
-2.45335e-16
2
-1.71231e-16
2
-6.16255e-17
2
-1.09466e-16
2
-5.74266e-17
2
-1.40754e-16
2
-2.23168e-16
2
-1.0494e-16
2
-1.80319e-16
2
-8.95186e-17
2
-1.21157e-16
2
-4.88086e-17
2
3.22877e-16
2
3.33917e-16
2
8.0704e-17
2
-2.71492e-17
2
1.97528e-16
2
1.77736e-16
2
9.51765e-17
2
-1.13226e-17
2
-7.78186e-19
2
1.44481e-16
2
3.29748e-16
2
1.88711e-16
2
9.21796e-17
2
6.27139e-17
2
1.63688e-16
2
7.19751e-17
2
4.38694e-17
2
-2.42326e-16
2
-2.76249e-16
2
-1.20942e-16
2
-1.55064e-16
2
7.80831e-17
2
-3.10294e-17
2
-1.5779e-16
2
-1.62837e-16
2
-6.96089e-17
2
1.75414e-16
2
-6.34523e-17
2
-1.10391e-17
2
-5.03647e-17
2
-4.35009e-17
2
-6.78984e-17
2
-1.59138e-16
2
-2.73654e-17
2
-1.75169e-17
2
-1.42382e-16
2
-1.50382e-16
2
-3.14326e-16
2
-1.65912e-16
2
-1.03788e-16
2
-1.92861e-16
2
-2.17591e-16
2
-4.97572e-17
2
-1.2029e-16
2
1.45198e-16
2
5.78082e-17
2
-1.15785e-16
2
-1.01649e-16
2
-1.09693e-16
2
1.66382e-16
2
7.41084e-17
2
6.54642e-17
2
1.7586e-16
2
8.37356e-17
2
7.5531e-17
2
3.82233e-19
2
-3.75047e-17
2
-1.36447e-16
2
-1.50383e-16
2
3.69789e-17
2
-6.95425e-17
2
-1.18298e-16
2
-1.74221e-16
2
-1.50072e-16
2
-3.98075e-17
2
-1.38291e-16
2
1.37685e-16
2
8.04244e-17
2
5.91453e-19
2
2.17281e-16
2
9.47564e-17
2
4.62983e-17
2
3.29308e-16
2
2.05776e-16
2
8.29619e-17
2
6.55974e-17
2
9.30552e-17
2
1.51125e-16
2
1.69563e-16
2
4.10794e-16
2
1.87698e-16
2
3.74676e-17
2
-2.51604e-17
2
1.76403e-16
2
1.23265e-16
2
1.11173e-16
2
9.73317e-17
2
9.42119e-17
2
1.56824e-16
2
8.56439e-17
2
-2.62808e-18
2
-2.0175e-16
2
-5.02085e-16
2
-3.80798e-16
2
-2.52352e-16
2
-1.94684e-16
2
-1.42992e-16
2
-4.04154e-17
2
7.4956e-17
2
2.06911e-16
2
1.00163e-16
2
9.11483e-17
2
-1.89963e-17
2
-1.74498e-16
2
-2.81922e-17
2
-8.79991e-17
2
-1.22171e-16
2
9.08192e-17
2
-7.10213e-17
2
8.72475e-17
2
2.91609e-16
2
6.77946e-17
2
2.46282e-16
2
3.14563e-16
2
3.39537e-16
2
1.3694e-16
2
-5.26446e-17
2
-4.22023e-17
2
1.49932e-16
2
3.88307e-16
4.86085e-16
2
1.90237e-16
2
2.22644e-16
2
7.49565e-17
2
8.79448e-17
2
1.25496e-16
2
6.74679e-17
2
5.77038e-17
2
-1.12404e-16
2
-5.2808e-17
2
1.7236e-17
2
-4.81604e-17
2
-1.62793e-16
2
5.84195e-17
2
-1.21075e-16
2
-1.32787e-16
2
-4.81817e-17
2
-8.00071e-17
2
-1.51819e-17
2
9.88184e-17
2
-5.28799e-17
2
-4.07501e-17
2
-1.96542e-17
2
-6.1722e-17
2
5.94036e-18
2
1.11137e-16
2
4.08082e-17
2
8.75259e-17
2
-1.00746e-17
2
-4.40261e-17
2
1.09297e-16
2
1.58621e-16
2
1.19515e-16
2
8.32379e-17
2
7.87336e-17
2
-2.6298e-17
2
-7.8495e-17
2
-1.90753e-16
2
-5.30042e-17
2
-3.71159e-17
2
-2.27935e-16
2
3.81293e-17
2
-2.63676e-16
2
-1.90043e-16
2
-1.20512e-16
2
-3.27334e-16
2
6.3173e-17
2
1.65823e-16
2
6.87874e-17
2
2.71903e-17
2
-3.88098e-17
2
-1.65614e-16
2
3.05431e-17
2
-1.94033e-16
2
-1.30223e-16
2
-7.93081e-17
2
-1.48602e-16
2
1.41762e-16
2
4.87682e-17
2
-8.00186e-18
2
3.10032e-17
2
-3.1535e-17
2
3.88217e-17
2
1.19686e-16
2
1.43342e-16
2
8.67165e-17
2
-2.17027e-18
2
-9.86833e-17
2
-6.08463e-17
2
-1.90234e-16
2
-1.16349e-16
2
3.85233e-18
2
-1.23199e-16
2
-5.28848e-17
2
-1.07404e-16
2
-5.45692e-17
2
-4.06749e-17
2
-8.27522e-17
2
7.84295e-17
2
-1.37168e-18
2
-1.1515e-16
2
3.60723e-17
2
-9.26237e-17
2
-9.28491e-17
2
4.55098e-17
2
6.46525e-17
2
-1.77295e-17
2
-3.34823e-17
2
1.22321e-16
2
-2.52054e-17
2
3.33749e-17
2
4.24271e-17
2
-6.30897e-17
2
1.95054e-17
2
5.89243e-17
2
4.42337e-17
2
-5.63871e-17
2
-8.01945e-17
2
-2.15141e-16
2
-3.10159e-17
2
1.82346e-17
2
4.81622e-17
2
7.67428e-17
2
-9.06939e-17
2
-1.2753e-16
2
1.29471e-16
2
2.1658e-17
2
3.84414e-17
2
-7.88359e-18
2
-1.00333e-16
2
-5.92301e-17
2
-1.76822e-16
2
-2.03667e-17
2
5.91625e-17
2
-3.74306e-17
2
-1.11198e-16
2
-2.93605e-16
2
-2.74602e-16
2
-4.56055e-17
2
-1.222e-16
2
-1.38797e-16
2
-3.30428e-16
2
-3.91015e-16
2
-3.13168e-16
2
-1.33767e-16
2
-2.14984e-17
2
-8.68593e-17
2
7.20976e-17
2
5.45796e-17
2
-2.65813e-17
2
-3.46789e-17
2
1.19208e-16
2
1.81693e-16
2
-3.53357e-17
2
-1.00607e-16
2
-1.29814e-17
2
1.18058e-17
2
2.37934e-16
2
2.91872e-17
2
9.22257e-17
2
1.57246e-17
2
-3.48557e-17
2
-1.05962e-16
2
-1.5619e-16
2
2.23498e-16
2
2.777e-16
2
5.81509e-17
2
2.48072e-16
2
1.43361e-16
2
-3.53134e-17
2
6.30269e-19
2
1.11467e-17
2
-6.22833e-17
2
5.22826e-17
2
3.40749e-17
2
1.21862e-17
2
1.01157e-17
2
2.15215e-17
2
8.49915e-18
2
-5.38358e-17
2
-1.54922e-16
2
-1.31962e-16
2
-1.20587e-17
2
1.18021e-16
2
3.78518e-17
2
9.67285e-17
2
1.01467e-16
2
1.21294e-16
2
9.95093e-17
2
1.36129e-17
2
3.62838e-18
2
-2.21299e-16
2
-8.85146e-17
2
-1.99167e-16
2
-3.08929e-16
2
-1.33004e-16
2
-2.23983e-16
2
-4.31607e-17
2
5.12611e-17
2
-5.1719e-17
2
2.55672e-17
2
-1.11905e-16
2
-9.881e-17
2
-7.36082e-17
2
-9.76196e-17
2
-2.92831e-17
2
7.63993e-17
2
7.33635e-17
2
1.02039e-16
2
4.99226e-18
2
-4.93421e-17
2
-9.25644e-18
2
-8.39033e-17
2
1.51759e-16
2
1.15681e-16
2
1.37794e-17
2
-1.50326e-17
2
2.15973e-16
2
2.08075e-16
2
2.01751e-16
3.63512e-16
2
2
2
2
2
2
2
2
2
2
2
2
2
2
2
2
2
2
2
2
2
2
2
2
2
2
2
2
2
2
2
2
2
2
2
2
2
2
2
2
2
2
2
2
2
2
2
2
2
2
2
2
2
2
2
2
2
2
2
2
2
2
2
2
2
2
2
2
2
2
2
2
2
2
2
2
2
2
2
2
2
2
2
2
2
2
2
2
2
2
2
2
2
2
2
2
2
2
2
2
2
2
2
2
2
2
2
2
2
2
2
2
2
2
2
2
2
2
2
2
2
2
2
2
2
2
2
2
2
2
2
2
2
2
2
2
2
2
2
2
2
2
2
2
2
2
2
2
2
2
2
2
2
2
2
2
2
2
2
2
2
2
2
2
2
2
2
2
2
2
2
2
2
2
2
2
2
2
2
2
2
2
2
2
2
2
2
2
2
2
2
2
2
2
2
2
2
2
2
)
;

boundaryField
{
    cyclic1
    {
        type            cyclic;
        value           nonuniform List<scalar> 
200
(
2.80253e-16
2.18432e-16
2.33306e-16
2.38207e-16
2.55028e-16
2.24486e-16
1.52831e-16
2.80846e-16
8.86115e-17
4.44166e-17
2.48203e-17
1.21477e-17
-2.26135e-16
2.80116e-17
1.48365e-16
6.30666e-17
1.54435e-16
2.60586e-17
-3.80157e-17
-4.29758e-17
6.52793e-17
7.40474e-17
1.39033e-16
6.80794e-17
-2.15351e-17
6.19516e-17
1.05825e-16
9.7828e-17
-4.32364e-17
2.55984e-17
-8.33002e-18
2.46696e-17
-1.89096e-16
-1.48596e-16
-9.95982e-18
-6.31795e-17
-2.83629e-17
4.19109e-18
-1.72123e-16
-1.88518e-16
-1.63848e-16
3.26761e-17
9.29198e-17
6.19122e-17
1.54574e-16
1.76468e-16
2.28774e-16
2.8864e-16
8.98436e-17
1.20551e-16
2.06453e-16
1.05877e-16
2.44406e-17
5.47587e-17
1.22294e-16
2.78201e-16
3.53879e-16
3.43258e-16
1.91565e-16
1.31086e-16
1.18067e-16
6.71175e-17
8.56251e-17
1.37101e-16
7.57769e-17
8.31278e-17
3.25056e-18
-1.73362e-17
-2.415e-16
-2.0787e-16
-5.09843e-17
-7.49456e-17
-2.53291e-16
-2.53787e-16
-2.8114e-16
9.99372e-18
-2.44215e-17
5.4884e-17
2.45963e-16
1.16696e-16
3.09915e-17
6.05744e-17
1.12299e-16
-5.94191e-17
-8.35901e-18
1.35348e-16
3.88604e-16
1.24318e-16
3.24792e-17
-2.10922e-16
-1.09014e-16
1.16968e-16
9.76863e-17
1.29058e-18
-1.05476e-16
6.95189e-17
1.80711e-16
2.13842e-16
8.89816e-18
1.27485e-16
1.07476e-17
9.65461e-17
3.1849e-18
2.35942e-17
-2.2606e-16
-3.55623e-16
-2.14884e-16
-1.07847e-16
-4.9843e-17
-1.27414e-16
-4.66952e-17
4.77974e-17
4.85515e-17
4.09379e-17
-2.36086e-17
-2.15987e-16
-3.74538e-16
-3.83874e-16
-1.49759e-16
-4.52725e-17
-2.34483e-17
-2.18482e-16
-2.55166e-16
-1.68067e-16
-1.9721e-16
-1.22623e-16
-2.76762e-16
-1.85619e-16
-1.2176e-16
-9.7171e-17
-1.69544e-17
-1.18742e-16
-7.29251e-17
-1.61218e-17
6.45145e-17
2.90594e-16
1.02619e-16
2.89222e-16
-7.68599e-17
-1.34429e-16
-1.49655e-16
-1.46922e-16
-1.47487e-16
-2.51434e-16
-2.44105e-16
-1.12441e-16
-4.97644e-17
-7.218e-17
-6.92545e-17
-2.51556e-18
1.90183e-16
-6.60621e-19
1.06504e-17
1.83776e-16
1.24034e-16
6.02195e-17
-6.50688e-17
-3.9423e-17
3.96541e-17
1.03167e-16
-1.13967e-16
-1.0729e-17
1.76364e-16
3.51572e-16
1.75143e-16
-5.59559e-17
4.59167e-17
2.79323e-16
6.12808e-17
-1.43512e-16
1.13474e-16
2.89725e-17
-4.13103e-17
-9.43859e-17
-1.56705e-16
-2.0795e-16
-1.2851e-16
4.85847e-19
2.9165e-17
2.6029e-17
3.65214e-17
-9.81345e-17
-3.6445e-16
-2.45106e-16
-2.3448e-17
6.81183e-17
2.4177e-16
2.36768e-16
8.97898e-17
4.71278e-18
8.6928e-17
1.32344e-16
1.97353e-16
2.32566e-16
2.89754e-16
2.24031e-16
2.61052e-16
2.18671e-16
2.49737e-16
3.07735e-16
)
;
    }
    cyclic2
    {
        type            cyclic;
        value           nonuniform List<scalar> 
200
(
-2.80253e-16
-2.18432e-16
-2.33306e-16
-2.38207e-16
-2.55028e-16
-2.24486e-16
-1.52831e-16
-2.80846e-16
-8.86115e-17
-4.44166e-17
-2.48203e-17
-1.21477e-17
2.26135e-16
-2.80116e-17
-1.48365e-16
-6.30666e-17
-1.54435e-16
-2.60586e-17
3.80157e-17
4.29758e-17
-6.52793e-17
-7.40474e-17
-1.39033e-16
-6.80794e-17
2.15351e-17
-6.19516e-17
-1.05825e-16
-9.7828e-17
4.32364e-17
-2.55984e-17
8.33002e-18
-2.46696e-17
1.89096e-16
1.48596e-16
9.95982e-18
6.31795e-17
2.83629e-17
-4.19109e-18
1.72123e-16
1.88518e-16
1.63848e-16
-3.26761e-17
-9.29198e-17
-6.19122e-17
-1.54574e-16
-1.76468e-16
-2.28774e-16
-2.8864e-16
-8.98436e-17
-1.20551e-16
-2.06453e-16
-1.05877e-16
-2.44406e-17
-5.47587e-17
-1.22294e-16
-2.78201e-16
-3.53879e-16
-3.43258e-16
-1.91565e-16
-1.31086e-16
-1.18067e-16
-6.71175e-17
-8.56251e-17
-1.37101e-16
-7.57769e-17
-8.31278e-17
-3.25056e-18
1.73362e-17
2.415e-16
2.0787e-16
5.09843e-17
7.49456e-17
2.53291e-16
2.53787e-16
2.8114e-16
-9.99372e-18
2.44215e-17
-5.4884e-17
-2.45963e-16
-1.16696e-16
-3.09915e-17
-6.05744e-17
-1.12299e-16
5.94191e-17
8.35901e-18
-1.35348e-16
-3.88604e-16
-1.24318e-16
-3.24792e-17
2.10922e-16
1.09014e-16
-1.16968e-16
-9.76863e-17
-1.29058e-18
1.05476e-16
-6.95189e-17
-1.80711e-16
-2.13842e-16
-8.89816e-18
-1.27485e-16
-1.07476e-17
-9.65461e-17
-3.1849e-18
-2.35942e-17
2.2606e-16
3.55623e-16
2.14884e-16
1.07847e-16
4.9843e-17
1.27414e-16
4.66952e-17
-4.77974e-17
-4.85515e-17
-4.09379e-17
2.36086e-17
2.15987e-16
3.74538e-16
3.83874e-16
1.49759e-16
4.52725e-17
2.34483e-17
2.18482e-16
2.55166e-16
1.68067e-16
1.9721e-16
1.22623e-16
2.76762e-16
1.85619e-16
1.2176e-16
9.7171e-17
1.69544e-17
1.18742e-16
7.29251e-17
1.61218e-17
-6.45145e-17
-2.90594e-16
-1.02619e-16
-2.89222e-16
7.68599e-17
1.34429e-16
1.49655e-16
1.46922e-16
1.47487e-16
2.51434e-16
2.44105e-16
1.12441e-16
4.97644e-17
7.218e-17
6.92545e-17
2.51556e-18
-1.90183e-16
6.60621e-19
-1.06504e-17
-1.83776e-16
-1.24034e-16
-6.02195e-17
6.50688e-17
3.9423e-17
-3.96541e-17
-1.03167e-16
1.13967e-16
1.0729e-17
-1.76364e-16
-3.51572e-16
-1.75143e-16
5.59559e-17
-4.59167e-17
-2.79323e-16
-6.12808e-17
1.43512e-16
-1.13474e-16
-2.89725e-17
4.13103e-17
9.43859e-17
1.56705e-16
2.0795e-16
1.2851e-16
-4.85847e-19
-2.9165e-17
-2.6029e-17
-3.65214e-17
9.81345e-17
3.6445e-16
2.45106e-16
2.3448e-17
-6.81183e-17
-2.4177e-16
-2.36768e-16
-8.97898e-17
-4.71278e-18
-8.6928e-17
-1.32344e-16
-1.97353e-16
-2.32566e-16
-2.89754e-16
-2.24031e-16
-2.61052e-16
-2.18671e-16
-2.49737e-16
-3.07735e-16
)
;
    }
    frontAndBack
    {
        type            empty;
        value           nonuniform 0();
    }
    outlet
    {
        type            calculated;
        value           nonuniform List<scalar> 
20
(
2
2
2
2
2
2
2
2
2
2
2
2
2
2
2
2
2
2
2
2
)
;
    }
    inlet
    {
        type            calculated;
        value           nonuniform List<scalar> 
20
(
-2
-2
-2
-2
-2
-2
-2
-2
-2
-2
-2
-2
-2
-2
-2
-2
-2
-2
-2
-2
)
;
    }
}


// ************************************************************************* //
