   0.0000000e+00   2.5744222e-02
   4.4737800e-04   2.6910339e-02
   8.9478500e-04   2.7572673e-02
   1.3421180e-03   2.8209768e-02
   1.7893760e-03   2.8831709e-02
   2.2355920e-03   2.9440820e-02
   2.6827610e-03   3.0037288e-02
   3.1287970e-03   3.0626025e-02
   3.5749080e-03   3.1203583e-02
   4.0208400e-03   3.1773206e-02
   4.4657740e-03   3.2334860e-02
   4.9117660e-03   3.2888949e-02
   5.3566100e-03   3.3435736e-02
   5.8023780e-03   3.3973821e-02
   6.2471930e-03   3.4506712e-02
   6.6919030e-03   3.5034046e-02
   7.1356300e-03   3.5553630e-02
   7.5802960e-03   3.6067430e-02
   8.0249160e-03   3.6574997e-02
   8.4684940e-03   3.7077330e-02
   8.9130410e-03   3.7574317e-02
   9.3566480e-03   3.8065001e-02
   9.8001510e-03   3.8550776e-02
   1.0243625e-02   3.9031953e-02
   1.0687158e-02   3.9506689e-02
   1.1130527e-02   3.9977353e-02
   1.1573956e-02   4.0442340e-02
   1.2016356e-02   4.0904135e-02
   1.2459770e-02   4.1360151e-02
   1.2903110e-02   4.1812010e-02
   1.3345480e-02   4.2258017e-02
   1.3787762e-02   4.2699937e-02
   1.4231056e-02   4.3138068e-02
   1.4673367e-02   4.3570768e-02
   1.5115634e-02   4.3999970e-02
   1.5557886e-02   4.4423521e-02
   1.6001135e-02   4.4843502e-02
   1.6443387e-02   4.5259841e-02
   1.6885609e-02   4.5671530e-02
   1.7327816e-02   4.6079613e-02
   1.7769948e-02   4.6483073e-02
   1.8212185e-02   4.6881873e-02
   1.8654317e-02   4.7277987e-02
   1.9096494e-02   4.7670104e-02
   1.9538612e-02   4.8058886e-02
   1.9980759e-02   4.8442960e-02
   2.0422861e-02   4.8824165e-02
   2.0865992e-02   4.9200769e-02
   2.1310047e-02   4.9574278e-02
   2.1753967e-02   4.9942683e-02
   2.2198767e-02   5.0308447e-02
   2.2642538e-02   5.0669320e-02
   2.3086325e-02   5.1027633e-02
   2.3530037e-02   5.1382028e-02
   2.3974732e-02   5.1733602e-02
   2.4418325e-02   5.2080661e-02
   2.4861947e-02   5.2424915e-02
   2.5305644e-02   5.2765269e-02
   2.5750369e-02   5.3101976e-02
   2.6194141e-02   5.3435624e-02
   2.6637778e-02   5.3765461e-02
   2.7082488e-02   5.4092752e-02
   2.7526036e-02   5.4416170e-02
   2.7969718e-02   5.4735677e-02
   2.8414220e-02   5.5052344e-02
   2.8857753e-02   5.5366321e-02
   2.9302195e-02   5.5677265e-02
   2.9745669e-02   5.5984547e-02
   3.0189053e-02   5.6287805e-02
   3.0633375e-02   5.6588175e-02
   3.1076745e-02   5.6886861e-02
   3.1521023e-02   5.7181684e-02
   3.1964347e-02   5.7473479e-02
   3.2408432e-02   5.7761634e-02
   3.2851652e-02   5.8047764e-02
   3.3295811e-02   5.8330126e-02
   3.3738882e-02   5.8610609e-02
   3.4182936e-02   5.8887083e-02
   3.4625948e-02   5.9160735e-02
   3.5069839e-02   5.9432626e-02
   3.5512895e-02   5.9702482e-02
   3.5956771e-02   5.9967747e-02
   3.6399633e-02   6.0230883e-02
   3.6843434e-02   6.0490254e-02
   3.7286297e-02   6.0748581e-02
   3.7730024e-02   6.1004251e-02
   3.8172692e-02   6.1255835e-02
   3.8616404e-02   6.1505686e-02
   3.9058984e-02   6.1753590e-02
   3.9502621e-02   6.1998479e-02
   3.9945141e-02   6.2240623e-02
   4.0388689e-02   6.2479969e-02
   4.0831134e-02   6.2718228e-02
   4.1273639e-02   6.2953558e-02
   4.1717038e-02   6.3186050e-02
   4.2159424e-02   6.3415710e-02
   4.2602748e-02   6.3644359e-02
   4.3045104e-02   6.3869428e-02
   4.3488294e-02   6.4097421e-02
   4.3930620e-02   6.4325525e-02
   4.4373855e-02   6.4554730e-02
   4.4816614e-02   6.4686310e-02
   4.5257613e-02   6.4818349e-02
   4.5696810e-02   6.4950863e-02
