   0.0000000e+00   2.1923700e-04
   4.4737800e-04   1.3853386e-03
   8.9478500e-04   2.0476728e-03
   1.3421180e-03   2.6847683e-03
   1.7893760e-03   3.3067092e-03
   2.2355920e-03   3.9158202e-03
   2.6827610e-03   4.5122876e-03
   3.1287970e-03   5.1010251e-03
   3.5749080e-03   5.6785829e-03
   4.0208400e-03   6.2482059e-03
   4.4657740e-03   6.8098604e-03
   4.9117660e-03   7.3639489e-03
   5.3566100e-03   7.9107359e-03
   5.8023780e-03   8.4488205e-03
   6.2471930e-03   8.9817121e-03
   6.6919030e-03   9.5090456e-03
   7.1356300e-03   1.0028630e-02
   7.5802960e-03   1.0542430e-02
   8.0249160e-03   1.1049997e-02
   8.4684940e-03   1.1552330e-02
   8.9130410e-03   1.2049317e-02
   9.3566480e-03   1.2540001e-02
   9.8001510e-03   1.3025776e-02
   1.0243625e-02   1.3506953e-02
   1.0687158e-02   1.3981689e-02
   1.1130527e-02   1.4452353e-02
   1.1573956e-02   1.4917340e-02
   1.2016356e-02   1.5379135e-02
   1.2459770e-02   1.5835151e-02
   1.2903110e-02   1.6287010e-02
   1.3345480e-02   1.6733017e-02
   1.3787762e-02   1.7174937e-02
   1.4231056e-02   1.7613068e-02
   1.4673367e-02   1.8045768e-02
   1.5115634e-02   1.8474970e-02
   1.5557886e-02   1.8898521e-02
   1.6001135e-02   1.9318502e-02
   1.6443387e-02   1.9734841e-02
   1.6885609e-02   2.0146530e-02
   1.7327816e-02   2.0554613e-02
   1.7769948e-02   2.0958073e-02
   1.8212185e-02   2.1356873e-02
   1.8654317e-02   2.1752987e-02
   1.9096494e-02   2.2145104e-02
   1.9538612e-02   2.2533886e-02
   1.9980759e-02   2.2917960e-02
   2.0422861e-02   2.3299165e-02
   2.0865992e-02   2.3675769e-02
   2.1310047e-02   2.4049278e-02
   2.1753967e-02   2.4417683e-02
   2.2198767e-02   2.4783447e-02
   2.2642538e-02   2.5144320e-02
   2.3086325e-02   2.5502633e-02
   2.3530037e-02   2.5857028e-02
   2.3974732e-02   2.6208602e-02
   2.4418325e-02   2.6555661e-02
   2.4861947e-02   2.6899915e-02
   2.5305644e-02   2.7240269e-02
   2.5750369e-02   2.7576976e-02
   2.6194141e-02   2.7910624e-02
   2.6637778e-02   2.8240461e-02
   2.7082488e-02   2.8567752e-02
   2.7526036e-02   2.8891170e-02
   2.7969718e-02   2.9210677e-02
   2.8414220e-02   2.9527344e-02
   2.8857753e-02   2.9841321e-02
   2.9302195e-02   3.0152265e-02
   2.9745669e-02   3.0459547e-02
   3.0189053e-02   3.0762805e-02
   3.0633375e-02   3.1063175e-02
   3.1076745e-02   3.1361861e-02
   3.1521023e-02   3.1656684e-02
   3.1964347e-02   3.1948479e-02
   3.2408432e-02   3.2236634e-02
   3.2851652e-02   3.2522764e-02
   3.3295811e-02   3.2805126e-02
   3.3738882e-02   3.3085609e-02
   3.4182936e-02   3.3362083e-02
   3.4625948e-02   3.3635735e-02
   3.5069839e-02   3.3907626e-02
   3.5512895e-02   3.4177482e-02
   3.5956771e-02   3.4442747e-02
   3.6399633e-02   3.4705883e-02
   3.6843434e-02   3.4965254e-02
   3.7286297e-02   3.5223581e-02
   3.7730024e-02   3.5479251e-02
   3.8172692e-02   3.5730835e-02
   3.8616404e-02   3.5980686e-02
   3.9058984e-02   3.6228590e-02
   3.9502621e-02   3.6473479e-02
   3.9945141e-02   3.6715623e-02
   4.0388689e-02   3.6954969e-02
   4.0831134e-02   3.7193227e-02
   4.1273639e-02   3.7428558e-02
   4.1717038e-02   3.7661050e-02
   4.2159424e-02   3.7890710e-02
   4.2602748e-02   3.8119359e-02
   4.3045104e-02   3.8344428e-02
   4.3488294e-02   3.8572421e-02
   4.3930620e-02   3.8800525e-02
   4.4373855e-02   3.9029730e-02
   4.4816614e-02   3.9161310e-02
   4.5257613e-02   3.9293349e-02
   4.5696810e-02   3.9425867e-02
