   0.0000000e+00   2.1922210e-04
   4.4737800e-04   0.0000000e+00
   8.9478500e-04   2.8656050e-04
   1.3421180e-03   7.0160620e-04
   1.7893760e-03   1.1558048e-03
   2.2355920e-03   1.6135312e-03
   2.6827610e-03   2.0723790e-03
   3.1287970e-03   2.5325305e-03
   3.5749080e-03   2.9915534e-03
   4.0208400e-03   3.4500099e-03
   4.4657740e-03   3.9078332e-03
   4.9117660e-03   4.3644905e-03
   5.3566100e-03   4.8193968e-03
   5.8023780e-03   5.2720978e-03
   6.2471930e-03   5.7243555e-03
   6.6919030e-03   6.1753951e-03
   7.1356300e-03   6.6235885e-03
   7.5802960e-03   7.0706755e-03
   8.0249160e-03   7.5153373e-03
   8.4684940e-03   7.9585164e-03
   8.9130410e-03   8.4002353e-03
   9.3566480e-03   8.8403411e-03
   9.8001510e-03   9.2783570e-03
   1.0243625e-02   9.7147114e-03
   1.0687158e-02   1.0148447e-02
   1.1130527e-02   1.0581054e-02
   1.1573956e-02   1.1011835e-02
   1.2016356e-02   1.1441369e-02
   1.2459770e-02   1.1868145e-02
   1.2903110e-02   1.2293682e-02
   1.3345480e-02   1.2716301e-02
   1.3787762e-02   1.3138756e-02
   1.4231056e-02   1.3558466e-02
   1.4673367e-02   1.3976604e-02
   1.5115634e-02   1.4392398e-02
   1.5557886e-02   1.4806438e-02
   1.6001135e-02   1.5218887e-02
   1.6443387e-02   1.5630730e-02
   1.6885609e-02   1.6039893e-02
   1.7327816e-02   1.6447499e-02
   1.7769948e-02   1.6853489e-02
   1.8212185e-02   1.7256860e-02
   1.8654317e-02   1.7659582e-02
   1.9096494e-02   1.8060405e-02
   1.9538612e-02   1.8459804e-02
   1.9980759e-02   1.8857520e-02
   2.0422861e-02   1.9253593e-02
   2.0865992e-02   1.9647937e-02
   2.1310047e-02   2.0040378e-02
   2.1753967e-02   2.0430773e-02
   2.2198767e-02   2.0819664e-02
   2.2642538e-02   2.1206662e-02
   2.3086325e-02   2.1592177e-02
   2.3530037e-02   2.1975864e-02
   2.3974732e-02   2.2358797e-02
   2.4418325e-02   2.2739213e-02
   2.4861947e-02   2.3117963e-02
   2.5305644e-02   2.3495808e-02
   2.5750369e-02   2.3871180e-02
   2.6194141e-02   2.4245549e-02
   2.6637778e-02   2.4617132e-02
   2.7082488e-02   2.4988219e-02
   2.7526036e-02   2.5357526e-02
   2.7969718e-02   2.5724959e-02
   2.8414220e-02   2.6090581e-02
   2.8857753e-02   2.6455555e-02
   2.9302195e-02   2.6818603e-02
   2.9745669e-02   2.7180057e-02
   3.0189053e-02   2.7539607e-02
   3.0633375e-02   2.7897362e-02
   3.1076745e-02   2.8254434e-02
   3.1521023e-02   2.8609749e-02
   3.1964347e-02   2.8964059e-02
   3.2408432e-02   2.9315824e-02
   3.2851652e-02   2.9667567e-02
   3.3295811e-02   3.0016683e-02
   3.3738882e-02   3.0364944e-02
   3.4182936e-02   3.0711310e-02
   3.4625948e-02   3.1056875e-02
   3.5069839e-02   3.1400695e-02
   3.5512895e-02   3.1743640e-02
   3.5956771e-02   3.2084957e-02
   3.6399633e-02   3.2425223e-02
   3.6843434e-02   3.2763753e-02
   3.7286297e-02   3.3101361e-02
   3.7730024e-02   3.3438297e-02
   3.8172692e-02   3.3773201e-02
   3.8616404e-02   3.4107454e-02
   3.9058984e-02   3.4440793e-02
   3.9502621e-02   3.4772171e-02
   3.9945141e-02   3.5102770e-02
   4.0388689e-02   3.5431724e-02
   4.0831134e-02   3.5760628e-02
   4.1273639e-02   3.6087628e-02
   4.1717038e-02   3.6413813e-02
   4.2159424e-02   3.6738275e-02
   4.2602748e-02   3.7062731e-02
   4.3045104e-02   3.7385534e-02
   4.3488294e-02   3.7710775e-02
   4.3930620e-02   3.8036190e-02
   4.4373855e-02   3.8363142e-02
   4.4816614e-02   3.8717953e-02
   4.5257613e-02   3.9072195e-02
   4.5696810e-02   3.9425863e-02
