/*--------------------------------*- C++ -*----------------------------------*\
  =========                 |
  \\      /  F ield         | OpenFOAM: The Open Source CFD Toolbox
   \\    /   O peration     | Website:  https://openfoam.org
    \\  /    A nd           | Version:  6
     \\/     M anipulation  |
\*---------------------------------------------------------------------------*/
FoamFile
{
    version     2.0;
    format      ascii;
    class       surfaceScalarField;
    location    "60";
    object      phi;
}
// * * * * * * * * * * * * * * * * * * * * * * * * * * * * * * * * * * * * * //

dimensions      [0 3 -1 0 0 0 0];

internalField   nonuniform List<scalar> 
7780
(
2
1.14308e-16
2
8.57604e-17
2
1.25253e-16
2
2.15606e-16
2
1.38075e-16
2
2.73073e-16
2
2.76859e-16
2
3.06693e-16
2
2.59759e-16
2
7.19862e-17
2
8.09883e-17
2
6.86054e-17
2
2.86437e-17
2
7.29453e-17
2
1.634e-16
2
2.10157e-16
2
1.94705e-16
2
2.34817e-16
2
2.50051e-16
2
2.34066e-16
2
2.47596e-16
2
-1.20477e-16
2
2.5051e-17
2
2.15514e-16
2
3.20374e-16
2
3.41735e-16
2
1.8675e-16
2
3.0237e-16
2
4.83305e-16
2
3.2979e-16
2
6.12167e-16
2
3.88097e-16
2
4.4063e-16
2
2.6965e-16
2
2.95727e-16
2
1.46712e-16
2
2.37492e-17
2
8.39662e-17
2
1.30265e-16
2
-7.3191e-17
2
8.16425e-17
2
2.91115e-16
2
1.08594e-16
2
7.24281e-17
2
-5.97476e-18
2
-1.18612e-16
2
-1.43212e-16
2
-2.37693e-18
2
3.45375e-18
2
1.06017e-16
2
1.00833e-16
2
1.15447e-16
2
-9.53787e-17
2
-1.0895e-16
2
-1.43522e-16
2
2.52676e-17
2
3.89639e-17
2
9.09333e-17
2
-7.30979e-17
2
-2.1649e-16
2
-1.90713e-16
2
-8.05419e-17
2
-1.58982e-17
2
1.7497e-17
2
4.3539e-17
2
9.62306e-18
2
5.28263e-17
2
6.65628e-17
2
1.08519e-16
2
4.96604e-17
2
6.30748e-17
2
-9.16269e-17
2
-1.52811e-16
2
-1.24522e-16
2
-3.6417e-17
2
-9.18313e-17
2
-2.82076e-16
2
-1.49067e-16
2
2.71481e-17
2
-7.92335e-17
2
-1.75465e-17
2
1.96907e-16
2
1.58642e-16
2
1.35397e-16
2
-1.89767e-16
2
-2.33538e-16
2
-9.94456e-17
2
-1.74002e-16
2
-1.44243e-19
2
5.65873e-18
2
3.42459e-17
2
2.81243e-16
2
2.73769e-16
2
2.98359e-16
2
3.94514e-16
2
3.74571e-16
2
-4.07526e-17
2
1.01599e-16
2
1.99203e-16
2
-4.89541e-17
2
-2.01315e-17
2
-1.04737e-17
2
7.99489e-17
2
1.53721e-16
2
-4.22687e-17
2
-1.84644e-16
2
8.87601e-17
2
3.12551e-16
2
2.41402e-16
2
5.44663e-18
2
-2.77828e-17
2
1.69361e-16
2
1.47257e-16
2
2.65074e-16
2
1.28592e-16
2
2.81869e-17
2
-2.35839e-16
2
-4.05496e-16
2
-2.43014e-16
2
9.08846e-17
2
-9.6165e-17
2
-1.96913e-16
2
-3.16072e-16
2
-3.36428e-16
2
-2.17019e-16
2
-3.86838e-16
2
-4.63246e-16
2
-2.1879e-16
2
-4.22321e-17
2
-3.25205e-17
2
1.85682e-16
2
1.33042e-16
2
8.83833e-17
2
9.8049e-17
2
1.00552e-16
2
1.31231e-16
2
1.02548e-16
2
2.72386e-16
2
1.822e-16
2
1.89112e-16
2
4.75636e-16
2
4.41066e-16
2
4.16499e-16
2
5.40734e-17
2
5.37132e-17
2
2.7846e-16
2
3.77489e-16
2
2.59128e-16
2
4.51083e-16
2
4.85378e-16
2
3.82219e-16
2
2.51406e-16
2
3.84314e-16
2
4.14971e-16
2
2.41169e-16
2
1.69977e-16
2
1.72322e-16
2
2.85199e-16
2
2.27011e-16
2
-5.26693e-18
2
-1.76052e-16
2
-2.6454e-16
2
-2.81741e-16
2
-2.55891e-16
2
-1.79032e-16
2
-1.47904e-16
2
-3.03476e-16
2
-3.8343e-16
2
-2.53953e-16
2
-3.34731e-16
2
-3.18703e-16
2
-3.04109e-16
2
-4.05187e-16
2
-3.4907e-16
2
-3.75453e-16
2
-3.52615e-16
2
-1.28354e-16
2
-1.9639e-17
2
-1.94723e-17
2
-1.09454e-17
2
-7.596e-17
2
-4.41811e-17
2
2.66115e-17
2
-4.11884e-17
2
-7.38443e-17
2
2.65692e-17
2
8.3782e-17
2
1.60487e-16
2
1.26371e-16
2
1.83064e-17
2
-7.09843e-19
2
2.46495e-17
2
6.85674e-17
2
9.74655e-17
2
1.90454e-16
2
2.26407e-16
2
-3.48738e-17
2
3.28103e-17
2
-1.30404e-16
-1.24351e-16
2
-7.62987e-17
2
1.7079e-16
2
1.85041e-16
2
7.9346e-17
2
1.49468e-16
2
2.16933e-16
2
3.21263e-16
2
2.36612e-16
2
2.0972e-16
2
2.37538e-16
2
1.94809e-17
2
5.13678e-17
2
6.21214e-17
2
2.14219e-16
2
4.94822e-16
2
3.50299e-16
2
3.53361e-16
2
3.4998e-16
2
2.04933e-16
2
2.84792e-16
2
1.99563e-16
2
3.19735e-16
2
1.73247e-16
2
1.14925e-16
2
1.3797e-16
2
2.63129e-16
2
2.40074e-16
2
3.49261e-16
2
3.37563e-16
2
4.52425e-16
2
4.14637e-16
2
3.6766e-16
2
1.80455e-16
2
6.31807e-17
2
1.52277e-16
2
1.62084e-16
2
2.0274e-16
2
8.51567e-17
2
-1.75811e-17
2
4.25935e-17
2
1.88756e-16
2
1.33009e-16
2
2.94646e-16
2
-8.6729e-18
2
-8.4537e-17
2
-3.69532e-17
2
-2.57181e-16
2
-2.72732e-16
2
-1.2939e-16
2
-1.28907e-17
2
-4.7434e-17
2
-1.94991e-16
2
-6.93324e-17
2
-2.11557e-16
2
-3.65393e-18
2
-9.91373e-17
2
-3.56987e-17
2
-3.84103e-17
2
-1.35473e-16
2
-2.11157e-16
2
-2.83326e-16
2
-2.00172e-16
2
-8.74503e-17
2
-7.68769e-18
2
4.32829e-17
2
7.11079e-17
2
1.55584e-16
2
9.36864e-17
2
1.86434e-16
2
1.22377e-16
2
9.35238e-17
2
4.59159e-17
2
-1.34101e-16
2
-2.20804e-16
2
-1.29677e-16
2
-1.75706e-16
2
-2.75609e-17
2
-1.08248e-17
2
-1.56269e-16
2
2.14648e-16
2
1.22693e-16
2
8.80129e-17
2
-5.42855e-17
2
1.01712e-16
2
1.81314e-16
2
6.67958e-17
2
-7.10777e-17
2
2.64063e-16
2
6.30928e-17
2
2.26481e-19
2
-3.92152e-17
2
-4.53296e-17
2
1.15512e-16
2
2.00127e-16
2
1.6124e-16
2
1.39518e-16
2
9.48268e-17
2
-1.4237e-16
2
1.39152e-16
2
9.67861e-17
2
1.21317e-16
2
1.59097e-16
2
1.08983e-16
2
-2.64238e-17
2
-3.96126e-17
2
-3.01595e-17
2
3.1143e-17
2
1.10996e-16
2
2.33505e-16
2
7.40235e-17
2
1.76866e-16
2
2.58364e-16
2
3.29978e-16
2
2.83662e-16
2
2.28963e-16
2
2.3467e-17
2
-3.4983e-17
2
-7.47782e-17
2
-2.30548e-16
2
-3.23249e-16
2
-3.04687e-16
2
-1.72437e-16
2
-2.17853e-16
2
-3.29301e-16
2
-4.7293e-16
2
-3.44443e-16
2
-1.90485e-16
2
-2.62404e-16
2
-3.32026e-16
2
-2.05159e-16
2
1.91765e-17
2
2.51269e-16
2
2.33274e-16
2
1.38612e-16
2
1.01202e-16
2
1.02401e-16
2
1.64048e-16
2
1.0411e-16
2
1.79084e-16
2
1.51677e-16
2
2.23688e-16
2
2.80632e-16
2
8.49321e-17
2
8.27559e-17
2
1.59079e-16
2
6.25856e-17
2
-7.33261e-17
2
3.39099e-16
2
4.34998e-16
2
4.51113e-16
2
4.12516e-16
2
3.52006e-16
2
2.39231e-16
2
4.5306e-17
2
8.5701e-17
2
1.73507e-16
2
-1.01335e-17
2
-6.68692e-17
2
-2.04802e-17
2
9.48874e-17
2
1.94631e-17
2
-1.68673e-16
2
-2.28923e-16
2
-2.16605e-16
2
-1.30506e-16
2
-1.19559e-16
2
-6.09393e-17
2
-2.32551e-16
2
-1.92737e-16
2
-2.44791e-16
2
-3.23141e-16
2
-4.17128e-16
2
-2.12246e-16
2
-2.0884e-16
2
-3.33026e-16
2
-1.67355e-16
2
-7.70843e-17
2
-1.87104e-16
2
-1.1604e-16
2
-1.45098e-16
2
-8.40261e-17
2
-7.00361e-17
2
-1.87598e-16
2
-5.46743e-17
2
1.49964e-16
2
1.96644e-17
2
2.8595e-17
2
9.16325e-17
2
1.57182e-16
2
5.07972e-17
2
3.1898e-17
2
1.61029e-16
2
2.66384e-16
2
2.52086e-16
2
2.61075e-16
2
1.12915e-16
2
9.21907e-17
2
2.37603e-16
2
2.90091e-16
2.01517e-16
2
-8.63517e-18
2
1.68941e-17
2
1.36634e-16
2
2.92328e-16
2
2.67865e-16
2
2.36325e-16
2
1.54151e-16
2
1.99736e-16
2
1.81923e-16
2
1.99565e-16
2
1.55691e-16
2
1.9269e-16
2
1.43985e-16
2
3.24468e-16
2
4.22436e-16
2
4.30675e-16
2
1.85903e-16
2
1.61565e-16
2
2.36501e-16
2
5.1073e-17
2
2.75293e-17
2
-1.83482e-18
2
2.13982e-17
2
-4.28535e-19
2
-4.79894e-17
2
8.23473e-18
2
2.70239e-16
2
2.09557e-16
2
1.92856e-16
2
3.7755e-16
2
2.84548e-16
2
1.58453e-16
2
-1.19066e-17
2
2.32336e-16
2
1.36572e-16
2
2.06264e-16
2
1.14629e-16
2
1.25117e-16
2
2.03917e-16
2
1.65589e-16
2
9.38922e-17
2
1.68e-16
2
-6.27487e-17
2
-1.3503e-18
2
-3.67832e-17
2
1.28656e-16
2
1.09643e-16
2
1.32241e-17
2
6.5731e-17
2
-1.0522e-16
2
-1.1512e-16
2
1.07901e-17
2
7.78013e-17
2
4.30316e-17
2
-6.13347e-17
2
8.51156e-17
2
3.74653e-17
2
-3.64924e-18
2
-1.37413e-16
2
-4.3522e-17
2
1.56579e-17
2
-5.12866e-17
2
-1.5947e-17
2
-1.09606e-16
2
-4.21416e-18
2
-4.06633e-17
2
-1.3781e-16
2
1.17127e-16
2
1.06446e-16
2
2.55801e-16
2
1.63812e-16
2
-1.03353e-16
2
-1.75055e-16
2
-2.87114e-17
2
-6.72277e-17
2
-8.3274e-18
2
-8.45905e-17
2
-1.20322e-16
2
-3.94525e-17
2
-1.37803e-16
2
-4.19104e-17
2
-1.01129e-16
2
1.93947e-16
2
8.28323e-17
2
2.16213e-16
2
3.2086e-16
2
3.71414e-16
2
1.97915e-16
2
1.10478e-16
2
7.36923e-17
2
2.40742e-17
2
9.0277e-17
2
1.69951e-16
2
-2.94466e-17
2
8.07248e-19
2
3.3639e-18
2
-1.28177e-17
2
-3.58327e-17
2
-1.14792e-16
2
2.65382e-17
2
1.3728e-16
2
3.0774e-16
2
1.46387e-16
2
1.02531e-16
2
8.93497e-18
2
2.01871e-16
2
6.99094e-17
2
2.83131e-18
2
1.14843e-16
2
2.8698e-16
2
1.75919e-16
2
1.65609e-16
2
4.53593e-16
2
7.58954e-17
2
-2.39688e-17
2
2.45012e-17
2
1.03884e-16
2
2.65035e-16
2
3.95676e-17
2
-1.47762e-16
2
-2.05739e-16
2
-3.49087e-16
2
-4.48861e-16
2
-5.04446e-16
2
-3.41155e-16
2
-2.3941e-16
2
-2.68289e-16
2
-3.0842e-16
2
-2.49501e-16
2
-2.41841e-16
2
-1.26604e-16
2
2.99792e-17
2
-4.51997e-17
2
4.39543e-17
2
1.84005e-17
2
1.72474e-16
2
2.34717e-16
2
2.44001e-16
2
3.87053e-16
2
3.19477e-16
2
1.75349e-16
2
2.14798e-16
2
1.46369e-16
2
1.93895e-16
2
3.52418e-16
2
1.59097e-16
2
1.27432e-16
2
3.35718e-16
2
3.1362e-16
2
3.7083e-16
2
3.51616e-16
2
2.1937e-16
2
1.00126e-16
2
1.42784e-16
2
1.42576e-16
2
6.74795e-17
2
-5.32678e-17
2
-1.57173e-16
2
2.2934e-17
2
4.6433e-17
2
2.00884e-17
2
-8.80905e-17
2
6.91353e-17
2
3.91914e-17
2
3.36852e-17
2
1.03519e-16
2
4.19947e-17
2
-3.99953e-17
2
-1.44449e-16
2
-2.35759e-16
2
-1.39997e-16
2
-1.99335e-16
2
-3.47542e-16
2
-3.94647e-16
2
-3.10437e-16
2
-2.51106e-16
2
-4.1454e-16
2
-3.50281e-16
2
-3.16234e-16
2
-2.17406e-16
2
-3.15042e-18
2
-3.69018e-17
2
-1.3806e-16
2
-1.15394e-16
2
4.96854e-18
2
1.14074e-16
2
2.0735e-16
2
7.77511e-17
2
-1.84548e-17
2
3.90431e-17
2
1.4731e-16
2
8.59004e-17
2
-3.12825e-17
2
4.06138e-17
2
8.38276e-17
2
1.73347e-16
2
2.31871e-16
2
2.61894e-16
2
2.38324e-16
1.11987e-16
2
6.49156e-17
2
8.93049e-17
2
1.35235e-16
2
2.17254e-16
2
3.86654e-16
2
4.36985e-16
2
4.78456e-16
2
3.77558e-16
2
2.95382e-16
2
2.75092e-16
2
2.22924e-16
2
8.69092e-17
2
9.76025e-17
2
1.79063e-16
2
8.87605e-17
2
6.19221e-19
2
-3.133e-17
2
1.92751e-17
2
2.74882e-17
2
1.18722e-16
2
-9.27498e-18
2
2.17454e-16
2
9.16879e-17
2
7.51865e-17
2
1.5987e-16
2
1.35838e-16
2
3.48112e-16
2
1.49523e-16
2
-9.35156e-18
2
2.63273e-16
2
2.32271e-16
2
-1.26808e-17
2
-4.04313e-18
2
-4.40677e-17
2
2.28562e-16
2
2.87301e-16
2
2.75127e-16
2
1.48091e-16
2
1.5039e-16
2
1.90644e-16
2
2.33703e-16
2
3.53875e-17
2
1.11294e-16
2
-2.62271e-17
2
8.10457e-17
2
-3.86318e-17
2
3.45639e-17
2
9.36886e-18
2
-7.57514e-17
2
-2.5353e-17
2
6.51998e-17
2
1.77829e-16
2
1.40257e-16
2
1.95592e-16
2
-1.48215e-17
2
-3.44749e-17
2
6.89486e-17
2
8.6674e-17
2
6.02801e-17
2
2.13653e-16
2
4.24787e-16
2
3.12071e-16
2
2.4269e-16
2
6.1413e-17
2
6.02743e-17
2
3.12295e-17
2
5.64556e-17
2
-6.50683e-17
2
1.59954e-16
2
2.40425e-17
2
2.46836e-17
2
1.42259e-17
2
7.81944e-17
2
-9.10471e-18
2
-4.4446e-17
2
-1.55668e-16
2
1.37612e-17
2
-1.29651e-16
2
-3.46204e-17
2
2.18226e-17
2
-6.15929e-17
2
-1.02828e-16
2
-3.08699e-17
2
2.17778e-16
2
2.19639e-16
2
1.88879e-16
2
3.72712e-16
2
2.46611e-16
2
1.4539e-16
2
2.64977e-17
2
-7.46723e-17
2
9.50494e-17
2
-3.04477e-17
2
8.13249e-17
2
5.50143e-17
2
-7.85776e-18
2
-4.79959e-17
2
-1.62486e-16
2
-5.46025e-17
2
2.91858e-17
2
1.03504e-16
2
-1.02374e-16
2
-2.76173e-18
2
1.14496e-16
2
9.34327e-17
2
-1.60598e-16
2
6.35439e-17
2
1.84013e-16
2
3.32565e-16
2
2.35447e-16
2
2.75552e-16
2
4.61612e-16
2
3.25721e-16
2
3.11148e-16
2
1.97673e-16
2
1.5295e-17
2
1.55964e-16
2
2.7039e-17
2
-4.60638e-17
2
-1.70913e-16
2
-2.37071e-16
2
-3.37638e-16
2
-2.94832e-16
2
-3.80826e-16
2
-2.3537e-16
2
-2.52377e-16
2
-1.79653e-16
2
-2.3972e-16
2
-3.61807e-16
2
-2.63822e-16
2
-3.99451e-16
2
-4.38098e-16
2
-2.82714e-16
2
-3.31179e-16
2
-2.60894e-16
2
-1.47917e-16
2
-6.17338e-17
2
-5.72024e-17
2
-4.19261e-17
2
3.01592e-17
2
1.70693e-16
2
2.27837e-16
2
3.11045e-16
2
4.52337e-16
2
3.9903e-16
2
2.17682e-16
2
2.51838e-16
2
6.76966e-17
2
1.52483e-16
2
1.60341e-16
2
2.06896e-16
2
3.23224e-16
2
3.39393e-16
2
3.3958e-16
2
3.45497e-16
2
3.18837e-16
2
2.8977e-16
2
2.76509e-16
2
1.19923e-16
2
1.50221e-16
2
2.27754e-16
2
3.22296e-16
2
2.90524e-16
2
1.87568e-16
2
1.87565e-16
2
8.9389e-17
2
1.08817e-16
2
1.51923e-16
2
7.83337e-17
2
8.25974e-17
2
5.60666e-17
2
-7.44034e-17
2
-2.56508e-16
2
-2.67572e-16
2
-1.91794e-16
2
-2.36449e-16
2
-2.08337e-16
2
-2.64347e-16
2
-1.18555e-16
2
-1.60727e-16
2
-1.56692e-16
2
-1.23767e-16
2
-7.25958e-17
2
-4.26708e-17
2
5.49017e-17
2
3.23667e-16
2
3.13892e-16
2
1.08586e-16
2
4.52223e-17
2
-4.94475e-19
2
1.29844e-16
2
5.38079e-17
2
-2.71419e-17
2
2.54868e-17
2
8.44602e-17
2
1.16702e-16
2
1.69139e-16
2
1.32516e-16
2
5.6691e-17
1.69098e-16
2
1.46414e-16
2
9.99081e-17
2
5.08266e-17
2
7.49229e-17
2
1.7904e-16
2
2.83036e-16
2
2.24354e-16
2
2.33516e-16
2
1.41062e-17
2
2.46167e-17
2
-1.69258e-17
2
-7.88397e-17
2
3.47362e-17
2
2.03376e-16
2
2.01954e-16
2
-1.43633e-17
2
-2.77069e-17
2
-2.36943e-17
2
-4.99988e-17
2
-3.33481e-17
2
9.94602e-17
2
-1.7105e-17
2
4.27361e-17
2
4.87373e-17
2
1.44815e-16
2
1.65691e-16
2
1.33249e-16
2
2.19674e-16
2
3.92001e-16
2
1.78282e-16
2
1.67117e-16
2
4.75713e-17
2
7.83169e-17
2
2.37432e-16
2
7.45561e-17
2
-1.35159e-16
2
-2.56244e-17
2
-4.08919e-19
2
4.27171e-18
2
1.23039e-17
2
2.55178e-17
2
-1.05798e-17
2
3.40879e-17
2
1.69605e-16
2
5.08333e-17
2
1.29165e-16
2
1.81281e-16
2
1.41069e-16
2
1.15103e-16
2
6.62021e-17
2
2.48279e-16
2
1.28869e-16
2
2.15366e-16
2
2.42529e-16
2
2.45203e-16
2
1.88465e-16
2
1.14411e-16
2
1.13193e-16
2
4.89421e-16
2
2.96008e-16
2
1.72386e-16
2
1.58567e-16
2
-2.77091e-17
2
8.58845e-17
2
-2.7896e-16
2
-1.58188e-16
2
-9.12188e-17
2
2.2185e-17
2
-1.63017e-16
2
-1.15453e-16
2
-3.19535e-17
2
7.00779e-18
2
5.83631e-17
2
-1.30326e-17
2
9.27956e-17
2
2.6168e-16
2
2.58162e-17
2
6.57103e-17
2
1.60683e-17
2
8.28341e-17
2
-3.86451e-17
2
1.64063e-17
2
9.57255e-17
2
1.57017e-16
2
2.34876e-16
2
3.15519e-16
2
1.83513e-17
2
-1.64299e-17
2
1.68405e-16
2
1.47689e-16
2
2.25933e-16
2
7.30365e-17
2
1.4174e-16
2
2.48515e-16
2
1.03645e-16
2
-8.86394e-17
2
-8.57724e-18
2
4.22492e-17
2
9.90328e-17
2
9.47441e-17
2
-6.05279e-17
2
9.86025e-17
2
1.92458e-16
2
7.41002e-17
2
1.62027e-16
2
1.48137e-16
2
8.61845e-17
2
2.93825e-16
2
3.27438e-16
2
5.31311e-16
2
5.70767e-16
2
3.00573e-16
2
1.74423e-16
2
1.99937e-16
2
9.7703e-17
2
8.492e-17
2
-9.26663e-17
2
-4.82996e-17
2
-8.01756e-17
2
-1.0444e-16
2
-1.09186e-16
2
-1.50777e-16
2
-3.08594e-16
2
-1.41733e-16
2
-2.4346e-16
2
-3.25942e-16
2
-3.53285e-16
2
-2.16966e-16
2
-1.07945e-16
2
-1.35051e-16
2
-1.95487e-16
2
-3.39069e-16
2
-3.57557e-16
2
-1.24508e-16
2
6.18243e-17
2
-1.09694e-17
2
-2.10517e-16
2
-7.23233e-17
2
-2.52072e-16
2
-1.27491e-16
2
-6.63568e-17
2
-1.12679e-16
2
6.07562e-17
2
1.67716e-16
2
1.51264e-16
2
4.5743e-16
2
5.51418e-16
2
3.18691e-16
2
7.58722e-17
2
-1.50977e-17
2
3.62953e-17
2
7.7757e-17
2
2.20601e-16
2
2.32317e-16
2
2.44138e-16
2
2.54312e-16
2
2.61875e-16
2
3.66982e-16
2
3.91458e-16
2
3.22606e-16
2
4.56697e-16
2
4.10068e-16
2
2.14878e-16
2
3.17965e-16
2
2.64807e-16
2
2.27054e-16
2
1.83974e-16
2
1.18627e-16
2
-4.68385e-17
2
6.5879e-17
2
-1.31231e-17
2
-4.02375e-17
2
-1.14944e-16
2
-1.49743e-16
2
-3.37473e-17
2
-2.20757e-16
2
-4.02927e-16
2
-4.01696e-16
2
-5.0726e-16
2
-2.9947e-16
2
-2.53992e-16
2
-2.49554e-16
2
3.98915e-18
2
3.22946e-17
2
1.24799e-17
2
-1.61583e-16
2
-6.82868e-17
2
-5.297e-18
2
-4.89877e-17
2
5.11432e-17
2
9.37005e-17
2
-2.8729e-18
2
8.41957e-17
2
2.24096e-16
2
3.36944e-19
2
1.53623e-17
2
2.63861e-17
2
9.14239e-17
2
2.57128e-16
2.0116e-17
2
2.86957e-16
2
9.8937e-17
2
-1.15188e-16
2
-2.96507e-17
2
4.39941e-17
2
8.40375e-17
2
-7.03097e-17
2
-1.60396e-17
2
1.04898e-16
2
1.2652e-17
2
-4.76735e-17
2
1.48549e-16
2
2.51374e-16
2
-5.67002e-18
2
-8.84299e-17
2
-1.48265e-16
2
-1.80247e-16
2
-5.16281e-17
2
3.59666e-18
2
1.34359e-16
2
1.13905e-16
2
1.14176e-16
2
1.33044e-16
2
1.53761e-17
2
-3.20307e-17
2
-2.19295e-17
2
-3.71855e-17
2
2.41175e-17
2
3.13669e-17
2
7.7539e-17
2
4.85145e-17
2
1.85481e-16
2
1.06007e-16
2
-2.8848e-18
2
3.85762e-17
2
-1.15064e-17
2
-2.49098e-16
2
-2.061e-16
2
-2.76033e-16
2
-2.02406e-16
2
-1.44099e-16
2
-1.80493e-16
2
-1.03952e-16
2
-1.44714e-16
2
4.70621e-17
2
4.17294e-17
2
1.42543e-16
2
3.10731e-17
2
3.05804e-17
2
1.36382e-16
2
2.17644e-17
2
2.25059e-17
2
1.93212e-16
2
6.95367e-17
2
1.80376e-16
2
1.11662e-16
2
1.26033e-16
2
1.85204e-16
2
1.70272e-16
2
3.25397e-16
2
2.51009e-16
2
1.53872e-16
2
2.15865e-16
2
6.78277e-17
2
9.93433e-17
2
6.96981e-17
2
4.57793e-17
2
2.0705e-16
2
1.31465e-18
2
7.73568e-17
2
-6.9993e-17
2
-6.64329e-17
2
1.06282e-16
2
2.21909e-16
2
9.7115e-17
2
6.82384e-17
2
1.85158e-17
2
1.63046e-16
2
2.9238e-16
2
3.49994e-16
2
3.50342e-16
2
1.75331e-16
2
2.4952e-16
2
1.3793e-16
2
2.43572e-17
2
1.29263e-16
2
-1.43773e-17
2
6.48208e-17
2
2.2834e-17
2
1.46055e-16
2
1.80925e-16
2
1.44369e-16
2
1.3718e-16
2
7.3148e-17
2
1.12136e-16
2
-1.59888e-17
2
1.3954e-16
2
2.8812e-16
2
-6.23685e-17
2
3.18234e-17
2
6.08241e-17
2
7.33241e-17
2
1.72993e-16
2
2.17559e-16
2
3.58878e-16
2
5.32231e-16
2
3.058e-16
2
1.0826e-16
2
1.51711e-16
2
2.19973e-16
2
2.07767e-16
2
9.31911e-17
2
2.66299e-18
2
-1.17389e-16
2
-1.20798e-16
2
-8.92823e-17
2
-1.22683e-16
2
-1.44593e-16
2
-2.02345e-16
2
-1.4995e-16
2
-7.53214e-17
2
-6.87355e-17
2
5.87229e-17
2
-2.03143e-16
2
-4.08036e-16
2
-2.7356e-16
2
-2.83558e-16
2
-2.41876e-16
2
-2.09575e-16
2
-1.63893e-16
2
-2.89782e-16
2
-3.80229e-16
2
-4.973e-16
2
-2.71481e-16
2
-1.42864e-16
2
-2.45076e-16
2
-2.78575e-16
2
-3.30258e-16
2
-2.75976e-16
2
-3.20125e-17
2
-2.37065e-17
2
-6.97318e-17
2
-4.80023e-17
2
4.60515e-17
2
4.19005e-17
2
7.57365e-17
2
3.02122e-16
2
1.51282e-16
2
-5.37015e-17
2
-1.39003e-16
2
-7.28149e-18
2
1.67424e-16
2
1.97409e-16
2
3.48443e-16
2
1.49729e-16
2
2.33003e-16
2
5.13619e-16
2
5.13652e-16
2
3.1354e-16
2
9.22962e-17
2
1.17268e-16
2
2.89227e-16
2
3.93663e-16
2
2.47503e-16
2
4.14836e-16
2
1.85814e-16
2
2.52109e-17
2
1.10402e-16
2
1.21081e-16
2
1.10949e-17
2
8.45104e-18
2
-2.17219e-17
2
-1.3293e-16
2
-2.40536e-16
2
-3.24613e-16
2
-5.22159e-16
2
-4.87176e-16
2
-4.21529e-16
2
-4.04416e-16
2
-3.93325e-16
2
-4.35484e-16
2
-4.91463e-16
2
-2.19031e-16
2
1.73817e-17
2
-8.22565e-17
2
-1.82439e-16
2
-3.19527e-16
2
-1.94816e-16
2
-1.67921e-16
2
1.14041e-16
2
1.25481e-16
2
3.07079e-16
2
1.66093e-16
2
1.41823e-16
2
4.06013e-16
2
2.10124e-16
2
1.2221e-16
2
1.41744e-16
2
2.23389e-16
3.53194e-16
2
-1.02169e-16
2
-1.74391e-16
2
8.94645e-17
2
6.91887e-17
2
6.74958e-17
2
-5.14612e-17
2
-1.63265e-17
2
2.3166e-16
2
2.53409e-16
2
2.52532e-16
2
3.29827e-16
2
1.65275e-16
2
-7.17403e-17
2
5.61089e-18
2
-2.49575e-16
2
-1.32377e-16
2
7.90513e-17
2
9.85458e-18
2
-8.61228e-17
2
-4.69537e-17
2
1.008e-16
2
2.23519e-16
2
3.15635e-16
2
2.50988e-16
2
-3.47922e-17
2
4.79433e-17
2
-1.29077e-16
2
-8.88662e-17
2
-3.42369e-16
2
-3.5691e-16
2
-1.82908e-16
2
1.02162e-16
2
2.75184e-17
2
-1.24162e-16
2
-1.16922e-16
2
6.50933e-17
2
-5.22963e-17
2
-4.94703e-17
2
2.57592e-17
2
3.56256e-17
2
-1.41474e-16
2
2.49654e-17
2
-3.37604e-17
2
-1.02211e-16
2
8.14631e-17
2
1.01144e-16
2
6.46602e-17
2
3.85441e-17
2
-1.89171e-17
2
1.16855e-16
2
2.10393e-16
2
1.84348e-16
2
6.41928e-17
2
1.88738e-16
2
3.79344e-16
2
2.33246e-16
2
-1.8622e-17
2
3.65429e-17
2
1.84815e-16
2
2.11075e-16
2
3.95887e-16
2
4.73362e-16
2
1.0101e-16
2
-7.6937e-17
2
4.8218e-17
2
1.92036e-16
2
3.54514e-16
2
1.21897e-16
2
9.91191e-17
2
-1.88799e-16
2
-5.73386e-17
2
1.54247e-17
2
-3.19814e-17
2
2.56828e-17
2
2.37086e-16
2
5.7274e-16
2
4.37552e-16
2
2.63103e-16
2
1.93903e-16
2
1.0315e-16
2
1.15179e-16
2
6.42582e-17
2
5.25176e-18
2
6.36171e-17
2
1.21456e-16
2
-1.40639e-16
2
-1.24285e-16
2
-1.15858e-16
2
8.22162e-17
2
1.33822e-16
2
2.06979e-18
2
1.17717e-17
2
-6.77945e-18
2
2.00666e-17
2
1.35065e-16
2
1.65471e-16
2
2.71218e-16
2
8.7528e-17
2
2.07654e-16
2
7.38987e-17
2
2.61157e-16
2
2.64004e-16
2
2.80758e-16
2
5.05768e-16
2
3.64539e-16
2
2.73471e-16
2
3.21103e-16
2
3.4312e-16
2
2.07375e-16
2
8.35302e-17
2
3.55184e-17
2
-1.64172e-17
2
-2.08892e-17
2
5.02187e-17
2
-6.48544e-17
2
-4.12655e-17
2
1.4092e-17
2
-8.0414e-17
2
-1.077e-16
2
-2.82058e-16
2
-2.313e-16
2
-2.14036e-16
2
-2.92227e-17
2
1.34307e-16
2
-9.33493e-17
2
-2.82565e-16
2
-2.88092e-16
2
-1.40894e-16
2
3.21954e-17
2
-8.23181e-17
2
4.13519e-17
2
1.07843e-17
2
-1.59942e-16
2
-2.67937e-16
2
-2.35588e-16
2
-1.91592e-16
2
-1.366e-17
2
-6.90753e-17
2
-9.1578e-17
2
-3.34295e-16
2
-2.59076e-16
2
3.98589e-17
2
-4.69396e-17
2
6.40485e-17
2
-3.17063e-17
2
2.11792e-16
2
2.03159e-16
2
3.95216e-17
2
1.99517e-17
2
8.60879e-17
2
1.84834e-16
2
1.75599e-16
2
-2.54513e-17
2
7.71449e-17
2
1.38092e-16
2
2.41481e-16
2
3.43703e-16
2
1.67693e-16
2
3.53988e-16
2
4.17729e-16
2
4.14051e-16
2
3.44626e-16
2
4.12883e-16
2
2.7693e-16
2
1.26043e-16
2
3.26466e-16
2
2.69417e-16
2
7.31432e-17
2
7.14694e-17
2
8.41124e-17
2
1.9413e-16
2
1.92004e-16
2
2.0681e-16
2
2.31055e-17
2
-9.7407e-17
2
-1.02327e-16
2
-3.10818e-16
2
-4.59117e-16
2
-5.09462e-16
2
-3.5482e-16
2
-3.06289e-16
2
-1.07662e-16
2
-1.50795e-16
2
-1.66594e-16
2
-2.77297e-16
2
-2.0491e-16
2
-3.24091e-16
2
-1.47039e-16
2
-2.34639e-17
2
-1.23365e-16
2
-1.16419e-16
2
-2.13969e-17
2
-3.00866e-17
2
1.83163e-17
2
-6.82528e-17
2
5.21306e-17
2
-8.77088e-17
2
-3.32273e-16
2
-2.77179e-16
-1.35745e-16
2
1.34693e-16
2
2.90202e-16
2
-6.92486e-17
2
-1.18687e-16
2
-8.19778e-17
2
-1.87844e-16
2
3.83504e-17
2
-5.43801e-17
2
1.08207e-16
2
1.35307e-16
2
1.16948e-16
2
-7.69631e-17
2
-7.16073e-17
2
-1.31822e-16
2
5.73298e-17
2
-5.7489e-18
2
-1.37124e-16
2
-2.16598e-16
2
-8.52333e-17
2
-2.05928e-16
2
1.04848e-16
2
2.91177e-16
2
7.86981e-17
2
8.91464e-17
2
2.05202e-16
2
5.26329e-17
2
4.90097e-18
2
-1.70225e-16
2
-1.48144e-16
2
-6.73942e-17
2
-1.30569e-16
2
-1.86423e-16
2
-1.82187e-16
2
-1.38954e-16
2
-1.44372e-16
2
-1.85217e-16
2
-9.11028e-17
2
3.11248e-17
2
5.92041e-18
2
4.32086e-17
2
-5.5423e-18
2
1.04269e-16
2
1.3375e-16
2
2.16219e-16
2
5.87691e-17
2
2.20832e-17
2
1.10582e-16
2
1.54688e-16
2
2.41595e-16
2
1.47322e-16
2
6.64654e-17
2
3.177e-17
2
1.13583e-16
2
2.55079e-16
2
1.21581e-16
2
1.88207e-16
2
2.04332e-16
2
3.34834e-16
2
2.6398e-16
2
2.15861e-16
2
2.07589e-16
2
3.79095e-16
2
3.87826e-16
2
2.74679e-16
2
3.50144e-16
2
2.14315e-16
2
9.33569e-17
2
1.43674e-16
2
3.37294e-16
2
2.53506e-16
2
2.19171e-16
2
1.27671e-16
2
6.873e-17
2
6.85041e-17
2
-8.04552e-17
2
-1.37894e-16
2
-2.20306e-17
2
-2.87596e-17
2
-1.85073e-16
2
-2.58248e-16
2
-2.53802e-16
2
-2.2131e-16
2
-2.20744e-16
2
-3.2091e-16
2
-2.76154e-16
2
-1.73615e-16
2
-6.20278e-17
2
2.12322e-17
2
-2.2805e-16
2
-1.86367e-16
2
3.00096e-17
2
2.12307e-16
2
7.50811e-17
2
1.3528e-16
2
3.53819e-17
2
1.13002e-16
2
1.15837e-16
2
3.24355e-16
2
2.00994e-16
2
1.29843e-16
2
1.81323e-16
2
2.24965e-16
2
1.88697e-16
2
5.44146e-17
2
8.00546e-17
2
1.21e-16
2
1.67836e-16
2
1.33432e-16
2
1.09489e-16
2
-9.43552e-18
2
-3.52234e-17
2
-1.01741e-16
2
-3.72107e-17
2
8.96053e-17
2
1.64852e-16
2
8.7709e-17
2
3.62081e-17
2
3.19383e-17
2
-2.63169e-17
2
1.13326e-16
2
1.26124e-16
2
1.56841e-16
2
1.06213e-16
2
-6.19242e-17
2
6.74675e-17
2
3.01458e-17
2
-8.19891e-17
2
-3.21485e-16
2
-3.39405e-16
2
-2.435e-16
2
-3.40189e-16
2
-3.9408e-16
2
-3.4007e-16
2
-3.35582e-16
2
-4.18282e-16
2
-4.04395e-16
2
-5.95187e-16
2
-6.78832e-16
2
-4.81992e-16
2
-2.84491e-16
2
-2.66943e-16
2
-3.12177e-16
2
-9.41582e-18
2
-1.24644e-17
2
1.37148e-16
2
-6.66034e-17
2
-3.04132e-16
2
-1.31313e-16
2
2.24657e-16
2
2.72958e-16
2
-9.95326e-17
2
-8.62984e-17
2
6.98282e-17
2
-1.08547e-17
2
2.52593e-16
2
1.83412e-16
2
7.67333e-17
2
2.76958e-16
2
2.43976e-16
2
3.82721e-16
2
3.00031e-16
2
3.67123e-16
2
2.97042e-16
2
4.4333e-16
2
3.31242e-16
2
2.61778e-16
2
3.39838e-16
2
3.47109e-16
2
9.91225e-17
2
1.23344e-16
2
7.74711e-17
2
9.18485e-18
2
1.93016e-16
2
3.0581e-16
2
1.68358e-16
2
7.91111e-17
2
1.60226e-16
2
1.70437e-17
2
-1.1362e-16
2
-1.0266e-16
2
7.46284e-18
2
-5.90575e-17
2
-2.37848e-16
2
-2.20853e-16
2
-1.38337e-16
2
-3.47733e-16
2
-1.12397e-16
2
-1.19899e-17
2
-1.07546e-17
2
-2.93137e-18
2
4.85215e-17
2
1.42721e-16
2
1.30846e-16
2
1.28762e-16
2
1.11728e-17
2
-1.82551e-16
2
-7.04268e-17
2
1.58247e-16
2
-5.63577e-17
-6.27846e-17
2
8.80637e-17
2
-1.09518e-17
2
-1.07538e-16
2
-1.46433e-16
2
-2.64643e-16
2
-1.85156e-16
2
-1.99946e-16
2
-1.00869e-16
2
-1.40821e-17
2
3.23017e-19
2
5.13514e-17
2
1.77966e-16
2
2.38858e-17
2
-4.33533e-17
2
-1.74833e-16
2
-1.50783e-16
2
-2.20237e-16
2
4.77453e-17
2
-6.07704e-17
2
-1.64523e-16
2
-8.00701e-17
2
-7.66067e-17
2
-5.64221e-17
2
-2.54333e-17
2
-2.58793e-17
2
-2.58547e-16
2
-1.94264e-16
2
-1.33205e-16
2
-8.1924e-17
2
-1.2567e-16
2
-2.56909e-16
2
-2.67224e-16
2
-1.57534e-16
2
-1.66128e-16
2
-7.9872e-17
2
-9.29638e-17
2
-6.09629e-17
2
-1.92619e-17
2
6.174e-17
2
1.57343e-16
2
3.03425e-16
2
1.84678e-16
2
1.52487e-16
2
1.85215e-16
2
1.93463e-16
2
1.49715e-16
2
1.1679e-16
2
1.8024e-16
2
2.38399e-16
2
1.13208e-16
2
3.32356e-16
2
3.30635e-16
2
1.55789e-16
2
1.21049e-16
2
4.32687e-17
2
1.65134e-16
2
2.94231e-16
2
2.82837e-16
2
3.54714e-16
2
1.60785e-16
2
1.99773e-16
2
1.79622e-16
2
1.53926e-16
2
1.90951e-16
2
1.87369e-16
2
7.61395e-17
2
5.51042e-18
2
4.20495e-17
2
-1.12909e-17
2
1.0188e-16
2
-5.74808e-17
2
1.07814e-16
2
1.97423e-16
2
6.68251e-17
2
2.93049e-16
2
1.55761e-16
2
2.55749e-16
2
1.91747e-16
2
2.02183e-16
2
-3.13719e-17
2
-1.69009e-16
2
-1.52789e-16
2
-1.67654e-16
2
-4.0155e-17
2
-2.20678e-16
2
-2.00766e-16
2
-1.79393e-16
2
-1.72106e-16
2
-2.03967e-16
2
-1.18423e-16
2
-7.06352e-17
2
-1.29227e-16
2
1.60184e-16
2
1.83899e-16
2
9.68731e-18
2
8.18774e-17
2
7.6292e-17
2
3.72221e-17
2
2.31347e-16
2
1.92503e-16
2
2.62914e-16
2
1.27852e-16
2
5.52321e-17
2
3.30062e-17
2
3.95202e-17
2
6.67667e-18
2
6.643e-17
2
1.82655e-16
2
2.29017e-16
2
-1.13053e-17
2
-1.66846e-16
2
-4.68325e-17
2
2.19859e-16
2
-1.03882e-16
2
-3.67388e-17
2
1.19574e-16
2
-2.62789e-18
2
1.81089e-16
2
2.0503e-16
2
1.49601e-16
2
6.87666e-17
2
2.49787e-17
2
1.01874e-16
2
-2.85905e-17
2
6.99649e-17
2
5.72923e-17
2
-1.04885e-17
2
-1.77598e-16
2
-2.83987e-16
2
-2.30945e-16
2
-1.92629e-16
2
-2.26652e-16
2
-2.2611e-16
2
-1.53774e-16
2
-2.54472e-16
2
-2.7086e-16
2
-4.26409e-16
2
-5.12826e-16
2
-2.85751e-16
2
-4.31865e-16
2
-2.58572e-16
2
-1.81423e-16
2
-4.46133e-17
2
2.02799e-18
2
-1.52852e-17
2
-1.30294e-16
2
-2.58832e-16
2
-1.39776e-16
2
-1.70447e-17
2
-1.23134e-16
2
7.05759e-17
2
8.62832e-17
2
9.50103e-17
2
3.07952e-17
2
-1.00556e-16
2
-1.00236e-17
2
2.10345e-16
2
2.29705e-16
2
2.21715e-16
2
2.27898e-16
2
2.60708e-16
2
2.58621e-16
2
2.88319e-16
2
3.7807e-16
2
3.86729e-16
2
4.36522e-16
2
3.68395e-16
2
2.89117e-16
2
3.47696e-16
2
1.60429e-16
2
1.40575e-16
2
2.42661e-16
2
2.61481e-16
2
3.56202e-16
2
3.19494e-16
2
2.77939e-16
2
1.54111e-16
2
1.06912e-16
2
-2.31748e-17
2
-1.68804e-16
2
-1.09929e-17
2
-1.88614e-17
2
-1.41435e-16
2
-2.96446e-16
2
-1.32827e-16
2
-6.77481e-17
2
-2.17349e-16
2
-2.68474e-16
2
-1.22972e-16
2
-1.9519e-17
2
6.10209e-17
2
6.39034e-17
2
1.83101e-16
2
4.13383e-17
2
-7.90471e-17
2
-3.67735e-17
2
-1.04235e-16
2
-1.50579e-16
2
-5.94165e-18
-5.10956e-17
2
-2.21014e-18
2
-2.10623e-16
2
-2.24834e-16
2
-4.73015e-16
2
-2.47115e-16
2
-3.81146e-16
2
-2.46927e-16
2
-8.35926e-17
2
-9.8177e-17
2
-2.30077e-16
2
-9.43579e-17
2
5.78167e-18
2
-1.09576e-16
2
-1.66649e-16
2
-1.15249e-16
2
-2.1704e-16
2
-3.98283e-17
2
-4.0035e-17
2
-7.55639e-17
2
-5.35539e-17
2
-9.35828e-17
2
-1.16239e-16
2
-2.10718e-16
2
-3.05844e-16
2
-3.76326e-16
2
-1.81097e-16
2
-2.81708e-16
2
-7.04681e-17
2
-6.50157e-17
2
-2.93334e-16
2
-2.50966e-16
2
-1.76932e-16
2
-1.66959e-16
2
2.26042e-17
2
1.24524e-16
2
-1.7873e-17
2
-4.51315e-17
2
-1.27231e-16
2
7.01453e-17
2
-2.12013e-16
2
-1.41542e-16
2
2.05506e-17
2
-5.4131e-18
2
5.76792e-17
2
1.28262e-16
2
8.8794e-18
2
-2.4515e-17
2
1.966e-16
2
-1.53655e-17
2
1.08581e-16
2
-8.90762e-17
2
-3.36892e-17
2
1.87381e-17
2
6.2021e-18
2
1.01624e-16
2
9.24766e-17
2
7.75336e-17
2
7.77597e-18
2
-4.43567e-17
2
6.32844e-17
2
1.3025e-16
2
9.90797e-17
2
1.6988e-16
2
4.36099e-16
2
3.90983e-16
2
1.67236e-16
2
1.55847e-16
2
6.65683e-17
2
-2.8253e-17
2
2.46468e-16
2
2.00484e-16
2
1.30411e-16
2
1.65397e-16
2
2.75419e-16
2
1.84995e-16
2
2.21526e-16
2
2.05055e-16
2
9.72613e-17
2
1.54022e-16
2
9.12093e-17
2
-7.49304e-17
2
-5.23173e-17
2
-2.8107e-16
2
-1.26251e-16
2
-5.15629e-19
2
-3.02636e-16
2
-1.57781e-16
2
-1.8751e-16
2
-1.26858e-16
2
-8.52496e-18
2
-2.90556e-16
2
-3.06274e-16
2
-6.24127e-17
2
-1.93229e-16
2
7.92577e-17
2
1.53374e-16
2
-7.28995e-17
2
-4.05179e-18
2
9.08029e-17
2
1.8847e-16
2
9.70868e-17
2
6.43469e-17
2
2.59963e-17
2
3.37114e-17
2
2.2315e-16
2
1.69299e-16
2
1.17346e-16
2
-1.33814e-16
2
-2.67713e-16
2
-5.55721e-17
2
1.22511e-16
2
1.6115e-16
2
-1.49907e-18
2
1.77741e-16
2
-1.05403e-16
2
-1.51045e-16
2
-3.66419e-17
2
-9.42749e-18
2
-1.51779e-17
2
9.23706e-17
2
1.0519e-16
2
2.26389e-16
2
1.5998e-16
2
3.55437e-16
2
2.85124e-16
2
2.42108e-16
2
2.62302e-16
2
2.54073e-16
2
-3.84255e-17
2
-2.44494e-18
2
-3.66089e-17
2
3.00004e-17
2
3.23954e-16
2
1.26319e-16
2
5.05339e-19
2
-3.80661e-17
2
-2.65535e-17
2
-2.3792e-16
2
-2.31555e-16
2
-7.28311e-17
2
-1.57178e-16
2
-1.46263e-16
2
-4.50085e-17
2
-2.07323e-16
2
-2.83765e-16
2
-3.35402e-16
2
-4.09997e-16
2
-2.94096e-16
2
-1.76737e-16
2
1.12771e-16
2
-1.92997e-17
2
-1.66264e-16
2
-2.09484e-16
2
-2.56827e-16
2
-2.3857e-16
2
-1.79566e-16
2
-2.23446e-16
2
-1.84331e-16
2
-4.32644e-18
2
7.40422e-17
2
9.15267e-17
2
2.12141e-17
2
1.54282e-16
2
2.84832e-16
2
1.98118e-16
2
1.02232e-16
2
2.28145e-16
2
3.58836e-16
2
4.15458e-16
2
4.75815e-16
2
3.46336e-16
2
3.16879e-16
2
2.31894e-16
2
-2.34137e-18
2
-1.29151e-16
2
2.24946e-16
2
2.17971e-16
2
2.66807e-16
2
3.39946e-16
2
2.2387e-16
2
1.62052e-16
2
9.29724e-17
2
-3.17224e-17
2
-2.54738e-16
2
-3.99953e-16
2
-3.909e-16
2
-4.1204e-16
2
-2.72398e-16
2
-2.65086e-16
2
-1.47203e-16
2
3.07462e-17
2
-2.13009e-17
2
-4.74377e-17
2
-1.49107e-17
2
-1.92044e-16
2
-4.60743e-17
2
-1.48625e-16
2
-1.3309e-16
2
-2.13557e-16
-3.21006e-16
2
2.83764e-20
2
-4.31899e-17
2
-5.93536e-17
2
-1.01786e-16
2
-1.2255e-16
2
-1.86715e-16
2
-2.25612e-16
2
-3.07685e-16
2
-4.02543e-16
2
-2.14724e-16
2
-1.33763e-16
2
4.24049e-17
2
6.50422e-17
2
-1.61642e-16
2
-2.50105e-16
2
-3.45515e-17
2
-8.46099e-17
2
-1.29325e-16
2
-1.68232e-16
2
-8.74502e-17
2
-1.4284e-16
2
-3.02899e-16
2
-2.89906e-16
2
-1.57026e-16
2
-1.93516e-16
2
-2.96821e-16
2
-2.05693e-16
2
-2.45982e-16
2
-3.55334e-16
2
-3.61358e-16
2
-2.57482e-16
2
3.08896e-18
2
1.51139e-16
2
2.74876e-16
2
5.28151e-17
2
-1.02539e-16
2
3.93286e-17
2
3.03946e-16
2
3.34858e-17
2
-1.71143e-17
2
-1.70647e-16
2
-3.08167e-16
2
-1.48236e-16
2
-4.76896e-17
2
-2.32121e-16
2
-2.21196e-16
2
3.9405e-17
2
1.48724e-16
2
1.75469e-16
2
-7.15331e-17
2
1.32657e-16
2
4.06749e-17
2
8.98461e-18
2
-3.41564e-17
2
-1.43715e-17
2
1.45541e-16
2
4.55377e-17
2
-1.4535e-16
2
-3.62191e-16
2
-1.43395e-16
2
-1.66976e-16
2
-9.50744e-17
2
-3.68238e-17
2
1.15412e-16
2
-4.03486e-17
2
6.00715e-17
2
-5.51951e-17
2
1.55363e-16
2
1.71009e-16
2
3.73589e-17
2
2.43012e-16
2
2.40807e-16
2
1.71089e-16
2
1.84572e-16
2
1.97235e-16
2
1.74389e-16
2
1.74579e-16
2
2.6991e-16
2
1.68587e-16
2
1.81545e-16
2
1.66673e-16
2
1.97498e-16
2
1.00244e-17
2
-2.16289e-16
2
-2.46529e-16
2
-9.58093e-18
2
-9.27082e-17
2
2.56542e-17
2
-1.41969e-16
2
-3.81272e-16
2
-2.64997e-16
2
-1.66873e-16
2
-6.17042e-16
2
-3.75664e-16
2
-4.01197e-16
2
-2.40989e-16
2
-6.4435e-17
2
-6.78472e-17
2
-1.02774e-16
2
-7.52419e-17
2
-1.301e-16
2
-2.5295e-17
2
-1.62107e-17
2
8.98924e-18
2
-9.17963e-17
2
1.21893e-17
2
-7.18636e-18
2
-1.64346e-16
2
-1.96588e-16
2
2.48303e-17
2
-1.53069e-16
2
-8.00756e-17
2
-1.02653e-17
2
-9.72348e-18
2
6.78633e-17
2
-1.22152e-16
2
-3.98053e-17
2
-1.90745e-16
2
1.14671e-16
2
1.02706e-16
2
9.1089e-17
2
1.91201e-16
2
2.82073e-16
2
3.29878e-16
2
1.76655e-16
2
7.88891e-17
2
2.3915e-16
2
1.30486e-16
2
2.24835e-17
2
-3.14064e-17
2
7.08186e-17
2
1.77901e-16
2
1.29154e-16
2
-3.49403e-17
2
-7.7832e-17
2
-5.66283e-17
2
-2.50473e-17
2
8.85063e-17
2
-9.44481e-17
2
-4.99791e-17
2
-1.16192e-16
2
-1.67949e-16
2
-3.11399e-16
2
-5.34629e-16
2
-4.23951e-16
2
-3.35549e-16
2
-2.33489e-16
2
-3.29746e-16
2
-2.67396e-16
2
-2.89715e-16
2
-2.81715e-16
2
-3.5832e-16
2
-3.01217e-16
2
-3.16287e-16
2
-2.11447e-16
2
-8.71745e-17
2
-8.94786e-17
2
-1.1234e-16
2
-6.10219e-17
2
7.04508e-17
2
2.13712e-16
2
2.49411e-16
2
1.534e-16
2
4.95321e-17
2
6.84834e-17
2
9.1454e-18
2
1.23093e-16
2
1.03161e-16
2
9.29514e-17
2
1.92994e-16
2
8.46617e-17
2
1.28656e-17
2
-7.70497e-17
2
-4.33465e-17
2
1.4756e-16
2
-1.05597e-16
2
8.97823e-17
2
2.5131e-16
2
3.19199e-16
2
4.68354e-16
2
3.38184e-16
2
2.63482e-16
2
1.65664e-16
2
1.9753e-16
2
2.47519e-16
2
-1.51284e-17
2
-1.60653e-16
2
-3.64254e-16
2
-2.74088e-16
2
-1.38498e-16
2
-5.10972e-16
2
-4.19255e-16
2
-1.89521e-16
2
-1.64101e-16
2
-4.51139e-17
2
-1.25303e-16
2
-1.28529e-16
2
-2.33707e-16
2
-2.34819e-16
-4.63567e-17
2
-8.05686e-17
2
-2.18932e-16
2
-1.33188e-16
2
-6.48888e-17
2
-6.04829e-17
2
-3.30331e-17
2
-2.44139e-16
2
-1.73944e-16
2
-7.48024e-17
2
-3.29558e-17
2
-2.5125e-17
2
-4.05882e-17
2
1.56852e-16
2
7.25715e-17
2
-3.98908e-17
2
-3.65392e-17
2
-1.29914e-16
2
-2.42864e-16
2
-9.23644e-17
2
-1.31462e-16
2
-2.07698e-16
2
-1.41852e-16
2
-1.82658e-16
2
-4.03748e-16
2
-2.55895e-16
2
-2.01399e-16
2
-2.97937e-16
2
-4.15298e-16
2
-2.87653e-16
2
-2.45325e-16
2
-1.59387e-16
2
-1.19946e-16
2
-6.49022e-17
2
-1.15272e-16
2
-7.46203e-17
2
5.12685e-17
2
1.1733e-16
2
-2.26019e-17
2
-2.01649e-16
2
-8.9814e-17
2
-2.87828e-17
2
-9.06902e-17
2
-1.10327e-16
2
-7.76461e-17
2
-6.46084e-17
2
6.90754e-17
2
-6.03426e-19
2
-1.39957e-16
2
7.96471e-17
2
6.00254e-18
2
-1.818e-16
2
2.23992e-19
2
5.8442e-17
2
1.29541e-16
2
8.5988e-17
2
-4.43376e-17
2
-1.60559e-16
2
-5.91296e-17
2
6.05839e-18
2
-6.72244e-17
2
2.11616e-17
2
-1.80008e-17
2
-9.4599e-17
2
-7.84533e-17
2
2.09967e-17
2
4.8021e-17
2
2.90453e-16
2
2.14787e-16
2
1.56298e-16
2
6.51319e-17
2
2.16763e-16
2
3.44156e-16
2
3.11008e-16
2
3.26995e-16
2
2.20627e-16
2
1.47612e-16
2
2.06329e-16
2
1.78652e-16
2
6.52206e-17
2
2.08707e-16
2
2.62862e-16
2
6.65274e-17
2
3.57647e-16
2
2.83836e-17
2
-6.90904e-17
2
-4.51895e-17
2
-2.49038e-16
2
-1.8749e-16
2
-2.82487e-16
2
-2.57988e-16
2
-2.3659e-16
2
-4.10727e-16
2
-3.65146e-16
2
-2.80885e-16
2
-2.08541e-16
2
-2.58732e-16
2
-1.49115e-16
2
-1.60712e-16
2
-2.60069e-16
2
-2.84226e-16
2
-1.44391e-16
2
-8.35137e-17
2
-7.96171e-17
2
-1.12611e-16
2
-8.41229e-17
2
2.14966e-17
2
-1.22053e-16
2
-8.53807e-17
2
-1.34143e-17
2
-1.77703e-16
2
3.76442e-17
2
-5.90464e-17
2
-1.6397e-16
2
-1.12736e-16
2
-1.0394e-16
2
-5.64707e-17
2
-2.16318e-16
2
7.41913e-17
2
1.52333e-16
2
2.11891e-16
2
2.86092e-16
2
1.29929e-16
2
2.34848e-16
2
7.37752e-17
2
1.22866e-16
2
2.2623e-16
2
9.47254e-17
2
3.86418e-16
2
4.99297e-16
2
4.24365e-16
2
3.27924e-16
2
2.71839e-16
2
1.4251e-16
2
7.99137e-17
2
5.8571e-17
2
-3.99654e-17
2
-7.75385e-17
2
-1.7382e-16
2
-2.36031e-16
2
-1.76446e-16
2
-8.39641e-17
2
-2.66586e-16
2
-4.67652e-16
2
-4.43605e-16
2
-4.16695e-16
2
-3.65724e-16
2
-2.09772e-16
2
-1.66109e-16
2
-3.44351e-16
2
-3.51763e-16
2
-2.99093e-16
2
-3.08154e-16
2
-3.53554e-16
2
-2.90412e-16
2
-2.13332e-16
2
-2.78768e-16
2
-2.8099e-16
2
-1.01832e-16
2
-1.89333e-16
2
-3.05431e-16
2
-1.17873e-16
2
3.271e-17
2
3.92152e-17
2
8.45556e-17
2
-2.26854e-17
2
8.06397e-17
2
7.5716e-17
2
1.90946e-16
2
1.98948e-16
2
2.18597e-16
2
2.76617e-16
2
2.53618e-16
2
4.68092e-17
2
8.67343e-17
2
1.47792e-16
2
2.51956e-16
2
2.43796e-16
2
1.37828e-16
2
3.81572e-16
2
3.02303e-16
2
3.00903e-16
2
3.74626e-16
2
3.8229e-16
2
3.76884e-16
2
3.03056e-16
2
2.31629e-16
2
2.45041e-16
2
6.36708e-17
2
6.6194e-17
2
-1.26216e-16
2
-2.60143e-16
2
-1.22866e-16
2
-1.81945e-16
2
-2.3322e-16
2
-2.42068e-17
2
-1.92438e-16
2
-1.44556e-16
2
-1.39701e-16
2
-1.72585e-16
-2.44446e-16
2
-1.08684e-16
2
-3.32334e-17
2
2.69603e-17
2
2.0239e-16
2
-1.51054e-16
2
-2.15188e-16
2
-1.88667e-16
2
-8.69528e-17
2
-1.71055e-16
2
-2.57013e-16
2
-1.63962e-16
2
-1.86521e-16
2
-1.93538e-16
2
-1.67133e-16
2
-2.1527e-16
2
-2.668e-17
2
-1.225e-16
2
-8.2453e-17
2
5.92839e-17
2
1.54289e-16
2
-4.71484e-17
2
-1.98898e-16
2
-3.68239e-17
2
2.48308e-16
2
-6.78969e-17
2
-2.72106e-17
2
-2.79855e-16
2
-3.969e-16
2
-4.50315e-16
2
-3.12909e-16
2
-2.51684e-16
2
-2.03109e-16
2
-3.32052e-16
2
-2.61985e-16
2
-9.27558e-17
2
-1.13986e-17
2
-2.95885e-17
2
-2.98685e-16
2
-1.91767e-16
2
2.64504e-17
2
-1.00394e-16
2
-8.00487e-17
2
-1.17245e-16
2
-2.70432e-16
2
-1.21705e-16
2
-4.35106e-17
2
-1.8798e-16
2
-1.38746e-16
2
-1.11747e-16
2
1.05697e-16
2
1.07119e-16
2
4.50592e-17
2
-1.46124e-18
2
3.80616e-17
2
-5.44244e-17
2
-7.45662e-17
2
2.51086e-16
2
-1.81266e-17
2
7.31876e-19
2
1.50752e-17
2
-1.26747e-16
2
-1.55667e-16
2
-6.35956e-17
2
-1.58273e-16
2
-1.10335e-16
2
5.31116e-17
2
3.20481e-19
2
-1.47296e-16
2
2.53329e-17
2
1.69273e-16
2
1.67712e-16
2
2.97071e-16
2
3.76445e-16
2
3.33184e-16
2
2.0016e-16
2
6.52407e-17
2
5.42467e-17
2
1.01402e-16
2
1.33808e-16
2
-6.99133e-17
2
1.10893e-16
2
2.18597e-16
2
1.05906e-16
2
1.57811e-16
2
1.61563e-16
2
-7.10036e-17
2
-1.58356e-16
2
-3.94913e-16
2
-3.4451e-16
2
-3.2581e-16
2
-2.03394e-16
2
-2.05016e-16
2
-1.89248e-16
2
-3.71024e-16
2
-9.40453e-17
2
-2.08387e-16
2
-3.71815e-16
2
-1.31808e-16
2
-2.51562e-16
2
-1.44477e-16
2
-4.87357e-17
2
-9.36532e-17
2
-8.73923e-17
2
-1.09218e-16
2
-9.92291e-17
2
-2.05712e-16
2
-1.35279e-16
2
-1.84387e-16
2
-3.28437e-17
2
-1.32556e-16
2
-2.10452e-16
2
1.16031e-16
2
1.06046e-16
2
-1.61341e-17
2
-5.62079e-17
2
6.18654e-17
2
1.29231e-16
2
2.06592e-16
2
2.01755e-16
2
2.03216e-16
2
3.03062e-16
2
4.47583e-16
2
2.38297e-16
2
2.16677e-16
2
2.14197e-16
2
3.60738e-16
2
5.46289e-16
2
4.44829e-16
2
2.49527e-16
2
1.71455e-16
2
3.41281e-16
2
2.66365e-16
2
2.04717e-16
2
1.48518e-16
2
4.81287e-17
2
-6.14649e-17
2
-1.56841e-18
2
4.13803e-17
2
3.71816e-17
2
-1.11825e-16
2
-2.30358e-16
2
-2.61995e-17
2
-2.24253e-16
2
-3.32296e-16
2
-2.54411e-16
2
5.30843e-18
2
-2.49401e-16
2
-2.30008e-16
2
-2.71461e-16
2
-5.97366e-16
2
-5.35513e-16
2
-2.29732e-16
2
-9.81427e-17
2
-1.09607e-16
2
-8.93284e-17
2
-7.76465e-17
2
-1.91337e-16
2
-2.22275e-16
2
-1.6723e-16
2
-1.66463e-17
2
-9.5614e-17
2
-1.04861e-16
2
-1.29439e-16
2
-1.93025e-16
2
3.19247e-17
2
8.05862e-17
2
1.36332e-16
2
1.71251e-16
2
2.49928e-16
2
1.82139e-16
2
1.14648e-16
2
1.76998e-16
2
2.50458e-16
2
3.05605e-16
2
2.10759e-16
2
1.49952e-16
2
3.24969e-16
2
4.62695e-16
2
2.62096e-16
2
3.69614e-16
2
4.58671e-16
2
3.70096e-16
2
2.41511e-16
2
2.17589e-16
2
1.349e-16
2
2.33055e-16
2
3.08248e-16
2
3.90782e-16
2
2.61434e-16
2
-3.15205e-17
2
-1.82173e-17
2
-2.10285e-16
2
-3.30248e-16
2
-4.43485e-16
2
-4.39395e-16
2
-3.43441e-16
2
-2.45734e-16
2
-1.53136e-16
2
-2.36662e-16
-1.63127e-16
2
-6.73167e-17
2
-2.24874e-16
2
-7.9691e-17
2
-1.28711e-16
2
-9.75863e-17
2
-1.47577e-16
2
-3.37853e-17
2
-2.61809e-16
2
-9.912e-17
2
1.45347e-16
2
-6.65503e-17
2
-1.28484e-16
2
-7.73864e-17
2
-8.32292e-17
2
2.38092e-16
2
3.74285e-17
2
4.25579e-17
2
-1.61961e-16
2
-2.89101e-16
2
-3.06404e-16
2
-1.21e-16
2
-1.38497e-16
2
-6.69635e-17
2
9.20878e-17
2
4.95527e-17
2
-1.22578e-16
2
-7.62653e-18
2
-1.45387e-16
2
-4.19009e-16
2
-4.43296e-16
2
-4.29899e-16
2
-3.80819e-16
2
-1.86743e-16
2
-1.5801e-16
2
-1.28594e-16
2
-6.84838e-17
2
-8.38237e-17
2
-1.55051e-16
2
-4.23057e-17
2
-2.19881e-16
2
-1.64866e-16
2
-3.66933e-17
2
-2.40615e-17
2
-5.87017e-17
2
-9.4888e-17
2
-2.18354e-16
2
-2.0792e-16
2
-5.09373e-17
2
-2.80132e-17
2
-3.21043e-17
2
-2.43334e-16
2
-4.42573e-17
2
-3.92859e-17
2
-1.61616e-17
2
1.0325e-16
2
1.48359e-16
2
4.19047e-17
2
9.07665e-17
2
6.42651e-17
2
9.31487e-17
2
1.72248e-17
2
2.74101e-18
2
2.99364e-17
2
-1.6128e-16
2
-1.04687e-16
2
-1.00357e-16
2
-2.82286e-16
2
-1.49303e-16
2
-9.27892e-17
2
1.57216e-16
2
2.1486e-16
2
6.10752e-17
2
1.62959e-16
2
1.78173e-16
2
1.90328e-16
2
1.40745e-16
2
1.70327e-16
2
5.13051e-17
2
5.6211e-17
2
8.75938e-17
2
1.27454e-16
2
1.89646e-16
2
1.90024e-16
2
2.03513e-16
2
1.80904e-16
2
1.47578e-16
2
7.95774e-17
2
-1.96774e-16
2
5.08002e-17
2
-3.3634e-17
2
-1.4101e-16
2
-2.94381e-16
2
-1.59016e-16
2
6.32029e-17
2
-2.22941e-16
2
-2.80193e-16
2
-1.28086e-16
2
-1.59758e-16
2
-1.43551e-16
2
-1.31575e-16
2
-3.39206e-16
2
-2.75621e-16
2
-2.16953e-16
2
-1.08555e-16
2
-7.03038e-17
2
-1.30293e-16
2
-1.62131e-16
2
-7.66317e-17
2
-2.73654e-16
2
-3.40171e-16
2
-2.40541e-16
2
-2.26325e-16
2
-1.4886e-16
2
-1.47686e-16
2
-8.55211e-17
2
9.40346e-17
2
2.9858e-16
2
2.32969e-16
2
1.59776e-16
2
1.51015e-16
2
3.21208e-16
2
2.81676e-16
2
2.47421e-16
2
4.07909e-16
2
3.81587e-16
2
4.92368e-16
2
2.35975e-16
2
2.21568e-16
2
4.9281e-16
2
2.23795e-16
2
-7.54698e-17
2
8.81013e-17
2
3.09582e-16
2
2.52419e-16
2
6.80778e-17
2
1.44508e-16
2
2.0277e-16
2
3.82205e-16
2
1.31926e-16
2
-2.27629e-16
2
-3.68689e-16
2
-3.16969e-16
2
-9.21205e-17
2
1.83082e-16
2
7.72063e-17
2
-8.62204e-17
2
-2.082e-16
2
-2.50492e-16
2
-3.75197e-16
2
-2.97429e-16
2
-4.55716e-16
2
-3.71577e-16
2
-3.59108e-16
2
-2.36939e-16
2
-2.65352e-16
2
-2.31118e-16
2
-1.2592e-16
2
-1.49906e-16
2
-1.88262e-17
2
-7.33039e-18
2
8.64343e-17
2
8.77167e-17
2
5.47596e-17
2
-1.08954e-16
2
-1.45488e-17
2
-8.8221e-17
2
5.12323e-17
2
2.35235e-16
2
1.92775e-16
2
1.42179e-16
2
2.67177e-16
2
1.72557e-16
2
2.36292e-16
2
2.60486e-16
2
3.88525e-16
2
5.07476e-16
2
4.34208e-16
2
4.69921e-16
2
4.94553e-16
2
3.49021e-16
2
3.62939e-16
2
1.3199e-16
2
1.65332e-16
2
2.64377e-16
2
1.39058e-16
2
1.89798e-16
2
2.55119e-16
2
3.39979e-16
2
2.90905e-16
2
1.04355e-16
2
-1.23147e-17
2
-4.26464e-17
2
3.01107e-17
2
1.61943e-16
2
-1.54567e-17
2
4.56243e-17
2
-6.42075e-17
2
-1.80959e-16
2
-2.22805e-16
-3.2074e-16
2
-1.26061e-16
2
1.78023e-16
2
1.67463e-16
2
-6.0852e-17
2
-8.24568e-17
2
1.11746e-16
2
1.10507e-16
2
-8.19433e-17
2
4.49635e-17
2
-1.00007e-16
2
-1.37757e-16
2
-6.06043e-17
2
7.20399e-18
2
1.66595e-16
2
1.3114e-16
2
-7.50703e-19
2
1.38698e-16
2
2.71465e-16
2
-2.68547e-17
2
-2.09446e-16
2
-1.89486e-16
2
-1.39415e-16
2
-1.87408e-16
2
-4.06467e-16
2
-2.15515e-16
2
-1.80052e-17
2
7.34459e-17
2
-2.25176e-18
2
-2.56607e-17
2
-3.96628e-16
2
-2.72223e-16
2
-1.68545e-16
2
-2.50884e-16
2
-2.20375e-16
2
4.08825e-17
2
2.63138e-16
2
2.83933e-16
2
1.92902e-16
2
5.78423e-17
2
1.60145e-16
2
1.23535e-16
2
-5.02246e-17
2
-1.0065e-17
2
2.27106e-16
2
2.1954e-16
2
-5.96241e-17
2
-1.74266e-16
2
-2.89568e-16
2
-3.31867e-16
2
-4.22365e-16
2
-3.93245e-16
2
-4.41784e-16
2
-3.54759e-16
2
-2.19524e-16
2
-1.51071e-16
2
-2.07521e-16
2
-1.33476e-16
2
-3.77402e-17
2
-1.18121e-16
2
-2.43885e-16
2
-3.73238e-16
2
-3.27013e-16
2
-1.42058e-16
2
-1.64967e-16
2
-1.80079e-16
2
7.52486e-18
2
-4.47287e-17
2
-1.05437e-16
2
-2.59349e-16
2
-2.17141e-16
2
-1.39971e-16
2
-1.28428e-16
2
-1.36124e-16
2
-9.35351e-17
2
-4.28535e-17
2
1.89169e-17
2
-1.87932e-16
2
-1.49173e-16
2
-9.77785e-17
2
-4.14299e-17
2
1.91423e-17
2
8.77072e-17
2
1.65683e-16
2
-1.68934e-17
2
1.67357e-17
2
1.73913e-16
2
3.01757e-16
2
3.88469e-16
2
2.15392e-16
2
1.10069e-16
2
1.08327e-16
2
2.02907e-16
2
1.90074e-16
2
5.12975e-17
2
-5.87713e-17
2
1.2749e-17
2
8.10297e-18
2
-7.32474e-17
2
4.10332e-17
2
-2.30734e-16
2
-2.40252e-16
2
-2.42429e-16
2
-2.10118e-16
2
-1.03465e-16
2
-1.07658e-16
2
-4.96008e-17
2
-1.8273e-16
2
-4.04951e-16
2
-3.79758e-16
2
-9.10744e-17
2
-3.63327e-17
2
-2.94639e-16
2
-1.54948e-16
2
-1.18272e-16
2
1.14976e-16
2
2.20195e-16
2
3.09877e-16
2
2.34133e-16
2
2.37331e-16
2
4.53763e-16
2
3.21032e-16
2
3.82496e-16
2
3.30505e-16
2
2.88985e-16
2
5.70224e-16
2
5.68755e-16
2
4.00755e-16
2
2.78391e-16
2
2.30232e-16
2
1.20556e-16
2
2.45561e-16
2
2.22557e-16
2
-4.22939e-17
2
4.5215e-17
2
2.61548e-16
2
2.4896e-16
2
2.54071e-16
2
2.05684e-16
2
3.01287e-16
2
1.3182e-16
2
4.50896e-17
2
-3.93114e-17
2
-1.66006e-16
2
-2.1907e-16
2
-2.39135e-16
2
-3.77124e-16
2
-7.19732e-17
2
-3.44115e-16
2
-2.81709e-16
2
-1.28529e-16
2
-8.99006e-17
2
-9.6892e-17
2
-1.78806e-16
2
-5.21784e-16
2
-4.28213e-16
2
-1.60446e-16
2
-5.61256e-17
2
-1.14219e-16
2
-5.14511e-17
2
-1.23271e-16
2
-2.87014e-16
2
-3.31846e-16
2
-3.2559e-16
2
-1.17155e-16
2
-1.47133e-16
2
-6.30265e-17
2
-1.41582e-16
2
-1.79287e-16
2
-5.07215e-17
2
-4.80784e-17
2
2.00661e-16
2
2.03081e-16
2
2.35239e-16
2
3.63898e-16
2
4.59216e-16
2
5.05309e-16
2
4.58739e-16
2
2.46122e-16
2
1.01574e-16
2
4.26841e-17
2
1.0934e-16
2
2.76691e-16
2
1.69816e-16
2
2.13358e-16
2
3.19156e-16
2
4.00824e-16
2
3.73595e-16
2
1.82744e-16
2
1.5799e-17
2
3.79329e-17
2
2.44535e-16
2
1.34386e-16
2
1.80907e-16
2
-2.32923e-17
2
-1.41815e-17
2
-2.84546e-17
2
9.62746e-17
2
7.02905e-17
2
2.42101e-16
1.54866e-16
2
-1.70333e-17
2
-8.58994e-17
2
-4.19224e-17
2
2.80894e-17
2
-2.93831e-17
2
-6.81434e-17
2
-2.09067e-16
2
-3.99513e-16
2
-5.03722e-16
2
-2.15206e-16
2
-3.75365e-17
2
-1.0179e-16
2
-1.52367e-16
2
-6.32919e-17
2
-1.45777e-16
2
-1.0064e-16
2
-1.20909e-17
2
-2.66518e-17
2
-4.32195e-17
2
-1.77862e-17
2
-6.43891e-17
2
-1.01457e-16
2
-1.19721e-16
2
-5.4132e-17
2
-9.39251e-17
2
-2.01589e-16
2
-1.26288e-16
2
-8.15774e-18
2
1.14998e-16
2
2.87095e-17
2
1.00816e-17
2
-1.67873e-16
2
3.33632e-17
2
2.70751e-17
2
-4.52882e-17
2
5.43995e-17
2
5.43136e-17
2
2.14898e-16
2
2.20937e-16
2
4.60318e-17
2
-7.40229e-17
2
1.51442e-17
2
1.11575e-16
2
8.40297e-17
2
8.01701e-17
2
2.18336e-16
2
1.69655e-16
2
-9.45147e-17
2
-3.29624e-16
2
-2.11551e-16
2
-2.72519e-16
2
-2.49048e-16
2
-5.75593e-18
2
-1.53887e-16
2
-1.67394e-16
2
-1.76094e-16
2
-2.42573e-16
2
-2.38138e-16
2
-1.19619e-16
2
-1.07289e-16
2
-1.0106e-16
2
-3.14175e-16
2
-3.47095e-16
2
-1.05563e-16
2
5.07919e-18
2
-1.2825e-16
2
-2.50839e-16
2
-2.57959e-16
2
-8.88274e-17
2
-1.18996e-16
2
-4.2639e-16
2
-2.5557e-16
2
-2.6788e-16
2
-2.02334e-16
2
-1.31644e-16
2
-1.61167e-16
2
-2.14888e-16
2
-1.91702e-16
2
-1.98355e-16
2
-1.74243e-16
2
-7.7476e-17
2
-2.29242e-18
2
-6.89795e-17
2
-1.20546e-16
2
8.88178e-17
2
1.33429e-16
2
-2.69937e-17
2
2.06418e-16
2
2.08285e-16
2
6.12031e-17
2
1.37655e-16
2
2.17701e-16
2
8.31624e-17
2
-9.14782e-17
2
-1.27967e-16
2
-1.20994e-16
2
3.32907e-17
2
6.95744e-17
2
3.29123e-17
2
-1.54142e-16
2
-1.44279e-16
2
-2.26698e-16
2
-2.66038e-16
2
-3.96439e-16
2
-1.26866e-16
2
-1.21843e-16
2
-9.94612e-17
2
-1.58535e-16
2
-3.55312e-16
2
-3.98353e-16
2
-3.85156e-16
2
-4.17157e-16
2
-5.72897e-16
2
-3.62742e-16
2
-1.2741e-16
2
1.09589e-16
2
1.82029e-16
2
3.12937e-16
2
3.50039e-16
2
1.20103e-16
2
1.42533e-17
2
6.85739e-17
2
2.86207e-16
2
5.18211e-16
2
4.35029e-16
2
2.62211e-16
2
5.04885e-16
2
3.13953e-16
2
1.64249e-16
2
3.95804e-16
2
3.31199e-16
2
1.32714e-16
2
1.55034e-16
2
1.59879e-16
2
1.80084e-16
2
1.61418e-16
2
2.28215e-16
2
2.22144e-16
2
1.82165e-16
2
3.05269e-16
2
3.07015e-16
2
9.91278e-17
2
6.77971e-17
2
-1.04918e-16
2
-3.29916e-16
2
-1.10141e-16
2
-2.04414e-16
2
-2.33145e-16
2
-1.39419e-16
2
-1.60385e-16
2
-4.03437e-17
2
-1.68703e-16
2
-2.17883e-16
2
-2.28944e-16
2
-1.28206e-16
2
-2.9601e-16
2
-3.04732e-16
2
-2.12662e-16
2
-3.00014e-16
2
-4.02089e-16
2
-5.99683e-16
2
-6.24169e-16
2
-3.02621e-16
2
-1.36373e-16
2
-2.18884e-16
2
-1.09097e-16
2
-1.42903e-16
2
-1.72667e-16
2
-9.29259e-17
2
6.50319e-18
2
-2.16801e-17
2
3.07656e-16
2
2.83999e-16
2
2.53065e-16
2
3.2793e-16
2
3.11256e-16
2
2.79897e-16
2
2.03292e-17
2
7.27989e-17
2
1.30092e-16
2
-1.26754e-16
2
-5.75863e-17
2
1.27716e-16
2
1.52936e-16
2
1.18327e-16
2
-1.34337e-16
2
-1.81394e-16
2
1.53834e-17
2
-3.10316e-17
2
-8.10004e-17
2
1.00283e-16
2
1.54576e-16
2
1.18087e-16
2
2.79795e-17
2
3.87338e-17
2
9.95831e-17
2
2.2373e-16
2
3.28726e-16
2
2.80583e-16
1.8815e-16
2
-2.21461e-16
2
-1.22392e-16
2
-1.65538e-16
2
-1.26467e-16
2
-1.58063e-16
2
2.60264e-17
2
4.84082e-17
2
-5.39126e-17
2
-2.27525e-16
2
-1.83354e-16
2
-6.73313e-17
2
-1.67445e-16
2
-4.92774e-17
2
-2.16243e-16
2
-2.61369e-16
2
-1.58599e-16
2
-5.57424e-17
2
7.71138e-17
2
6.85086e-17
2
-1.63419e-17
2
3.98201e-17
2
6.03663e-18
2
2.32298e-17
2
-6.94122e-17
2
2.08549e-17
2
-4.18408e-17
2
-1.28568e-16
2
1.16575e-18
2
2.16146e-16
2
1.82321e-16
2
8.5833e-17
2
3.20757e-17
2
2.07159e-17
2
-1.55218e-16
2
-3.16318e-16
2
-7.62051e-17
2
-1.59134e-16
2
-1.36832e-17
2
8.79972e-18
2
-2.11687e-17
2
8.26783e-17
2
-5.55398e-17
2
1.91461e-16
2
1.59464e-16
2
2.45591e-16
2
2.30135e-16
2
1.40456e-16
2
8.2785e-17
2
5.07061e-17
2
-7.35298e-17
2
-4.6747e-17
2
-1.08186e-16
2
-1.33835e-16
2
1.03753e-17
2
-3.04873e-16
2
-2.93206e-16
2
-3.97638e-16
2
-1.62178e-16
2
5.82748e-17
2
7.90282e-17
2
-1.61988e-16
2
-2.79e-16
2
-2.79286e-16
2
3.75721e-17
2
-1.15907e-16
2
-2.84047e-16
2
-9.66614e-17
2
-5.06307e-17
2
-1.41543e-16
2
-2.28575e-16
2
-7.5099e-17
2
-1.94199e-16
2
-2.85217e-16
2
-3.45263e-16
2
-4.63873e-16
2
-3.2498e-16
2
-1.09845e-16
2
1.12624e-16
2
1.54456e-16
2
-1.9245e-17
2
-1.54323e-16
2
-2.37489e-16
2
-2.53349e-16
2
-3.32627e-17
2
-7.34822e-17
2
8.56091e-17
2
4.61344e-16
2
3.46702e-16
2
2.61027e-16
2
2.85805e-16
2
3.7831e-16
2
1.18085e-16
2
-3.88154e-17
2
2.1842e-17
2
8.42078e-17
2
1.36257e-16
2
9.14495e-17
2
8.53932e-17
2
-6.67904e-17
2
2.19615e-16
2
6.22203e-17
2
9.60491e-18
2
-2.92915e-17
2
-1.19324e-16
2
-2.20908e-16
2
-2.3791e-16
2
-1.94316e-16
2
-1.15378e-16
2
-1.73735e-16
2
-3.56979e-16
2
-3.42192e-16
2
-4.21163e-16
2
-4.58662e-16
2
-2.18781e-16
2
-2.01681e-16
2
-2.31968e-17
2
1.26765e-17
2
-1.27976e-16
2
1.97281e-16
2
-2.12483e-17
2
-1.64162e-18
2
-1.86653e-16
2
2.94962e-17
2
1.63098e-16
2
1.53762e-16
2
1.88894e-16
2
-1.88466e-17
2
1.53604e-16
2
2.42052e-16
2
2.3056e-16
2
2.91223e-16
2
4.65262e-17
2
1.48582e-16
2
2.64419e-16
2
3.38895e-16
2
3.04155e-16
2
2.69586e-16
2
2.35647e-16
2
1.82815e-17
2
2.00651e-16
2
2.37679e-16
2
1.78998e-16
2
1.40527e-17
2
-1.3267e-17
2
4.61976e-17
2
-2.45246e-16
2
-1.30359e-16
2
1.53156e-16
2
4.2884e-17
2
-1.2494e-16
2
-6.14902e-17
2
-1.0064e-16
2
-1.06226e-16
2
-1.26953e-17
2
-1.18182e-16
2
-2.79679e-16
2
-3.83274e-16
2
-3.40974e-16
2
-3.16525e-16
2
-3.35868e-16
2
-2.0422e-16
2
-1.32424e-16
2
-2.82741e-16
2
-2.6713e-16
2
-2.4887e-16
2
-2.35201e-16
2
-2.89387e-16
2
-2.27626e-16
2
-2.09736e-16
2
-1.02472e-16
2
-3.9123e-17
2
9.48099e-17
2
3.36585e-16
2
4.06649e-16
2
2.44639e-16
2
1.23939e-16
2
1.03813e-16
2
3.45689e-16
2
1.93101e-16
2
6.37838e-17
2
2.0775e-19
2
-8.10468e-18
2
8.52956e-17
2
-7.13365e-18
2
-5.03657e-19
2
2.12431e-16
2
1.1777e-16
2
-1.84963e-16
2
-1.31705e-16
2
6.56819e-17
2
8.54298e-17
2
-1.87678e-17
2
-1.49443e-16
2
-7.92913e-18
2
5.3449e-17
2
6.29425e-18
2
1.34396e-16
2
2.17092e-16
2
2.51244e-16
1.74735e-16
2
2.32766e-19
2
-7.04281e-17
2
-1.20389e-16
2
-1.3186e-16
2
-2.05076e-16
2
-3.4343e-16
2
-2.79475e-16
2
2.06101e-16
2
4.64991e-17
2
-2.22832e-16
2
-2.90678e-16
2
-8.78903e-17
2
-1.69817e-16
2
-1.06485e-16
2
-1.33787e-16
2
-1.86518e-17
2
-5.23663e-17
2
-1.19099e-16
2
1.72481e-17
2
1.23942e-16
2
-1.01971e-17
2
2.02708e-16
2
3.3578e-16
2
1.82401e-16
2
-1.96371e-17
2
-6.20272e-17
2
4.39025e-18
2
4.32711e-17
2
-5.94449e-17
2
1.01436e-16
2
1.20285e-16
2
2.82978e-16
2
2.97586e-17
2
-7.99425e-17
2
-2.38748e-16
2
-4.72638e-16
2
-6.197e-17
2
-1.26941e-16
2
-1.56534e-16
2
2.17546e-17
2
-1.90904e-16
2
-9.37505e-17
2
-3.56638e-16
2
-3.27475e-16
2
-1.36709e-16
2
3.5468e-17
2
1.68734e-17
2
1.43607e-16
2
1.30603e-16
2
-9.8072e-17
2
-1.29758e-16
2
-5.10795e-17
2
-2.19833e-16
2
-2.35664e-16
2
-1.44015e-16
2
-1.85375e-16
2
-6.87127e-17
2
-1.95897e-16
2
-3.93377e-16
2
-2.58896e-16
2
-3.20192e-16
2
-1.2915e-16
2
-1.37731e-16
2
-2.73511e-16
2
-2.00465e-16
2
-2.55486e-16
2
-2.26326e-16
2
-2.97833e-16
2
-2.67491e-16
2
-2.28531e-16
2
-2.20971e-16
2
-2.83019e-16
2
-3.11843e-16
2
-5.12565e-16
2
-4.5595e-16
2
-5.1032e-16
2
-3.19208e-16
2
-2.50945e-16
2
-2.60391e-16
2
-9.82507e-18
2
-3.85401e-18
2
-7.69091e-17
2
-1.63498e-16
2
-1.21783e-16
2
-7.71656e-17
2
-8.8313e-17
2
6.51257e-18
2
1.36401e-16
2
1.46341e-16
2
3.4663e-16
2
1.04627e-16
2
-3.88887e-17
2
3.2976e-17
2
2.6895e-17
2
-4.46096e-17
2
3.71049e-18
2
7.26564e-17
2
1.19022e-16
2
9.37123e-17
2
6.30981e-17
2
7.82558e-17
2
-4.17942e-17
2
-2.90727e-17
2
1.60985e-16
2
-5.30589e-17
2
-2.32376e-16
2
-3.58929e-16
2
-3.58302e-16
2
-1.1517e-16
2
2.39887e-17
2
-1.722e-16
2
-3.34139e-16
2
-3.84995e-16
2
-5.73141e-17
2
-2.88857e-17
2
-2.37359e-16
2
-3.42823e-16
2
-2.60968e-16
2
-3.66551e-16
2
-1.38039e-16
2
-1.51293e-16
2
-2.78274e-17
2
-1.7958e-16
2
-2.30985e-16
2
-1.18971e-16
2
-7.83055e-17
2
-2.05188e-17
2
4.99796e-17
2
4.76238e-17
2
9.82361e-17
2
5.7784e-18
2
5.36862e-17
2
1.02751e-16
2
6.05332e-17
2
-1.90223e-17
2
3.83813e-17
2
-3.20707e-17
2
1.054e-16
2
2.34301e-16
2
9.17617e-17
2
4.09271e-17
2
-5.73204e-17
2
5.98584e-17
2
3.2198e-16
2
1.99775e-16
2
2.43377e-16
2
2.8226e-17
2
-1.08498e-16
2
4.04137e-17
2
1.68737e-16
2
2.80559e-17
2
2.20992e-17
2
3.43652e-17
2
2.49099e-16
2
2.36889e-17
2
-1.52053e-16
2
-3.68056e-16
2
-5.70629e-16
2
-4.66776e-16
2
-3.12293e-16
2
-2.84774e-16
2
-2.20293e-16
2
-2.88962e-16
2
-4.35155e-16
2
-5.16523e-16
2
-4.4399e-16
2
-2.35193e-16
2
-1.13854e-16
2
-2.69792e-16
2
-2.26928e-16
2
-1.34173e-16
2
-1.79541e-16
2
-1.71413e-16
2
-1.59419e-16
2
-2.67788e-16
2
-1.34473e-17
2
3.33786e-17
2
-1.53059e-16
2
9.30942e-17
2
-5.26982e-18
2
-6.46441e-17
2
-2.90375e-17
2
-2.01747e-17
2
-6.21221e-17
2
-6.77472e-17
2
6.83628e-17
2
1.3288e-16
2
1.26165e-16
2
-2.89855e-17
2
2.23023e-16
2
1.648e-17
2
-1.35224e-16
2
-1.82091e-16
2
-1.07952e-16
2
-5.22306e-17
2
-3.79689e-17
2
-1.32968e-16
2
5.71149e-17
2
1.64043e-16
1.46103e-16
2
-4.45731e-17
2
1.27867e-17
2
3.13225e-17
2
7.24193e-17
2
-5.51136e-17
2
-2.80049e-16
2
-1.32294e-16
2
-1.7604e-16
2
1.88986e-16
2
-1.01498e-17
2
-1.25214e-16
2
-2.53957e-16
2
-6.98556e-17
2
-8.01515e-17
2
-6.36011e-17
2
-1.35156e-16
2
2.74957e-18
2
-5.80561e-17
2
-1.03261e-17
2
6.05364e-17
2
2.60469e-17
2
-4.14396e-17
2
-1.06594e-16
2
-3.70275e-17
2
5.52541e-17
2
1.49009e-16
2
2.39182e-16
2
4.73762e-17
2
1.13594e-16
2
3.26556e-16
2
8.98815e-17
2
-3.1634e-17
2
2.40485e-17
2
-7.77798e-18
2
8.9151e-17
2
-4.48718e-18
2
-1.26165e-16
2
-1.88228e-17
2
1.99633e-17
2
-6.39813e-17
2
2.12279e-17
2
-2.8218e-17
2
-1.14071e-16
2
-1.16361e-16
2
-2.66425e-16
2
-2.28326e-16
2
-7.77075e-17
2
-6.04638e-17
2
-5.51844e-17
2
1.15985e-16
2
6.11848e-17
2
-6.85477e-17
2
-1.30253e-16
2
-2.5334e-16
2
-1.41351e-16
2
-2.99783e-16
2
-2.11542e-16
2
-5.46535e-17
2
-1.10908e-16
2
-3.2521e-16
2
-2.22091e-16
2
-1.82776e-16
2
-6.93574e-17
2
-2.13044e-16
2
-1.54847e-16
2
1.97681e-17
2
-2.29263e-16
2
-2.65994e-16
2
-3.66578e-16
2
-3.33119e-16
2
-2.91801e-16
2
-2.14296e-16
2
-1.21975e-16
2
-9.73141e-17
2
-2.36783e-16
2
-1.8166e-16
2
-2.11001e-16
2
-3.0358e-16
2
-3.655e-16
2
-4.05634e-16
2
-2.19817e-16
2
-1.35334e-16
2
-1.16102e-16
2
-1.3962e-16
2
-8.72738e-17
2
3.75634e-18
2
-1.82797e-17
2
-2.57264e-16
2
-6.59616e-17
2
1.03205e-16
2
1.95211e-16
2
1.54982e-16
2
-1.76044e-17
2
4.1994e-17
2
-9.79779e-18
2
1.27831e-16
2
2.0039e-16
2
-4.38126e-18
2
2.99709e-17
2
9.62052e-17
2
-6.38759e-18
2
-1.25799e-16
2
-1.87576e-16
2
-2.71825e-16
2
-2.80683e-16
2
-2.4523e-16
2
-1.81654e-16
2
-2.23773e-16
2
-3.18243e-16
2
-2.06582e-16
2
-1.90321e-16
2
-1.32648e-16
2
-1.23183e-16
2
-2.55938e-16
2
-1.13358e-16
2
-2.42988e-16
2
-2.04842e-16
2
-3.58426e-16
2
-3.36516e-16
2
-2.75734e-16
2
-2.59559e-16
2
-2.60522e-16
2
-2.14282e-16
2
-2.01237e-16
2
-1.71688e-16
2
-2.91772e-16
2
-1.96124e-16
2
-1.4274e-16
2
-1.81445e-16
2
-1.80098e-16
2
-1.62855e-16
2
6.5127e-18
2
3.60611e-18
2
-4.50539e-17
2
8.63415e-17
2
2.17488e-16
2
1.97923e-16
2
-1.83698e-17
2
1.50795e-16
2
1.42323e-16
2
-1.15856e-17
2
-1.08304e-16
2
6.03365e-17
2
3.01229e-16
2
3.95475e-16
2
1.71937e-16
2
2.54558e-16
2
3.26949e-16
2
9.29197e-17
2
1.40293e-16
2
8.4047e-17
2
8.5476e-17
2
1.64141e-16
2
1.15339e-16
2
2.19275e-17
2
-5.98722e-18
2
1.44148e-16
2
1.54557e-16
2
-1.51739e-16
2
-3.00222e-16
2
-1.58091e-16
2
1.50999e-17
2
-1.91534e-16
2
-3.47583e-16
2
-2.28037e-16
2
-2.06034e-16
2
-3.32936e-16
2
-3.65179e-16
2
-2.55302e-16
2
-3.19129e-16
2
-3.93846e-16
2
-3.75168e-16
2
-2.01919e-16
2
-1.8573e-16
2
7.28491e-18
2
-1.75741e-16
2
-2.51604e-16
2
2.67371e-18
2
-1.57846e-18
2
-3.45187e-17
2
-1.73961e-16
2
-1.66931e-16
2
-8.69645e-17
2
-1.15737e-17
2
6.99243e-17
2
-1.53514e-16
2
-1.63344e-16
2
4.46324e-17
2
2.47653e-16
2
1.47513e-16
2
-2.12264e-17
2
2.41146e-17
2
1.26199e-16
2
-9.91276e-17
2
-1.14891e-16
2
-1.52653e-17
2
2.05622e-17
2
-1.59931e-16
2
-2.01339e-16
7.5187e-17
2
2
2
2
2
2
2
2
2
2
2
2
2
2
2
2
2
2
2
2
2
2
2
2
2
2
2
2
2
2
2
2
2
2
2
2
2
2
2
2
2
2
2
2
2
2
2
2
2
2
2
2
2
2
2
2
2
2
2
2
2
2
2
2
2
2
2
2
2
2
2
2
2
2
2
2
2
2
2
2
2
2
2
2
2
2
2
2
2
2
2
2
2
2
2
2
2
2
2
2
2
2
2
2
2
2
2
2
2
2
2
2
2
2
2
2
2
2
2
2
2
2
2
2
2
2
2
2
2
2
2
2
2
2
2
2
2
2
2
2
2
2
2
2
2
2
2
2
2
2
2
2
2
2
2
2
2
2
2
2
2
2
2
2
2
2
2
2
2
2
2
2
2
2
2
2
2
2
2
2
2
2
2
2
2
2
2
2
2
2
2
2
2
2
2
2
2
2
2
)
;

boundaryField
{
    cyclic1
    {
        type            cyclic;
        value           nonuniform List<scalar> 
200
(
1.9398e-17
1.52307e-16
1.68691e-16
1.30807e-16
3.22911e-16
4.11581e-16
1.942e-16
4.80382e-18
-1.16825e-16
1.11359e-16
2.29664e-16
2.43533e-16
9.37188e-17
-1.31806e-17
-6.00474e-17
1.50968e-16
9.66709e-17
-1.945e-17
1.20176e-16
1.11417e-16
6.11775e-18
2.1913e-17
1.67069e-17
1.26847e-16
2.6951e-16
2.68831e-16
1.87859e-16
3.30426e-16
3.62392e-16
2.84942e-16
1.26692e-16
1.47618e-16
2.65259e-16
3.47624e-16
3.84474e-18
-5.77886e-17
-1.26253e-16
-1.46944e-16
-1.07567e-16
-2.11984e-18
5.59779e-18
-5.23304e-17
-6.77401e-17
-1.63779e-17
-1.72005e-16
-1.98471e-16
-7.92977e-17
-1.15912e-16
-6.13904e-17
-1.64168e-18
1.35028e-16
6.10162e-17
-4.20621e-17
-1.13667e-16
-1.07063e-16
-1.50876e-17
-7.56711e-17
-3.16928e-16
-1.96897e-16
-9.22164e-17
7.69312e-17
4.25046e-17
-1.44716e-17
3.14306e-17
-9.03158e-17
-8.48326e-17
1.70191e-16
5.31214e-17
2.97316e-17
-1.6951e-16
-2.78518e-16
-9.93177e-17
-1.25587e-16
-8.24755e-17
-7.38066e-17
-1.29975e-16
-1.53991e-16
-2.12009e-16
-1.77489e-16
-1.64784e-16
-2.11494e-16
-2.66287e-16
-2.21993e-16
-1.94635e-16
-2.47616e-16
-3.40668e-16
-3.96168e-16
-2.32133e-16
-1.14504e-16
-1.60826e-16
-1.30853e-16
-3.39714e-17
7.92902e-17
-1.30679e-16
-2.86538e-17
-1.14889e-16
-2.31706e-16
-2.37094e-16
-3.3403e-16
-1.98557e-16
-2.57797e-16
-1.28785e-16
-1.5452e-16
-2.40921e-16
-1.45106e-16
7.91926e-17
9.10398e-17
1.97241e-16
1.40531e-16
2.53649e-16
3.15035e-16
3.59827e-16
2.71525e-16
1.92684e-17
1.8506e-17
4.33635e-17
3.4401e-17
8.19017e-17
-5.74553e-17
-1.30103e-16
-1.97576e-17
2.98749e-20
-1.21035e-16
-1.23864e-16
-2.28351e-16
-8.48779e-17
1.92635e-17
-1.2195e-17
1.1774e-16
1.0192e-16
-8.5235e-17
1.46677e-17
6.97053e-17
1.09033e-16
4.96477e-17
-8.67994e-17
6.47487e-17
2.21412e-16
1.61767e-16
2.63748e-16
1.46041e-16
3.04381e-16
2.17744e-16
-1.55495e-17
-3.02915e-17
1.58801e-16
2.49276e-16
2.29263e-16
7.27803e-17
-2.52013e-17
1.29929e-16
1.24048e-16
4.43889e-18
-1.17032e-17
1.48405e-16
1.1728e-16
7.54297e-17
-3.66036e-17
-1.45225e-16
-6.92057e-17
-2.82771e-16
-4.61669e-16
-3.35164e-16
-2.30438e-16
-3.36309e-16
-4.89513e-16
-4.45486e-16
-4.35258e-16
-3.51784e-16
-2.34656e-16
-3.84259e-16
-3.7231e-16
-3.64866e-16
-3.62698e-16
-3.60887e-16
-2.8741e-16
-2.23447e-16
-7.42427e-17
-1.3207e-16
-6.08627e-17
-5.22089e-17
-5.12911e-17
-8.67289e-17
-2.03815e-16
-3.86437e-16
-1.66801e-16
-1.12255e-16
-1.57662e-16
-9.23888e-17
-1.8614e-16
-1.80254e-16
-1.62493e-16
-1.90154e-16
-7.0655e-17
-8.93553e-17
-5.47496e-17
4.07053e-17
-2.50342e-16
-2.56057e-16
-1.2926e-16
)
;
    }
    cyclic2
    {
        type            cyclic;
        value           nonuniform List<scalar> 
200
(
-1.9398e-17
-1.52307e-16
-1.68691e-16
-1.30807e-16
-3.22911e-16
-4.11581e-16
-1.942e-16
-4.80382e-18
1.16825e-16
-1.11359e-16
-2.29664e-16
-2.43533e-16
-9.37188e-17
1.31806e-17
6.00474e-17
-1.50968e-16
-9.66709e-17
1.945e-17
-1.20176e-16
-1.11417e-16
-6.11775e-18
-2.1913e-17
-1.67069e-17
-1.26847e-16
-2.6951e-16
-2.68831e-16
-1.87859e-16
-3.30426e-16
-3.62392e-16
-2.84942e-16
-1.26692e-16
-1.47618e-16
-2.65259e-16
-3.47624e-16
-3.84474e-18
5.77886e-17
1.26253e-16
1.46944e-16
1.07567e-16
2.11984e-18
-5.59779e-18
5.23304e-17
6.77401e-17
1.63779e-17
1.72005e-16
1.98471e-16
7.92977e-17
1.15912e-16
6.13904e-17
1.64168e-18
-1.35028e-16
-6.10162e-17
4.20621e-17
1.13667e-16
1.07063e-16
1.50876e-17
7.56711e-17
3.16928e-16
1.96897e-16
9.22164e-17
-7.69312e-17
-4.25046e-17
1.44716e-17
-3.14306e-17
9.03158e-17
8.48326e-17
-1.70191e-16
-5.31214e-17
-2.97316e-17
1.6951e-16
2.78518e-16
9.93177e-17
1.25587e-16
8.24755e-17
7.38066e-17
1.29975e-16
1.53991e-16
2.12009e-16
1.77489e-16
1.64784e-16
2.11494e-16
2.66287e-16
2.21993e-16
1.94635e-16
2.47616e-16
3.40668e-16
3.96168e-16
2.32133e-16
1.14504e-16
1.60826e-16
1.30853e-16
3.39714e-17
-7.92902e-17
1.30679e-16
2.86538e-17
1.14889e-16
2.31706e-16
2.37094e-16
3.3403e-16
1.98557e-16
2.57797e-16
1.28785e-16
1.5452e-16
2.40921e-16
1.45106e-16
-7.91926e-17
-9.10398e-17
-1.97241e-16
-1.40531e-16
-2.53649e-16
-3.15035e-16
-3.59827e-16
-2.71525e-16
-1.92684e-17
-1.8506e-17
-4.33635e-17
-3.4401e-17
-8.19017e-17
5.74553e-17
1.30103e-16
1.97576e-17
-2.98749e-20
1.21035e-16
1.23864e-16
2.28351e-16
8.48779e-17
-1.92635e-17
1.2195e-17
-1.1774e-16
-1.0192e-16
8.5235e-17
-1.46677e-17
-6.97053e-17
-1.09033e-16
-4.96477e-17
8.67994e-17
-6.47487e-17
-2.21412e-16
-1.61767e-16
-2.63748e-16
-1.46041e-16
-3.04381e-16
-2.17744e-16
1.55495e-17
3.02915e-17
-1.58801e-16
-2.49276e-16
-2.29263e-16
-7.27803e-17
2.52013e-17
-1.29929e-16
-1.24048e-16
-4.43889e-18
1.17032e-17
-1.48405e-16
-1.1728e-16
-7.54297e-17
3.66036e-17
1.45225e-16
6.92057e-17
2.82771e-16
4.61669e-16
3.35164e-16
2.30438e-16
3.36309e-16
4.89513e-16
4.45486e-16
4.35258e-16
3.51784e-16
2.34656e-16
3.84259e-16
3.7231e-16
3.64866e-16
3.62698e-16
3.60887e-16
2.8741e-16
2.23447e-16
7.42427e-17
1.3207e-16
6.08627e-17
5.22089e-17
5.12911e-17
8.67289e-17
2.03815e-16
3.86437e-16
1.66801e-16
1.12255e-16
1.57662e-16
9.23888e-17
1.8614e-16
1.80254e-16
1.62493e-16
1.90154e-16
7.0655e-17
8.93553e-17
5.47496e-17
-4.07053e-17
2.50342e-16
2.56057e-16
1.2926e-16
)
;
    }
    frontAndBack
    {
        type            empty;
        value           nonuniform 0();
    }
    outlet
    {
        type            calculated;
        value           nonuniform List<scalar> 
20
(
2
2
2
2
2
2
2
2
2
2
2
2
2
2
2
2
2
2
2
2
)
;
    }
    inlet
    {
        type            calculated;
        value           nonuniform List<scalar> 
20
(
-2
-2
-2
-2
-2
-2
-2
-2
-2
-2
-2
-2
-2
-2
-2
-2
-2
-2
-2
-2
)
;
    }
}


// ************************************************************************* //
