//(	x	y	NX	)
(				
(	0.5	0.2	0	)
(	0.55	0.199750052	0.009995335	)
(	0.6	0.199000833	0.019962704	)
(	0.65	0.197754216	0.029874287	)
(	0.7	0.196013316	0.039702538	)
(	0.75	0.193782484	0.04942033	)
(	0.8	0.191067298	0.059001077	)
(	0.85	0.187874543	0.068418858	)
(	0.9	0.184212199	0.077648522	)
(	0.95	0.18008942	0.08666579	)
(	1	0.175516512	0.095447342	)
(	1.05	0.170504904	0.103970888	)
(	1.1	0.165067123	0.11221523	)
(	1.15	0.15921676	0.120160306	)
(	1.2	0.152968437	0.127787227	)
(	1.25	0.146337774	0.135078298	)
(	1.3	0.139341342	0.142017025	)
(	1.35	0.131996629	0.148588114	)
(	1.4	0.124321994	0.154777464	)
(	1.45	0.116336618	0.160572142	)
(	1.5	0.108060461	0.165960364	)
(	0.5	0.4	0	)
(	0.55	0.399750052	0.009995335	)
(	0.6	0.399000833	0.019962704	)
(	0.65	0.397754216	0.029874287	)
(	0.7	0.396013316	0.039702538	)
(	0.75	0.393782484	0.04942033	)
(	0.8	0.391067298	0.059001077	)
(	0.85	0.387874543	0.068418858	)
(	0.9	0.384212199	0.077648522	)
(	0.95	0.38008942	0.08666579	)
(	1	0.375516512	0.095447342	)
(	1.05	0.370504904	0.103970888	)
(	1.1	0.365067123	0.11221523	)
(	1.15	0.35921676	0.120160306	)
(	1.2	0.352968437	0.127787227	)
(	1.25	0.346337774	0.135078298	)
(	1.3	0.339341342	0.142017025	)
(	1.35	0.331996629	0.148588114	)
(	1.4	0.324321994	0.154777464	)
(	1.45	0.316336618	0.160572142	)
(	1.5	0.308060461	0.165960364	)
(	0.5	0.6	0	)
(	0.55	0.599750052	0.009995335	)
(	0.6	0.599000833	0.019962704	)
(	0.65	0.597754216	0.029874287	)
(	0.7	0.596013316	0.039702538	)
(	0.75	0.593782484	0.04942033	)
(	0.8	0.591067298	0.059001077	)
(	0.85	0.587874543	0.068418858	)
(	0.9	0.584212199	0.077648522	)
(	0.95	0.58008942	0.08666579	)
(	1	0.575516512	0.095447342	)
(	1.05	0.570504904	0.103970888	)
(	1.1	0.565067123	0.11221523	)
(	1.15	0.55921676	0.120160306	)
(	1.2	0.552968437	0.127787227	)
(	1.25	0.546337774	0.135078298	)
(	1.3	0.539341342	0.142017025	)
(	1.35	0.531996629	0.148588114	)
(	1.4	0.524321994	0.154777464	)
(	1.45	0.516336618	0.160572142	)
(	1.5	0.508060461	0.165960364	)
(	0.5	0.8	0	)
(	0.55	0.799750052	0.009995335	)
(	0.6	0.799000833	0.019962704	)
(	0.65	0.797754216	0.029874287	)
(	0.7	0.796013316	0.039702538	)
(	0.75	0.793782484	0.04942033	)
(	0.8	0.791067298	0.059001077	)
(	0.85	0.787874543	0.068418858	)
(	0.9	0.784212199	0.077648522	)
(	0.95	0.78008942	0.08666579	)
(	1	0.775516512	0.095447342	)
(	1.05	0.770504904	0.103970888	)
(	1.1	0.765067123	0.11221523	)
(	1.15	0.75921676	0.120160306	)
(	1.2	0.752968437	0.127787227	)
(	1.25	0.746337774	0.135078298	)
(	1.3	0.739341342	0.142017025	)
(	1.35	0.731996629	0.148588114	)
(	1.4	0.724321994	0.154777464	)
(	1.45	0.716336618	0.160572142	)
(	1.5	0.708060461	0.165960364	)
(	0.5	1	0	)
(	0.55	0.999750052	0.009995335	)
(	0.6	0.999000833	0.019962704	)
(	0.65	0.997754216	0.029874287	)
(	0.7	0.996013316	0.039702538	)
(	0.75	0.993782484	0.04942033	)
(	0.8	0.991067298	0.059001077	)
(	0.85	0.987874543	0.068418858	)
(	0.9	0.984212199	0.077648522	)
(	0.95	0.98008942	0.08666579	)
(	1	0.975516512	0.095447342	)
(	1.05	0.970504904	0.103970888	)
(	1.1	0.965067123	0.11221523	)
(	1.15	0.95921676	0.120160306	)
(	1.2	0.952968437	0.127787227	)
(	1.25	0.946337774	0.135078298	)
(	1.3	0.939341342	0.142017025	)
(	1.35	0.931996629	0.148588114	)
(	1.4	0.924321994	0.154777464	)
(	1.45	0.916336618	0.160572142	)
(	1.5	0.908060461	0.165960364	)
(	0.5	0	0	)
(	1.5	0	0.165960364	)
(	1.5	1	0.165960364	)
)				
				
