       np1       np2       ns1       ns2        ne
        80       327        76       576         4
 Edge number           1
         2         1       530
         3         2       510
         4         3       490
         5         4       470
         6         5       450
         7         6       430
         8         7       410
         9         8       390
        10         9       370
        11        10       350
        12        11       330
        13        12       310
        14        13       290
        15        14       270
        16        15       250
        17        16       230
        18        17       210
        19        18       190
        20        19       170
        21        20       149
        22        21       125
        23        22        99
        24        23        76
        25        24        55
        26        25        38
        27        26        25
        28        27        14
        29        28         7
        30        29         1
 Edge number           2
        32        31       576
        33        32       575
        34        33       573
        35        34       565
        36        35       560
        37        36       554
        38        37       540
        39        38       531
        40        39       530
 Edge number           3
        42        41       112
        43        42       113
        44        43       126
        45        44       138
        46        45       150
        47        46       154
        48        47       173
        49        48       193
        50        49       213
        51        50       233
        52        51       252
        53        52       272
        54        53       292
        55        54       312
        56        55       332
        57        56       352
        58        57       372
        59        58       392
        60        59       412
        61        60       431
        62        61       451
        63        62       471
        64        63       491
        65        64       511
        66        65       532
        67        66       548
        68        67       561
        69        68       570
        70        69       576
 Edge number           4
        72        71         1
        73        72         3
        74        73         8
        75        74        15
        76        75        26
        77        76        39
        78        77        56
        79        78        77
        80        79       112
 Face:           1
         2        32        69
        32       214        69
        69       214        70
        32       207       214
       214       215        70
       214       207       215
        32        31       207
        70       215        71
       207       208       215
        31       210       207
       215       216        71
       208       211       215
       207       210       208
        31        30       210
        71       216        72
       215       211       216
       208       224       211
       210       213       208
       210        30       227
       216       217        72
       211       212       216
       224       212       211
       213       224       208
       210       227       213
        30        29       227
        72       217        73
       216       212       217
       224       231       212
       224       213       232
       227       235       213
       227        29       234
       217       218        73
       212       209       217
       212       231       230
       224       232       231
       213       235       232
       227       234       235
        29        28       234
        73       218        74
       218       217       209
       212       230       209
       231       238       230
       237       231       232
       235       236       232
       235       234       249
       234        28       248
       218       219        74
       218       209       229
       209       230       229
       230       238       233
       237       238       231
       232       236       237
       235       249       236
       234       248       249
       248        28        27
        74       219        75
       219       218       220
       218       229       220
       230       233       229
       238       286       233
       237       253       238
       237       236       252
       249       251       236
       250       249       248
       248        27       244
       219       221        75
       219       220       221
       229       226       220
       233       226       229
       233       286       228
       253       286       238
       252       253       237
       236       251       252
       249       250       251
       250       248       244
       244        27        26
        75       221        76
       221       220       225
       220       226       225
       233       228       226
       228       286       287
       288       286       253
       252       262       253
       252       251       261
       259       251       250
       250       244       245
       244        26       239
       221       222        76
       221       225       222
       247       225       226
       226       228       247
       286       288       287
       282       228       287
       288       253       262
       261       262       252
       251       259       261
       245       259       250
       245       244       239
       239        26        25
       222        41        76
       223       222       225
       225       247       223
       247       228       282
       288       291       287
       282       287       290
       262       293       288
       292       262       261
       261       259       260
       246       259       245
       245       239       241
       240       239        25
        76        41         4
        42        41       222
       223        42       222
       223       247       258
       282       258       247
       287       291       290
       288       293       291
       283       282       290
       292       293       262
       292       261       260
       260       259       246
       241       246       245
       241       239       240
       240        25        24
        43        42       223
        43       223       258
       258       282       283
       290       291       295
       293       297       291
       289       283       290
       296       293       292
       292       260       285
       243       260       246
       242       246       241
       263       241       240
       204       240        24
        44        43       258
        44       258       283
       291       297       295
       289       290       295
       296       297       293
       289        45       283
       285       296       292
       285       260       243
       246       242       243
       263       242       241
       240       204       263
        23       204        24
        45        44       283
       295       297       299
       289       295       284
       298       297       296
        46        45       289
       281       296       285
       285       243       279
       243       242       277
       242       263       275
       204       269       263
        23       205       204
       298       299       297
       295       299       284
       284        46       289
       296       281       298
       279       281       285
       243       277       279
       277       242       275
       275       263       269
       205       269       204
        22       205        23
       301       299       298
       284       299       300
        47        46       284
       281       294       298
       280       281       279
       278       279       277
       276       277       275
       270       275       269
       206       269       205
       200       205        22
       294       301       298
       300       299       301
        47       284       300
       281       280       294
       278       280       279
       276       278       277
       270       276       275
       206       270       269
       200       206       205
        21       200        22
       303       301       294
       300       301       302
        48        47       300
       294       280       274
       280       278       273
       278       276       272
       271       276       270
       203       270       206
       201       206       200
       180       200        21
       294       274       303
       302       301       303
        48       300       302
       280       273       274
       278       272       273
       272       276       271
       203       271       270
       203       206       201
       180       201       200
        20       180        21
       274       305       303
       304       302       303
       302        49        48
       274       273       267
       273       272       268
       272       271       265
       264       271       203
       203       201       202
       199       201       180
       179       180        20
       304       303       305
       274       267       305
       304        49       302
       267       273       268
       272       265       268
       265       271       264
       202       264       203
       199       202       201
       179       199       180
        19       179        20
       306       304       305
       267       307       305
       304        50        49
       268       266       267
       265       257       268
       265       264       256
       255       264       202
       199       193       202
       192       199       179
       100       179        19
       307       306       305
       306        50       304
       267       266       307
       257       266       268
       265       256       257
       256       264       255
       193       255       202
       193       199       192
       100       192       179
        18       100        19
       308       306       307
       306        51        50
       266       309       307
       257       254       266
       257       256       198
       256       255       196
       190       255       193
       193       192       191
       178       192       100
        99       100        18
       309       308       307
       308        51       306
       266       254       309
       257       198       254
       256       196       198
       196       255       190
       191       190       193
       191       192       178
        99       178       100
        17        99        18
       310       308       309
       308        52        51
       254       311       309
       254       198       197
       198       196       195
       190       189       196
       190       191       186
       177       191       178
       134       178        99
        93        99        17
       311       310       309
       310        52       308
       254       197       311
       198       195       197
       189       195       196
       190       186       189
       186       191       177
       134       177       178
        93       134        99
        16        93        17
       312       310       311
       310        53        52
       197       313       311
       197       195       194
       195       189       188
       186       185       189
       186       177       182
       176       177       134
        93       157       134
        16       150        93
       313       312       311
       312        53       310
       197       194       313
       195       188       194
       185       188       189
       185       186       182
       176       182       177
       176       134       157
       150       157        93
        15       150        16
       314       312       313
       312        54        53
       194       315       313
       194       188       187
       188       185       184
       182       181       185
       175       182       176
       173       176       157
       150       169       157
        15       151       150
       315       314       313
       314        54       312
       194       187       315
       188       184       187
       181       184       185
       181       182       175
       175       176       173
       173       157       169
       151       169       150
        14       151        15
       316       314       315
       314        55        54
       187       317       315
       187       184       183
       184       181       152
       181       175       174
       172       175       173
       170       173       169
       168       169       151
       149       151        14
       317       316       315
       316        55       314
       187       183       317
       184       152       183
       152       181       174
       174       175       172
       172       173       170
       168       170       169
       149       168       151
        13       149        14
       318       316       317
       316        56        55
       183       319       317
       152       153       183
       152       174       155
       172       171       174
       167       172       170
       170       168       165
       162       168       149
        90       149        13
       319       318       317
       318        56       316
       183       153       319
       152       155       153
       174       171       155
       171       172       167
       170       165       167
       165       168       162
        90       162       149
        12        90        13
       320       318       319
       318        57        56
       153       321       319
       153       155       154
       155       171       156
       167       166       171
       167       165       164
       161       165       162
       158       162        90
        91        90        12
       321       320       319
       320        57       318
       154       321       153
       156       154       155
       166       156       171
       167       164       166
       164       165       161
       161       162       158
       158        90        91
        11        91        12
       326       320       321
       320        58        57
       154       324       321
       145       154       156
       148       156       166
       163       166       164
       164       161       160
       161       158       133
       130       158        91
        11        94        91
       326       321       324
       326        58       320
       145       324       154
       148       145       156
       163       148       166
       164       160       163
       161       133       160
       158       130       133
       130        91        94
        10        94        11
       324       327       326
       326        59        58
       323       324       145
       144       145       148
       163       147       148
       163       160       159
       133       132       160
       129       133       130
       130        94       128
        10        96        94
       327        59       326
       323       327       324
       144       323       145
       148       147       144
       163       159       147
       132       159       160
       132       133       129
       129       130       128
        94        96       128
        96        10         9
       327        60        59
       325       327       323
       322       323       144
       144       147       143
       159       146       147
       141       159       132
       132       129       131
       129       128       127
        96       126       128
         9        95        96
       327       325        60
       325       323       322
       144       143       322
       147       146       143
       159       141       146
       131       141       132
       129       127       131
       126       127       128
        96        95       126
         9         8        95
       325        61        60
       325       322        81
       322       143        88
       146       142       143
       146       141       140
       138       141       131
       131       127       125
       127       126       124
        95       123       126
         8        92        95
       325        81        61
        81       322        88
        88       143       142
       146       140       142
       141       138       140
       131       125       138
       127       124       125
       123       124       126
        95        92       123
         8         7        92
        81        62        61
        88        82        81
        88       142        89
       140       139       142
       140       138       137
       125       135       138
       122       125       124
       121       124       123
        92       120       123
        92         7        97
        82        62        81
        88        89        82
       139        89       142
       140       137       139
       138       135       137
       135       125       122
       122       124       121
       123       120       121
        97       120        92
         7         6        97
        82        63        62
        89        83        82
        87        89       139
       137       136       139
       137       135       111
       135       122       112
       122       121       119
       118       121       120
        97       117       120
        97         6        98
        83        63        82
        87        83        89
       136        87       139
       137       111       136
       111       135       112
       112       122       119
       119       121       118
       118       120       117
        98       117        97
         6         5        98
        64        63        83
        80        83        87
        86        87       136
       111       110       136
       112       109       111
       112       119       107
       116       119       118
       115       118       117
        98       114       117
        98         5        40
        64        83        80
        86        80        87
       110        86       136
       109       110       111
       112       107       109
       107       119       116
       116       118       115
       115       117       114
        39       114        98
        40         5         1
        39        98        40
        65        64        80
        79        80        86
        85        86       110
       110       109       108
       107       105       109
       116       106       107
       113       116       115
        38       115       114
        38       114        39
        65        80        79
        85        79        86
       108        85       110
       105       108       109
       105       107       106
       116       113       106
       113       115        38
        66        65        79
        78        79        85
        84        85       108
       108       105       104
       105       106       103
       113        36       106
        37       113        38
        66        79        78
        84        78        85
       104        84       108
       105       103       104
       106        36       103
       113        37        36
        67        66        78
        77        78        84
       104       101        84
       104       103       102
       103        36        35
        67        78        77
       101        77        84
       104       102       101
       102       103        35
        68        67        77
        68        77        33
       102        34       101
       102        35        34
        77       101        33
       101        34        33
         3        68        33
 1d points
      1        1.000000000000000
      5        0.965517241379310
      6        0.931034482758621
      7        0.896551724137931
      8        0.862068965517242
      9        0.827586206896552
     10        0.793103448275862
     11        0.758620689655173
     12        0.724137931034483
     13        0.689655172413793
     14        0.655172413793104
     15        0.620689655172415
     16        0.586206896551725
     17        0.551724137931035
     18        0.517241379310346
     19        0.482758620689657
     20        0.448275862068967
     21        0.413793103448277
     22        0.379310344827587
     23        0.344827586206898
     24        0.310344827586208
     25        0.275862068965518
     26        0.241379310344829
     27        0.206896551724139
     28        0.172413793103449
     29        0.137931034482759
     30        0.103448275862069
     31        0.068965517241380
     32        0.034482758620690
      2        0.000000000000000
      3        1.000000000000000
     33        0.888888888888889
     34        0.777777777777778
     35        0.666666666666667
     36        0.555555555555556
     37        0.444444444444444
     38        0.333333333333333
     39        0.222222222222222
     40        0.111111111111111
      1        0.000000000000000
      4        1.000000000000000
     41        0.965517241379310
     42        0.931034482758620
     43        0.896551724137931
     44        0.862068965517241
     45        0.827586206896551
     46        0.793103448275861
     47        0.758620689655171
     48        0.724137931034482
     49        0.689655172413792
     50        0.655172413793102
     51        0.620689655172413
     52        0.586206896551723
     53        0.551724137931033
     54        0.517241379310343
     55        0.482758620689654
     56        0.448275862068965
     57        0.413793103448275
     58        0.379310344827585
     59        0.344827586206896
     60        0.310344827586207
     61        0.275862068965517
     62        0.241379310344827
     63        0.206896551724138
     64        0.172413793103448
     65        0.137931034482758
     66        0.103448275862069
     67        0.068965517241379
     68        0.034482758620690
      3        0.000000000000000
      2        1.000000000000000
     69        0.888888888888889
     70        0.777777777777778
     71        0.666666666666667
     72        0.555555555555556
     73        0.444444444444444
     74        0.333333333333333
     75        0.222222222222222
     76        0.111111111111111
      4        0.000000000000000
 2d points
        1.000000000000000       -0.157079000000000       28.571428571428573        0.000000000000000        0.000000000000000       28.571428571428573         0
        0.000000000000000       -0.157079000000000       28.571428571428573        0.000000000000000        0.000000000000000       28.571428571428573         0
        1.000000000000000        0.157079000000000       28.571428571428573        0.000000000000000        0.000000000000000       28.571428571428573         0
        0.000000000000000        0.157079000000000       28.571428571428573        0.000000000000000        0.000000000000000       28.571428571428573         0
        0.965517241379310       -0.157079000000000       28.571428571428573        0.000000000000000        0.000000000000000       28.571428571428573         0
        0.931034482758621       -0.157079000000000       28.571428571428573        0.000000000000000        0.000000000000000       28.571428571428573         0
        0.896551724137931       -0.157079000000000       28.571428571428573        0.000000000000000        0.000000000000000       28.571428571428573         0
        0.862068965517242       -0.157079000000000       28.571428571428573        0.000000000000000        0.000000000000000       28.571428571428573         0
        0.827586206896552       -0.157079000000000       28.571428571428573        0.000000000000000        0.000000000000000       28.571428571428573         0
        0.793103448275862       -0.157079000000000       28.571428571428573        0.000000000000000        0.000000000000000       28.571428571428573         0
        0.758620689655172       -0.157079000000000       28.571428571428573        0.000000000000000        0.000000000000000       28.571428571428573         0
        0.724137931034483       -0.157079000000000       28.571428571428573        0.000000000000000        0.000000000000000       28.571428571428573         0
        0.689655172413793       -0.157079000000000       28.571428571428573        0.000000000000000        0.000000000000000       28.571428571428573         0
        0.655172413793104       -0.157079000000000       28.571428571428573        0.000000000000000        0.000000000000000       28.571428571428573         0
        0.620689655172414       -0.157079000000000       28.571428571428573        0.000000000000000        0.000000000000000       28.571428571428573         0
        0.586206896551725       -0.157079000000000       28.571428571428573        0.000000000000000        0.000000000000000       28.571428571428573         0
        0.551724137931035       -0.157079000000000       28.571428571428573        0.000000000000000        0.000000000000000       28.571428571428573         0
        0.517241379310346       -0.157079000000000       28.571428571428573        0.000000000000000        0.000000000000000       28.571428571428573         0
        0.482758620689657       -0.157079000000000       28.571428571428573        0.000000000000000        0.000000000000000       28.571428571428573         0
        0.448275862068967       -0.157079000000000       28.571428571428573        0.000000000000000        0.000000000000000       28.571428571428573         0
        0.413793103448277       -0.157079000000000       28.571428571428573        0.000000000000000        0.000000000000000       28.571428571428573         0
        0.379310344827587       -0.157079000000000       28.571428571428573        0.000000000000000        0.000000000000000       28.571428571428573         0
        0.344827586206898       -0.157079000000000       28.571428571428573        0.000000000000000        0.000000000000000       28.571428571428573         0
        0.310344827586208       -0.157079000000000       28.571428571428573        0.000000000000000        0.000000000000000       28.571428571428573         0
        0.275862068965518       -0.157079000000000       28.571428571428573        0.000000000000000        0.000000000000000       28.571428571428573         0
        0.241379310344828       -0.157079000000000       28.571428571428573        0.000000000000000        0.000000000000000       28.571428571428573         0
        0.206896551724139       -0.157079000000000       28.571428571428573        0.000000000000000        0.000000000000000       28.571428571428573         0
        0.172413793103449       -0.157079000000000       28.571428571428566        0.000000000000000        0.000000000000000       28.571428571428566         0
        0.137931034482759       -0.157079000000000       28.571428571428573        0.000000000000000        0.000000000000000       28.571428571428573         0
        0.103448275862069       -0.157079000000000       28.571428571428566        0.000000000000000        0.000000000000000       28.571428571428566         0
        0.068965517241380       -0.157079000000000       28.571428571428573        0.000000000000000        0.000000000000000       28.571428571428573         0
        0.034482758620690       -0.157079000000000       28.571428571428566        0.000000000000000        0.000000000000000       28.571428571428566         0
        1.000000000000000        0.122172555555556       28.571428571428573        0.000000000000000        0.000000000000000       28.571428571428573         0
        1.000000000000000        0.087266111111111       28.571428571428573        0.000000000000000        0.000000000000000       28.571428571428573         0
        1.000000000000000        0.052359666666667       28.571428571428573        0.000000000000000        0.000000000000000       28.571428571428573         0
        1.000000000000000        0.017453222222222       28.571428571428573        0.000000000000000        0.000000000000000       28.571428571428573         0
        1.000000000000000       -0.017453222222222       28.571428571428573        0.000000000000000        0.000000000000000       28.571428571428573         0
        1.000000000000000       -0.052359666666667       28.571428571428573        0.000000000000000        0.000000000000000       28.571428571428573         0
        1.000000000000000       -0.087266111111111       28.571428571428573        0.000000000000000        0.000000000000000       28.571428571428573         0
        1.000000000000000       -0.122172555555556       28.571428571428573        0.000000000000000        0.000000000000000       28.571428571428573         0
        0.034482758620690        0.157079000000000       28.571428571428573        0.000000000000000        0.000000000000000       28.571428571428573         0
        0.068965517241380        0.157079000000000       28.571428571428573        0.000000000000000        0.000000000000000       28.571428571428573         0
        0.103448275862069        0.157079000000000       28.571428571428573        0.000000000000000        0.000000000000000       28.571428571428573         0
        0.137931034482759        0.157079000000000       28.571428571428573        0.000000000000000        0.000000000000000       28.571428571428573         0
        0.172413793103449        0.157079000000000       28.571428571428573        0.000000000000000        0.000000000000000       28.571428571428573         0
        0.206896551724139        0.157079000000000       28.571428571428573        0.000000000000000        0.000000000000000       28.571428571428573         0
        0.241379310344828        0.157079000000000       28.571428571428573        0.000000000000000        0.000000000000000       28.571428571428573         0
        0.275862068965518        0.157079000000000       28.571428571428566        0.000000000000000        0.000000000000000       28.571428571428566         0
        0.310344827586208        0.157079000000000       28.571428571428573        0.000000000000000        0.000000000000000       28.571428571428573         0
        0.344827586206898        0.157079000000000       28.571428571428573        0.000000000000000        0.000000000000000       28.571428571428573         0
        0.379310344827587        0.157079000000000       28.571428571428573        0.000000000000000        0.000000000000000       28.571428571428573         0
        0.413793103448277        0.157079000000000       28.571428571428573        0.000000000000000        0.000000000000000       28.571428571428573         0
        0.448275862068967        0.157079000000000       28.571428571428573        0.000000000000000        0.000000000000000       28.571428571428573         0
        0.482758620689657        0.157079000000000       28.571428571428573        0.000000000000000        0.000000000000000       28.571428571428573         0
        0.517241379310346        0.157079000000000       28.571428571428573        0.000000000000000        0.000000000000000       28.571428571428573         0
        0.551724137931036        0.157079000000000       28.571428571428573        0.000000000000000        0.000000000000000       28.571428571428573         0
        0.586206896551725        0.157079000000000       28.571428571428573        0.000000000000000        0.000000000000000       28.571428571428573         0
        0.620689655172415        0.157079000000000       28.571428571428573        0.000000000000000        0.000000000000000       28.571428571428573         0
        0.655172413793104        0.157079000000000       28.571428571428573        0.000000000000000        0.000000000000000       28.571428571428573         0
        0.689655172413793        0.157079000000000       28.571428571428573        0.000000000000000        0.000000000000000       28.571428571428573         0
        0.724137931034483        0.157079000000000       28.571428571428573        0.000000000000000        0.000000000000000       28.571428571428573         0
        0.758620689655172        0.157079000000000       28.571428571428573        0.000000000000000        0.000000000000000       28.571428571428573         0
        0.793103448275862        0.157079000000000       28.571428571428573        0.000000000000000        0.000000000000000       28.571428571428573         0
        0.827586206896552        0.157079000000000       28.571428571428573        0.000000000000000        0.000000000000000       28.571428571428573         0
        0.862068965517242        0.157079000000000       28.571428571428573        0.000000000000000        0.000000000000000       28.571428571428573         0
        0.896551724137931        0.157079000000000       28.571428571428573        0.000000000000000        0.000000000000000       28.571428571428573         0
        0.931034482758621        0.157079000000000       28.571428571428573        0.000000000000000        0.000000000000000       28.571428571428573         0
        0.965517241379310        0.157079000000000       28.571428571428573        0.000000000000000        0.000000000000000       28.571428571428573         0
        0.000000000000000       -0.122172555555556       28.571428571428573        0.000000000000000        0.000000000000000       28.571428571428573         0
        0.000000000000000       -0.087266111111111       28.571428571428573        0.000000000000000        0.000000000000000       28.571428571428573         0
        0.000000000000000       -0.052359666666667       28.571428571428573        0.000000000000000        0.000000000000000       28.571428571428573         0
        0.000000000000000       -0.017453222222222       28.571428571428573        0.000000000000000        0.000000000000000       28.571428571428573         0
        0.000000000000000        0.017453222222222       28.571428571428573        0.000000000000000        0.000000000000000       28.571428571428573         0
        0.000000000000000        0.052359666666667       28.571428571428573        0.000000000000000        0.000000000000000       28.571428571428573         0
        0.000000000000000        0.087266111111111       28.571428571428573        0.000000000000000        0.000000000000000       28.571428571428573         0
        0.000000000000000        0.122172555555556       28.571428571428573        0.000000000000000        0.000000000000000       28.571428571428573         0
        0.952148639047081        0.127399877407197       28.571428571428573        0.000000000000000        0.000000000000000       28.571428571428573         0
        0.915962242879503        0.127030039878259       28.571428571428573        0.000000000000000        0.000000000000000       28.571428571428573         0
        0.880640522958352        0.127181787984352       28.571428571428573        0.000000000000000        0.000000000000000       28.571428571428573         0
        0.845681911660012        0.126754011637150       28.571428571428566        0.000000000000000        0.000000000000000       28.571428571428566         0
        0.741537788025633        0.127022952883031       28.571428571428573        0.000000000000000        0.000000000000000       28.571428571428573         0
        0.776145195839787        0.127050934279276       28.571428571428573        0.000000000000000        0.000000000000000       28.571428571428573         0
        0.810898959306462        0.127051818138378       28.571428571428573        0.000000000000000        0.000000000000000       28.571428571428573         0
        0.932535970276500        0.098490342946267       28.571428571428573        0.000000000000000        0.000000000000000       28.571428571428573         0
        0.898833001496940        0.097703471581504       28.571428571428566        0.000000000000000        0.000000000000000       28.571428571428566         0
        0.863789266956242        0.097159238821203       28.571428571428573        0.000000000000000        0.000000000000000       28.571428571428573         0
        0.829002169815155        0.096913308907597       28.571428571428573        0.000000000000000        0.000000000000000       28.571428571428573         0
        0.759087950945621        0.096632908550424       28.571428571428573        0.000000000000000        0.000000000000000       28.571428571428573         0
        0.793900367734197        0.096709065707536       28.571428571428573        0.000000000000000        0.000000000000000       28.571428571428573         0
        0.707156834641921       -0.119239303413069       28.571428571428573        0.000000000000000        0.000000000000000       28.571428571428573         0
        0.741743393937796       -0.119101606836062       28.571428571428573        0.000000000000000        0.000000000000000       28.571428571428573         0
        0.882886490912510       -0.117452088159703       28.571428571428566        0.000000000000000        0.000000000000000       28.571428571428566         0
        0.569376548311937       -0.119601896033736       28.571428571428573        0.000000000000000        0.000000000000000       28.571428571428573         0
        0.776504565784556       -0.118896340662096       28.571428571428566        0.000000000000000        0.000000000000000       28.571428571428566         0
        0.846945957791099       -0.118084897646631       28.571428571428573        0.000000000000000        0.000000000000000       28.571428571428573         0
        0.811538620467458       -0.118572826838309       28.571428571428573        0.000000000000000        0.000000000000000       28.571428571428573         0
        0.919923078797662       -0.116804534419672       28.571428571428566        0.000000000000000        0.000000000000000       28.571428571428566         0
        0.958399404290533       -0.115253999996099       28.571428571428573        0.000000000000000        0.000000000000000       28.571428571428573         0
        0.534960312306883       -0.119683734590365       28.571428571428573        0.000000000000000        0.000000000000000       28.571428571428573         0
        0.500544600252513       -0.119765117955334       28.571428571428573        0.000000000000000        0.000000000000000       28.571428571428573         0
        0.969878956324694        0.097728720199008       28.571428571428573        0.000000000000000        0.000000000000000       28.571428571428573         0
        0.978737861907198        0.069273207082659       28.571428571428573        0.000000000000000        0.000000000000000       28.571428571428573         0
        0.968509172796579        0.040869099588719       28.571428571428573        0.000000000000000        0.000000000000000       28.571428571428573         0
        0.948553252445547        0.067753227857789       28.571428571428573        0.000000000000000        0.000000000000000       28.571428571428573         0
        0.934447444213320        0.037155029253795       28.571428571428566        0.000000000000000        0.000000000000000       28.571428571428566         0
        0.954204107685185        0.008900800334907       28.571428571428573        0.000000000000000        0.000000000000000       28.571428571428573         0
        0.919255345024113        0.005860153561781       28.571428571428566        0.000000000000000        0.000000000000000       28.571428571428566         0
        0.915915950895358        0.067317283979113       28.571428571428573        0.000000000000000        0.000000000000000       28.571428571428573         0
        0.900292056834642        0.035937316978227       28.571428571428573        0.000000000000000        0.000000000000000       28.571428571428573         0
        0.881936022837908        0.066626900383854       28.571428571428573        0.000000000000000        0.000000000000000       28.571428571428573         0
        0.865325964970652        0.035194726889103       28.571428571428566        0.000000000000000        0.000000000000000       28.571428571428566         0
        0.883888308878882        0.004266533520293       28.571428571428573        0.000000000000000        0.000000000000000       28.571428571428573         0
        0.972317829065059       -0.020127961815962       28.571428571428573        0.000000000000000        0.000000000000000       28.571428571428573         0
        0.968146587256913       -0.080769975992141       28.571428571428573        0.000000000000000        0.000000000000000       28.571428571428573         0
        0.953996413400287       -0.052651960594486       28.571428571428566        0.000000000000000        0.000000000000000       28.571428571428566         0
        0.937070927106423       -0.023451476021190       28.571428571428573        0.000000000000000        0.000000000000000       28.571428571428573         0
        0.936460474367308       -0.085987590578042       28.571428571428573        0.000000000000000        0.000000000000000       28.571428571428573         0
        0.919643050240742       -0.055940904023813       28.571428571428573        0.000000000000000        0.000000000000000       28.571428571428573         0
        0.902115340872479       -0.026091142441269       28.571428571428573        0.000000000000000        0.000000000000000       28.571428571428573         0
        0.901891272166404       -0.087679002074196       28.571428571428566        0.000000000000000        0.000000000000000       28.571428571428566         0
        0.884359519530963       -0.058009283303158       28.571428571428566        0.000000000000000        0.000000000000000       28.571428571428566         0
        0.866459177480292       -0.027700414629514       28.571428571428573        0.000000000000000        0.000000000000000       28.571428571428573         0
        0.865960161933996       -0.088793385549913       28.571428571428573        0.000000000000000        0.000000000000000       28.571428571428573         0
        0.848433883780904       -0.059255411056574       28.571428571428573        0.000000000000000        0.000000000000000       28.571428571428573         0
        0.830543597189203       -0.028645878689397       28.571428571428573        0.000000000000000        0.000000000000000       28.571428571428573         0
        0.830023615115438       -0.089599988072166       28.571428571428573        0.000000000000000        0.000000000000000       28.571428571428573         0
        0.812557604949827       -0.060016563583311       28.571428571428573        0.000000000000000        0.000000000000000       28.571428571428573         0
        0.794476451432782       -0.090130660168908       28.571428571428573        0.000000000000000        0.000000000000000       28.571428571428573         0
        0.777092215274970       -0.060463901002143       28.571428571428573        0.000000000000000        0.000000000000000       28.571428571428573         0
        0.759366260947636       -0.090449655493174       28.571428571428566        0.000000000000000        0.000000000000000       28.571428571428566         0
        0.794847855414353       -0.029195772229741       28.571428571428573        0.000000000000000        0.000000000000000       28.571428571428573         0
        0.759589173370791       -0.029504437161677       28.571428571428573        0.000000000000000        0.000000000000000       28.571428571428573         0
        0.742073293980526       -0.060715859363954       28.571428571428566        0.000000000000000        0.000000000000000       28.571428571428566         0
        0.552398036927959       -0.091046358693791       28.571428571428573        0.000000000000000        0.000000000000000       28.571428571428573         0
        0.848208327625899        0.003331097366253       28.571428571428566        0.000000000000000        0.000000000000000       28.571428571428566         0
        0.847009573255865        0.066209186326098       28.571428571428573        0.000000000000000        0.000000000000000       28.571428571428573         0
        0.829914839578770        0.034712797131771       28.571428571428573        0.000000000000000        0.000000000000000       28.571428571428573         0
        0.812503968162609        0.002768610986540       28.571428571428573        0.000000000000000        0.000000000000000       28.571428571428573         0
        0.811824061396255        0.065909919662596       28.571428571428573        0.000000000000000        0.000000000000000       28.571428571428573         0
        0.794525572288600        0.034406159178141       28.571428571428573        0.000000000000000        0.000000000000000       28.571428571428573         0
        0.777092770396607        0.002439631753183       28.571428571428573        0.000000000000000        0.000000000000000       28.571428571428573         0
        0.776714385862342        0.065727021798467       28.571428571428573        0.000000000000000        0.000000000000000       28.571428571428573         0
        0.741831074755455        0.065537579264061       28.571428571428566        0.000000000000000        0.000000000000000       28.571428571428566         0
        0.707269758957777        0.065577431011754       28.571428571428566        0.000000000000000        0.000000000000000       28.571428571428566         0
        0.672779558488049        0.065517313453641       28.571428571428573        0.000000000000000        0.000000000000000       28.571428571428573         0
        0.759389819591663        0.034244035016572       28.571428571428573        0.000000000000000        0.000000000000000       28.571428571428573         0
        0.724671335925355        0.034141578088676       28.571428571428573        0.000000000000000        0.000000000000000       28.571428571428573         0
        0.690098445645193        0.034036654556719       28.571428571428573        0.000000000000000        0.000000000000000       28.571428571428573         0
        0.672666033366550       -0.119344034897195       28.571428571428573        0.000000000000000        0.000000000000000       28.571428571428573         0
        0.603795120428102       -0.119519237375429       28.571428571428573        0.000000000000000        0.000000000000000       28.571428571428573         0
        0.638220929231456       -0.119434468610770       28.571428571428573        0.000000000000000        0.000000000000000       28.571428571428573         0
        0.586953397252869        0.033862729758386       28.571428571428566        0.000000000000000        0.000000000000000       28.571428571428566         0
        0.603996471608016        0.065408344322048       28.571428571428573        0.000000000000000        0.000000000000000       28.571428571428573         0
        0.638368937004464        0.065460987661512       28.571428571428573        0.000000000000000        0.000000000000000       28.571428571428573         0
        0.621293864235291        0.033912140286425       28.571428571428573        0.000000000000000        0.000000000000000       28.571428571428573         0
        0.655663128447822        0.033967554521200       28.571428571428573        0.000000000000000        0.000000000000000       28.571428571428573         0
        0.586778519811907       -0.090980080778695       28.571428571428573        0.000000000000000        0.000000000000000       28.571428571428573         0
        0.724593828675970       -0.090636647863796       28.571428571428573        0.000000000000000        0.000000000000000       28.571428571428573         0
        0.742089569703388        0.002259590141882       28.571428571428573        0.000000000000000        0.000000000000000       28.571428571428573         0
        0.724736175990407       -0.029678404818700       28.571428571428573        0.000000000000000        0.000000000000000       28.571428571428573         0
        0.707381112033337       -0.060860420667809       28.571428571428573        0.000000000000000        0.000000000000000       28.571428571428573         0
        0.690029527183526       -0.090754238825535       28.571428571428566        0.000000000000000        0.000000000000000       28.571428571428566         0
        0.707410908649237        0.002137821759397       28.571428571428573        0.000000000000000        0.000000000000000       28.571428571428573         0
        0.690152853636820       -0.029785528043745       28.571428571428573        0.000000000000000        0.000000000000000       28.571428571428573         0
        0.672878528353386       -0.060952473582039       28.571428571428573        0.000000000000000        0.000000000000000       28.571428571428573         0
        0.672918612170304        0.002054725419014       28.571428571428566        0.000000000000000        0.000000000000000       28.571428571428566         0
        0.655715486834444       -0.029858885717567       28.571428571428573        0.000000000000000        0.000000000000000       28.571428571428573         0
        0.655573308661107       -0.090839880069370       28.571428571428573        0.000000000000000        0.000000000000000       28.571428571428573         0
        0.621166051164804       -0.090912368055066       28.571428571428573        0.000000000000000        0.000000000000000       28.571428571428573         0
        0.638469365658542       -0.061021049494976       28.571428571428573        0.000000000000000        0.000000000000000       28.571428571428573         0
        0.638528276835438        0.001992047281421       28.571428571428573        0.000000000000000        0.000000000000000       28.571428571428573         0
        0.621347565525806       -0.029917287842156       28.571428571428573        0.000000000000000        0.000000000000000       28.571428571428573         0
        0.604100811973443       -0.061080306159007       28.571428571428573        0.000000000000000        0.000000000000000       28.571428571428573         0
        0.604184636510358        0.001939059130279       28.571428571428566        0.000000000000000        0.000000000000000       28.571428571428566         0
        0.587008818017116       -0.029969597440177       28.571428571428573        0.000000000000000        0.000000000000000       28.571428571428573         0
        0.569747982784229       -0.061136391036248       28.571428571428573        0.000000000000000        0.000000000000000       28.571428571428573         0
        0.535400489047638       -0.061191750069963       28.571428571428573        0.000000000000000        0.000000000000000       28.571428571428573         0
        0.518019668106648       -0.091112355355658       28.571428571428573        0.000000000000000        0.000000000000000       28.571428571428573         0
        0.466128702069006       -0.119846048148769       28.571428571428573        0.000000000000000        0.000000000000000       28.571428571428573         0
        0.431712000602684       -0.119926333971333       28.571428571428573        0.000000000000000        0.000000000000000       28.571428571428573         0
        0.569859938214600        0.001890298641411       28.571428571428573        0.000000000000000        0.000000000000000       28.571428571428573         0
        0.552680940473330       -0.030019817298646       28.571428571428573        0.000000000000000        0.000000000000000       28.571428571428573         0
        0.569640206179998        0.065358197736433       28.571428571428573        0.000000000000000        0.000000000000000       28.571428571428573         0
        0.552624248256974        0.033816207049749       28.571428571428573        0.000000000000000        0.000000000000000       28.571428571428573         0
        0.535542010059478        0.001843134856552       28.571428571428573        0.000000000000000        0.000000000000000       28.571428571428573         0
        0.518356505962523       -0.030069634918470       28.571428571428573        0.000000000000000        0.000000000000000       28.571428571428573         0
        0.535290116408141        0.065309448847634       28.571428571428573        0.000000000000000        0.000000000000000       28.571428571428573         0
        0.518298955401717        0.033770886762483       28.571428571428573        0.000000000000000        0.000000000000000       28.571428571428573         0
        0.501225990003584        0.001796346492255       28.571428571428573        0.000000000000000        0.000000000000000       28.571428571428573         0
        0.484032672975606       -0.030119610174259       28.571428571428573        0.000000000000000        0.000000000000000       28.571428571428573         0
        0.501054389711773       -0.061247198886350       28.571428571428573        0.000000000000000        0.000000000000000       28.571428571428573         0
        0.483641599378142       -0.091178327239995       28.571428571428566        0.000000000000000        0.000000000000000       28.571428571428566         0
        0.466708100084659       -0.061302829008156       28.571428571428573        0.000000000000000        0.000000000000000       28.571428571428573         0
        0.500942003543334        0.065261289267396       28.571428571428573        0.000000000000000        0.000000000000000       28.571428571428573         0
        0.483974494398562        0.033725915025262       28.571428571428573        0.000000000000000        0.000000000000000       28.571428571428573         0
        0.466909831900603        0.001749534576711       28.571428571428573        0.000000000000000        0.000000000000000       28.571428571428573         0
        0.466594021473920        0.065213255812437       28.571428571428573        0.000000000000000        0.000000000000000       28.571428571428573         0
        0.449649212118088        0.033681043316586       28.571428571428573        0.000000000000000        0.000000000000000       28.571428571428573         0
        0.449262883908367       -0.091244139233339       28.571428571428566        0.000000000000000        0.000000000000000       28.571428571428566         0
        0.397293163205808       -0.120005480003978       28.571428571428573        0.000000000000000        0.000000000000000       28.571428571428573         0
        0.414882057188762       -0.091309312566052       28.571428571428573        0.000000000000000        0.000000000000000       28.571428571428573         0
        0.432360212508463       -0.061358314143293       28.571428571428573        0.000000000000000        0.000000000000000       28.571428571428573         0
        0.398007663853425       -0.061412729021127       28.571428571428573        0.000000000000000        0.000000000000000       28.571428571428573         0
        0.328432917269161       -0.120153269217510       28.571428571428573        0.000000000000000        0.000000000000000       28.571428571428573         0
        0.362869014542238       -0.120082199546277       28.571428571428573        0.000000000000000        0.000000000000000       28.571428571428573         0
        0.380495572909086       -0.091372599556959       28.571428571428573        0.000000000000000        0.000000000000000       28.571428571428573         0
        0.053024827102826       -0.118080731829858       28.571428571428573        0.000000000000000        0.000000000000000       28.571428571428573         0
        0.071707945928687       -0.088250837234638       28.571428571428573        0.000000000000000        0.000000000000000       28.571428571428573         0
        0.057383289215351        0.008232970048240       28.571428571428573        0.000000000000000        0.000000000000000       28.571428571428573         0
        0.087277261757883       -0.119183525966780       28.571428571428566        0.000000000000000        0.000000000000000       28.571428571428566         0
        0.057273242982591       -0.057527751225069       28.571428571428573        0.000000000000000        0.000000000000000       28.571428571428573         0
        0.067297171629747       -0.025421956799385       28.571428571428566        0.000000000000000        0.000000000000000       28.571428571428566         0
        0.104881074544049       -0.089563368996136       28.571428571428573        0.000000000000000        0.000000000000000       28.571428571428573         0
        0.023142139878016       -0.112005941275031       28.571428571428573        0.000000000000000        0.000000000000000       28.571428571428573         0
        0.030668207777756       -0.077906911798379       28.571428571428573        0.000000000000000        0.000000000000000       28.571428571428573         0
        0.028073198574673       -0.040309686541550       28.571428571428573        0.000000000000000        0.000000000000000       28.571428571428573         0
        0.027871130060594       -0.002790837049146       28.571428571428573        0.000000000000000        0.000000000000000       28.571428571428573         0
        0.030188060645882        0.033874454811847       28.571428571428573        0.000000000000000        0.000000000000000       28.571428571428573         0
        0.022733679882811        0.066336793417816       28.571428571428573        0.000000000000000        0.000000000000000       28.571428571428573         0
        0.053487387480297        0.067451371157919       28.571428571428573        0.000000000000000        0.000000000000000       28.571428571428573         0
        0.033853589584624        0.095227888527464       28.571428571428573        0.000000000000000        0.000000000000000       28.571428571428573         0
        0.049064671219010        0.125534675994625       28.571428571428573        0.000000000000000        0.000000000000000       28.571428571428573         0
        0.084883421228182        0.125707190770417       28.571428571428573        0.000000000000000        0.000000000000000       28.571428571428573         0
        0.088388252267042       -0.057559431424926       28.571428571428573        0.000000000000000        0.000000000000000       28.571428571428573         0
        0.068395388957962        0.096745451300846       28.571428571428573        0.000000000000000        0.000000000000000       28.571428571428573         0
        0.087376867838450        0.066821187299609       28.571428571428573        0.000000000000000        0.000000000000000       28.571428571428573         0
        0.121432251822763       -0.119578052103570       28.571428571428573        0.000000000000000        0.000000000000000       28.571428571428573         0
        0.121412099386566        0.065960886867677       28.571428571428573        0.000000000000000        0.000000000000000       28.571428571428573         0
        0.071973634287825        0.036616151216518       28.571428571428573        0.000000000000000        0.000000000000000       28.571428571428573         0
        0.088586620609941        0.004085602455114       28.571428571428573        0.000000000000000        0.000000000000000       28.571428571428573         0
        0.103843343159407       -0.027620862737786       28.571428571428573        0.000000000000000        0.000000000000000       28.571428571428573         0
        0.121839497310536       -0.059408008576925       28.571428571428573        0.000000000000000        0.000000000000000       28.571428571428573         0
        0.105119915086883        0.035281520932857       28.571428571428573        0.000000000000000        0.000000000000000       28.571428571428573         0
        0.155821894917958       -0.119896542794626       28.571428571428573        0.000000000000000        0.000000000000000       28.571428571428573         0
        0.138891712891136       -0.090410935426261       28.571428571428573        0.000000000000000        0.000000000000000       28.571428571428573         0
        0.156229227003414       -0.060477563958536       28.571428571428573        0.000000000000000        0.000000000000000       28.571428571428573         0
        0.138879486570435       -0.028888352605862       28.571428571428573        0.000000000000000        0.000000000000000       28.571428571428573         0
        0.121996702990791        0.003083991855050       28.571428571428573        0.000000000000000        0.000000000000000       28.571428571428573         0
        0.259475987256681       -0.120241925943622       28.571428571428573        0.000000000000000        0.000000000000000       28.571428571428573         0
        0.293973431809296       -0.120211366660773       28.571428571428573        0.000000000000000        0.000000000000000       28.571428571428573         0
        0.277184443402916       -0.091492298629175       28.571428571428573        0.000000000000000        0.000000000000000       28.571428571428573         0
        0.294805400720879       -0.061523628465756       28.571428571428573        0.000000000000000        0.000000000000000       28.571428571428573         0
        0.277791804501194       -0.030329390507257       28.571428571428573        0.000000000000000        0.000000000000000       28.571428571428573         0
        0.224932197889721       -0.120220446222488       28.571428571428573        0.000000000000000        0.000000000000000       28.571428571428573         0
        0.242627319382862       -0.091448725502823       28.571428571428573        0.000000000000000        0.000000000000000       28.571428571428573         0
        0.260271518430935       -0.061492090656510       28.571428571428573        0.000000000000000        0.000000000000000       28.571428571428573         0
        0.103195751134987        0.096396084304717       28.571428571428573        0.000000000000000        0.000000000000000       28.571428571428573         0
        0.190359284465488       -0.120114304585304       28.571428571428566        0.000000000000000        0.000000000000000       28.571428571428566         0
        0.173361931397389       -0.090973937780068       28.571428571428573        0.000000000000000        0.000000000000000       28.571428571428573         0
        0.207997317104728       -0.091297221795987       28.571428571428573        0.000000000000000        0.000000000000000       28.571428571428573         0
        0.190907233147027       -0.061062770637748       28.571428571428573        0.000000000000000        0.000000000000000       28.571428571428573         0
        0.173655924903383       -0.029632678933872       28.571428571428573        0.000000000000000        0.000000000000000       28.571428571428573         0
        0.156377934233159        0.002393854415305       28.571428571428573        0.000000000000000        0.000000000000000       28.571428571428573         0
        0.432244601522361        0.065165256131740       28.571428571428573        0.000000000000000        0.000000000000000       28.571428571428573         0
        0.449707919134347       -0.030169698998554       28.571428571428573        0.000000000000000        0.000000000000000       28.571428571428573         0
        0.432591730984923        0.001702852417534       28.571428571428573        0.000000000000000        0.000000000000000       28.571428571428573         0
        0.415320684119501        0.033636515962680       28.571428571428573        0.000000000000000        0.000000000000000       28.571428571428573         0
        0.120363520032112        0.125657067060166       28.571428571428573        0.000000000000000        0.000000000000000       28.571428571428573         0
        0.225628392909461       -0.061363147942955       28.571428571428566        0.000000000000000        0.000000000000000       28.571428571428566         0
        0.243183169662312       -0.030252848453097       28.571428571428573        0.000000000000000        0.000000000000000       28.571428571428573         0
        0.208449777293977       -0.030048480769087       28.571428571428573        0.000000000000000        0.000000000000000       28.571428571428573         0
        0.191101867380927        0.001945241845369       28.571428571428566        0.000000000000000        0.000000000000000       28.571428571428566         0
        0.311666162193547       -0.091476157736486       28.571428571428573        0.000000000000000        0.000000000000000       28.571428571428573         0
        0.415379900537670       -0.030219352296658       28.571428571428573        0.000000000000000        0.000000000000000       28.571428571428573         0
        0.398267846236690        0.001657070868893       28.571428571428573        0.000000000000000        0.000000000000000       28.571428571428573         0
        0.397890567846251        0.065117575134703       28.571428571428573        0.000000000000000        0.000000000000000       28.571428571428573         0
        0.363524424181084        0.065071095605332       28.571428571428573        0.000000000000000        0.000000000000000       28.571428571428573         0
        0.380983180889495        0.033593247556159       28.571428571428573        0.000000000000000        0.000000000000000       28.571428571428573         0
        0.346095409679175       -0.091430782099295       28.571428571428573        0.000000000000000        0.000000000000000       28.571428571428573         0
        0.363643126902414       -0.061463666150349       28.571428571428573        0.000000000000000        0.000000000000000       28.571428571428573         0
        0.381042969244688       -0.030267070368762       28.571428571428573        0.000000000000000        0.000000000000000       28.571428571428573         0
        0.363929051568557        0.001614247864275       28.571428571428573        0.000000000000000        0.000000000000000       28.571428571428573         0
        0.346623798689496        0.033553599929471       28.571428571428573        0.000000000000000        0.000000000000000       28.571428571428573         0
        0.329130327419907        0.065028019088538       28.571428571428573        0.000000000000000        0.000000000000000       28.571428571428573         0
        0.329251232759311       -0.061505139887581       28.571428571428573        0.000000000000000        0.000000000000000       28.571428571428573         0
        0.346684382982300       -0.030309032099465       28.571428571428573        0.000000000000000        0.000000000000000       28.571428571428573         0
        0.312279711949399       -0.030336197707333       28.571428571428566        0.000000000000000        0.000000000000000       28.571428571428566         0
        0.329556257523899        0.001579444010955       28.571428571428573        0.000000000000000        0.000000000000000       28.571428571428573         0
        0.295116480257794        0.001564019362919       28.571428571428573        0.000000000000000        0.000000000000000       28.571428571428573         0
        0.312217687711750        0.033523178215807       28.571428571428573        0.000000000000000        0.000000000000000       28.571428571428573         0
        0.277726671087327        0.033514131845131       28.571428571428566        0.000000000000000        0.000000000000000       28.571428571428566         0
        0.138079705816792        0.095989447018024       28.571428571428573        0.000000000000000        0.000000000000000       28.571428571428573         0
        0.155335140646598        0.125633192365774       28.571428571428573        0.000000000000000        0.000000000000000       28.571428571428573         0
        0.224743751939717        0.125734006722745       28.571428571428573        0.000000000000000        0.000000000000000       28.571428571428573         0
        0.260567352434419        0.001590654180343       28.571428571428573        0.000000000000000        0.000000000000000       28.571428571428573         0
        0.139068893063969        0.034437409522333       28.571428571428573        0.000000000000000        0.000000000000000       28.571428571428573         0
        0.155932737270626        0.065405588993929       28.571428571428566        0.000000000000000        0.000000000000000       28.571428571428566         0
        0.173608126348273        0.033940857115643       28.571428571428573        0.000000000000000        0.000000000000000       28.571428571428573         0
        0.190094969730116        0.125665214057452       28.571428571428573        0.000000000000000        0.000000000000000       28.571428571428573         0
        0.172941073230268        0.095774462030939       28.571428571428573        0.000000000000000        0.000000000000000       28.571428571428573         0
        0.190693137243163        0.065123937645812       28.571428571428573        0.000000000000000        0.000000000000000       28.571428571428573         0
        0.225882573415120        0.001698684029791       28.571428571428573        0.000000000000000        0.000000000000000       28.571428571428573         0
        0.208372332409627        0.033672016722761       28.571428571428573        0.000000000000000        0.000000000000000       28.571428571428573         0
        0.294680192387056        0.064993494558963       28.571428571428573        0.000000000000000        0.000000000000000       28.571428571428573         0
        0.207738947552583        0.095703546694418       28.571428571428573        0.000000000000000        0.000000000000000       28.571428571428573         0
        0.243111795011777        0.033550137622209       28.571428571428573        0.000000000000000        0.000000000000000       28.571428571428573         0
        0.225466804750351        0.065007435449151       28.571428571428573        0.000000000000000        0.000000000000000       28.571428571428573         0
        0.260135711326672        0.064978848091334       28.571428571428573        0.000000000000000        0.000000000000000       28.571428571428573         0
        0.242431700110448        0.095708725037906       28.571428571428573        0.000000000000000        0.000000000000000       28.571428571428573         0
        0.259309232574690        0.125819590863637       28.571428571428566        0.000000000000000        0.000000000000000       28.571428571428566         0
        0.277010888989885        0.095748547178026       28.571428571428573        0.000000000000000        0.000000000000000       28.571428571428573         0
        0.293811551016018        0.125911282773069       28.571428571428573        0.000000000000000        0.000000000000000       28.571428571428573         0
        0.311500217900517        0.095802924710096       28.571428571428573        0.000000000000000        0.000000000000000       28.571428571428573         0
        0.328272559814992        0.126004765984046       28.571428571428573        0.000000000000000        0.000000000000000       28.571428571428573         0
        0.345932912445448        0.095863097551405       28.571428571428573        0.000000000000000        0.000000000000000       28.571428571428573         0
        0.362710590023891        0.126098472991625       28.571428571428566        0.000000000000000        0.000000000000000       28.571428571428566         0
        0.380335686949224        0.095925391102105       28.571428571428573        0.000000000000000        0.000000000000000       28.571428571428573         0
        0.397137586013587        0.126191797149506       28.571428571428566        0.000000000000000        0.000000000000000       28.571428571428566         0
        0.414724802296092        0.095988272683028       28.571428571428573        0.000000000000000        0.000000000000000       28.571428571428573         0
        0.431559964783850        0.126284466922869       28.571428571428573        0.000000000000000        0.000000000000000       28.571428571428573         0
        0.449108459219198        0.096051107760070       28.571428571428573        0.000000000000000        0.000000000000000       28.571428571428573         0
        0.465980697132822        0.126376353278628       28.571428571428573        0.000000000000000        0.000000000000000       28.571428571428573         0
        0.483490268136406        0.096113657994177       28.571428571428573        0.000000000000000        0.000000000000000       28.571428571428573         0
        0.500401043233401        0.126467412734403       28.571428571428566        0.000000000000000        0.000000000000000       28.571428571428566         0
        0.517871794442731        0.096175911252484       28.571428571428573        0.000000000000000        0.000000000000000       28.571428571428573         0
        0.534821643706316        0.126557658021381       28.571428571428573        0.000000000000000        0.000000000000000       28.571428571428573         0
        0.552254168198500        0.096238019897829       28.571428571428573        0.000000000000000        0.000000000000000       28.571428571428573         0
        0.569243229175505        0.126646994960332       28.571428571428573        0.000000000000000        0.000000000000000       28.571428571428573         0
        0.586639423672739        0.096300087949657       28.571428571428573        0.000000000000000        0.000000000000000       28.571428571428573         0
        0.603667358355392        0.126734489530701       28.571428571428573        0.000000000000000        0.000000000000000       28.571428571428573         0
        0.621032441040872        0.096361633720116       28.571428571428566        0.000000000000000        0.000000000000000       28.571428571428566         0
        0.724341015318594        0.096483207929647       28.571428571428573        0.000000000000000        0.000000000000000       28.571428571428573         0
        0.689901379678092        0.096483323514666       28.571428571428573        0.000000000000000        0.000000000000000       28.571428571428573         0
        0.655444667253256        0.096421731617232       28.571428571428566        0.000000000000000        0.000000000000000       28.571428571428566         0
        0.706976949290480        0.126885868136428       28.571428571428573        0.000000000000000        0.000000000000000       28.571428571428573         0
        0.638097533673819        0.126815862157372       28.571428571428573        0.000000000000000        0.000000000000000       28.571428571428573         0
        0.672540215412435        0.126876069965128       28.571428571428573        0.000000000000000        0.000000000000000       28.571428571428573         0
