/*--------------------------------*- C++ -*----------------------------------*\
  =========                 |
  \\      /  F ield         | OpenFOAM: The Open Source CFD Toolbox
   \\    /   O peration     | Website:  https://openfoam.org
    \\  /    A nd           | Version:  6
     \\/     M anipulation  |
\*---------------------------------------------------------------------------*/
FoamFile
{
    version     2.0;
    format      ascii;
    class       surfaceScalarField;
    location    "70";
    object      phi;
}
// * * * * * * * * * * * * * * * * * * * * * * * * * * * * * * * * * * * * * //

dimensions      [0 3 -1 0 0 0 0];

internalField   nonuniform List<scalar> 
7780
(
2
2.06312e-16
2
-1.60992e-17
2
-8.65913e-17
2
8.45279e-17
2
3.97726e-17
2
1.64332e-16
2
2.1605e-16
2
1.37571e-16
2
2.19947e-16
2
2.36105e-16
2
3.30522e-16
2
1.68619e-16
2
1.71103e-16
2
1.43593e-16
2
1.75045e-16
2
2.47791e-16
2
1.37778e-16
2
9.67859e-17
2
-1.66573e-17
2
3.96017e-17
2
-9.43638e-17
2
1.95144e-17
2
8.18006e-17
2
-7.51339e-17
2
1.38899e-16
2
1.44384e-16
2
1.55033e-16
2
1.92645e-16
2
-8.65771e-19
2
9.18617e-17
2
8.77491e-17
2
-2.05912e-17
2
1.44007e-16
2
-1.40531e-16
2
4.11164e-17
2
-4.3827e-17
2
1.53743e-16
2
1.63065e-16
2
6.06092e-17
2
9.38316e-17
2
9.54682e-17
2
-2.58399e-17
2
-7.59751e-17
2
-9.96725e-17
2
-1.20488e-17
2
2.38073e-17
2
2.34403e-18
2
6.57594e-17
2
-1.08603e-16
2
-2.49153e-16
2
-3.96834e-17
2
-8.02378e-17
2
1.19915e-16
2
2.49471e-16
2
-9.30919e-17
2
-1.5509e-16
2
-1.37004e-16
2
-1.43852e-16
2
-1.33187e-16
2
-1.15116e-16
2
7.8336e-17
2
-3.63285e-17
2
-4.23464e-17
2
-5.36654e-17
2
-7.61529e-17
2
-3.2158e-17
2
-8.77409e-17
2
1.42376e-16
2
2.25951e-16
2
2.21879e-16
2
3.01275e-16
2
2.82142e-16
2
2.21323e-16
2
3.89084e-17
2
1.43993e-16
2
8.36463e-17
2
1.57638e-17
2
1.50949e-16
2
1.73666e-16
2
7.14744e-18
2
3.83915e-16
2
3.56336e-16
2
2.70698e-16
2
1.56811e-16
2
1.20648e-16
2
4.41903e-17
2
1.92095e-16
2
1.00528e-16
2
5.0536e-17
2
-2.35708e-17
2
1.13465e-17
2
9.66388e-18
2
7.27727e-18
2
-6.77928e-17
2
-1.38378e-16
2
5.30514e-17
2
-6.63885e-17
2
1.49384e-16
2
1.81902e-16
2
9.30791e-17
2
8.15859e-17
2
1.93711e-16
2
3.57e-17
2
7.93739e-17
2
4.7813e-17
2
-1.09436e-16
2
-1.98985e-16
2
-1.80053e-16
2
-1.02641e-16
2
-1.76759e-16
2
-3.66667e-16
2
-6.13329e-17
2
-8.40605e-17
2
-1.43503e-16
2
3.16721e-17
2
3.17024e-19
2
1.18193e-16
2
1.83528e-16
2
1.79745e-16
2
2.64358e-16
2
3.32784e-16
2
3.09175e-16
2
2.90128e-16
2
-1.03019e-18
2
6.36061e-17
2
2.12124e-16
2
3.79884e-17
2
1.26691e-16
2
1.49114e-16
2
-5.07106e-18
2
9.76572e-17
2
1.17931e-16
2
3.31994e-17
2
9.3286e-17
2
3.19991e-16
2
3.50896e-16
2
1.39976e-16
2
1.50265e-16
2
-3.35916e-18
2
-4.68084e-17
2
-1.38145e-16
2
-9.3741e-18
2
-1.18819e-16
2
-2.4884e-16
2
-4.62852e-16
2
-4.71165e-16
2
-3.87231e-16
2
-3.24054e-16
2
-2.90622e-16
2
-2.23453e-16
2
-3.50804e-16
2
-4.41736e-16
2
-4.83475e-16
2
-2.91321e-16
2
-1.99529e-17
2
-1.25912e-16
2
-6.56755e-17
2
6.54942e-17
2
-4.90058e-17
2
-2.37895e-17
2
-9.8861e-17
2
1.27348e-16
2
2.37173e-16
2
3.32655e-16
2
1.2887e-16
2
2.77328e-16
2
2.79559e-16
2
2.65438e-16
2
5.60115e-16
2
4.81462e-16
2
4.22745e-16
2
4.40324e-16
2
4.88022e-16
2
2.65497e-16
2
2.63571e-17
2
-1.00697e-16
2
1.02354e-16
2
2.29976e-16
2
3.97774e-16
2
4.08651e-16
2
4.70198e-16
2
3.8417e-16
2
2.24245e-16
2
3.36427e-16
2
1.65657e-16
2
8.03818e-18
2
-4.09938e-17
2
-2.17797e-16
2
-2.57724e-16
2
-1.38265e-16
2
-5.41969e-17
2
-7.1028e-17
2
-3.2352e-17
2
8.8673e-17
2
7.30945e-17
2
7.46987e-17
2
-8.77022e-17
2
7.87496e-17
2
1.40277e-16
1.19398e-16
2
-7.85015e-17
2
-1.62887e-17
2
2.50526e-17
2
-1.57365e-16
2
-4.76966e-17
2
3.74267e-17
2
9.32895e-17
2
8.59496e-17
2
1.16256e-16
2
2.98587e-16
2
3.0356e-16
2
2.40621e-16
2
1.87577e-16
2
5.80945e-17
2
1.62758e-16
2
-1.40418e-16
2
3.17675e-17
2
1.95069e-16
2
1.37511e-16
2
1.65801e-16
2
2.39654e-17
2
9.47358e-19
2
-7.24684e-17
2
1.35623e-16
2
9.63949e-17
2
8.16125e-17
2
7.73426e-17
2
1.15357e-16
2
2.14729e-16
2
2.55333e-17
2
-2.37779e-17
2
4.42345e-17
2
-1.26805e-16
2
4.24432e-18
2
-5.51125e-17
2
-9.61802e-17
2
-1.61763e-16
2
-1.49824e-16
2
-9.31277e-17
2
7.07061e-17
2
2.51379e-16
2
2.93078e-16
2
2.59522e-16
2
2.26371e-16
2
6.39962e-17
2
-5.57336e-17
2
-7.73283e-17
2
7.14504e-17
2
-1.40253e-16
2
-4.44979e-16
2
-9.26606e-17
2
-4.83783e-17
2
-9.93903e-17
2
-1.53804e-16
2
-1.98738e-16
2
-1.97402e-16
2
-2.03932e-16
2
-1.71739e-16
2
-6.68504e-17
2
-1.93944e-16
2
-1.32318e-16
2
2.50933e-17
2
-1.4171e-16
2
-2.10696e-16
2
-4.16231e-17
2
-3.1938e-17
2
-6.46974e-17
2
2.76947e-19
2
1.5125e-16
2
6.57835e-17
2
2.27083e-16
2
3.13704e-16
2
3.35804e-16
2
4.3209e-16
2
3.19312e-16
2
1.92842e-16
2
3.61755e-16
2
1.32781e-16
2
1.14987e-16
2
4.17265e-16
2
2.96123e-16
2
4.19092e-16
2
2.8747e-16
2
2.05561e-16
2
2.64457e-16
2
1.22898e-16
2
-1.97344e-17
2
-1.20892e-17
2
9.06157e-17
2
1.19968e-16
2
-1.57966e-17
2
-1.48304e-16
2
-6.57883e-17
2
1.21371e-17
2
3.55545e-17
2
-3.00446e-17
2
1.44151e-16
2
-1.60996e-16
2
2.82933e-17
2
1.75397e-16
2
1.15011e-16
2
1.1174e-16
2
-1.01427e-16
2
-1.94202e-17
2
1.42927e-16
2
1.94673e-16
2
1.68561e-17
2
-8.09715e-17
2
9.03558e-17
2
1.11303e-16
2
-3.81543e-17
2
-2.02252e-16
2
5.25565e-17
2
-6.23859e-17
2
-2.62042e-16
2
-1.81592e-16
2
-1.13708e-16
2
3.40113e-17
2
6.1249e-17
2
1.1157e-16
2
2.38872e-16
2
2.82732e-16
2
1.76455e-16
2
7.39009e-17
2
-1.05261e-17
2
1.77037e-16
2
9.21593e-17
2
-2.38308e-16
2
9.61674e-17
2
1.00878e-16
2
-1.72736e-16
2
1.48671e-16
2
2.91698e-16
2
1.34134e-16
2
2.8569e-16
2
3.95872e-16
2
5.10241e-16
2
4.36715e-16
2
1.25112e-16
2
-7.35879e-17
2
9.38652e-17
2
-3.35237e-16
2
-3.51166e-16
2
-6.21019e-17
2
4.55615e-17
2
-4.34509e-16
2
-5.72774e-16
2
-6.56891e-16
2
-3.46593e-16
2
-2.51152e-16
2
-2.23075e-16
2
-2.35669e-16
2
-1.99182e-16
2
-3.3643e-16
2
-2.93338e-16
2
-2.89562e-17
2
-1.00844e-16
2
3.82333e-17
2
1.70891e-16
2
1.47613e-16
2
5.25458e-17
2
1.59677e-16
2
3.30027e-16
2
2.46806e-16
2
1.80137e-16
2
3.04879e-16
2
3.37891e-16
2
3.29853e-16
2
2.7752e-16
2
2.89021e-16
2
3.86477e-16
2
3.5639e-16
2
3.6762e-16
2
2.14861e-16
2
1.35675e-16
2
1.62853e-16
2
1.66014e-16
2
4.80635e-16
2
3.29855e-16
2
4.30463e-16
2
5.33669e-16
2
3.0356e-16
2
5.80892e-16
2
2.25424e-16
2
1.07422e-16
2
-6.10697e-17
2
-1.50451e-16
2
-1.72548e-16
2
-2.37822e-17
2
4.14913e-17
2
2.16095e-17
2
-1.09263e-16
2
-7.02427e-17
2
-1.05814e-16
2
-6.13744e-17
2
-5.41791e-17
2
4.52935e-17
2
9.49927e-17
2
7.76702e-17
2.55513e-16
2
-4.05373e-17
2
-1.76869e-16
2
-1.29324e-16
2
-9.05994e-17
2
-1.64078e-16
2
6.78074e-17
2
4.67156e-17
2
6.85742e-17
2
8.99349e-17
2
4.32697e-17
2
-6.43017e-17
2
-1.70247e-17
2
-5.88138e-17
2
-6.94788e-17
2
-1.88876e-16
2
4.81378e-17
2
9.72452e-17
2
1.54462e-16
2
4.40638e-17
2
-1.18015e-16
2
-9.82214e-17
2
-1.1551e-16
2
-7.85504e-17
2
1.88591e-16
2
-5.59578e-17
2
1.31629e-18
2
-4.30558e-17
2
-3.81235e-17
2
2.81578e-16
2
1.55269e-16
2
1.82975e-17
2
-2.19603e-16
2
-3.31076e-16
2
-1.27811e-16
2
-2.99862e-16
2
-2.04513e-16
2
-1.43176e-16
2
-4.49147e-17
2
6.83303e-17
2
-6.56728e-18
2
-2.71308e-17
2
2.45853e-16
2
1.57324e-16
2
2.44468e-16
2
1.44949e-16
2
1.81119e-17
2
5.54605e-17
2
-1.00256e-16
2
-1.07472e-16
2
-1.96042e-16
2
-3.46781e-16
2
-4.65179e-18
2
-9.28593e-17
2
-2.07474e-16
2
-1.06476e-16
2
-1.10021e-18
2
-5.05682e-17
2
-9.69588e-17
2
-1.80883e-16
2
1.42568e-17
2
-3.50988e-18
2
-6.56257e-17
2
8.03272e-17
2
1.92878e-16
2
1.75501e-17
2
-1.41699e-16
2
-1.57764e-16
2
-2.40769e-16
2
-2.16441e-16
2
3.49145e-17
2
1.7134e-16
2
3.51526e-16
2
3.99394e-16
2
2.91563e-16
2
1.88503e-16
2
1.06266e-16
2
-1.34619e-17
2
7.0027e-17
2
1.99716e-16
2
3.71001e-16
2
4.13696e-16
2
2.72653e-16
2
2.95822e-16
2
3.20661e-16
2
2.99099e-16
2
3.43448e-16
2
1.66185e-16
2
3.24283e-17
2
-5.12725e-17
2
-2.75764e-17
2
3.51972e-17
2
3.13112e-18
2
-1.10069e-16
2
-1.33223e-16
2
-4.93799e-17
2
1.7087e-16
2
1.20075e-16
2
8.17973e-17
2
-7.28907e-17
2
-9.22886e-17
2
-5.76381e-17
2
-1.24943e-17
2
1.22168e-16
2
-5.04811e-17
2
5.73965e-17
2
8.95075e-17
2
-3.90465e-17
2
1.48821e-16
2
-1.14509e-17
2
1.17644e-16
2
-4.12211e-17
2
-9.29502e-17
2
1.34154e-16
2
6.23463e-17
2
6.30155e-17
2
1.70885e-16
2
1.1075e-16
2
1.25249e-16
2
-6.3782e-17
2
-6.2447e-17
2
-1.21501e-16
2
1.23527e-16
2
2.1436e-16
2
2.21065e-16
2
1.0037e-16
2
-1.45212e-17
2
-1.82382e-17
2
2.24346e-16
2
9.15462e-17
2
1.3335e-16
2
3.85248e-16
2
3.2962e-16
2
3.78483e-16
2
2.56884e-16
2
1.47249e-16
2
2.64932e-16
2
4.15852e-16
2
3.40945e-16
2
3.88436e-16
2
3.20493e-16
2
4.65428e-17
2
6.84359e-17
2
-1.45695e-16
2
-1.97631e-16
2
-1.74966e-16
2
-5.23353e-17
2
-2.13497e-16
2
-2.31164e-16
2
-4.41155e-16
2
-6.48852e-16
2
-4.71604e-16
2
-3.72376e-16
2
-4.743e-16
2
-3.81313e-16
2
-2.99471e-16
2
-1.19065e-16
2
-4.82255e-17
2
-9.28692e-17
2
-8.54277e-18
2
9.09437e-17
2
2.67495e-16
2
8.85935e-17
2
2.26827e-16
2
2.19196e-16
2
2.08884e-16
2
8.67666e-17
2
2.51099e-16
2
1.27388e-16
2
7.64363e-17
2
8.48146e-17
2
1.02687e-16
2
-9.30973e-17
2
-8.23151e-17
2
1.26805e-16
2
2.01843e-16
2
4.52545e-16
2
3.99667e-16
2
2.59233e-16
2
4.41088e-16
2
3.00839e-16
2
2.29245e-16
2
3.91955e-16
2
4.71755e-16
2
5.38093e-16
2
4.34413e-16
2
1.83684e-16
2
7.29336e-17
2
2.9904e-17
2
1.44617e-16
2
6.38511e-17
2
-3.46367e-17
2
5.36268e-17
2
-9.38412e-17
2
-8.40292e-17
2
-3.41936e-17
2
-8.11529e-17
2
1.34314e-16
2
1.30622e-17
2
6.8533e-17
2.19999e-17
2
5.58878e-17
2
2.08181e-18
2
4.60727e-17
2
1.35259e-16
2
1.87991e-16
2
2.69136e-17
2
7.70244e-17
2
2.05784e-16
2
6.55752e-17
2
3.7208e-17
2
4.57071e-17
2
-1.14041e-17
2
-1.16774e-16
2
9.89956e-17
2
1.01968e-16
2
7.01802e-17
2
-7.30264e-17
2
1.84997e-17
2
4.60187e-17
2
-6.27434e-17
2
-1.20456e-16
2
1.77785e-16
2
1.83947e-16
2
-6.12699e-17
2
-4.40574e-17
2
-2.4701e-16
2
-1.62182e-16
2
7.3472e-17
2
-2.97679e-17
2
2.07927e-16
2
4.7657e-17
2
-1.10899e-17
2
-1.18417e-16
2
-3.10631e-16
2
-1.31735e-17
2
3.33858e-17
2
1.42244e-16
2
-3.33976e-17
2
-8.48418e-17
2
9.25674e-17
2
1.00659e-16
2
-1.86169e-17
2
1.62051e-16
2
2.7142e-16
2
1.24392e-16
2
-7.40305e-17
2
-4.81528e-17
2
2.60757e-17
2
2.00769e-17
2
1.76747e-16
2
-7.10674e-17
2
-2.34046e-16
2
4.18125e-17
2
7.97044e-17
2
2.82363e-17
2
7.79368e-17
2
1.74384e-17
2
-1.43639e-16
2
-2.74742e-16
2
-9.68531e-17
2
-2.25553e-16
2
-3.04945e-16
2
-9.16338e-17
2
-4.27131e-17
2
-1.21542e-16
2
-1.06839e-16
2
-2.9129e-16
2
-2.14534e-16
2
3.99339e-17
2
8.7609e-17
2
1.65295e-16
2
1.59419e-16
2
2.71065e-16
2
2.56035e-16
2
1.93963e-16
2
2.3831e-16
2
8.35485e-17
2
2.13542e-16
2
4.93642e-16
2
2.12772e-16
2
-5.87496e-17
2
1.10838e-16
2
1.23791e-16
2
2.09945e-16
2
-3.25574e-17
2
1.05642e-16
2
1.16638e-16
2
2.40269e-16
2
3.04925e-16
2
3.52804e-17
2
7.16036e-17
2
-9.48188e-17
2
-1.23115e-16
2
-2.88263e-16
2
-2.18213e-16
2
-3.07861e-16
2
-3.38988e-17
2
-1.5012e-17
2
6.50261e-17
2
-1.87926e-18
2
6.05461e-17
2
7.17034e-17
2
4.83172e-17
2
-1.23096e-16
2
-5.5324e-17
2
-4.65799e-17
2
1.51653e-16
2
-1.05051e-17
2
-3.48143e-17
2
-5.54257e-17
2
1.45219e-16
2
1.20597e-16
2
-7.38891e-17
2
1.42986e-17
2
2.16054e-16
2
1.84055e-16
2
2.21652e-16
2
-5.64273e-17
2
1.53607e-16
2
-5.88672e-17
2
-1.46744e-16
2
-1.24757e-16
2
1.85782e-16
2
1.77089e-16
2
2.45094e-16
2
1.42029e-16
2
2.33397e-16
2
2.3132e-16
2
3.06802e-16
2
4.12285e-16
2
2.92969e-16
2
2.98859e-16
2
1.39045e-16
2
3.05125e-16
2
1.35678e-16
2
4.92397e-17
2
4.1477e-17
2
-6.62936e-17
2
2.5256e-16
2
1.4978e-16
2
9.66845e-17
2
2.07785e-17
2
-1.52846e-16
2
-1.01342e-16
2
-5.24608e-19
2
-2.57424e-17
2
-1.18335e-16
2
-3.87423e-16
2
-4.68902e-16
2
-2.02067e-16
2
-1.72116e-16
2
-3.78161e-16
2
-4.44743e-16
2
-3.59097e-16
2
-2.7346e-16
2
-4.28017e-16
2
-4.42059e-16
2
-3.78374e-16
2
-2.18022e-16
2
-1.6075e-16
2
-1.63091e-16
2
-4.01298e-17
2
-2.23593e-16
2
-2.17443e-16
2
-1.43615e-16
2
-7.32553e-17
2
3.80699e-17
2
-2.17328e-17
2
-8.58028e-17
2
-4.27403e-16
2
-2.1451e-16
2
-1.44388e-16
2
-1.20395e-16
2
-7.7629e-17
2
3.28669e-16
2
2.65597e-16
2
2.72759e-16
2
1.74276e-16
2
4.96574e-16
2
4.0747e-16
2
5.237e-16
2
4.5642e-16
2
2.7344e-16
2
3.61834e-16
2
2.4382e-16
2
5.63179e-16
2
4.00928e-16
2
3.35528e-16
2
2.39991e-16
2
2.69328e-16
2
4.25222e-16
2
-3.18576e-17
2
-2.92324e-16
2
-1.80203e-16
2
-2.10447e-16
2
3.4636e-17
2
-1.44662e-18
2
7.78893e-17
2
2.88816e-17
-2.7338e-16
2
9.13012e-17
2
3.74458e-17
2
-8.98425e-17
2
-8.10002e-17
2
6.46058e-17
2
-2.84149e-17
2
-4.45529e-17
2
2.06037e-17
2
3.50328e-17
2
6.94638e-17
2
1.70472e-16
2
4.97462e-17
2
2.55062e-16
2
2.44918e-16
2
1.83162e-16
2
-1.12018e-17
2
4.26077e-17
2
3.86168e-17
2
4.73572e-17
2
4.44235e-17
2
7.04683e-17
2
-7.53935e-17
2
9.75842e-18
2
-1.56393e-16
2
-1.18518e-16
2
-1.88713e-16
2
-1.94503e-16
2
-2.50255e-16
2
-1.37851e-16
2
-1.48131e-16
2
-1.4586e-17
2
1.50426e-16
2
1.48543e-16
2
-4.31657e-17
2
7.18485e-17
2
1.25562e-16
2
2.61862e-17
2
1.26334e-16
2
2.35496e-16
2
2.36409e-16
2
1.85378e-16
2
1.25153e-16
2
7.98682e-17
2
-6.02014e-17
2
-5.43533e-17
2
5.55409e-17
2
-9.85488e-17
2
-1.87048e-16
2
-9.00678e-17
2
-1.91851e-17
2
1.76864e-17
2
-1.98148e-16
2
-4.80811e-17
2
-3.85658e-17
2
2.58764e-17
2
-2.19148e-16
2
-5.66399e-17
2
-6.68417e-17
2
-2.11301e-17
2
-5.85575e-17
2
-2.0211e-18
2
5.46523e-17
2
-6.28912e-17
2
-2.10904e-16
2
4.9527e-17
2
2.07799e-17
2
7.13998e-17
2
3.47411e-18
2
-7.50453e-18
2
2.0975e-16
2
2.22942e-16
2
2.46876e-16
2
1.92183e-16
2
2.62816e-16
2
1.62492e-16
2
2.10246e-16
2
3.81957e-16
2
2.61713e-16
2
5.05823e-17
2
-4.36803e-17
2
-4.72645e-17
2
-1.16297e-16
2
7.0687e-17
2
7.11403e-17
2
1.6836e-16
2
9.30945e-17
2
8.43713e-17
2
1.33403e-16
2
5.11308e-17
2
1.1135e-16
2
1.23136e-16
2
8.01896e-17
2
-3.68977e-18
2
-1.66391e-16
2
-2.294e-16
2
-2.60601e-16
2
-4.16973e-16
2
-1.76482e-16
2
-1.68928e-16
2
-9.47087e-17
2
2.26385e-16
2
1.66805e-16
2
4.84601e-17
2
5.18039e-17
2
-1.89069e-16
2
-2.36845e-17
2
3.6024e-17
2
-1.40946e-17
2
-1.6095e-16
2
-7.04767e-17
2
3.09136e-17
2
-2.06816e-17
2
-6.09862e-17
2
-1.08875e-16
2
1.18887e-16
2
8.206e-17
2
1.41138e-16
2
1.84276e-16
2
-4.80382e-18
2
-1.11894e-16
2
-1.43572e-16
2
-1.01584e-16
2
6.71448e-17
2
4.92837e-16
2
5.28798e-16
2
5.0675e-16
2
4.4876e-16
2
5.01758e-16
2
3.03875e-16
2
2.03733e-16
2
4.09059e-16
2
3.38453e-16
2
4.31686e-16
2
2.38305e-16
2
5.96445e-17
2
-1.11865e-16
2
-1.27945e-16
2
9.95912e-17
2
-2.70149e-17
2
1.90451e-16
2
-1.4772e-17
2
5.24446e-17
2
2.04771e-17
2
6.35799e-17
2
-1.11866e-16
2
5.6639e-17
2
1.15589e-16
2
1.57997e-16
2
9.78626e-17
2
3.15616e-17
2
-1.32551e-16
2
-1.77439e-16
2
-2.56137e-16
2
-2.55794e-16
2
-3.56254e-16
2
-2.26893e-16
2
-2.28477e-16
2
-2.73056e-16
2
-2.93576e-16
2
-2.31385e-16
2
-2.35349e-16
2
-3.43549e-16
2
-4.54627e-16
2
-2.02557e-16
2
-3.07012e-17
2
-2.9523e-16
2
-4.27917e-16
2
-7.38058e-17
2
1.80186e-16
2
2.83004e-17
2
-1.94677e-16
2
-3.43647e-17
2
-6.59552e-17
2
2.59119e-16
2
4.06167e-16
2
2.87817e-16
2
5.35577e-17
2
9.66991e-17
2
-2.21795e-17
2
3.65999e-16
2
1.56793e-16
2
1.39149e-16
2
1.33801e-16
2
2.43434e-16
2
3.70995e-16
2
3.02641e-16
2
3.51127e-16
2
4.54908e-16
2
3.92618e-16
2
1.85731e-16
2
2.75081e-17
2
7.95884e-17
2
6.02346e-17
2
-1.43308e-16
2
-2.23166e-16
2
-2.97403e-16
2
-1.0531e-16
2
-1.84466e-17
2
-1.09218e-16
-5.63902e-17
2
1.51448e-16
2
8.12529e-17
2
-1.88247e-16
2
-1.48473e-16
2
-9.56678e-17
2
-1.61694e-16
2
-6.24723e-17
2
-2.22264e-16
2
1.10283e-17
2
9.50958e-17
2
5.16635e-19
2
1.76916e-16
2
1.55271e-16
2
7.04552e-17
2
5.47622e-17
2
1.95166e-16
2
1.68486e-16
2
3.49571e-16
2
1.98855e-16
2
1.54482e-16
2
6.29757e-17
2
-4.31554e-18
2
-6.59648e-17
2
1.72383e-17
2
1.2765e-17
2
-1.19598e-16
2
-1.63603e-16
2
-1.42078e-16
2
-5.61069e-17
2
-2.14984e-16
2
-1.41514e-16
2
6.95797e-17
2
1.51006e-16
2
2.38364e-16
2
2.07321e-16
2
1.84942e-16
2
1.12138e-16
2
1.41196e-16
2
1.98326e-16
2
-2.49673e-19
2
4.09207e-16
2
2.81205e-16
2
1.84813e-16
2
-4.82592e-17
2
-1.60604e-16
2
3.62908e-17
2
-8.81162e-17
2
-1.39461e-16
2
-1.15437e-16
2
-1.2522e-16
2
3.03155e-16
2
2.2968e-16
2
-3.15161e-17
2
-1.75757e-16
2
-1.64122e-16
2
-2.07996e-17
2
-7.01845e-18
2
-6.02323e-17
2
-1.77965e-16
2
-1.40458e-16
2
-1.40686e-16
2
-2.58667e-16
2
-8.60558e-17
2
1.22358e-16
2
7.06204e-17
2
9.73142e-17
2
1.45976e-16
2
1.45011e-16
2
2.16885e-16
2
1.37059e-16
2
2.44328e-16
2
3.23664e-16
2
7.67381e-17
2
6.87259e-17
2
-9.40105e-18
2
1.06145e-16
2
4.14907e-17
2
-4.64667e-17
2
-4.27864e-17
2
6.97803e-17
2
1.0289e-16
2
-2.98151e-17
2
-1.31972e-16
2
-9.4738e-17
2
-1.65493e-16
2
1.37645e-17
2
-6.01456e-17
2
6.22801e-17
2
1.1745e-16
2
1.73343e-16
2
2.36406e-16
2
1.73619e-16
2
1.90818e-16
2
2.22251e-16
2
2.91013e-16
2
-3.76812e-17
2
-6.9239e-17
2
-4.81021e-17
2
-2.03377e-17
2
8.87993e-17
2
-2.42935e-17
2
-2.39723e-17
2
3.92211e-17
2
6.34374e-17
2
1.85231e-16
2
4.86968e-17
2
5.37528e-17
2
8.76641e-17
2
-2.15991e-16
2
-1.65397e-16
2
1.32593e-17
2
2.49476e-16
2
1.17296e-17
2
6.17554e-17
2
-1.26446e-16
2
-1.11143e-16
2
9.17822e-17
2
1.5715e-16
2
1.18282e-16
2
2.1657e-16
2
1.60548e-16
2
8.41398e-17
2
-7.68044e-18
2
1.42126e-16
2
2.88928e-16
2
3.37635e-16
2
3.88605e-16
2
4.30127e-16
2
3.91976e-16
2
3.52541e-16
2
2.4833e-16
2
2.05911e-16
2
3.25293e-17
2
4.24291e-17
2
-3.59277e-17
2
-6.90597e-17
2
-7.78125e-17
2
7.28644e-17
2
9.24484e-17
2
-2.16688e-18
2
3.17769e-16
2
4.06439e-16
2
3.26706e-16
2
2.16495e-16
2
2.61877e-16
2
2.03743e-16
2
1.70143e-16
2
2.26447e-16
2
1.77114e-16
2
3.36944e-16
2
2.03144e-16
2
2.58272e-17
2
-1.82801e-16
2
-1.22641e-16
2
-2.21203e-16
2
-3.07685e-16
2
1.48303e-17
2
-2.64099e-16
2
-5.44063e-16
2
-5.78769e-16
2
-6.79035e-16
2
-7.55106e-16
2
-5.55908e-16
2
-4.64464e-16
2
-2.63362e-16
2
-1.34283e-16
2
-3.36762e-16
2
-2.53568e-16
2
-2.93342e-16
2
1.82522e-16
2
2.48575e-16
2
1.44222e-16
2
4.06858e-16
2
2.73765e-16
2
9.83198e-17
2
2.42899e-16
2
4.02076e-16
2
1.77563e-16
2
1.72166e-17
2
-1.93252e-16
2
1.96206e-16
2
3.27538e-16
2
4.24339e-16
2
1.9971e-16
2
2.90586e-16
2
3.74636e-16
2
3.36796e-16
2
4.377e-16
2
3.19522e-16
2
9.49131e-17
2
5.24273e-17
2
3.73824e-17
2
-5.13506e-17
2
-4.63559e-17
2
-1.82946e-17
2
-2.20721e-16
2
-1.82281e-16
2
-9.31473e-17
2
-1.68577e-16
-1.94113e-16
2
-2.76426e-17
2
-3.10277e-17
2
2.54892e-18
2
-1.42209e-16
2
-3.29353e-16
2
-2.75059e-16
2
-1.82538e-16
2
-3.47306e-16
2
-1.30402e-16
2
-2.47507e-17
2
1.37831e-16
2
1.26539e-16
2
5.79611e-17
2
5.94426e-17
2
2.90484e-17
2
3.15441e-17
2
-1.37921e-16
2
-1.52523e-16
2
5.96973e-17
2
2.13879e-16
2
8.66379e-17
2
1.41702e-16
2
1.62731e-16
2
3.05611e-16
2
2.67906e-16
2
2.12556e-16
2
1.30721e-16
2
-4.8004e-17
2
-2.10822e-16
2
-1.23141e-16
2
-2.88275e-17
2
8.3415e-17
2
4.07052e-18
2
4.91727e-17
2
1.9573e-16
2
2.48101e-16
2
4.85536e-17
2
2.17481e-16
2
-2.04696e-17
2
2.52311e-16
2
-2.6985e-17
2
1.86888e-17
2
7.32419e-17
2
1.535e-17
2
-7.66883e-17
2
-9.89352e-17
2
-2.1288e-16
2
-1.92917e-17
2
-8.90411e-17
2
2.41236e-16
2
4.64042e-17
2
2.47549e-16
2
2.29922e-16
2
3.29614e-16
2
3.89515e-16
2
2.11813e-16
2
2.62836e-17
2
-5.50557e-18
2
7.94888e-18
2
-2.11329e-16
2
-2.38946e-16
2
-4.47705e-17
2
-1.0484e-16
2
-1.8646e-16
2
2.40567e-17
2
1.54904e-16
2
3.22669e-16
2
1.90183e-16
2
1.17157e-16
2
2.74106e-16
2
1.8488e-16
2
3.27975e-16
2
2.93614e-16
2
5.74008e-17
2
9.93335e-17
2
1.52588e-16
2
2.37617e-16
2
1.11869e-16
2
-2.43875e-17
2
1.3593e-16
2
1.74042e-16
2
1.61352e-16
2
2.13909e-17
2
-4.61223e-17
2
-1.1758e-16
2
-1.94326e-16
2
-3.86114e-17
2
4.96732e-17
2
1.02989e-16
2
2.7227e-16
2
-1.16711e-16
2
1.2024e-16
2
2.51174e-16
2
4.49075e-16
2
1.55444e-16
2
2.94164e-16
2
2.98914e-16
2
9.03504e-17
2
3.25443e-17
2
4.2081e-17
2
2.2626e-17
2
1.13587e-16
2
1.12761e-16
2
2.31546e-17
2
-9.96461e-17
2
-2.79169e-17
2
9.2608e-17
2
-2.82601e-17
2
7.61607e-17
2
-8.20034e-17
2
-1.42667e-16
2
-4.51482e-17
2
1.15491e-16
2
2.65445e-17
2
-1.47144e-16
2
3.30145e-17
2
1.14909e-16
2
7.41116e-17
2
1.24052e-16
2
1.48529e-16
2
4.22381e-16
2
2.44383e-16
2
2.67188e-17
2
1.65337e-16
2
1.86415e-16
2
2.44475e-16
2
3.50783e-16
2
3.39486e-16
2
4.59367e-16
2
2.08721e-16
2
1.57551e-16
2
2.37318e-16
2
2.48144e-16
2
2.38096e-16
2
1.12917e-16
2
2.47205e-16
2
1.00743e-16
2
1.21399e-17
2
1.09526e-16
2
2.43288e-16
2
2.73821e-16
2
3.7753e-16
2
3.33765e-16
2
3.43215e-16
2
1.49752e-16
2
1.95214e-16
2
3.78739e-16
2
3.09282e-16
2
3.4031e-16
2
3.94474e-17
2
3.55561e-17
2
-1.5158e-17
2
1.06507e-16
2
-3.6855e-17
2
-1.17121e-16
2
-1.65599e-16
2
-2.76419e-16
2
-3.07196e-16
2
-2.89708e-16
2
-4.6825e-16
2
-4.3827e-16
2
-3.70986e-16
2
-3.74932e-16
2
-3.09343e-16
2
-2.65169e-16
2
-9.70703e-17
2
-7.58405e-17
2
-1.49692e-16
2
-1.31288e-16
2
-1.40881e-16
2
-1.85853e-16
2
-5.58915e-17
2
2.77293e-16
2
1.78012e-16
2
3.02952e-16
2
2.76227e-16
2
3.56562e-16
2
3.68416e-16
2
1.72223e-16
2
1.25809e-16
2
1.91813e-17
2
1.97151e-16
2
1.76134e-16
2
3.02207e-16
2
2.42235e-16
2
1.90284e-16
2
2.9976e-16
2
2.98038e-16
2
4.18524e-16
2
4.30973e-16
2
1.80331e-16
2
1.03368e-16
2
9.3539e-17
2
4.25919e-17
2
-2.1147e-16
2
1.37776e-17
2
-1.02667e-16
2
-2.53552e-16
2
-3.56738e-16
-5.14953e-16
2
-3.69431e-17
2
-6.52296e-17
2
5.01809e-17
2
6.23093e-17
2
1.80823e-16
2
1.34887e-17
2
-7.78856e-17
2
9.08191e-17
2
-8.73575e-17
2
-7.47874e-17
2
-2.83916e-16
2
-1.91673e-16
2
-5.008e-17
2
-2.10298e-17
2
-8.66661e-17
2
-7.91269e-17
2
2.65481e-17
2
-2.09776e-16
2
-1.22788e-16
2
-4.5337e-18
2
1.3252e-16
2
8.04167e-17
2
1.00051e-16
2
1.53428e-16
2
5.74568e-17
2
3.27865e-17
2
-1.16904e-17
2
-1.92073e-16
2
-2.53597e-16
2
-7.2855e-17
2
1.31765e-16
2
-1.32097e-16
2
1.4448e-16
2
1.69676e-16
2
3.34767e-16
2
1.52669e-16
2
2.20316e-16
2
-6.67019e-17
2
-8.71715e-19
2
-1.28107e-16
2
-2.33475e-16
2
-9.58452e-17
2
-1.95125e-16
2
-1.81483e-16
2
-4.30689e-17
2
-2.08585e-16
2
-1.08999e-16
2
-3.03449e-17
2
1.30499e-16
2
1.64318e-16
2
1.54815e-16
2
-9.37861e-17
2
1.95491e-16
2
3.44233e-16
2
2.16808e-16
2
3.03876e-16
2
3.06179e-16
2
3.26098e-17
2
6.38033e-17
2
-8.72844e-17
2
-1.13589e-16
2
2.51279e-17
2
-1.71508e-16
2
-2.53506e-16
2
-2.93579e-16
2
-1.43919e-16
2
-5.48162e-17
2
1.03283e-16
2
1.76402e-16
2
1.47901e-16
2
3.06418e-16
2
1.7648e-16
2
2.44763e-16
2
2.26822e-16
2
2.74166e-16
2
1.7293e-16
2
2.15814e-16
2
2.12973e-16
2
1.56384e-16
2
3.97693e-17
2
-6.07613e-17
2
1.03145e-16
2
9.95393e-17
2
-3.35826e-18
2
-5.87699e-18
2
-8.39616e-17
2
1.80231e-16
2
6.42135e-17
2
1.3256e-16
2
9.16871e-17
2
2.26522e-16
2
1.00682e-16
2
8.20683e-17
2
2.79965e-17
2
1.75733e-16
2
1.40385e-16
2
2.88483e-16
2
2.82708e-16
2
-4.74006e-17
2
-5.16842e-17
2
-3.3263e-17
2
-8.27118e-17
2
-1.3194e-16
2
8.72566e-17
2
-1.22321e-16
2
-8.18113e-17
2
-5.46161e-17
2
5.43336e-17
2
1.69013e-16
2
-9.33405e-17
2
-4.90346e-17
2
-4.23609e-17
2
-6.11753e-17
2
-5.18934e-17
2
-6.88588e-17
2
-2.13283e-16
2
-2.32664e-16
2
-1.67028e-16
2
3.02477e-17
2
2.22408e-16
2
1.3899e-16
2
-5.34298e-17
2
3.03617e-17
2
-7.87484e-17
2
7.62787e-17
2
1.03383e-16
2
-3.20696e-17
2
6.09899e-17
2
6.80945e-17
2
3.93112e-17
2
5.21586e-17
2
6.83961e-19
2
2.41109e-17
2
1.3218e-16
2
3.90905e-16
2
3.34862e-16
2
9.46279e-17
2
7.17804e-17
2
1.14199e-16
2
1.74993e-16
2
2.24389e-16
2
-1.84987e-17
2
2.28718e-16
2
1.5861e-16
2
5.30878e-16
2
3.73683e-16
2
2.44796e-16
2
3.62826e-16
2
2.16894e-16
2
1.79776e-16
2
5.10951e-17
2
1.51764e-16
2
1.39168e-16
2
3.63862e-17
2
-1.29075e-16
2
-3.15015e-16
2
-4.21006e-16
2
-3.17525e-16
2
-4.35549e-16
2
-2.63278e-16
2
-2.61175e-16
2
-2.13126e-16
2
-1.64242e-16
2
-1.30204e-16
2
-2.97739e-16
2
-3.51669e-16
2
-2.71022e-16
2
-5.59732e-16
2
-4.89838e-16
2
-3.45514e-16
2
-1.31031e-16
2
-3.34688e-17
2
-2.06301e-16
2
-9.45707e-17
2
-1.38377e-16
2
3.39263e-17
2
2.19652e-16
2
2.2618e-17
2
-2.12888e-17
2
1.09812e-16
2
1.78211e-16
2
3.49249e-16
2
3.50509e-16
2
2.36003e-16
2
2.58699e-16
2
3.06468e-16
2
4.494e-16
2
4.61439e-16
2
2.86724e-16
2
2.01291e-16
2
-3.21529e-18
2
2.88304e-16
2
4.50406e-16
2
1.06669e-16
2
8.77854e-17
2
-7.29805e-17
2
-2.56797e-17
2
3.4497e-17
2
1.16615e-17
4.65313e-17
2
-6.92148e-17
2
-3.44421e-17
2
2.30409e-17
2
5.73727e-17
2
5.18739e-17
2
1.03604e-16
2
5.78652e-17
2
-1.87226e-16
2
-1.50005e-16
2
-2.70179e-16
2
-1.51315e-16
2
-5.94654e-17
2
-1.64876e-17
2
8.29817e-18
2
4.40241e-17
2
4.30012e-17
2
2.31925e-17
2
2.43024e-16
2
9.12518e-17
2
1.21789e-17
2
1.22425e-16
2
1.0864e-16
2
1.64994e-16
2
6.58235e-17
2
-2.62301e-16
2
-1.58897e-16
2
-8.66886e-17
2
-8.027e-17
2
-1.82743e-16
2
-1.29386e-17
2
-6.06134e-17
2
2.22885e-16
2
2.8202e-16
2
3.58177e-16
2
1.34543e-16
2
8.38287e-17
2
1.87634e-16
2
1.38373e-16
2
9.00063e-17
2
2.19894e-16
2
4.00961e-17
2
-1.20734e-16
2
-2.6333e-16
2
-3.04522e-16
2
-4.14853e-18
2
-1.90086e-17
2
7.50576e-17
2
1.51125e-16
2
4.57392e-17
2
1.11256e-17
2
-1.0943e-16
2
1.42294e-16
2
2.704e-16
2
2.59955e-16
2
4.0207e-16
2
2.28575e-16
2
1.8083e-16
2
2.68634e-16
2
9.02022e-17
2
-3.7077e-17
2
-1.69367e-16
2
-2.61303e-16
2
-1.49321e-16
2
-1.99726e-16
2
-1.02119e-16
2
-1.76265e-16
2
-1.7259e-17
2
1.19255e-16
2
3.47709e-16
2
2.26044e-16
2
2.91704e-16
2
1.93176e-16
2
1.80728e-16
2
1.89977e-16
2
1.11782e-16
2
5.91069e-17
2
6.51647e-17
2
2.19324e-16
2
2.92374e-16
2
1.77331e-16
2
1.94702e-16
2
2.58456e-17
2
1.10048e-16
2
2.61166e-16
2
1.46859e-16
2
2.21745e-16
2
2.1413e-16
2
8.71898e-17
2
1.2809e-16
2
1.47038e-16
2
7.03087e-17
2
2.18869e-16
2
1.47971e-16
2
4.38348e-17
2
1.84493e-16
2
2.69803e-16
2
2.00307e-16
2
1.44927e-16
2
2.65867e-16
2
2.49135e-16
2
2.8e-17
2
7.83709e-18
2
8.1921e-17
2
6.92029e-17
2
1.82101e-16
2
2.1388e-16
2
5.69134e-17
2
-7.69128e-17
2
-1.60941e-16
2
-1.47634e-16
2
-1.67485e-16
2
-3.21049e-16
2
-2.92657e-16
2
-3.50009e-16
2
-2.01374e-16
2
-1.60815e-17
2
-1.5836e-16
2
-6.34438e-17
2
1.29296e-16
2
8.32042e-17
2
2.07055e-16
2
2.02722e-16
2
1.55968e-16
2
-4.93966e-17
2
5.16088e-17
2
2.22011e-17
2
1.63109e-16
2
1.22467e-16
2
1.70594e-17
2
1.65086e-16
2
6.55965e-17
2
-5.01561e-17
2
1.8987e-16
2
1.23469e-16
2
1.84782e-16
2
1.01364e-16
2
2.22104e-16
2
1.23112e-16
2
9.06526e-17
2
1.51573e-16
2
4.53938e-17
2
2.06032e-17
2
-1.15823e-17
2
3.25415e-16
2
4.43628e-16
2
3.58758e-16
2
3.07023e-16
2
2.12904e-16
2
2.87769e-16
2
2.43251e-16
2
2.62958e-16
2
2.31274e-16
2
1.42387e-16
2
1.1782e-16
2
-9.31969e-18
2
3.62459e-17
2
-1.33148e-16
2
-3.66809e-16
2
-3.13822e-16
2
-2.64406e-16
2
-1.70226e-16
2
-1.47162e-16
2
-3.33799e-16
2
-3.30949e-16
2
-3.75893e-16
2
-2.6322e-16
2
-1.36733e-16
2
-2.35208e-16
2
-3.39361e-16
2
-1.58218e-16
2
-1.38381e-16
2
-1.00989e-16
2
-2.95288e-16
2
-1.7639e-16
2
-1.12067e-16
2
-2.12316e-16
2
-1.61964e-16
2
-1.53384e-16
2
-2.5005e-16
2
-3.23425e-17
2
-1.88566e-17
2
-6.21585e-18
2
-1.11791e-16
2
1.9309e-16
2
3.3933e-16
2
3.76089e-16
2
2.98062e-16
2
4.91224e-16
2
2.72545e-16
2
2.05969e-16
2
4.51534e-16
2
3.11653e-16
2
1.56545e-16
2
1.3019e-16
2
1.53803e-16
2
1.1598e-16
2
2.65947e-17
2
5.84892e-17
2
1.3883e-16
7.98978e-17
2
-1.67465e-16
2
-2.71905e-17
2
-1.95822e-17
2
-8.48471e-17
2
-2.03216e-16
2
-1.30279e-16
2
-1.08522e-16
2
4.92399e-17
2
2.49947e-17
2
-1.53716e-16
2
-5.63268e-17
2
6.36636e-17
2
-7.82144e-17
2
-8.2964e-18
2
1.97875e-16
2
1.41027e-16
2
3.46633e-16
2
2.97241e-16
2
9.25657e-17
2
2.67224e-16
2
2.96013e-16
2
1.53282e-16
2
-1.32346e-17
2
-2.22876e-16
2
-1.14759e-16
2
-3.22794e-16
2
-3.87358e-16
2
-2.15946e-16
2
-2.5564e-16
2
-2.4027e-17
2
1.82202e-16
2
2.59879e-16
2
3.00436e-16
2
2.34524e-16
2
5.97767e-17
2
1.30585e-16
2
8.17115e-17
2
8.83057e-17
2
1.75035e-16
2
1.42895e-16
2
-4.47942e-17
2
-9.12498e-17
2
-3.25237e-17
2
7.25274e-17
2
-7.35621e-17
2
4.60476e-17
2
2.20049e-16
2
1.06217e-16
2
2.29496e-16
2
9.08782e-17
2
-8.03897e-17
2
-6.41996e-17
2
1.55745e-17
2
2.23677e-16
2
1.34217e-16
2
1.83011e-16
2
1.27801e-16
2
2.43502e-16
2
2.37092e-16
2
7.76549e-17
2
-2.08913e-17
2
-2.14727e-16
2
-2.50264e-16
2
-1.43944e-16
2
-1.45302e-16
2
3.66102e-17
2
8.00061e-17
2
1.17827e-16
2
6.63251e-17
2
1.01254e-16
2
1.04922e-17
2
-2.90446e-16
2
-3.37521e-16
2
-1.95442e-16
2
-8.82831e-17
2
-1.54035e-16
2
-2.63873e-16
2
-5.64762e-17
2
1.26834e-16
2
8.27594e-17
2
6.31677e-18
2
-6.04192e-17
2
-7.08886e-17
2
-2.04909e-16
2
3.75578e-17
2
1.41279e-16
2
2.14824e-16
2
1.71377e-16
2
1.03522e-16
2
1.33533e-16
2
2.16155e-16
2
-1.28061e-17
2
1.28048e-16
2
2.42657e-16
2
2.24876e-16
2
2.95494e-16
2
3.92837e-16
2
2.78632e-16
2
2.64887e-16
2
1.60156e-16
2
1.98221e-16
2
1.86856e-16
2
1.96044e-16
2
1.94035e-16
2
2.79039e-16
2
5.36725e-17
2
1.93365e-17
2
-5.30565e-18
2
-1.97423e-17
2
8.11662e-17
2
1.99045e-17
2
-1.23118e-16
2
-2.89839e-16
2
-1.37696e-16
2
-5.02418e-17
2
-2.08197e-16
2
-2.76349e-16
2
-7.52921e-17
2
-2.14851e-16
2
-1.81569e-16
2
-2.017e-16
2
-4.0322e-18
2
2.79104e-16
2
1.7317e-16
2
-5.12576e-17
2
1.51481e-16
2
6.80822e-17
2
-8.2259e-17
2
-2.22338e-17
2
-1.36453e-16
2
-2.10941e-17
2
2.59419e-16
2
3.26425e-17
2
6.90996e-17
2
-1.0574e-17
2
7.0187e-17
2
1.04663e-16
2
4.07464e-17
2
-3.13098e-17
2
-1.32582e-16
2
-1.17289e-16
2
7.35655e-17
2
3.08506e-16
2
1.75201e-16
2
9.73424e-18
2
2.24921e-16
2
2.51089e-16
2
2.15746e-16
2
2.63279e-16
2
3.64179e-16
2
4.13474e-16
2
4.13538e-16
2
5.93474e-16
2
4.60421e-16
2
3.54199e-16
2
2.11077e-16
2
1.39709e-16
2
1.18721e-16
2
-2.06841e-16
2
-2.24299e-16
2
-2.46054e-16
2
-6.98632e-18
2
-8.59051e-17
2
-6.76455e-17
2
-1.06425e-16
2
-2.23276e-16
2
-3.12071e-16
2
-2.53555e-16
2
-3.70015e-16
2
-3.9807e-16
2
-1.15336e-16
2
-1.68418e-16
2
-4.3974e-17
2
-5.85472e-16
2
-4.52615e-16
2
-1.82221e-16
2
-2.77704e-16
2
-3.65485e-16
2
-2.34218e-16
2
-2.08942e-16
2
3.02894e-17
2
-1.4924e-16
2
1.49521e-17
2
-3.01917e-17
2
-2.44384e-16
2
1.58504e-16
2
3.35574e-16
2
7.14188e-17
2
1.7843e-16
2
9.22992e-19
2
3.23817e-16
2
1.27716e-16
2
2.48938e-17
2
2.46938e-17
2
4.42153e-17
2
4.54387e-17
2
-3.96691e-17
2
-1.94959e-16
2
-1.2662e-16
1.7118e-16
2
9.11298e-18
2
-7.06254e-17
2
2.68559e-17
2
5.31156e-17
2
7.03971e-17
2
1.87642e-16
2
9.11759e-17
2
8.81273e-17
2
-7.89814e-17
2
7.28984e-17
2
1.16358e-17
2
-7.4752e-17
2
-2.36728e-17
2
-4.88509e-17
2
-1.30778e-16
2
1.61083e-16
2
2.3862e-16
2
8.26589e-17
2
1.97669e-16
2
-1.23771e-16
2
-8.04231e-17
2
-1.87263e-17
2
7.72351e-17
2
9.87748e-17
2
-6.80367e-17
2
-5.54952e-18
2
2.00285e-16
2
1.74174e-16
2
9.63215e-17
2
-4.68716e-17
2
1.75696e-16
2
2.97711e-16
2
2.94265e-16
2
3.05011e-17
2
-8.84447e-17
2
-7.26301e-17
2
-7.84941e-18
2
-1.01831e-17
2
-7.51693e-18
2
-2.79739e-16
2
-2.11807e-16
2
-1.45445e-16
2
4.40458e-17
2
1.22164e-16
2
1.28715e-17
2
9.48727e-17
2
2.00695e-16
2
2.19691e-16
2
1.03472e-16
2
1.21453e-16
2
1.83856e-16
2
1.4223e-16
2
1.18839e-16
2
5.58839e-17
2
1.12533e-16
2
1.66438e-16
2
2.01774e-16
2
1.95269e-16
2
-2.46504e-17
2
1.0427e-16
2
1.10332e-16
2
-5.68055e-17
2
-1.45003e-16
2
-4.95427e-17
2
1.78126e-18
2
-8.15533e-17
2
-2.06642e-16
2
-9.58321e-17
2
-1.83485e-16
2
-1.20319e-16
2
-3.53062e-16
2
-3.6472e-16
2
-3.26468e-16
2
-3.82507e-16
2
-2.52338e-17
2
1.70704e-16
2
1.32287e-16
2
1.71459e-16
2
2.63953e-16
2
3.19717e-17
2
-4.04332e-17
2
-1.33718e-16
2
-2.71837e-17
2
-1.01071e-16
2
-2.72503e-17
2
2.48045e-17
2
-1.38917e-16
2
-1.6023e-17
2
5.87523e-17
2
6.5469e-17
2
7.43164e-17
2
2.49652e-16
2
1.38176e-16
2
1.63831e-16
2
2.55764e-16
2
3.00905e-16
2
3.28221e-16
2
2.67586e-16
2
2.8688e-16
2
2.27104e-16
2
2.30871e-16
2
2.52027e-16
2
2.76172e-16
2
1.76477e-16
2
1.09611e-16
2
1.55143e-16
2
5.49548e-17
2
4.02791e-17
2
1.08568e-16
2
9.11998e-17
2
-1.08783e-16
2
-1.94065e-16
2
-1.08648e-16
2
-1.95947e-16
2
-3.90077e-16
2
-3.52457e-16
2
-2.01679e-16
2
-1.70298e-16
2
-2.20278e-16
2
-2.35176e-16
2
-3.06602e-16
2
-2.32946e-16
2
-1.80975e-16
2
-3.11003e-17
2
-1.22417e-16
2
-2.81764e-16
2
1.50958e-17
2
5.86137e-17
2
-2.33311e-16
2
-1.99485e-16
2
-1.73029e-16
2
-2.29316e-16
2
5.16786e-17
2
-9.6982e-17
2
1.08387e-18
2
1.10994e-16
2
8.23856e-17
2
1.68123e-17
2
-2.42424e-17
2
5.52879e-17
2
1.48397e-16
2
2.61681e-16
2
2.29922e-16
2
2.17156e-16
2
2.15701e-16
2
2.83687e-16
2
1.66111e-16
2
9.6821e-17
2
1.55809e-16
2
1.22156e-16
2
7.13082e-17
2
2.57507e-16
2
2.18605e-16
2
1.22499e-16
2
1.8757e-16
2
1.90666e-16
2
1.85679e-16
2
1.9127e-16
2
3.69631e-16
2
1.41887e-16
2
1.67459e-16
2
-1.16362e-16
2
-1.2217e-17
2
-1.93044e-16
2
-3.20156e-16
2
-3.05144e-16
2
-3.10296e-16
2
-1.00853e-16
2
-2.92335e-17
2
-5.16858e-17
2
-2.5487e-16
2
-3.01685e-16
2
-3.74606e-16
2
-9.43963e-17
2
-2.2902e-16
2
-6.11052e-17
2
-2.49858e-16
2
-2.34204e-16
2
-3.77875e-17
2
-5.74979e-17
2
-3.20349e-16
2
-1.6939e-16
2
-9.33303e-17
2
-7.46646e-17
2
2.36958e-17
2
-8.43166e-17
2
-9.56126e-18
2
1.48004e-16
2
2.57336e-16
2
1.96216e-16
2
-1.40972e-16
2
-2.79619e-17
2
-1.41538e-16
2
-4.06878e-17
2
2.65381e-17
2
8.00066e-17
2
-1.73092e-17
2
-1.57541e-16
2
-8.8753e-17
-1.61921e-16
2
8.75594e-18
2
-1.19398e-16
2
1.11497e-16
2
3.77754e-17
2
1.69906e-16
2
1.7281e-16
2
1.35579e-16
2
1.38552e-16
2
9.48905e-17
2
2.35304e-17
2
3.67272e-18
2
-2.09656e-17
2
5.38118e-17
2
-3.05696e-17
2
1.47096e-17
2
1.41083e-16
2
8.15133e-17
2
7.62091e-17
2
1.26712e-16
2
8.73095e-17
2
-1.21304e-16
2
7.5195e-17
2
-1.3688e-17
2
-8.76453e-17
2
2.03216e-16
2
2.79542e-16
2
5.60538e-17
2
6.44946e-17
2
3.88405e-16
2
3.86197e-16
2
4.09332e-16
2
2.86639e-16
2
6.80125e-17
2
9.93737e-17
2
6.74478e-17
2
8.14697e-17
2
-1.58378e-16
2
-1.69808e-16
2
-2.89867e-16
2
-1.52358e-16
2
-1.48406e-16
2
-1.12073e-16
2
-4.12721e-17
2
9.54807e-17
2
5.25299e-17
2
1.55526e-16
2
2.1878e-16
2
1.58929e-16
2
2.21268e-16
2
6.93401e-17
2
1.12591e-16
2
2.91572e-16
2
1.94855e-16
2
1.65783e-16
2
2.17792e-16
2
2.81468e-16
2
1.43093e-17
2
2.50177e-16
2
4.3343e-16
2
2.18892e-16
2
1.10227e-16
2
1.7754e-16
2
-2.35478e-17
2
-3.47213e-16
2
-8.66418e-17
2
8.27079e-17
2
-4.68704e-17
2
-1.41815e-16
2
-1.2732e-16
2
-2.56129e-16
2
-4.36141e-16
2
-4.96452e-16
2
-2.78908e-16
2
-1.84292e-16
2
-1.83963e-16
2
-5.45991e-17
2
-1.29766e-16
2
1.49479e-17
2
-1.36691e-16
2
1.89338e-17
2
-5.06427e-17
2
2.12189e-17
2
-2.66444e-16
2
-1.42e-16
2
-9.44517e-17
2
-3.89925e-17
2
-5.96936e-17
2
1.63984e-16
2
1.14671e-16
2
2.13576e-16
2
1.2269e-16
2
-4.34351e-17
2
1.44565e-16
2
1.4366e-16
2
2.33805e-16
2
3.89673e-17
2
-4.06747e-17
2
1.7709e-16
2
1.06487e-16
2
2.2023e-16
2
2.5779e-16
2
3.42777e-16
2
2.5977e-16
2
2.99478e-16
2
3.13324e-16
2
2.54631e-16
2
1.04448e-16
2
5.98245e-17
2
4.51833e-17
2
9.15698e-17
2
-3.9568e-17
2
-1.35421e-16
2
-3.04798e-17
2
-8.69928e-18
2
-2.45298e-16
2
-1.67996e-16
2
-1.33881e-16
2
-3.28113e-16
2
-3.07464e-16
2
-3.05694e-16
2
-1.82231e-16
2
-1.57222e-16
2
-2.10561e-16
2
-2.01963e-16
2
-5.79442e-17
2
-3.47871e-17
2
-1.27969e-16
2
-5.10848e-17
2
5.54024e-19
2
-1.09177e-16
2
-1.6386e-16
2
-6.13323e-17
2
-8.81754e-18
2
7.71615e-17
2
-8.23112e-17
2
-5.23044e-17
2
2.22765e-18
2
-8.4155e-17
2
-1.9537e-17
2
4.72554e-17
2
3.06241e-16
2
3.26807e-16
2
3.00922e-16
2
2.2472e-16
2
1.58551e-16
2
4.68879e-17
2
6.33419e-17
2
1.29078e-16
2
3.34287e-17
2
5.72857e-17
2
1.77804e-16
2
1.79026e-16
2
2.55887e-16
2
2.65982e-16
2
5.54273e-17
2
7.13542e-17
2
2.70992e-16
2
3.47583e-16
2
3.6839e-16
2
3.6398e-16
2
2.40383e-16
2
8.48784e-17
2
-7.10287e-17
2
-2.43859e-16
2
-2.65077e-16
2
-1.74358e-16
2
-2.4259e-16
2
-2.47548e-16
2
-1.78631e-16
2
-1.67223e-16
2
-2.34905e-16
2
-3.77611e-16
2
-4.34374e-16
2
-2.32106e-16
2
-3.52531e-17
2
-1.36084e-16
2
-2.01992e-16
2
-1.73008e-16
2
-2.29011e-16
2
-1.85953e-16
2
-1.54866e-16
2
-1.24609e-16
2
-1.79179e-16
2
-3.15929e-16
2
-1.10751e-16
2
-7.84536e-17
2
5.14975e-17
2
1.41253e-18
2
7.92769e-17
2
1.43023e-16
2
-8.38138e-17
2
-2.13568e-16
2
-1.29636e-16
2
2.65564e-18
2
3.8762e-17
2
2.96706e-18
2
-1.3189e-16
2
-1.55217e-16
2
-1.88066e-16
-2.67056e-17
2
-9.10186e-17
2
8.47093e-17
2
2.36287e-17
2
1.44639e-16
2
1.36752e-16
2
2.10317e-17
2
-7.97335e-17
2
3.9782e-17
2
-1.36676e-16
2
-1.45907e-16
2
-7.19634e-17
2
-1.64169e-16
2
-2.03987e-16
2
-1.5434e-16
2
-9.74574e-17
2
-1.24595e-16
2
-8.90499e-17
2
-4.11304e-17
2
-8.64811e-18
2
5.47879e-17
2
1.30863e-16
2
8.23641e-17
2
-1.95861e-17
2
-3.6619e-17
2
1.18505e-16
2
2.98907e-16
2
1.75753e-16
2
2.1336e-16
2
3.31091e-16
2
3.59859e-16
2
4.55666e-17
2
-1.19503e-16
2
-1.56163e-16
2
-1.84183e-16
2
-1.23344e-16
2
5.6565e-17
2
2.65309e-16
2
2.01633e-17
2
-1.40608e-16
2
-2.51808e-16
2
-1.72241e-17
2
2.23081e-17
2
7.32005e-17
2
-3.819e-17
2
1.57022e-16
2
8.15571e-17
2
1.22884e-16
2
5.11008e-17
2
-5.53569e-18
2
1.15861e-16
2
3.05321e-16
2
1.4995e-16
2
6.77361e-17
2
1.61257e-17
2
-1.75679e-17
2
-1.08946e-18
2
3.50703e-16
2
2.71003e-16
2
1.15909e-16
2
1.80383e-16
2
1.28626e-16
2
3.87914e-17
2
5.13616e-17
2
2.30044e-16
2
-2.74596e-18
2
-9.24845e-17
2
-4.40583e-17
2
-2.12062e-16
2
-3.44656e-16
2
-3.97354e-16
2
-4.52371e-16
2
-2.90008e-16
2
-4.07218e-16
2
-3.0372e-16
2
-1.96685e-16
2
-3.90459e-16
2
-1.96635e-16
2
-2.9036e-16
2
-2.728e-16
2
-4.37858e-16
2
-2.10964e-16
2
-1.64348e-16
2
-1.84415e-16
2
-2.12001e-16
2
6.12547e-17
2
1.73559e-16
2
5.40789e-17
2
-1.58757e-16
2
-1.63692e-16
2
-1.7679e-16
2
1.03155e-17
2
3.07304e-16
2
-1.94521e-17
2
1.36279e-16
2
-5.82339e-17
2
-2.1673e-16
2
-4.21032e-17
2
-3.49333e-18
2
1.54585e-16
2
1.28804e-16
2
3.65636e-18
2
1.73363e-16
2
3.43256e-16
2
3.09842e-16
2
2.32224e-16
2
2.40879e-16
2
3.95408e-17
2
2.46535e-17
2
7.72366e-18
2
-1.6195e-16
2
3.68953e-17
2
3.01026e-16
2
1.58726e-16
2
-2.58985e-18
2
5.55918e-17
2
-1.4119e-17
2
-1.74892e-16
2
-1.77031e-17
2
-1.8211e-16
2
-2.6602e-16
2
-2.43128e-16
2
-2.24955e-16
2
-2.38912e-16
2
-1.20554e-16
2
-1.59543e-16
2
-1.92132e-16
2
-3.51516e-16
2
-3.29749e-16
2
-2.66689e-16
2
-6.56771e-17
2
1.33722e-16
2
4.72778e-17
2
-9.67564e-17
2
-1.56753e-16
2
-8.35439e-18
2
-5.87266e-17
2
-3.69451e-17
2
7.99241e-17
2
6.92049e-17
2
-2.65812e-18
2
-3.23808e-17
2
2.50493e-17
2
5.55579e-17
2
1.98343e-16
2
3.25294e-16
2
1.83493e-16
2
7.21578e-17
2
1.92971e-16
2
1.16621e-16
2
-3.36103e-17
2
2.15802e-17
2
2.07618e-16
2
1.21882e-16
2
2.44605e-16
2
4.50341e-16
2
4.44878e-16
2
4.55303e-16
2
4.09277e-16
2
2.94982e-16
2
2.53398e-16
2
2.04293e-16
2
1.10372e-16
2
-6.1703e-17
2
4.22572e-17
2
1.30147e-16
2
-1.22222e-16
2
-7.75711e-17
2
-1.16209e-16
2
-1.35466e-16
2
5.8736e-18
2
7.21005e-17
2
1.02413e-17
2
-2.43454e-16
2
-1.12448e-16
2
-2.08893e-16
2
-3.81199e-16
2
-2.87535e-16
2
-4.0352e-16
2
-2.29719e-16
2
-3.32664e-16
2
-2.29746e-16
2
-3.96806e-16
2
-4.00248e-16
2
-3.94395e-16
2
-2.24258e-16
2
-1.56502e-16
2
-2.55389e-16
2
-3.97749e-17
2
-1.07468e-16
2
-4.65175e-17
2
-3.73631e-17
2
-1.01288e-16
2
6.19171e-17
2
1.77922e-16
2
7.25905e-17
2
1.74754e-16
2
2.2933e-16
2
3.28621e-16
2
4.92592e-17
-1.4136e-16
2
-6.49258e-17
2
-1.48983e-16
2
-1.2304e-16
2
1.17396e-18
2
-1.83221e-17
2
8.09196e-17
2
9.52583e-17
2
-1.12107e-16
2
-1.00727e-18
2
-5.05825e-18
2
1.58691e-17
2
-1.19373e-16
2
-1.89924e-16
2
-2.70631e-16
2
-1.93123e-16
2
-3.33501e-16
2
-4.79924e-17
2
5.89713e-17
2
-2.42308e-17
2
-1.05026e-17
2
1.77956e-16
2
2.4537e-16
2
3.55386e-17
2
7.85718e-17
2
2.64818e-16
2
3.72691e-16
2
3.70604e-16
2
2.04403e-16
2
2.6549e-16
2
1.75446e-16
2
9.96435e-17
2
-9.3149e-17
2
-1.45848e-16
2
-5.86065e-17
2
-7.4758e-18
2
-1.73542e-16
2
-1.58304e-16
2
-5.6595e-17
2
2.83667e-17
2
-5.31036e-17
2
1.14943e-17
2
-3.78145e-17
2
-7.77777e-17
2
-1.92704e-17
2
2.73926e-16
2
3.57271e-16
2
2.82885e-16
2
1.76292e-16
2
1.96872e-16
2
2.85444e-16
2
1.41349e-16
2
1.29684e-16
2
1.17681e-16
2
-1.17306e-16
2
-7.5445e-17
2
8.21758e-17
2
1.97828e-16
2
5.42368e-17
2
1.58193e-16
2
1.85471e-16
2
1.26321e-16
2
-2.8408e-17
2
1.72828e-16
2
1.03999e-16
2
-6.67504e-17
2
-3.02375e-17
2
-1.45799e-16
2
-1.08996e-16
2
-1.70632e-16
2
-3.42398e-16
2
-3.13309e-16
2
-3.49023e-16
2
-2.61902e-16
2
-1.43033e-16
2
-2.53979e-16
2
-3.24402e-16
2
-4.35749e-16
2
-4.35667e-16
2
-4.01461e-16
2
-2.58991e-16
2
-3.21443e-16
2
-2.33024e-16
2
-1.40139e-16
2
-2.8649e-17
2
4.48418e-17
2
-3.24209e-17
2
-1.6743e-16
2
-2.04915e-16
2
-2.11905e-16
2
-3.56293e-16
2
-3.60686e-16
2
-2.09183e-16
2
1.43085e-16
2
-8.15691e-18
2
-2.28966e-16
2
-1.42998e-16
2
-3.4415e-16
2
-3.04011e-16
2
-5.22079e-17
2
-3.89335e-17
2
6.94182e-17
2
1.5656e-16
2
2.06162e-16
2
3.8033e-16
2
9.45396e-17
2
8.26717e-17
2
1.88846e-16
2
1.63412e-16
2
1.70201e-16
2
9.02323e-17
2
1.16469e-16
2
2.94123e-16
2
4.23055e-16
2
2.27578e-16
2
3.84113e-16
2
3.22693e-16
2
1.71954e-16
2
-5.085e-17
2
5.99157e-17
2
2.98706e-17
2
-3.03247e-16
2
-2.79034e-16
2
-2.34582e-16
2
-2.82389e-16
2
-2.19645e-16
2
-2.12663e-16
2
-2.67354e-16
2
-4.63957e-16
2
-1.67685e-16
2
-1.22505e-17
2
2.54681e-17
2
-1.02837e-16
2
-4.4164e-17
2
1.20117e-16
2
-1.45858e-16
2
-8.74416e-17
2
-2.28706e-16
2
-1.94169e-16
2
-1.53596e-16
2
-1.20036e-16
2
-2.87242e-16
2
-3.50291e-16
2
-1.43716e-16
2
-3.09347e-17
2
-1.12189e-16
2
-2.43556e-17
2
8.58553e-17
2
-1.22111e-16
2
8.48167e-17
2
1.14863e-16
2
2.90067e-16
2
4.29127e-16
2
5.44369e-16
2
4.0652e-16
2
5.08273e-16
2
3.95017e-16
2
3.60748e-16
2
4.05093e-16
2
4.87626e-16
2
4.07264e-16
2
2.88738e-16
2
3.37943e-16
2
3.61208e-16
2
1.6187e-16
2
1.89269e-16
2
7.82906e-17
2
8.6972e-17
2
1.33024e-16
2
8.63419e-17
2
-4.57722e-16
2
-4.67461e-16
2
-2.30216e-16
2
6.53597e-18
2
3.85522e-17
2
-2.7514e-16
2
-2.21567e-16
2
-3.43141e-16
2
-2.08111e-16
2
-2.37593e-16
2
-1.20386e-16
2
-2.17826e-16
2
-3.87894e-16
2
-3.09138e-16
2
-1.73136e-16
2
-3.65553e-17
2
-2.03489e-16
2
-3.33422e-16
2
-3.93748e-16
2
-1.88125e-16
2
-1.62966e-16
2
-1.0783e-16
2
1.07073e-16
2
2.48409e-16
2
7.27523e-17
2
2.17111e-16
2
3.40053e-16
2
2.191e-16
2
-2.04881e-17
2
-8.76711e-17
-2.39295e-16
2
-9.49486e-17
2
1.58771e-16
2
2.04168e-16
2
1.04251e-16
2
7.73911e-17
2
2.02095e-16
2
2.00901e-16
2
9.80305e-17
2
5.62412e-17
2
1.82533e-17
2
-2.23068e-16
2
-2.09298e-16
2
-2.44775e-16
2
-1.77849e-17
2
-1.74546e-16
2
-2.24731e-16
2
-2.37477e-16
2
-1.74147e-16
2
-1.44507e-16
2
-1.85752e-16
2
-2.52195e-16
2
-3.8391e-16
2
-2.3575e-16
2
-1.97404e-16
2
5.3581e-17
2
2.21436e-17
2
1.09708e-16
2
2.60546e-16
2
2.29021e-16
2
-2.29893e-17
2
1.43685e-16
2
4.81562e-18
2
-1.70184e-17
2
5.72909e-17
2
6.89744e-17
2
-2.09292e-17
2
-1.26534e-16
2
-1.19427e-16
2
-1.00601e-16
2
5.5584e-17
2
-1.72128e-16
2
6.76973e-17
2
4.23344e-17
2
9.0288e-17
2
2.63392e-16
2
6.49253e-17
2
-1.79246e-16
2
-7.76997e-17
2
1.19516e-16
2
6.33621e-17
2
-1.38009e-17
2
-1.04049e-16
2
-1.79874e-16
2
2.64413e-17
2
1.39624e-16
2
-4.85517e-17
2
-1.96094e-16
2
-9.36076e-17
2
1.29935e-17
2
1.77205e-16
2
1.68907e-16
2
2.18185e-16
2
2.49476e-16
2
1.60377e-16
2
1.43816e-16
2
1.23015e-17
2
8.82839e-17
2
-1.96262e-16
2
-4.2201e-16
2
-3.81404e-16
2
-4.58295e-16
2
-4.03722e-16
2
-3.3824e-16
2
-2.62814e-16
2
-3.44872e-16
2
-4.36088e-16
2
-3.35146e-16
2
-3.58047e-16
2
-3.20855e-16
2
-3.95617e-16
2
-3.95584e-16
2
-3.51669e-16
2
-1.87686e-16
2
-1.00884e-16
2
-1.72289e-16
2
-7.33833e-17
2
-3.83031e-17
2
-1.79579e-16
2
-1.71652e-16
2
-3.71594e-17
2
-1.01498e-16
2
-6.32172e-17
2
-8.95075e-17
2
-1.54962e-16
2
-1.43639e-16
2
-7.31679e-17
2
-7.94989e-17
2
9.32727e-19
2
-1.68404e-16
2
-3.28169e-16
2
-9.54887e-17
2
-1.20538e-16
2
1.06881e-16
2
1.20092e-17
2
2.00806e-16
2
-8.96272e-17
2
8.48389e-17
2
-8.65369e-18
2
1.11391e-16
2
2.84779e-16
2
5.24242e-16
2
3.1931e-16
2
1.59187e-16
2
2.62734e-16
2
2.40502e-16
2
3.87298e-16
2
1.51996e-16
2
1.50309e-16
2
3.73438e-17
2
2.1441e-17
2
-2.95073e-17
2
-1.93124e-17
2
-1.85107e-16
2
-2.66272e-16
2
-3.46356e-16
2
-3.29876e-16
2
-2.61674e-16
2
-1.40825e-16
2
-3.1467e-16
2
-3.09434e-16
2
-1.93264e-16
2
-1.10205e-16
2
-2.68776e-16
2
-2.46957e-16
2
-1.11183e-16
2
-9.478e-17
2
-1.70291e-16
2
-8.45812e-17
2
-1.65328e-16
2
-1.95883e-16
2
-2.80623e-16
2
-9.33512e-18
2
-2.68405e-17
2
-2.5668e-16
2
-3.87214e-16
2
-1.94394e-17
2
1.08199e-16
2
1.78955e-16
2
1.63981e-17
2
-1.85536e-17
2
1.72701e-16
2
1.42953e-16
2
2.5165e-16
2
2.85782e-16
2
1.48183e-16
2
3.56174e-16
2
2.88338e-16
2
2.99838e-16
2
3.63838e-16
2
5.06284e-16
2
3.9851e-16
2
2.28244e-16
2
4.10361e-16
2
3.08359e-16
2
2.6642e-16
2
3.32802e-16
2
2.39321e-16
2
2.28707e-16
2
1.62119e-16
2
6.60439e-17
2
-1.75716e-16
2
-1.12417e-16
2
-1.51397e-16
2
-3.88852e-16
2
-2.34869e-16
2
-3.61911e-16
2
-1.95291e-16
2
-2.48473e-16
2
-3.0582e-16
2
-4.52489e-16
2
-4.99089e-16
2
-2.98658e-16
2
-3.04252e-16
2
-2.06452e-16
2
-4.91992e-16
2
-3.39701e-16
2
-3.07439e-16
2
-2.53876e-16
2
-2.86223e-16
2
-2.43291e-16
2
-1.20132e-16
2
-2.61689e-17
2
-1.11026e-16
2
2.62118e-17
2
2.56054e-18
2
-1.2638e-16
2
1.26677e-16
2
4.81969e-17
2
2.9548e-17
1.01292e-17
2
1.98652e-16
2
1.37479e-16
2
6.74508e-17
2
7.09879e-17
2
4.35181e-17
2
-2.30389e-17
2
-6.62478e-17
2
-1.66523e-16
2
-1.92396e-16
2
-1.82692e-16
2
-2.03233e-16
2
-1.25434e-16
2
7.91495e-18
2
-1.58956e-16
2
-7.44814e-17
2
4.78257e-17
2
-1.62676e-16
2
-3.74011e-16
2
-2.84985e-16
2
-5.03431e-17
2
-1.65346e-16
2
-1.79405e-16
2
-2.16652e-16
2
-5.08724e-17
2
-1.71255e-16
2
-2.77849e-16
2
-1.25666e-16
2
8.94719e-18
2
-1.15665e-16
2
-1.21932e-16
2
-2.20977e-16
2
-7.79223e-17
2
3.76302e-17
2
1.39283e-16
2
1.88889e-16
2
6.71675e-17
2
-7.17929e-17
2
-7.96405e-17
2
1.05358e-17
2
-1.02838e-16
2
-2.66474e-17
2
-1.21782e-16
2
-3.14543e-17
2
1.66367e-17
2
-2.70656e-16
2
-1.93278e-16
2
-1.17168e-16
2
-2.54396e-17
2
-1.47724e-16
2
-5.44955e-17
2
-2.12807e-16
2
-4.03779e-16
2
-2.45872e-16
2
-1.64837e-17
2
-1.84496e-16
2
-2.55359e-16
2
-2.83391e-16
2
-1.88443e-16
2
-1.85542e-16
2
-1.39e-16
2
1.36742e-16
2
4.46611e-16
2
3.58011e-16
2
4.47867e-16
2
3.27903e-16
2
1.83398e-16
2
2.14149e-16
2
1.96991e-16
2
8.745e-18
2
-1.57282e-16
2
-1.49974e-16
2
-3.74334e-16
2
-4.00066e-16
2
-1.90241e-16
2
-3.77938e-16
2
-1.01703e-16
2
4.9022e-17
2
-1.6843e-16
2
2.22032e-19
2
-1.11347e-16
2
-6.77824e-17
2
-1.51446e-16
2
-1.41833e-16
2
-9.56851e-17
2
-1.83313e-16
2
-1.66402e-16
2
7.23439e-17
2
5.18775e-17
2
-2.41974e-16
2
-3.10583e-16
2
-2.22649e-16
2
-1.83887e-16
2
-2.67155e-16
2
-3.63706e-16
2
-9.18521e-17
2
4.37317e-17
2
1.28006e-16
2
-1.16336e-16
2
-5.35789e-16
2
-2.58883e-16
2
-1.5272e-16
2
-3.34095e-16
2
-3.41695e-16
2
-3.47433e-16
2
-3.76299e-16
2
-1.37956e-16
2
-4.39902e-17
2
1.76757e-16
2
1.39936e-16
2
9.47949e-17
2
5.96006e-17
2
2.62964e-16
2
1.61553e-16
2
4.29004e-17
2
3.41549e-17
2
-9.55124e-17
2
-7.81878e-17
2
-9.54898e-17
2
-7.14636e-17
2
-7.59792e-17
2
-8.72542e-18
2
-1.42877e-16
2
-3.11597e-16
2
-2.79191e-16
2
-2.22764e-16
2
-2.18714e-16
2
-8.89687e-17
2
-2.22272e-16
2
-3.25311e-16
2
-3.62321e-16
2
-4.29666e-16
2
-4.05158e-16
2
-3.33219e-16
2
-3.95877e-16
2
-3.35916e-16
2
-5.00569e-16
2
-2.99986e-16
2
-3.35312e-16
2
-2.07523e-16
2
-2.36887e-16
2
-1.88499e-16
2
-3.37901e-16
2
-2.13394e-16
2
-3.42501e-16
2
-3.05239e-16
2
-1.40473e-16
2
7.32584e-17
2
6.96904e-17
2
9.23487e-17
2
3.81946e-16
2
1.00833e-16
2
5.64121e-17
2
6.0435e-17
2
-5.10561e-17
2
-5.80534e-17
2
1.70345e-16
2
1.48743e-16
2
2.41332e-16
2
2.45363e-16
2
1.10339e-16
2
1.52105e-16
2
2.32263e-16
2
2.10268e-16
2
3.36634e-16
2
2.02826e-16
2
3.38916e-16
2
2.63205e-16
2
1.95522e-16
2
1.88696e-16
2
1.71837e-16
2
1.71465e-16
2
7.73316e-17
2
-1.53355e-16
2
-2.11539e-16
2
-2.33296e-16
2
-2.87728e-16
2
-3.1754e-16
2
-2.93431e-16
2
-1.08649e-16
2
-2.55551e-16
2
-3.89726e-16
2
-3.24276e-16
2
-3.09287e-16
2
-3.49714e-16
2
-3.79001e-16
2
-5.21352e-16
2
-4.67123e-16
2
-3.03396e-16
2
-2.95961e-16
2
-1.95681e-16
2
-3.05067e-16
2
-1.22634e-16
2
1.6554e-17
2
-5.99001e-17
2
7.65334e-17
2
1.21627e-16
2
1.89942e-17
2
9.30616e-17
2
1.51747e-16
2.75542e-16
2
-2.50923e-16
2
2.24446e-17
2
1.32716e-17
2
-8.41506e-17
2
-4.44267e-17
2
-1.08154e-16
2
-9.61845e-18
2
1.72377e-16
2
9.00465e-17
2
-8.00445e-17
2
-6.7788e-17
2
-2.12193e-16
2
-8.43576e-17
2
4.86761e-17
2
-1.36989e-19
2
-1.50891e-17
2
-1.96238e-16
2
-2.22869e-16
2
-1.06387e-16
2
-1.83572e-16
2
-1.41638e-17
2
-9.90647e-17
2
-3.17765e-17
2
-4.66814e-17
2
1.09638e-16
2
-3.60429e-17
2
-1.79041e-16
2
-2.59961e-16
2
-1.90937e-16
2
-1.36925e-16
2
-1.19612e-16
2
-2.38674e-17
2
-9.21963e-17
2
-1.05552e-16
2
-6.90015e-17
2
1.21076e-16
2
-1.4848e-16
2
-9.42393e-17
2
-6.37362e-17
2
-6.55113e-17
2
-2.26699e-17
2
-7.96118e-17
2
-3.98449e-17
2
8.72526e-17
2
-8.85522e-17
2
-1.31058e-16
2
-1.89274e-16
2
-1.24342e-16
2
-2.36921e-17
2
-1.38883e-16
2
-1.14926e-16
2
-1.75242e-16
2
-1.23458e-16
2
-1.41644e-16
2
-4.61412e-17
2
-2.25445e-16
2
-2.30338e-16
2
3.02991e-18
2
2.50452e-17
2
9.66924e-18
2
5.60498e-17
2
1.85689e-16
2
3.3321e-16
2
3.02491e-16
2
1.80175e-16
2
8.38937e-17
2
-9.01495e-17
2
-3.38921e-17
2
1.69314e-16
2
-1.13377e-16
2
-1.20614e-16
2
1.19693e-16
2
1.83313e-18
2
-1.67135e-16
2
-1.68058e-16
2
-2.81528e-16
2
-2.9161e-16
2
-9.7216e-17
2
-1.51729e-16
2
-9.57552e-17
2
-5.60153e-17
2
-5.75645e-17
2
-1.74845e-17
2
-1.89273e-17
2
-2.31409e-16
2
-2.33623e-16
2
-1.38213e-16
2
-1.1599e-16
2
3.34432e-17
2
-2.63367e-17
2
-1.12105e-17
2
-1.03344e-16
2
-9.9574e-17
2
-9.23846e-17
2
-7.97399e-17
2
6.91166e-18
2
-6.013e-17
2
-1.62931e-16
2
-2.41219e-16
2
-3.57885e-16
2
-5.16412e-16
2
-3.12419e-16
2
-2.24864e-16
2
-1.65454e-16
2
-3.48712e-17
2
1.61071e-16
2
-2.07501e-17
2
7.23391e-17
2
1.11439e-16
2
1.6344e-16
2
2.09581e-17
2
-1.49137e-16
2
1.08941e-16
2
3.06767e-16
2
1.42191e-16
2
-6.51946e-17
2
-1.0658e-16
2
5.59247e-17
2
-2.34303e-16
2
-9.36085e-17
2
-1.4553e-16
2
-1.00491e-16
2
-8.885e-17
2
-9.53713e-17
2
-8.35322e-17
2
-2.04039e-16
2
-2.88545e-16
2
-1.86856e-16
2
-1.87075e-16
2
-3.29197e-16
2
-3.01272e-16
2
-2.65052e-16
2
-4.19186e-16
2
-3.07103e-16
2
-3.83743e-16
2
-1.48527e-16
2
-1.55267e-16
2
-2.8475e-16
2
-3.08982e-16
2
-2.62489e-16
2
-3.1114e-16
2
-1.84488e-16
2
-3.09291e-16
2
-1.61556e-16
2
-4.427e-17
2
-8.33808e-17
2
-7.30866e-17
2
-5.37416e-17
2
-4.94977e-17
2
-9.15057e-17
2
3.8977e-17
2
5.4515e-17
2
-7.85362e-17
2
1.22567e-16
2
3.63778e-16
2
3.27566e-16
2
1.70264e-16
2
6.2667e-17
2
5.28231e-17
2
8.80987e-17
2
2.38815e-16
2
2.00596e-16
2
1.86115e-16
2
1.37856e-16
2
5.73895e-17
2
-5.14251e-17
2
1.28124e-16
2
2.79622e-16
2
1.63967e-16
2
2.4291e-16
2
1.64653e-16
2
1.93207e-16
2
2.79956e-16
2
1.66474e-16
2
-7.2271e-17
2
-9.83952e-17
2
-2.00178e-16
2
-1.6134e-16
2
-3.22914e-16
2
-3.60032e-16
2
-3.43205e-16
2
-4.25196e-16
2
-3.83489e-16
2
-3.97061e-16
2
-4.67943e-16
2
-3.87069e-16
2
-4.45909e-16
2
-4.36303e-16
2
-2.53219e-16
2
-9.23761e-18
2
6.20509e-17
2
-1.62503e-16
2
-2.4961e-16
2
-1.29967e-16
2
-5.51068e-17
2
-7.32169e-17
2
2.54894e-17
2
9.7686e-17
2
3.16834e-16
3.24448e-16
2
-1.13116e-17
2
-1.41059e-16
2
-5.15979e-17
2
1.05174e-17
2
-6.78447e-17
2
-1.473e-16
2
-1.25605e-16
2
8.05846e-17
2
-6.98362e-17
2
-9.39834e-17
2
-1.31184e-16
2
9.96851e-17
2
5.9329e-17
2
-1.46515e-17
2
-7.9818e-17
2
-2.28019e-16
2
-2.63928e-16
2
-1.21021e-16
2
-1.06691e-16
2
1.3819e-16
2
4.16212e-17
2
-1.58116e-17
2
-4.59077e-19
2
-9.64614e-18
2
-3.37715e-16
2
-1.78437e-16
2
-2.00191e-17
2
-1.37836e-16
2
-3.17437e-16
2
-5.18143e-16
2
-4.84787e-16
2
-2.79839e-16
2
-8.54691e-17
2
-1.49237e-17
2
-1.99237e-16
2
-4.17927e-16
2
-1.57737e-16
2
-7.34528e-17
2
-2.36507e-18
2
-1.20609e-16
2
-1.1292e-16
2
-1.35728e-16
2
-8.50284e-17
2
-1.89443e-16
2
-2.11802e-16
2
-8.03256e-17
2
-9.45827e-18
2
-1.68258e-17
2
3.6343e-18
2
-1.00523e-16
2
-8.82152e-17
2
3.88809e-17
2
-1.9534e-16
2
-4.35801e-16
2
-3.1424e-16
2
-1.24223e-16
2
-8.66963e-17
2
-2.17131e-16
2
9.55896e-17
2
-5.96507e-17
2
1.08751e-17
2
1.30568e-16
2
-7.33847e-17
2
-1.26616e-16
2
9.01181e-17
2
2.96322e-16
2
-1.71761e-17
2
-7.16152e-17
2
-1.54146e-16
2
1.08408e-16
2
1.11504e-16
2
-3.20911e-17
2
-1.38132e-16
2
-2.04808e-16
2
-2.56682e-17
2
8.48377e-17
2
-2.14291e-17
2
-2.9803e-17
2
-2.37833e-16
2
-1.3469e-16
2
-1.38452e-16
2
-8.97418e-17
2
-9.54476e-17
2
-1.88078e-16
2
-9.96486e-17
2
-2.21238e-16
2
-3.69113e-16
2
-1.33543e-16
2
-2.49371e-16
2
-1.72744e-16
2
-1.38967e-16
2
-1.27233e-16
2
-8.4992e-17
2
9.04869e-17
2
6.15484e-17
2
-1.00163e-16
2
-3.58629e-16
2
-4.14523e-16
2
-1.15347e-16
2
-2.02225e-16
2
-3.11208e-16
2
-3.02106e-16
2
-4.84396e-16
2
-4.23305e-16
2
-3.66812e-16
2
-2.84561e-16
2
-5.96235e-17
2
-6.03524e-17
2
-1.92455e-17
2
1.38154e-16
2
6.59723e-17
2
-7.07693e-17
2
-3.66838e-17
2
3.94697e-17
2
1.81407e-16
2
1.38369e-16
2
1.00902e-16
2
-1.82402e-17
2
2.4956e-16
2
4.27067e-17
2
1.18913e-16
2
2.1207e-17
2
1.20545e-16
2
1.54183e-16
2
5.42598e-17
2
-2.41215e-16
2
-4.33181e-16
2
-2.05171e-16
2
-1.88386e-16
2
-1.14439e-16
2
-2.10984e-16
2
-3.40019e-16
2
-7.16454e-17
2
-1.94688e-16
2
-5.21119e-17
2
-1.425e-16
2
-2.79061e-16
2
-2.16022e-16
2
-1.55723e-16
2
-1.24822e-16
2
-6.15288e-17
2
-2.5744e-16
2
-2.0725e-16
2
-1.51629e-16
2
-2.17175e-16
2
-3.04802e-16
2
-3.55515e-16
2
-2.25254e-16
2
1.23817e-17
2
1.05297e-16
2
8.93659e-17
2
-1.07228e-16
2
-2.02856e-16
2
-4.52272e-17
2
-7.16259e-19
2
-7.63974e-17
2
-7.02687e-17
2
3.63584e-17
2
3.09355e-17
2
1.2371e-16
2
-1.57939e-17
2
4.92095e-17
2
8.35521e-17
2
1.27234e-16
2
1.68489e-16
2
1.33278e-16
2
1.43156e-16
2
7.21235e-17
2
1.30222e-16
2
1.86421e-16
2
1.88807e-16
2
1.70398e-16
2
1.24181e-16
2
2.29759e-16
2
3.02215e-16
2
1.87569e-16
2
9.49481e-17
2
-2.51155e-17
2
-1.00517e-16
2
-1.37909e-16
2
-9.88562e-17
2
-4.3459e-16
2
-4.4639e-16
2
-5.49091e-16
2
-4.97043e-16
2
-4.33611e-16
2
-2.71705e-16
2
-5.0545e-16
2
-4.5857e-16
2
-4.34108e-16
2
-2.85524e-16
2
-4.45399e-18
2
-1.06556e-16
2
-2.16122e-17
2
-3.25713e-17
2
-8.1151e-17
2
-5.87799e-17
2
7.62263e-17
2
3.15513e-17
1.73379e-16
2
-4.12139e-17
2
1.18222e-16
2
3.00129e-17
2
-7.41072e-18
2
-6.28434e-17
2
-2.10344e-16
2
-2.50053e-16
2
-2.44092e-16
2
1.70993e-17
2
4.21947e-17
2
-3.79397e-17
2
4.69814e-17
2
2.8274e-17
2
2.71164e-18
2
1.45045e-17
2
6.81941e-17
2
-7.64504e-18
2
-1.23522e-16
2
4.88204e-17
2
-2.37861e-16
2
-8.74187e-17
2
-1.43969e-16
2
-6.45606e-17
2
-3.08585e-17
2
-1.81487e-16
2
-1.85379e-16
2
-2.09231e-16
2
-1.89018e-16
2
-1.5715e-16
2
-2.54698e-17
2
-2.19283e-16
2
-2.64797e-16
2
-4.09368e-16
2
-3.40444e-16
2
-3.24502e-16
2
-3.75785e-16
2
-1.85882e-16
2
-5.72271e-17
2
-9.02574e-17
2
-3.68278e-17
2
-1.10522e-16
2
7.70387e-18
2
-1.72687e-16
2
-2.9276e-16
2
-1.64583e-16
2
-1.34014e-16
2
-6.22161e-17
2
-2.26795e-16
2
-1.46942e-16
2
-1.02941e-16
2
-1.02956e-16
2
-1.13396e-16
2
-2.3916e-16
2
-3.17984e-16
2
-3.09545e-16
2
-2.06803e-16
2
-1.75461e-16
2
-1.30352e-16
2
-1.6309e-16
2
1.80322e-16
2
5.64615e-17
2
-1.17531e-16
2
5.35369e-19
2
1.64515e-16
2
1.10964e-16
2
1.27606e-16
2
2.1295e-16
2
1.1827e-16
2
-3.18084e-17
2
1.31261e-17
2
3.3756e-17
2
-2.66251e-17
2
-5.01863e-17
2
-4.15743e-17
2
2.26768e-17
2
4.52707e-19
2
-9.25677e-19
2
-1.05786e-16
2
-1.2224e-16
2
3.41853e-17
2
-5.89264e-17
2
-5.61113e-17
2
-3.99513e-17
2
-5.33497e-17
2
-4.84545e-17
2
-1.25197e-16
2
-1.46774e-16
2
-2.3726e-16
2
-2.38223e-16
2
-1.6147e-16
2
-2.59661e-16
2
-2.1689e-16
2
-1.80228e-16
2
-2.00369e-16
2
-1.70079e-16
2
-2.72703e-16
2
-2.67164e-16
2
-7.56305e-17
2
-1.64629e-18
2
-8.72916e-17
2
-8.17278e-17
2
-2.53582e-16
2
-3.23711e-16
2
-4.90786e-16
2
-3.22431e-16
2
-3.31435e-16
2
-2.1884e-16
2
-1.71796e-16
2
-4.44333e-17
2
2.26893e-17
2
2.30422e-17
2
-5.25358e-17
2
-1.51734e-16
2
-1.41126e-17
2
2.74135e-17
2
1.23796e-16
2
2.3124e-16
2
8.99988e-17
2
-1.61001e-17
2
-1.65015e-17
2
4.44816e-17
2
5.51909e-17
2
-8.17184e-17
2
-1.54598e-16
2
-1.80517e-16
2
5.61305e-18
2
-5.39985e-18
2
-2.94742e-16
2
-1.61569e-16
2
-1.01972e-16
2
-2.98867e-16
2
-3.53536e-16
2
-5.26116e-16
2
-4.91628e-16
2
-4.62506e-16
2
-5.92491e-16
2
-3.93375e-16
2
-3.18545e-16
2
-1.80346e-16
2
-1.03112e-16
2
-9.29262e-17
2
-3.52254e-16
2
-3.82656e-16
2
-3.52666e-16
2
-2.12135e-16
2
-3.85185e-16
2
-2.98808e-16
2
-1.52382e-16
2
-1.84571e-16
2
-3.17812e-16
2
-3.38864e-16
2
-2.15368e-16
2
-1.55342e-17
2
-1.39842e-16
2
-1.62809e-16
2
-3.70913e-16
2
-1.62014e-16
2
-1.58256e-16
2
-3.43956e-17
2
-3.76979e-17
2
6.60413e-17
2
3.00143e-17
2
7.49031e-17
2
1.10149e-16
2
3.12804e-16
2
2.93307e-16
2
2.53946e-16
2
2.08726e-16
2
1.3962e-16
2
1.84913e-16
2
2.65619e-16
2
1.16827e-16
2
1.5041e-16
2
1.11378e-16
2
1.84714e-16
2
2.56597e-16
2
1.90878e-16
2
2.57766e-16
2
1.38963e-16
2
1.73291e-16
2
-2.26429e-16
2
7.49004e-17
2
-7.86891e-17
2
-4.37506e-17
2
1.1285e-16
2
-5.4552e-17
2
-5.15671e-17
2
-1.92811e-16
2
-2.91284e-16
2
-2.31436e-16
2
2.57922e-17
2
-8.80099e-17
2
8.2456e-17
2
2.93679e-17
2
-5.0843e-17
2
4.45209e-17
2
-8.45998e-17
2
-2.48003e-16
2
-4.8284e-17
1.13539e-16
2
2
2
2
2
2
2
2
2
2
2
2
2
2
2
2
2
2
2
2
2
2
2
2
2
2
2
2
2
2
2
2
2
2
2
2
2
2
2
2
2
2
2
2
2
2
2
2
2
2
2
2
2
2
2
2
2
2
2
2
2
2
2
2
2
2
2
2
2
2
2
2
2
2
2
2
2
2
2
2
2
2
2
2
2
2
2
2
2
2
2
2
2
2
2
2
2
2
2
2
2
2
2
2
2
2
2
2
2
2
2
2
2
2
2
2
2
2
2
2
2
2
2
2
2
2
2
2
2
2
2
2
2
2
2
2
2
2
2
2
2
2
2
2
2
2
2
2
2
2
2
2
2
2
2
2
2
2
2
2
2
2
2
2
2
2
2
2
2
2
2
2
2
2
2
2
2
2
2
2
2
2
2
2
2
2
2
2
2
2
2
2
2
2
2
2
2
2
2
)
;

boundaryField
{
    cyclic1
    {
        type            cyclic;
        value           nonuniform List<scalar> 
200
(
2.53175e-16
2.04805e-16
6.44443e-17
3.41247e-17
1.04189e-17
6.21297e-18
-6.63039e-18
3.52236e-18
2.56156e-17
9.45119e-17
2.71249e-16
2.32979e-16
9.07836e-17
5.94043e-17
4.80259e-17
-3.8352e-17
2.1561e-17
-1.9211e-16
-2.75628e-16
-2.00784e-16
-1.11555e-16
-4.91118e-17
-3.36554e-18
-6.82633e-17
3.09082e-17
2.74331e-16
3.07538e-16
2.46166e-16
1.01945e-16
6.63139e-17
-2.76159e-17
-1.77124e-16
-9.21095e-17
-5.47588e-17
-1.9026e-16
1.19983e-16
8.20609e-17
6.04928e-17
2.75558e-17
3.35201e-17
4.39313e-17
-9.33856e-17
-7.83786e-17
-3.24126e-17
2.54748e-17
-4.30102e-18
-6.81412e-17
-1.74638e-16
-2.03466e-16
-2.2891e-17
-1.10113e-16
3.03681e-17
-2.32186e-16
-2.57868e-16
-2.63992e-16
-1.8241e-16
-9.29755e-17
-9.20935e-17
-9.93145e-17
-9.15391e-17
-1.45659e-17
1.20498e-17
2.53878e-17
3.22128e-17
-1.45448e-16
-3.21535e-16
2.84214e-17
1.20611e-16
8.21303e-17
8.60971e-17
-3.9844e-17
8.17969e-17
2.71744e-16
2.03187e-16
1.1114e-16
1.19238e-16
5.97861e-17
-1.47178e-17
-2.04075e-16
-1.62644e-16
-1.05772e-16
-6.6938e-17
-1.62572e-17
2.44538e-17
-4.70294e-18
-1.54864e-16
-1.58096e-16
-1.39447e-16
-1.30044e-18
-1.12077e-16
-1.2323e-17
-1.02171e-16
-2.3197e-16
-9.97076e-17
-2.53432e-16
-2.15681e-16
-1.6567e-16
-3.94918e-17
-5.8707e-18
8.57381e-17
-6.45187e-17
-3.77832e-16
-3.11096e-16
-1.68135e-16
-3.19273e-16
-4.02099e-16
-3.03393e-16
-2.29797e-16
-2.97503e-16
-3.70847e-16
-1.38893e-16
-7.18422e-17
-1.69629e-16
-2.36362e-18
-3.65814e-17
-4.94507e-17
-1.03449e-17
-4.35122e-17
1.40179e-16
2.35448e-16
1.36707e-16
8.55672e-17
-3.89553e-17
-7.19621e-17
-1.74342e-16
-2.07223e-16
4.19116e-17
8.35022e-17
-5.45139e-17
9.16679e-17
5.80625e-17
-1.06543e-16
-1.25473e-16
1.75973e-17
-5.25504e-17
-1.11318e-16
1.01989e-17
9.32708e-17
-1.15049e-17
-7.89648e-17
-7.58512e-17
1.7391e-16
2.10971e-16
-6.45471e-17
-1.6007e-16
-3.2834e-17
-6.37677e-17
-4.57733e-17
-1.58978e-16
-2.34056e-16
-2.83138e-16
-2.48518e-16
-1.37578e-16
-8.23612e-17
-1.64837e-16
-7.51115e-17
-1.21045e-16
-9.05309e-17
-2.20386e-17
-1.01826e-17
2.03989e-16
3.18597e-16
1.93649e-16
1.14397e-16
2.02551e-16
2.26936e-16
1.52454e-16
1.56076e-16
7.38455e-17
2.10126e-16
7.84944e-17
1.33757e-16
6.1874e-17
1.01603e-16
-1.69055e-18
-1.28482e-16
-2.81279e-17
1.94747e-16
1.02543e-16
1.17179e-17
1.58956e-16
9.06671e-17
-3.60783e-17
-1.03402e-16
-1.39164e-16
-1.44678e-16
-2.63724e-16
-2.15063e-16
-4.28448e-16
-3.73494e-16
-3.98927e-16
-1.51487e-16
8.18614e-17
1.08322e-16
1.02467e-16
-4.34719e-17
9.15209e-18
1.37296e-16
1.26351e-16
1.35869e-17
)
;
    }
    cyclic2
    {
        type            cyclic;
        value           nonuniform List<scalar> 
200
(
-2.53175e-16
-2.04805e-16
-6.44443e-17
-3.41247e-17
-1.04189e-17
-6.21297e-18
6.63039e-18
-3.52236e-18
-2.56156e-17
-9.45119e-17
-2.71249e-16
-2.32979e-16
-9.07836e-17
-5.94043e-17
-4.80259e-17
3.8352e-17
-2.1561e-17
1.9211e-16
2.75628e-16
2.00784e-16
1.11555e-16
4.91118e-17
3.36554e-18
6.82633e-17
-3.09082e-17
-2.74331e-16
-3.07538e-16
-2.46166e-16
-1.01945e-16
-6.63139e-17
2.76159e-17
1.77124e-16
9.21095e-17
5.47588e-17
1.9026e-16
-1.19983e-16
-8.20609e-17
-6.04928e-17
-2.75558e-17
-3.35201e-17
-4.39313e-17
9.33856e-17
7.83786e-17
3.24126e-17
-2.54748e-17
4.30102e-18
6.81412e-17
1.74638e-16
2.03466e-16
2.2891e-17
1.10113e-16
-3.03681e-17
2.32186e-16
2.57868e-16
2.63992e-16
1.8241e-16
9.29755e-17
9.20935e-17
9.93145e-17
9.15391e-17
1.45659e-17
-1.20498e-17
-2.53878e-17
-3.22128e-17
1.45448e-16
3.21535e-16
-2.84214e-17
-1.20611e-16
-8.21303e-17
-8.60971e-17
3.9844e-17
-8.17969e-17
-2.71744e-16
-2.03187e-16
-1.1114e-16
-1.19238e-16
-5.97861e-17
1.47178e-17
2.04075e-16
1.62644e-16
1.05772e-16
6.6938e-17
1.62572e-17
-2.44538e-17
4.70294e-18
1.54864e-16
1.58096e-16
1.39447e-16
1.30044e-18
1.12077e-16
1.2323e-17
1.02171e-16
2.3197e-16
9.97076e-17
2.53432e-16
2.15681e-16
1.6567e-16
3.94918e-17
5.8707e-18
-8.57381e-17
6.45187e-17
3.77832e-16
3.11096e-16
1.68135e-16
3.19273e-16
4.02099e-16
3.03393e-16
2.29797e-16
2.97503e-16
3.70847e-16
1.38893e-16
7.18422e-17
1.69629e-16
2.36362e-18
3.65814e-17
4.94507e-17
1.03449e-17
4.35122e-17
-1.40179e-16
-2.35448e-16
-1.36707e-16
-8.55672e-17
3.89553e-17
7.19621e-17
1.74342e-16
2.07223e-16
-4.19116e-17
-8.35022e-17
5.45139e-17
-9.16679e-17
-5.80625e-17
1.06543e-16
1.25473e-16
-1.75973e-17
5.25504e-17
1.11318e-16
-1.01989e-17
-9.32708e-17
1.15049e-17
7.89648e-17
7.58512e-17
-1.7391e-16
-2.10971e-16
6.45471e-17
1.6007e-16
3.2834e-17
6.37677e-17
4.57733e-17
1.58978e-16
2.34056e-16
2.83138e-16
2.48518e-16
1.37578e-16
8.23612e-17
1.64837e-16
7.51115e-17
1.21045e-16
9.05309e-17
2.20386e-17
1.01826e-17
-2.03989e-16
-3.18597e-16
-1.93649e-16
-1.14397e-16
-2.02551e-16
-2.26936e-16
-1.52454e-16
-1.56076e-16
-7.38455e-17
-2.10126e-16
-7.84944e-17
-1.33757e-16
-6.1874e-17
-1.01603e-16
1.69055e-18
1.28482e-16
2.81279e-17
-1.94747e-16
-1.02543e-16
-1.17179e-17
-1.58956e-16
-9.06671e-17
3.60783e-17
1.03402e-16
1.39164e-16
1.44678e-16
2.63724e-16
2.15063e-16
4.28448e-16
3.73494e-16
3.98927e-16
1.51487e-16
-8.18614e-17
-1.08322e-16
-1.02467e-16
4.34719e-17
-9.15209e-18
-1.37296e-16
-1.26351e-16
-1.35869e-17
)
;
    }
    frontAndBack
    {
        type            empty;
        value           nonuniform 0();
    }
    outlet
    {
        type            calculated;
        value           nonuniform List<scalar> 
20
(
2
2
2
2
2
2
2
2
2
2
2
2
2
2
2
2
2
2
2
2
)
;
    }
    inlet
    {
        type            calculated;
        value           nonuniform List<scalar> 
20
(
-2
-2
-2
-2
-2
-2
-2
-2
-2
-2
-2
-2
-2
-2
-2
-2
-2
-2
-2
-2
)
;
    }
}


// ************************************************************************* //
