/*--------------------------------*- C++ -*----------------------------------*\
  =========                 |
  \\      /  F ield         | OpenFOAM: The Open Source CFD Toolbox
   \\    /   O peration     | Website:  https://openfoam.org
    \\  /    A nd           | Version:  6
     \\/     M anipulation  |
\*---------------------------------------------------------------------------*/
FoamFile
{
    version     2.0;
    format      ascii;
    class       volScalarField;
    location    "180";
    object      p;
}
// * * * * * * * * * * * * * * * * * * * * * * * * * * * * * * * * * * * * * //

dimensions      [0 2 -2 0 0 0 0];

internalField   nonuniform List<scalar> 
4000
(
1.75327e-09
1.76667e-09
1.79718e-09
1.82203e-09
1.82231e-09
1.84341e-09
1.85573e-09
1.85935e-09
1.89121e-09
1.90755e-09
1.92182e-09
1.95079e-09
1.99243e-09
2.00785e-09
2.0341e-09
2.07035e-09
2.1035e-09
2.1338e-09
2.16872e-09
2.22459e-09
2.24411e-09
2.26332e-09
2.2822e-09
2.29973e-09
2.29727e-09
2.30399e-09
2.30815e-09
2.32869e-09
2.34295e-09
2.35157e-09
2.37498e-09
2.38047e-09
2.3857e-09
2.38141e-09
2.37593e-09
2.37334e-09
2.37352e-09
2.39014e-09
2.40813e-09
2.40458e-09
2.41032e-09
2.40089e-09
2.38368e-09
2.36236e-09
2.33047e-09
2.30967e-09
2.28762e-09
2.26906e-09
2.25821e-09
2.25794e-09
2.26268e-09
2.25636e-09
2.24353e-09
2.23208e-09
2.22225e-09
2.22197e-09
2.20691e-09
2.20093e-09
2.20068e-09
2.20217e-09
2.2041e-09
2.20033e-09
2.18127e-09
2.17249e-09
2.15365e-09
2.14482e-09
2.144e-09
2.14206e-09
2.1421e-09
2.15397e-09
2.16112e-09
2.17476e-09
2.18412e-09
2.19268e-09
2.21478e-09
2.21844e-09
2.22618e-09
2.24308e-09
2.25407e-09
2.25793e-09
2.25225e-09
2.25296e-09
2.25977e-09
2.26661e-09
2.27258e-09
2.29391e-09
2.31979e-09
2.33741e-09
2.33701e-09
2.32243e-09
2.30547e-09
2.30194e-09
2.31046e-09
2.31212e-09
2.30418e-09
2.29947e-09
2.28362e-09
2.27431e-09
2.27409e-09
2.24627e-09
2.24079e-09
2.2413e-09
2.24459e-09
2.23813e-09
2.24408e-09
2.26453e-09
2.25335e-09
2.23518e-09
2.22139e-09
2.20052e-09
2.18295e-09
2.1666e-09
2.16118e-09
2.14925e-09
2.11855e-09
2.08555e-09
2.0589e-09
2.02092e-09
1.98332e-09
1.94713e-09
1.91355e-09
1.8796e-09
1.83485e-09
1.80457e-09
1.77911e-09
1.74283e-09
1.71521e-09
1.70146e-09
1.6908e-09
1.6744e-09
1.67959e-09
1.68682e-09
1.67712e-09
1.67504e-09
1.66917e-09
1.66168e-09
1.64805e-09
1.64331e-09
1.64119e-09
1.64008e-09
1.63626e-09
1.61241e-09
1.59817e-09
1.56838e-09
1.54817e-09
1.52062e-09
1.48182e-09
1.44943e-09
1.42302e-09
1.38219e-09
1.35356e-09
1.33186e-09
1.3109e-09
1.28534e-09
1.27212e-09
1.26024e-09
1.23811e-09
1.22202e-09
1.22048e-09
1.21598e-09
1.19947e-09
1.1677e-09
1.15662e-09
1.13011e-09
1.09069e-09
1.05989e-09
1.03536e-09
1.00198e-09
9.56572e-10
9.03794e-10
8.69155e-10
8.46784e-10
8.23832e-10
8.21848e-10
8.19179e-10
8.10897e-10
7.94916e-10
7.80382e-10
7.67703e-10
7.37387e-10
7.08672e-10
6.4796e-10
6.15399e-10
5.86744e-10
5.40744e-10
4.88413e-10
4.20407e-10
3.69318e-10
3.28898e-10
2.52437e-10
1.99334e-10
1.61922e-10
1.35496e-10
9.91646e-11
5.92861e-11
3.52353e-11
3.15575e-11
4.39785e-11
3.77763e-11
1.40417e-11
1.74404e-09
1.76467e-09
1.80255e-09
1.82006e-09
1.82746e-09
1.85225e-09
1.86328e-09
1.8707e-09
1.90662e-09
1.92223e-09
1.92159e-09
1.94995e-09
1.98395e-09
2.00363e-09
2.03293e-09
2.0711e-09
2.11527e-09
2.14705e-09
2.16916e-09
2.21128e-09
2.24127e-09
2.27515e-09
2.28845e-09
2.29778e-09
2.29472e-09
2.30594e-09
2.30569e-09
2.32907e-09
2.34666e-09
2.35493e-09
2.36592e-09
2.37202e-09
2.37442e-09
2.39247e-09
2.38817e-09
2.38099e-09
2.37782e-09
2.38509e-09
2.40528e-09
2.40545e-09
2.40335e-09
2.40183e-09
2.39198e-09
2.37035e-09
2.33876e-09
2.31434e-09
2.29116e-09
2.27596e-09
2.26776e-09
2.26193e-09
2.2713e-09
2.25554e-09
2.24173e-09
2.23397e-09
2.22178e-09
2.21e-09
2.2023e-09
2.20192e-09
2.20417e-09
2.20047e-09
2.1972e-09
2.19342e-09
2.17691e-09
2.16032e-09
2.14868e-09
2.13695e-09
2.14281e-09
2.12986e-09
2.12398e-09
2.13543e-09
2.14531e-09
2.16242e-09
2.17607e-09
2.18876e-09
2.21388e-09
2.22998e-09
2.23147e-09
2.23972e-09
2.25432e-09
2.26253e-09
2.24866e-09
2.25109e-09
2.26312e-09
2.2741e-09
2.29273e-09
2.29643e-09
2.30603e-09
2.33736e-09
2.34621e-09
2.3296e-09
2.30456e-09
2.29487e-09
2.31662e-09
2.31405e-09
2.29451e-09
2.2766e-09
2.27773e-09
2.26603e-09
2.26127e-09
2.24831e-09
2.23796e-09
2.24068e-09
2.22406e-09
2.22253e-09
2.22988e-09
2.25073e-09
2.24838e-09
2.23941e-09
2.22358e-09
2.21913e-09
2.18734e-09
2.16294e-09
2.1771e-09
2.15087e-09
2.10818e-09
2.08131e-09
2.0584e-09
2.0282e-09
1.99133e-09
1.95008e-09
1.91685e-09
1.87761e-09
1.83859e-09
1.80881e-09
1.77464e-09
1.729e-09
1.70576e-09
1.6963e-09
1.6924e-09
1.67584e-09
1.674e-09
1.68157e-09
1.67888e-09
1.66755e-09
1.65726e-09
1.65501e-09
1.65254e-09
1.62954e-09
1.62827e-09
1.62667e-09
1.63125e-09
1.61153e-09
1.58573e-09
1.56332e-09
1.54474e-09
1.51402e-09
1.47465e-09
1.44265e-09
1.40279e-09
1.37715e-09
1.35236e-09
1.32667e-09
1.29734e-09
1.28671e-09
1.28139e-09
1.273e-09
1.24625e-09
1.22248e-09
1.21692e-09
1.21817e-09
1.19684e-09
1.17282e-09
1.16643e-09
1.14103e-09
1.08919e-09
1.04416e-09
1.02356e-09
9.91886e-10
9.53847e-10
9.14472e-10
8.71926e-10
8.39309e-10
8.29478e-10
8.26266e-10
8.21447e-10
8.03214e-10
7.80385e-10
7.75544e-10
7.72924e-10
7.49905e-10
7.10855e-10
6.55112e-10
6.22389e-10
5.86995e-10
5.42527e-10
4.83727e-10
4.18202e-10
3.65865e-10
3.18049e-10
2.57991e-10
1.92135e-10
1.56199e-10
1.37667e-10
9.82985e-11
6.33793e-11
3.07438e-11
2.40323e-11
3.05807e-11
3.14599e-11
1.17894e-11
1.7574e-09
1.76544e-09
1.78971e-09
1.80374e-09
1.82305e-09
1.84239e-09
1.86597e-09
1.88414e-09
1.90917e-09
1.92242e-09
1.92803e-09
1.9418e-09
1.96918e-09
1.99575e-09
2.02779e-09
2.08003e-09
2.12439e-09
2.15116e-09
2.17456e-09
2.21226e-09
2.2413e-09
2.27019e-09
2.29499e-09
2.29053e-09
2.28919e-09
2.30739e-09
2.29949e-09
2.32315e-09
2.34512e-09
2.35651e-09
2.35542e-09
2.35915e-09
2.37134e-09
2.38938e-09
2.40017e-09
2.39468e-09
2.38089e-09
2.39452e-09
2.41767e-09
2.40523e-09
2.40265e-09
2.4037e-09
2.40081e-09
2.375e-09
2.34464e-09
2.31749e-09
2.29753e-09
2.29471e-09
2.28235e-09
2.27901e-09
2.27163e-09
2.25726e-09
2.23985e-09
2.2209e-09
2.21668e-09
2.20549e-09
2.20403e-09
2.1951e-09
2.18998e-09
2.19295e-09
2.19772e-09
2.21049e-09
2.1793e-09
2.15472e-09
2.13898e-09
2.13275e-09
2.12891e-09
2.1238e-09
2.12071e-09
2.13017e-09
2.13934e-09
2.15494e-09
2.17433e-09
2.19083e-09
2.21426e-09
2.23599e-09
2.2441e-09
2.24447e-09
2.25019e-09
2.2573e-09
2.25626e-09
2.25646e-09
2.27429e-09
2.27677e-09
2.28695e-09
2.29738e-09
2.31359e-09
2.33356e-09
2.33859e-09
2.32806e-09
2.31925e-09
2.30047e-09
2.31552e-09
2.29481e-09
2.28186e-09
2.27558e-09
2.27129e-09
2.2682e-09
2.25814e-09
2.25994e-09
2.24684e-09
2.23764e-09
2.22995e-09
2.21302e-09
2.22903e-09
2.25028e-09
2.2471e-09
2.22824e-09
2.22148e-09
2.21432e-09
2.19745e-09
2.1704e-09
2.17449e-09
2.14322e-09
2.11418e-09
2.08742e-09
2.0493e-09
2.02645e-09
1.98727e-09
1.95151e-09
1.92023e-09
1.87521e-09
1.84468e-09
1.80637e-09
1.76585e-09
1.72208e-09
1.69029e-09
1.68618e-09
1.67536e-09
1.66914e-09
1.68689e-09
1.67682e-09
1.66824e-09
1.64924e-09
1.64417e-09
1.64118e-09
1.64234e-09
1.63417e-09
1.62639e-09
1.62515e-09
1.61953e-09
1.60964e-09
1.59341e-09
1.56333e-09
1.54013e-09
1.51834e-09
1.48537e-09
1.44257e-09
1.40135e-09
1.36953e-09
1.35541e-09
1.3214e-09
1.29313e-09
1.28107e-09
1.27946e-09
1.28009e-09
1.26918e-09
1.23924e-09
1.21733e-09
1.21964e-09
1.21341e-09
1.18052e-09
1.16703e-09
1.14917e-09
1.1039e-09
1.05212e-09
1.01655e-09
9.84299e-10
9.62087e-10
9.25777e-10
8.83494e-10
8.49823e-10
8.30611e-10
8.20581e-10
8.1234e-10
7.92016e-10
7.77537e-10
7.66427e-10
7.66935e-10
7.4859e-10
7.09182e-10
6.56724e-10
6.38536e-10
5.93068e-10
5.42251e-10
4.79678e-10
4.09085e-10
3.57303e-10
3.08726e-10
2.47214e-10
1.89181e-10
1.4602e-10
1.19566e-10
9.84174e-11
7.4321e-11
3.59619e-11
2.72157e-11
2.72464e-11
1.57408e-11
3.2375e-12
1.76521e-09
1.77184e-09
1.78753e-09
1.80261e-09
1.82248e-09
1.84542e-09
1.86532e-09
1.88754e-09
1.9101e-09
1.92602e-09
1.92928e-09
1.94832e-09
1.97113e-09
1.99687e-09
2.03243e-09
2.07425e-09
2.12452e-09
2.14654e-09
2.16977e-09
2.21688e-09
2.23612e-09
2.27011e-09
2.28999e-09
2.28184e-09
2.29497e-09
2.29734e-09
2.30148e-09
2.31922e-09
2.33338e-09
2.34364e-09
2.35061e-09
2.36069e-09
2.36689e-09
2.37836e-09
2.40893e-09
2.41339e-09
2.40152e-09
2.40407e-09
2.40859e-09
2.40638e-09
2.40843e-09
2.40774e-09
2.40091e-09
2.37369e-09
2.36159e-09
2.33173e-09
2.31197e-09
2.30419e-09
2.2852e-09
2.28993e-09
2.27928e-09
2.25106e-09
2.23445e-09
2.22112e-09
2.20544e-09
2.19212e-09
2.19098e-09
2.18762e-09
2.17699e-09
2.18206e-09
2.18677e-09
2.20348e-09
2.17622e-09
2.14402e-09
2.13976e-09
2.13635e-09
2.1371e-09
2.12359e-09
2.12611e-09
2.13387e-09
2.14416e-09
2.16073e-09
2.17961e-09
2.19513e-09
2.21628e-09
2.22641e-09
2.23436e-09
2.25245e-09
2.2546e-09
2.25939e-09
2.2638e-09
2.25602e-09
2.27497e-09
2.28517e-09
2.29222e-09
2.3047e-09
2.31611e-09
2.32659e-09
2.32461e-09
2.32589e-09
2.31803e-09
2.30465e-09
2.30861e-09
2.29254e-09
2.27655e-09
2.27883e-09
2.27653e-09
2.27186e-09
2.26277e-09
2.26338e-09
2.26251e-09
2.24337e-09
2.2266e-09
2.23373e-09
2.23832e-09
2.24862e-09
2.25071e-09
2.23709e-09
2.22436e-09
2.20876e-09
2.194e-09
2.17173e-09
2.164e-09
2.14736e-09
2.12224e-09
2.09241e-09
2.05695e-09
2.02586e-09
1.99071e-09
1.94966e-09
1.91161e-09
1.87067e-09
1.84272e-09
1.79295e-09
1.74944e-09
1.71045e-09
1.68211e-09
1.67985e-09
1.67376e-09
1.66773e-09
1.67418e-09
1.66519e-09
1.66496e-09
1.64914e-09
1.6425e-09
1.63896e-09
1.64125e-09
1.63531e-09
1.62772e-09
1.61833e-09
1.6129e-09
1.60737e-09
1.58913e-09
1.55717e-09
1.53402e-09
1.51461e-09
1.48323e-09
1.43561e-09
1.39278e-09
1.36353e-09
1.34862e-09
1.31857e-09
1.29533e-09
1.2745e-09
1.27277e-09
1.27573e-09
1.27514e-09
1.24742e-09
1.23115e-09
1.23118e-09
1.21741e-09
1.19007e-09
1.16746e-09
1.14823e-09
1.09758e-09
1.05185e-09
1.0302e-09
9.95747e-10
9.81042e-10
9.45106e-10
8.9911e-10
8.61958e-10
8.3886e-10
8.30608e-10
8.04945e-10
7.83083e-10
7.73123e-10
7.63396e-10
7.54353e-10
7.44912e-10
7.06628e-10
6.69839e-10
6.53367e-10
6.05365e-10
5.51428e-10
4.84482e-10
4.09706e-10
3.56103e-10
3.04982e-10
2.36826e-10
1.81129e-10
1.45763e-10
1.13092e-10
9.39027e-11
7.45919e-11
4.53063e-11
3.43806e-11
2.54631e-11
2.07615e-11
9.82049e-12
1.76686e-09
1.76986e-09
1.79026e-09
1.80312e-09
1.82732e-09
1.84984e-09
1.86362e-09
1.87649e-09
1.90436e-09
1.94212e-09
1.94336e-09
1.95764e-09
1.9813e-09
1.99426e-09
2.03097e-09
2.07837e-09
2.12131e-09
2.14713e-09
2.17895e-09
2.20947e-09
2.24073e-09
2.26623e-09
2.28589e-09
2.28604e-09
2.29501e-09
2.30438e-09
2.29879e-09
2.31218e-09
2.32636e-09
2.32935e-09
2.33188e-09
2.3574e-09
2.3741e-09
2.38359e-09
2.40312e-09
2.40927e-09
2.41284e-09
2.41608e-09
2.40901e-09
2.39851e-09
2.40519e-09
2.40858e-09
2.39959e-09
2.37826e-09
2.37057e-09
2.34547e-09
2.32385e-09
2.31364e-09
2.30646e-09
2.28995e-09
2.2661e-09
2.25468e-09
2.24503e-09
2.22247e-09
2.21018e-09
2.19794e-09
2.17734e-09
2.16957e-09
2.1626e-09
2.15628e-09
2.18049e-09
2.20376e-09
2.16448e-09
2.13158e-09
2.1349e-09
2.13527e-09
2.14105e-09
2.13827e-09
2.14606e-09
2.15269e-09
2.16566e-09
2.18115e-09
2.20061e-09
2.20761e-09
2.2234e-09
2.2501e-09
2.24696e-09
2.25254e-09
2.26052e-09
2.25591e-09
2.26132e-09
2.25524e-09
2.26918e-09
2.27932e-09
2.29806e-09
2.30811e-09
2.30455e-09
2.30471e-09
2.31011e-09
2.32347e-09
2.30573e-09
2.29626e-09
2.30653e-09
2.29554e-09
2.29093e-09
2.28015e-09
2.28995e-09
2.29274e-09
2.26683e-09
2.26785e-09
2.27008e-09
2.25735e-09
2.24939e-09
2.23932e-09
2.24219e-09
2.26057e-09
2.25103e-09
2.23575e-09
2.21095e-09
2.20747e-09
2.19429e-09
2.1739e-09
2.15904e-09
2.14295e-09
2.11978e-09
2.08974e-09
2.05306e-09
2.02925e-09
1.98058e-09
1.93687e-09
1.90066e-09
1.86438e-09
1.82692e-09
1.78308e-09
1.74344e-09
1.70892e-09
1.67793e-09
1.67046e-09
1.65989e-09
1.65898e-09
1.66082e-09
1.66134e-09
1.65685e-09
1.643e-09
1.64257e-09
1.64161e-09
1.63883e-09
1.63523e-09
1.62573e-09
1.61727e-09
1.61379e-09
1.6087e-09
1.59783e-09
1.5563e-09
1.52103e-09
1.5078e-09
1.47915e-09
1.43198e-09
1.38531e-09
1.35503e-09
1.34646e-09
1.32205e-09
1.29352e-09
1.26996e-09
1.27413e-09
1.2722e-09
1.26061e-09
1.26147e-09
1.24188e-09
1.24385e-09
1.2171e-09
1.18712e-09
1.16565e-09
1.1321e-09
1.09711e-09
1.07002e-09
1.04517e-09
1.02095e-09
9.93959e-10
9.66168e-10
9.10419e-10
8.75596e-10
8.47689e-10
8.2565e-10
8.04892e-10
7.78581e-10
7.70195e-10
7.74211e-10
7.52505e-10
7.32141e-10
7.02769e-10
6.71751e-10
6.51162e-10
6.17182e-10
5.68182e-10
4.83293e-10
4.13129e-10
3.61992e-10
3.05282e-10
2.40172e-10
1.80379e-10
1.42974e-10
1.1346e-10
8.51934e-11
7.55337e-11
4.24071e-11
3.39044e-11
2.93475e-11
2.79056e-11
1.68226e-11
1.7672e-09
1.76863e-09
1.79736e-09
1.8118e-09
1.8344e-09
1.8519e-09
1.87759e-09
1.88307e-09
1.91328e-09
1.93435e-09
1.9536e-09
1.96782e-09
1.9847e-09
2.00044e-09
2.03097e-09
2.0808e-09
2.12014e-09
2.14857e-09
2.18064e-09
2.20476e-09
2.23887e-09
2.26329e-09
2.2763e-09
2.28191e-09
2.28807e-09
2.29246e-09
2.29181e-09
2.30074e-09
2.31238e-09
2.3226e-09
2.3352e-09
2.35435e-09
2.37792e-09
2.39046e-09
2.40341e-09
2.40978e-09
2.40984e-09
2.41264e-09
2.41134e-09
2.4061e-09
2.40692e-09
2.40688e-09
2.40389e-09
2.38088e-09
2.37103e-09
2.35291e-09
2.32962e-09
2.32124e-09
2.30876e-09
2.29329e-09
2.26675e-09
2.25626e-09
2.24045e-09
2.2244e-09
2.20493e-09
2.18756e-09
2.16444e-09
2.15661e-09
2.15038e-09
2.15181e-09
2.167e-09
2.17432e-09
2.15678e-09
2.13858e-09
2.15166e-09
2.15551e-09
2.15659e-09
2.1519e-09
2.15847e-09
2.17101e-09
2.1806e-09
2.20024e-09
2.21679e-09
2.22098e-09
2.22368e-09
2.24577e-09
2.25274e-09
2.25719e-09
2.25577e-09
2.25138e-09
2.25958e-09
2.25854e-09
2.26957e-09
2.2769e-09
2.28582e-09
2.29251e-09
2.29975e-09
2.30094e-09
2.30347e-09
2.3162e-09
2.29236e-09
2.28689e-09
2.30163e-09
2.30451e-09
2.29827e-09
2.29578e-09
2.30194e-09
2.29176e-09
2.28113e-09
2.28671e-09
2.27612e-09
2.26371e-09
2.25078e-09
2.24699e-09
2.24929e-09
2.26341e-09
2.24653e-09
2.22398e-09
2.20862e-09
2.21165e-09
2.18766e-09
2.16987e-09
2.15902e-09
2.12394e-09
2.10815e-09
2.08211e-09
2.05082e-09
2.02917e-09
1.97286e-09
1.9298e-09
1.89064e-09
1.86283e-09
1.81591e-09
1.77245e-09
1.73488e-09
1.69727e-09
1.67391e-09
1.66376e-09
1.65509e-09
1.66007e-09
1.66308e-09
1.66014e-09
1.65877e-09
1.64759e-09
1.64373e-09
1.63917e-09
1.64768e-09
1.63914e-09
1.62676e-09
1.61124e-09
1.61011e-09
1.60548e-09
1.58393e-09
1.55119e-09
1.51833e-09
1.49745e-09
1.46926e-09
1.42666e-09
1.39216e-09
1.36769e-09
1.35463e-09
1.32908e-09
1.30232e-09
1.27418e-09
1.27848e-09
1.27589e-09
1.2658e-09
1.25092e-09
1.25158e-09
1.2423e-09
1.19842e-09
1.17453e-09
1.16364e-09
1.12769e-09
1.09694e-09
1.07006e-09
1.04912e-09
1.02028e-09
9.9577e-10
9.66457e-10
9.16339e-10
8.80459e-10
8.57473e-10
8.24759e-10
7.95127e-10
7.90367e-10
7.88869e-10
7.76035e-10
7.60652e-10
7.46993e-10
7.0322e-10
6.77359e-10
6.53934e-10
6.18875e-10
5.64141e-10
4.96073e-10
4.35342e-10
3.72686e-10
3.06088e-10
2.49233e-10
1.9324e-10
1.63739e-10
1.21666e-10
9.23473e-11
8.64218e-11
4.56292e-11
2.85419e-11
2.09469e-11
2.54851e-11
1.80678e-11
1.76782e-09
1.7747e-09
1.80672e-09
1.809e-09
1.83884e-09
1.8645e-09
1.8831e-09
1.89456e-09
1.91954e-09
1.94322e-09
1.94736e-09
1.97092e-09
1.99309e-09
2.00648e-09
2.03285e-09
2.0803e-09
2.12701e-09
2.14717e-09
2.18406e-09
2.21094e-09
2.22878e-09
2.24961e-09
2.26315e-09
2.27666e-09
2.28388e-09
2.28794e-09
2.28972e-09
2.28985e-09
2.29491e-09
2.31532e-09
2.32711e-09
2.35865e-09
2.38067e-09
2.39012e-09
2.40002e-09
2.40619e-09
2.41119e-09
2.41979e-09
2.42499e-09
2.41723e-09
2.41222e-09
2.4048e-09
2.39255e-09
2.37227e-09
2.35976e-09
2.34445e-09
2.32708e-09
2.32297e-09
2.31083e-09
2.28975e-09
2.25689e-09
2.25468e-09
2.23022e-09
2.21889e-09
2.20529e-09
2.18838e-09
2.15229e-09
2.14594e-09
2.14949e-09
2.14329e-09
2.15665e-09
2.17184e-09
2.15944e-09
2.14721e-09
2.15808e-09
2.17071e-09
2.1708e-09
2.16267e-09
2.17134e-09
2.18573e-09
2.20034e-09
2.21351e-09
2.22137e-09
2.22695e-09
2.22822e-09
2.2562e-09
2.26491e-09
2.2528e-09
2.23809e-09
2.24507e-09
2.25539e-09
2.25102e-09
2.25957e-09
2.27146e-09
2.27955e-09
2.28475e-09
2.29022e-09
2.29448e-09
2.29661e-09
2.30647e-09
2.29451e-09
2.29314e-09
2.30309e-09
2.30626e-09
2.30082e-09
2.31147e-09
2.3014e-09
2.296e-09
2.30019e-09
2.2896e-09
2.27748e-09
2.26592e-09
2.24911e-09
2.2429e-09
2.24781e-09
2.26542e-09
2.23854e-09
2.21386e-09
2.21341e-09
2.2153e-09
2.18823e-09
2.16651e-09
2.14901e-09
2.11935e-09
2.10273e-09
2.07332e-09
2.03881e-09
2.01236e-09
1.97302e-09
1.9308e-09
1.88822e-09
1.85616e-09
1.81625e-09
1.76504e-09
1.72414e-09
1.68546e-09
1.662e-09
1.65774e-09
1.65743e-09
1.66592e-09
1.66395e-09
1.66107e-09
1.66706e-09
1.65965e-09
1.6534e-09
1.63971e-09
1.63621e-09
1.63218e-09
1.63483e-09
1.61505e-09
1.60309e-09
1.58704e-09
1.57241e-09
1.54389e-09
1.50462e-09
1.483e-09
1.46411e-09
1.44605e-09
1.4179e-09
1.38463e-09
1.36915e-09
1.34272e-09
1.31908e-09
1.29564e-09
1.28635e-09
1.26441e-09
1.25558e-09
1.2515e-09
1.24469e-09
1.22461e-09
1.1842e-09
1.16484e-09
1.14908e-09
1.12314e-09
1.0939e-09
1.07592e-09
1.04977e-09
1.01753e-09
9.96797e-10
9.62264e-10
9.16817e-10
8.87098e-10
8.62085e-10
8.34165e-10
8.11086e-10
8.02204e-10
7.96616e-10
7.80049e-10
7.58464e-10
7.54007e-10
7.09508e-10
6.71412e-10
6.39866e-10
6.02651e-10
5.51814e-10
5.00314e-10
4.44476e-10
3.88655e-10
3.30783e-10
2.72948e-10
2.18311e-10
1.67689e-10
1.25608e-10
1.04573e-10
8.46794e-11
5.55599e-11
3.04478e-11
1.32513e-11
1.52342e-11
1.0466e-11
1.77979e-09
1.79116e-09
1.80681e-09
1.81647e-09
1.85066e-09
1.87333e-09
1.88592e-09
1.90082e-09
1.92461e-09
1.94052e-09
1.94964e-09
1.98092e-09
1.99056e-09
2.01141e-09
2.04429e-09
2.08549e-09
2.11763e-09
2.14515e-09
2.17307e-09
2.19952e-09
2.22717e-09
2.23697e-09
2.24949e-09
2.27721e-09
2.28029e-09
2.27601e-09
2.28145e-09
2.29158e-09
2.30633e-09
2.31836e-09
2.31428e-09
2.34715e-09
2.37688e-09
2.38663e-09
2.38575e-09
2.39876e-09
2.42255e-09
2.42503e-09
2.4262e-09
2.41846e-09
2.40798e-09
2.40081e-09
2.38668e-09
2.3678e-09
2.34611e-09
2.32986e-09
2.30834e-09
2.30966e-09
2.30159e-09
2.28642e-09
2.26671e-09
2.25036e-09
2.23512e-09
2.21344e-09
2.19237e-09
2.18439e-09
2.16362e-09
2.15054e-09
2.14782e-09
2.14619e-09
2.16006e-09
2.17159e-09
2.16812e-09
2.16467e-09
2.15683e-09
2.17481e-09
2.17613e-09
2.17994e-09
2.18164e-09
2.18657e-09
2.21703e-09
2.22897e-09
2.23145e-09
2.23381e-09
2.24135e-09
2.26081e-09
2.25418e-09
2.25135e-09
2.25001e-09
2.23333e-09
2.24034e-09
2.23915e-09
2.25206e-09
2.26455e-09
2.28352e-09
2.28953e-09
2.3006e-09
2.28799e-09
2.29809e-09
2.31078e-09
2.30968e-09
2.30688e-09
2.30939e-09
2.30162e-09
2.31273e-09
2.31855e-09
2.30746e-09
2.30194e-09
2.28939e-09
2.29825e-09
2.2805e-09
2.2639e-09
2.24423e-09
2.22869e-09
2.24083e-09
2.25525e-09
2.22897e-09
2.22643e-09
2.21736e-09
2.22114e-09
2.19718e-09
2.16616e-09
2.14732e-09
2.10818e-09
2.10004e-09
2.06984e-09
2.03225e-09
2.00787e-09
1.97462e-09
1.9353e-09
1.89282e-09
1.83971e-09
1.81212e-09
1.76635e-09
1.72962e-09
1.68573e-09
1.66512e-09
1.66033e-09
1.67096e-09
1.66961e-09
1.66676e-09
1.66106e-09
1.66513e-09
1.65674e-09
1.65187e-09
1.63892e-09
1.62753e-09
1.63065e-09
1.62777e-09
1.61417e-09
1.59493e-09
1.56588e-09
1.55557e-09
1.54219e-09
1.51406e-09
1.48758e-09
1.46661e-09
1.45659e-09
1.42902e-09
1.39677e-09
1.38203e-09
1.35896e-09
1.33096e-09
1.31583e-09
1.28976e-09
1.26291e-09
1.24935e-09
1.24112e-09
1.23248e-09
1.21204e-09
1.176e-09
1.14866e-09
1.12437e-09
1.13281e-09
1.10798e-09
1.07883e-09
1.0584e-09
1.03234e-09
9.95888e-10
9.62414e-10
9.11264e-10
8.7813e-10
8.66113e-10
8.48518e-10
8.25021e-10
8.1299e-10
8.00508e-10
7.88841e-10
7.707e-10
7.50112e-10
6.97302e-10
6.65379e-10
6.31899e-10
5.99923e-10
5.62228e-10
5.04841e-10
4.56098e-10
4.08116e-10
3.48548e-10
2.91475e-10
2.28509e-10
1.74727e-10
1.4155e-10
1.14446e-10
8.26985e-11
5.73516e-11
3.36206e-11
1.83708e-11
1.71039e-11
6.59952e-12
1.7823e-09
1.78521e-09
1.80521e-09
1.82167e-09
1.84191e-09
1.87645e-09
1.88805e-09
1.89527e-09
1.92587e-09
1.93879e-09
1.96131e-09
1.99159e-09
1.99983e-09
2.01331e-09
2.04471e-09
2.0847e-09
2.1156e-09
2.138e-09
2.16412e-09
2.19756e-09
2.21727e-09
2.23531e-09
2.25223e-09
2.27275e-09
2.27042e-09
2.27284e-09
2.27696e-09
2.29163e-09
2.31607e-09
2.32058e-09
2.3267e-09
2.34833e-09
2.36828e-09
2.3891e-09
2.38822e-09
2.40973e-09
2.41858e-09
2.42687e-09
2.42866e-09
2.4168e-09
2.40411e-09
2.40054e-09
2.38674e-09
2.36506e-09
2.34208e-09
2.31851e-09
2.30769e-09
2.29899e-09
2.29191e-09
2.28258e-09
2.2659e-09
2.24786e-09
2.22183e-09
2.20466e-09
2.19657e-09
2.17952e-09
2.1644e-09
2.16019e-09
2.1549e-09
2.16402e-09
2.1778e-09
2.18089e-09
2.17318e-09
2.15663e-09
2.15755e-09
2.17026e-09
2.16468e-09
2.17396e-09
2.17631e-09
2.18668e-09
2.20754e-09
2.23417e-09
2.23961e-09
2.24735e-09
2.25504e-09
2.25622e-09
2.25319e-09
2.24712e-09
2.25492e-09
2.24433e-09
2.2437e-09
2.22852e-09
2.24546e-09
2.27849e-09
2.2915e-09
2.29861e-09
2.29684e-09
2.29261e-09
2.3133e-09
2.30783e-09
2.29786e-09
2.30135e-09
2.31602e-09
2.31762e-09
2.32256e-09
2.32541e-09
2.31183e-09
2.30145e-09
2.29329e-09
2.29467e-09
2.27172e-09
2.25145e-09
2.23758e-09
2.23782e-09
2.235e-09
2.24004e-09
2.23316e-09
2.22431e-09
2.22278e-09
2.22114e-09
2.18995e-09
2.17173e-09
2.15204e-09
2.1156e-09
2.09501e-09
2.07413e-09
2.02752e-09
2.00849e-09
1.98389e-09
1.93795e-09
1.89444e-09
1.85259e-09
1.81159e-09
1.77898e-09
1.73678e-09
1.70446e-09
1.68714e-09
1.66916e-09
1.67988e-09
1.67818e-09
1.66939e-09
1.662e-09
1.665e-09
1.64823e-09
1.6385e-09
1.63716e-09
1.63765e-09
1.63096e-09
1.61833e-09
1.59227e-09
1.57958e-09
1.56408e-09
1.55119e-09
1.53942e-09
1.51647e-09
1.49928e-09
1.4838e-09
1.45915e-09
1.43067e-09
1.39605e-09
1.38677e-09
1.36453e-09
1.33679e-09
1.31913e-09
1.29147e-09
1.27182e-09
1.25241e-09
1.23408e-09
1.21502e-09
1.1835e-09
1.16285e-09
1.14358e-09
1.12346e-09
1.11339e-09
1.09655e-09
1.0786e-09
1.05698e-09
1.02832e-09
9.9733e-10
9.64398e-10
9.27996e-10
8.85597e-10
8.71541e-10
8.53085e-10
8.29593e-10
8.19536e-10
8.01751e-10
7.82888e-10
7.69747e-10
7.35804e-10
6.99481e-10
6.68838e-10
6.35222e-10
6.06033e-10
5.60982e-10
5.17807e-10
4.69755e-10
4.19301e-10
3.64134e-10
2.94452e-10
2.31775e-10
1.78085e-10
1.40612e-10
1.1041e-10
8.7835e-11
5.95246e-11
4.25844e-11
2.50573e-11
8.12562e-12
-1.07246e-12
1.7847e-09
1.7862e-09
1.81187e-09
1.83018e-09
1.84453e-09
1.86728e-09
1.87611e-09
1.88943e-09
1.91633e-09
1.9412e-09
1.96185e-09
1.98863e-09
2.00806e-09
2.02168e-09
2.04115e-09
2.07926e-09
2.10363e-09
2.10876e-09
2.14975e-09
2.19054e-09
2.21348e-09
2.22938e-09
2.24956e-09
2.26782e-09
2.262e-09
2.27394e-09
2.28184e-09
2.2968e-09
2.31922e-09
2.32899e-09
2.33746e-09
2.35682e-09
2.37512e-09
2.39847e-09
2.4105e-09
2.41442e-09
2.4066e-09
2.41442e-09
2.42171e-09
2.40762e-09
2.39637e-09
2.39611e-09
2.37963e-09
2.35716e-09
2.32678e-09
2.32123e-09
2.30725e-09
2.29359e-09
2.29411e-09
2.28567e-09
2.26253e-09
2.24417e-09
2.22093e-09
2.20137e-09
2.18631e-09
2.1698e-09
2.15741e-09
2.16456e-09
2.16533e-09
2.17255e-09
2.19291e-09
2.20666e-09
2.19251e-09
2.16583e-09
2.16127e-09
2.16321e-09
2.15886e-09
2.17419e-09
2.19038e-09
2.1946e-09
2.2091e-09
2.23594e-09
2.24975e-09
2.25388e-09
2.25799e-09
2.25581e-09
2.2544e-09
2.24915e-09
2.25091e-09
2.23673e-09
2.23914e-09
2.23627e-09
2.24455e-09
2.2547e-09
2.28451e-09
2.3048e-09
2.30512e-09
2.30329e-09
2.31078e-09
2.30768e-09
2.30616e-09
2.30101e-09
2.30938e-09
2.31107e-09
2.3142e-09
2.31914e-09
2.31805e-09
2.30717e-09
2.29004e-09
2.27964e-09
2.26842e-09
2.25547e-09
2.22825e-09
2.22983e-09
2.23526e-09
2.24182e-09
2.24149e-09
2.2333e-09
2.22893e-09
2.21573e-09
2.19061e-09
2.17138e-09
2.15151e-09
2.1129e-09
2.09212e-09
2.07252e-09
2.04185e-09
2.01954e-09
1.98787e-09
1.94771e-09
1.90638e-09
1.8605e-09
1.8102e-09
1.77967e-09
1.75321e-09
1.72719e-09
1.70454e-09
1.68675e-09
1.68067e-09
1.68016e-09
1.67641e-09
1.67954e-09
1.67578e-09
1.65276e-09
1.63788e-09
1.63667e-09
1.63311e-09
1.6148e-09
1.61235e-09
1.59454e-09
1.57586e-09
1.55993e-09
1.54896e-09
1.53509e-09
1.52547e-09
1.51467e-09
1.49829e-09
1.47728e-09
1.43602e-09
1.39871e-09
1.39506e-09
1.37356e-09
1.34269e-09
1.31201e-09
1.2886e-09
1.26787e-09
1.24081e-09
1.21096e-09
1.19787e-09
1.17331e-09
1.16386e-09
1.1425e-09
1.11715e-09
1.1034e-09
1.09057e-09
1.08254e-09
1.0643e-09
1.03895e-09
1.02158e-09
9.84167e-10
9.30326e-10
8.98178e-10
8.80086e-10
8.60915e-10
8.4116e-10
8.09429e-10
7.92752e-10
7.80252e-10
7.5678e-10
7.27e-10
7.00524e-10
6.79223e-10
6.57072e-10
6.19295e-10
5.80986e-10
5.25462e-10
4.78794e-10
4.22564e-10
3.61408e-10
2.90398e-10
2.2451e-10
1.72811e-10
1.41144e-10
1.12915e-10
8.8708e-11
6.26888e-11
4.76456e-11
2.63822e-11
8.00659e-12
2.58268e-12
1.7877e-09
1.78157e-09
1.82073e-09
1.85157e-09
1.84521e-09
1.86785e-09
1.87689e-09
1.88322e-09
1.90896e-09
1.92778e-09
1.95125e-09
1.98378e-09
2.00808e-09
2.02167e-09
2.04179e-09
2.06913e-09
2.08387e-09
2.09968e-09
2.13948e-09
2.15975e-09
2.1933e-09
2.21422e-09
2.23265e-09
2.25457e-09
2.25461e-09
2.26354e-09
2.28617e-09
2.30586e-09
2.33284e-09
2.34927e-09
2.35572e-09
2.35708e-09
2.37877e-09
2.40221e-09
2.41957e-09
2.41892e-09
2.41041e-09
2.39633e-09
2.40444e-09
2.40604e-09
2.38738e-09
2.37938e-09
2.36824e-09
2.35138e-09
2.3331e-09
2.31666e-09
2.29803e-09
2.2878e-09
2.28826e-09
2.28355e-09
2.26194e-09
2.23987e-09
2.21792e-09
2.20029e-09
2.1845e-09
2.17345e-09
2.16263e-09
2.1724e-09
2.17001e-09
2.17603e-09
2.19713e-09
2.20304e-09
2.20521e-09
2.18703e-09
2.17287e-09
2.1728e-09
2.16835e-09
2.17582e-09
2.18602e-09
2.20289e-09
2.22458e-09
2.23234e-09
2.24453e-09
2.25076e-09
2.25018e-09
2.23994e-09
2.23303e-09
2.23007e-09
2.23481e-09
2.23862e-09
2.24433e-09
2.24928e-09
2.25072e-09
2.24973e-09
2.2719e-09
2.31616e-09
2.32876e-09
2.31548e-09
2.30489e-09
2.30921e-09
2.31812e-09
2.31279e-09
2.30531e-09
2.30386e-09
2.3108e-09
2.32144e-09
2.32785e-09
2.3133e-09
2.2906e-09
2.27762e-09
2.2772e-09
2.25962e-09
2.23295e-09
2.22322e-09
2.23353e-09
2.24362e-09
2.2512e-09
2.248e-09
2.22903e-09
2.20652e-09
2.18962e-09
2.17438e-09
2.16224e-09
2.11503e-09
2.09429e-09
2.07952e-09
2.06791e-09
2.03984e-09
2.00098e-09
1.95186e-09
1.91564e-09
1.87319e-09
1.81311e-09
1.78169e-09
1.75999e-09
1.73929e-09
1.72039e-09
1.70217e-09
1.6852e-09
1.67346e-09
1.66836e-09
1.68167e-09
1.66418e-09
1.65658e-09
1.62884e-09
1.62054e-09
1.62484e-09
1.6081e-09
1.59681e-09
1.5853e-09
1.57485e-09
1.56248e-09
1.56618e-09
1.55039e-09
1.53429e-09
1.52515e-09
1.51592e-09
1.49277e-09
1.45581e-09
1.4171e-09
1.39613e-09
1.37841e-09
1.34368e-09
1.30997e-09
1.27952e-09
1.25018e-09
1.22778e-09
1.19222e-09
1.18162e-09
1.1653e-09
1.15466e-09
1.14326e-09
1.12936e-09
1.0986e-09
1.08755e-09
1.08139e-09
1.0719e-09
1.05831e-09
1.03102e-09
9.93184e-10
9.47002e-10
9.08025e-10
8.7654e-10
8.57623e-10
8.43072e-10
8.0342e-10
7.88246e-10
7.70589e-10
7.52286e-10
7.25239e-10
7.04327e-10
6.84567e-10
6.69357e-10
6.28129e-10
5.82921e-10
5.27257e-10
4.81168e-10
4.17693e-10
3.57599e-10
2.89587e-10
2.28325e-10
1.75346e-10
1.34308e-10
1.12609e-10
9.16469e-11
6.51802e-11
5.082e-11
2.26108e-11
2.06286e-11
1.38287e-11
1.79001e-09
1.78022e-09
1.80867e-09
1.84139e-09
1.84607e-09
1.86825e-09
1.87158e-09
1.89053e-09
1.91072e-09
1.93413e-09
1.95498e-09
1.97994e-09
2.0037e-09
2.02831e-09
2.04959e-09
2.06259e-09
2.07253e-09
2.08367e-09
2.12354e-09
2.1592e-09
2.17468e-09
2.2053e-09
2.21567e-09
2.2412e-09
2.25765e-09
2.27274e-09
2.28171e-09
2.31273e-09
2.35025e-09
2.36616e-09
2.36461e-09
2.36728e-09
2.38184e-09
2.405e-09
2.41658e-09
2.40996e-09
2.40267e-09
2.39103e-09
2.38981e-09
2.39882e-09
2.38056e-09
2.3641e-09
2.35259e-09
2.34385e-09
2.33665e-09
2.31848e-09
2.29587e-09
2.28139e-09
2.28193e-09
2.2775e-09
2.25226e-09
2.22938e-09
2.2093e-09
2.19479e-09
2.18351e-09
2.17624e-09
2.16922e-09
2.17992e-09
2.18653e-09
2.19213e-09
2.20139e-09
2.21469e-09
2.20901e-09
2.19134e-09
2.17862e-09
2.18268e-09
2.19317e-09
2.18535e-09
2.19408e-09
2.20435e-09
2.22605e-09
2.23686e-09
2.23393e-09
2.23292e-09
2.22785e-09
2.22166e-09
2.22763e-09
2.22337e-09
2.22195e-09
2.2293e-09
2.23315e-09
2.23304e-09
2.24001e-09
2.26808e-09
2.28255e-09
2.31136e-09
2.33447e-09
2.3313e-09
2.32762e-09
2.32382e-09
2.32435e-09
2.30794e-09
2.2981e-09
2.31368e-09
2.31645e-09
2.31592e-09
2.31719e-09
2.30858e-09
2.29238e-09
2.27492e-09
2.26475e-09
2.24977e-09
2.23576e-09
2.22716e-09
2.23907e-09
2.24696e-09
2.24771e-09
2.24747e-09
2.23553e-09
2.21549e-09
2.19603e-09
2.17101e-09
2.14746e-09
2.12674e-09
2.10395e-09
2.09639e-09
2.07147e-09
2.05149e-09
2.02094e-09
1.96005e-09
1.91815e-09
1.86997e-09
1.81201e-09
1.79451e-09
1.77877e-09
1.74818e-09
1.70385e-09
1.70147e-09
1.67518e-09
1.65962e-09
1.65621e-09
1.65845e-09
1.65102e-09
1.65529e-09
1.62673e-09
1.61607e-09
1.6157e-09
1.60629e-09
1.59793e-09
1.59356e-09
1.58492e-09
1.57345e-09
1.57889e-09
1.57797e-09
1.56076e-09
1.54065e-09
1.52955e-09
1.50364e-09
1.46552e-09
1.42427e-09
1.39821e-09
1.36619e-09
1.3262e-09
1.29396e-09
1.26664e-09
1.2403e-09
1.2073e-09
1.1849e-09
1.18396e-09
1.16366e-09
1.15576e-09
1.14978e-09
1.12886e-09
1.10764e-09
1.08784e-09
1.08908e-09
1.07141e-09
1.05843e-09
1.02619e-09
9.8776e-10
9.58182e-10
9.2224e-10
8.82476e-10
8.51978e-10
8.30265e-10
8.21845e-10
7.89991e-10
7.59417e-10
7.48162e-10
7.30784e-10
7.09659e-10
6.87144e-10
6.69605e-10
6.30225e-10
5.65823e-10
5.27922e-10
4.88553e-10
4.24984e-10
3.54907e-10
2.81282e-10
2.3323e-10
1.85274e-10
1.31051e-10
1.12819e-10
9.28073e-11
7.92634e-11
5.81029e-11
3.00654e-11
1.64254e-11
3.99594e-12
1.79158e-09
1.78654e-09
1.80775e-09
1.83028e-09
1.83932e-09
1.86492e-09
1.87668e-09
1.88943e-09
1.91415e-09
1.93268e-09
1.94706e-09
1.97938e-09
2.00196e-09
2.02729e-09
2.0398e-09
2.05099e-09
2.07762e-09
2.08717e-09
2.10993e-09
2.14467e-09
2.16633e-09
2.19057e-09
2.21374e-09
2.25605e-09
2.2654e-09
2.2747e-09
2.29859e-09
2.32779e-09
2.35651e-09
2.3737e-09
2.3774e-09
2.37806e-09
2.39022e-09
2.41018e-09
2.40537e-09
2.38685e-09
2.39627e-09
2.39292e-09
2.38923e-09
2.37944e-09
2.37095e-09
2.36469e-09
2.35797e-09
2.35251e-09
2.34178e-09
2.31679e-09
2.30602e-09
2.29393e-09
2.287e-09
2.27474e-09
2.243e-09
2.21555e-09
2.19917e-09
2.18769e-09
2.18542e-09
2.18071e-09
2.1782e-09
2.19342e-09
2.20082e-09
2.19823e-09
2.20259e-09
2.21239e-09
2.21326e-09
2.19344e-09
2.18198e-09
2.20012e-09
2.2002e-09
2.19692e-09
2.19904e-09
2.20236e-09
2.22972e-09
2.23282e-09
2.22574e-09
2.21556e-09
2.20539e-09
2.20821e-09
2.20613e-09
2.21256e-09
2.21319e-09
2.20902e-09
2.22968e-09
2.23319e-09
2.24841e-09
2.26417e-09
2.28059e-09
2.31853e-09
2.34401e-09
2.34508e-09
2.34243e-09
2.33692e-09
2.33483e-09
2.32234e-09
2.31248e-09
2.30841e-09
2.30687e-09
2.31479e-09
2.32077e-09
2.29994e-09
2.27434e-09
2.2648e-09
2.26898e-09
2.25623e-09
2.23596e-09
2.2255e-09
2.24258e-09
2.25901e-09
2.26329e-09
2.262e-09
2.23766e-09
2.22606e-09
2.19918e-09
2.1618e-09
2.15725e-09
2.14428e-09
2.1121e-09
2.10036e-09
2.08314e-09
2.05782e-09
2.01227e-09
1.95274e-09
1.90758e-09
1.87075e-09
1.82779e-09
1.79656e-09
1.76922e-09
1.73972e-09
1.70936e-09
1.69313e-09
1.68621e-09
1.66396e-09
1.64551e-09
1.64875e-09
1.65104e-09
1.64134e-09
1.62628e-09
1.61598e-09
1.6154e-09
1.60465e-09
1.59526e-09
1.59511e-09
1.59995e-09
1.59179e-09
1.58992e-09
1.58194e-09
1.5758e-09
1.56152e-09
1.54584e-09
1.51478e-09
1.47302e-09
1.42405e-09
1.39031e-09
1.34866e-09
1.30919e-09
1.28418e-09
1.25601e-09
1.23455e-09
1.20926e-09
1.18892e-09
1.17576e-09
1.16137e-09
1.14756e-09
1.14225e-09
1.13372e-09
1.10685e-09
1.08923e-09
1.08412e-09
1.07094e-09
1.06155e-09
1.02321e-09
9.90754e-10
9.50165e-10
9.22345e-10
8.94801e-10
8.55986e-10
8.32677e-10
8.1365e-10
7.94689e-10
7.71008e-10
7.44274e-10
7.2964e-10
7.11817e-10
6.98932e-10
6.70034e-10
6.20904e-10
5.78326e-10
5.20178e-10
4.74904e-10
4.10293e-10
3.4787e-10
2.81344e-10
2.35455e-10
1.92394e-10
1.45368e-10
1.12192e-10
9.39306e-11
7.36511e-11
6.21796e-11
3.81537e-11
9.88224e-12
7.09486e-12
1.79783e-09
1.78432e-09
1.79817e-09
1.81458e-09
1.82382e-09
1.85103e-09
1.86869e-09
1.87258e-09
1.91025e-09
1.93168e-09
1.93448e-09
1.96667e-09
2.00319e-09
2.02143e-09
2.02956e-09
2.05911e-09
2.07644e-09
2.08875e-09
2.11321e-09
2.14208e-09
2.17315e-09
2.20419e-09
2.2322e-09
2.25483e-09
2.27883e-09
2.28862e-09
2.3106e-09
2.3462e-09
2.37503e-09
2.37928e-09
2.38075e-09
2.3877e-09
2.40444e-09
2.409e-09
2.39604e-09
2.37363e-09
2.38321e-09
2.38038e-09
2.38059e-09
2.3723e-09
2.37564e-09
2.37493e-09
2.36365e-09
2.35943e-09
2.35337e-09
2.32992e-09
2.30934e-09
2.2911e-09
2.27725e-09
2.26274e-09
2.22433e-09
2.19747e-09
2.19463e-09
2.18655e-09
2.19471e-09
2.18915e-09
2.17952e-09
2.19746e-09
2.20755e-09
2.19766e-09
2.21001e-09
2.2234e-09
2.21843e-09
2.19418e-09
2.19125e-09
2.2121e-09
2.19909e-09
2.20025e-09
2.20208e-09
2.20924e-09
2.23134e-09
2.23107e-09
2.2111e-09
2.20116e-09
2.1842e-09
2.18741e-09
2.19947e-09
2.19578e-09
2.19012e-09
2.20331e-09
2.22023e-09
2.23148e-09
2.25026e-09
2.2673e-09
2.28266e-09
2.30812e-09
2.33802e-09
2.34662e-09
2.33979e-09
2.34729e-09
2.34229e-09
2.32413e-09
2.30824e-09
2.30062e-09
2.29712e-09
2.30808e-09
2.30743e-09
2.28557e-09
2.27041e-09
2.26057e-09
2.25042e-09
2.24895e-09
2.24324e-09
2.24103e-09
2.24663e-09
2.27262e-09
2.27049e-09
2.25492e-09
2.23958e-09
2.23659e-09
2.20998e-09
2.17045e-09
2.15756e-09
2.15817e-09
2.12759e-09
2.11474e-09
2.08825e-09
2.04548e-09
1.99774e-09
1.95183e-09
1.90313e-09
1.86365e-09
1.81941e-09
1.78403e-09
1.76632e-09
1.7283e-09
1.7036e-09
1.69187e-09
1.69561e-09
1.67652e-09
1.66032e-09
1.65294e-09
1.64327e-09
1.64082e-09
1.62577e-09
1.62986e-09
1.62752e-09
1.6162e-09
1.60432e-09
1.60861e-09
1.61399e-09
1.61008e-09
1.60124e-09
1.5987e-09
1.59496e-09
1.56617e-09
1.54231e-09
1.51173e-09
1.46226e-09
1.42339e-09
1.3823e-09
1.33957e-09
1.29301e-09
1.27374e-09
1.25495e-09
1.23042e-09
1.21431e-09
1.1881e-09
1.17224e-09
1.1705e-09
1.15412e-09
1.13792e-09
1.12865e-09
1.11137e-09
1.09893e-09
1.08984e-09
1.07895e-09
1.05354e-09
1.03084e-09
1.0056e-09
9.64644e-10
9.28644e-10
8.92299e-10
8.66239e-10
8.34206e-10
8.09548e-10
7.91343e-10
7.63417e-10
7.46445e-10
7.38761e-10
7.20067e-10
7.00506e-10
6.64228e-10
6.0741e-10
5.65313e-10
5.15592e-10
4.60959e-10
4.05352e-10
3.40228e-10
2.98812e-10
2.43351e-10
1.87235e-10
1.37457e-10
1.03224e-10
8.84761e-11
7.32571e-11
5.95574e-11
3.0617e-11
1.92503e-12
1.22057e-12
1.79358e-09
1.77845e-09
1.79106e-09
1.80464e-09
1.81604e-09
1.84156e-09
1.85632e-09
1.87227e-09
1.90199e-09
1.92357e-09
1.93168e-09
1.96154e-09
1.9868e-09
2.01507e-09
2.03048e-09
2.05651e-09
2.07268e-09
2.09654e-09
2.13004e-09
2.16047e-09
2.18144e-09
2.21246e-09
2.24032e-09
2.26582e-09
2.29578e-09
2.29352e-09
2.31834e-09
2.35259e-09
2.38424e-09
2.39388e-09
2.38062e-09
2.38043e-09
2.41034e-09
2.41466e-09
2.38893e-09
2.37316e-09
2.37824e-09
2.3737e-09
2.37082e-09
2.36635e-09
2.36708e-09
2.37513e-09
2.36946e-09
2.37129e-09
2.35673e-09
2.33676e-09
2.29983e-09
2.29042e-09
2.27128e-09
2.2492e-09
2.21355e-09
2.19357e-09
2.20545e-09
2.20274e-09
2.19593e-09
2.18799e-09
2.18291e-09
2.19915e-09
2.20987e-09
2.20629e-09
2.21242e-09
2.2158e-09
2.21581e-09
2.20756e-09
2.20083e-09
2.2004e-09
2.20346e-09
2.20011e-09
2.19522e-09
2.21409e-09
2.23231e-09
2.21203e-09
2.19645e-09
2.18875e-09
2.1784e-09
2.17976e-09
2.18452e-09
2.18756e-09
2.19497e-09
2.2095e-09
2.22382e-09
2.24095e-09
2.25709e-09
2.26493e-09
2.28915e-09
2.31208e-09
2.33394e-09
2.34564e-09
2.33566e-09
2.3512e-09
2.34304e-09
2.32339e-09
2.31682e-09
2.2936e-09
2.28917e-09
2.30056e-09
2.30197e-09
2.29346e-09
2.26752e-09
2.26067e-09
2.25728e-09
2.25318e-09
2.25115e-09
2.24937e-09
2.25828e-09
2.27299e-09
2.2662e-09
2.25785e-09
2.24083e-09
2.24434e-09
2.22497e-09
2.18432e-09
2.17027e-09
2.15082e-09
2.12857e-09
2.11358e-09
2.08686e-09
2.03394e-09
1.98531e-09
1.94543e-09
1.89853e-09
1.85653e-09
1.81477e-09
1.7666e-09
1.75227e-09
1.7309e-09
1.7131e-09
1.70612e-09
1.69195e-09
1.69352e-09
1.68067e-09
1.65367e-09
1.63809e-09
1.6428e-09
1.6464e-09
1.64463e-09
1.64493e-09
1.63145e-09
1.62357e-09
1.62258e-09
1.62502e-09
1.60145e-09
1.60593e-09
1.59966e-09
1.58621e-09
1.54662e-09
1.52344e-09
1.50527e-09
1.46055e-09
1.42644e-09
1.37079e-09
1.33762e-09
1.30122e-09
1.27582e-09
1.26414e-09
1.23339e-09
1.20718e-09
1.19506e-09
1.18476e-09
1.1809e-09
1.1578e-09
1.13592e-09
1.12644e-09
1.12141e-09
1.1155e-09
1.11398e-09
1.08701e-09
1.05024e-09
1.02729e-09
1.00466e-09
9.70481e-10
9.24176e-10
8.78718e-10
8.66131e-10
8.37603e-10
8.08309e-10
7.84452e-10
7.6419e-10
7.54843e-10
7.47489e-10
7.28505e-10
6.95462e-10
6.57056e-10
6.05753e-10
5.64601e-10
5.07936e-10
4.53909e-10
3.90221e-10
3.29128e-10
2.91863e-10
2.50106e-10
2.02548e-10
1.52883e-10
1.12955e-10
8.35347e-11
6.43224e-11
4.34019e-11
2.40769e-11
9.55604e-12
3.05265e-12
1.79841e-09
1.77003e-09
1.78193e-09
1.7958e-09
1.81741e-09
1.83879e-09
1.83789e-09
1.86208e-09
1.88445e-09
1.92108e-09
1.94454e-09
1.96484e-09
1.98186e-09
2.00435e-09
2.03992e-09
2.0711e-09
2.08575e-09
2.11323e-09
2.14409e-09
2.1653e-09
2.20301e-09
2.23392e-09
2.2502e-09
2.26925e-09
2.30555e-09
2.30216e-09
2.31445e-09
2.35017e-09
2.38854e-09
2.39715e-09
2.37568e-09
2.36969e-09
2.40312e-09
2.41506e-09
2.3952e-09
2.37715e-09
2.3703e-09
2.36789e-09
2.37095e-09
2.36689e-09
2.36146e-09
2.37651e-09
2.36911e-09
2.37105e-09
2.36105e-09
2.33028e-09
2.2901e-09
2.26947e-09
2.25303e-09
2.23732e-09
2.21434e-09
2.20491e-09
2.20558e-09
2.20436e-09
2.20072e-09
2.18795e-09
2.19561e-09
2.20733e-09
2.21708e-09
2.22266e-09
2.22693e-09
2.23679e-09
2.21389e-09
2.20948e-09
2.20381e-09
2.19341e-09
2.19911e-09
2.19325e-09
2.20315e-09
2.2144e-09
2.21506e-09
2.20486e-09
2.18756e-09
2.18243e-09
2.17259e-09
2.16583e-09
2.17318e-09
2.18955e-09
2.2098e-09
2.22722e-09
2.23337e-09
2.24005e-09
2.26069e-09
2.26683e-09
2.28086e-09
2.30891e-09
2.33314e-09
2.35012e-09
2.34487e-09
2.35434e-09
2.34225e-09
2.32541e-09
2.3234e-09
2.30693e-09
2.28961e-09
2.29156e-09
2.29565e-09
2.28786e-09
2.26958e-09
2.25568e-09
2.25354e-09
2.25312e-09
2.26213e-09
2.25358e-09
2.26957e-09
2.27884e-09
2.26246e-09
2.26569e-09
2.24703e-09
2.24109e-09
2.21649e-09
2.19028e-09
2.16898e-09
2.1445e-09
2.12354e-09
2.11595e-09
2.08712e-09
2.03131e-09
1.97729e-09
1.93962e-09
1.89477e-09
1.84661e-09
1.80257e-09
1.76684e-09
1.74008e-09
1.73786e-09
1.73329e-09
1.71758e-09
1.7034e-09
1.692e-09
1.67542e-09
1.66287e-09
1.65388e-09
1.6576e-09
1.65746e-09
1.65288e-09
1.65133e-09
1.65124e-09
1.63643e-09
1.63365e-09
1.6222e-09
1.61271e-09
1.61024e-09
1.59916e-09
1.58271e-09
1.54753e-09
1.52027e-09
1.49112e-09
1.44922e-09
1.4218e-09
1.37438e-09
1.33234e-09
1.2969e-09
1.2656e-09
1.25768e-09
1.2353e-09
1.20675e-09
1.19916e-09
1.19583e-09
1.1847e-09
1.16283e-09
1.13878e-09
1.12924e-09
1.13582e-09
1.13407e-09
1.11328e-09
1.08625e-09
1.05048e-09
1.01853e-09
9.90613e-10
9.38658e-10
9.09719e-10
8.74334e-10
8.5352e-10
8.28614e-10
7.96389e-10
7.81264e-10
7.69328e-10
7.63141e-10
7.50158e-10
7.13615e-10
6.85312e-10
6.46698e-10
5.99886e-10
5.55209e-10
4.92835e-10
4.40075e-10
3.83999e-10
3.35282e-10
2.91954e-10
2.28132e-10
1.87944e-10
1.43916e-10
1.12745e-10
8.5877e-11
5.46052e-11
3.9188e-11
2.8008e-11
2.39457e-11
1.47222e-11
1.78659e-09
1.76695e-09
1.78041e-09
1.79906e-09
1.80789e-09
1.82583e-09
1.84155e-09
1.87323e-09
1.88577e-09
1.9141e-09
1.93318e-09
1.95062e-09
1.97563e-09
2.00394e-09
2.04038e-09
2.07556e-09
2.08741e-09
2.1209e-09
2.15342e-09
2.17453e-09
2.2098e-09
2.23885e-09
2.2502e-09
2.26246e-09
2.29737e-09
2.31294e-09
2.32581e-09
2.36089e-09
2.3948e-09
2.38467e-09
2.36416e-09
2.37591e-09
2.38949e-09
2.3916e-09
2.39002e-09
2.38831e-09
2.3721e-09
2.36086e-09
2.3615e-09
2.37978e-09
2.38267e-09
2.38262e-09
2.37158e-09
2.36259e-09
2.36137e-09
2.32775e-09
2.28744e-09
2.26214e-09
2.24389e-09
2.22882e-09
2.2201e-09
2.21481e-09
2.21668e-09
2.20957e-09
2.19932e-09
2.19969e-09
2.20138e-09
2.2114e-09
2.22249e-09
2.22424e-09
2.23418e-09
2.236e-09
2.21378e-09
2.19893e-09
2.19352e-09
2.18296e-09
2.19009e-09
2.18885e-09
2.18964e-09
2.19811e-09
2.2023e-09
2.19017e-09
2.18236e-09
2.17729e-09
2.17101e-09
2.16221e-09
2.17678e-09
2.20127e-09
2.20956e-09
2.24404e-09
2.24001e-09
2.2454e-09
2.27117e-09
2.2821e-09
2.2802e-09
2.29382e-09
2.33499e-09
2.34077e-09
2.35366e-09
2.36298e-09
2.33187e-09
2.31296e-09
2.32639e-09
2.31647e-09
2.28993e-09
2.28705e-09
2.29269e-09
2.28668e-09
2.2812e-09
2.25511e-09
2.23994e-09
2.25787e-09
2.27065e-09
2.27331e-09
2.28157e-09
2.29409e-09
2.26743e-09
2.25892e-09
2.24762e-09
2.23184e-09
2.20533e-09
2.17463e-09
2.15929e-09
2.16009e-09
2.13382e-09
2.10053e-09
2.06687e-09
2.02341e-09
1.98443e-09
1.93355e-09
1.88681e-09
1.83786e-09
1.79825e-09
1.77038e-09
1.75057e-09
1.74982e-09
1.73215e-09
1.71996e-09
1.70342e-09
1.68279e-09
1.67301e-09
1.66645e-09
1.6557e-09
1.66532e-09
1.66179e-09
1.65996e-09
1.65812e-09
1.66094e-09
1.64825e-09
1.64256e-09
1.63152e-09
1.6165e-09
1.60399e-09
1.59766e-09
1.57252e-09
1.53761e-09
1.51635e-09
1.4879e-09
1.44833e-09
1.40589e-09
1.36647e-09
1.32185e-09
1.28419e-09
1.26656e-09
1.25027e-09
1.23301e-09
1.20817e-09
1.20386e-09
1.2023e-09
1.18103e-09
1.1687e-09
1.16055e-09
1.14564e-09
1.13562e-09
1.11646e-09
1.10964e-09
1.08025e-09
1.04671e-09
1.00179e-09
9.60345e-10
9.19525e-10
8.98628e-10
8.75671e-10
8.42176e-10
8.16277e-10
7.96228e-10
7.94175e-10
7.85879e-10
7.56835e-10
7.3271e-10
7.15475e-10
6.80505e-10
6.32844e-10
5.90416e-10
5.3892e-10
4.85473e-10
4.39876e-10
3.76892e-10
3.38801e-10
2.9445e-10
2.33056e-10
1.88376e-10
1.46489e-10
1.14744e-10
7.70433e-11
5.68045e-11
4.37089e-11
3.81549e-11
2.90962e-11
1.8144e-11
1.79856e-09
1.77433e-09
1.78588e-09
1.80016e-09
1.80102e-09
1.81341e-09
1.83169e-09
1.86316e-09
1.88802e-09
1.91187e-09
1.9298e-09
1.94851e-09
1.96607e-09
2.00332e-09
2.04943e-09
2.06553e-09
2.09982e-09
2.13847e-09
2.16672e-09
2.2014e-09
2.21451e-09
2.23385e-09
2.25717e-09
2.2795e-09
2.29414e-09
2.30916e-09
2.32927e-09
2.3594e-09
2.37936e-09
2.3762e-09
2.35711e-09
2.36365e-09
2.38135e-09
2.38943e-09
2.39057e-09
2.38321e-09
2.37579e-09
2.36885e-09
2.37278e-09
2.3915e-09
2.38188e-09
2.38657e-09
2.37585e-09
2.36011e-09
2.34564e-09
2.31852e-09
2.28645e-09
2.25539e-09
2.23567e-09
2.22773e-09
2.22038e-09
2.21901e-09
2.2245e-09
2.21474e-09
2.21234e-09
2.21458e-09
2.21112e-09
2.20701e-09
2.21754e-09
2.22545e-09
2.2374e-09
2.22758e-09
2.20126e-09
2.18622e-09
2.16938e-09
2.16568e-09
2.17133e-09
2.17496e-09
2.18034e-09
2.18846e-09
2.19182e-09
2.18069e-09
2.1777e-09
2.16808e-09
2.17561e-09
2.17385e-09
2.18677e-09
2.20929e-09
2.21866e-09
2.25527e-09
2.25626e-09
2.24808e-09
2.26229e-09
2.27393e-09
2.28095e-09
2.28973e-09
2.31545e-09
2.33878e-09
2.3622e-09
2.3505e-09
2.32472e-09
2.32217e-09
2.32054e-09
2.31894e-09
2.30061e-09
2.29359e-09
2.28915e-09
2.28956e-09
2.28027e-09
2.26108e-09
2.23887e-09
2.23681e-09
2.25811e-09
2.27386e-09
2.28767e-09
2.27957e-09
2.26335e-09
2.24804e-09
2.24059e-09
2.22544e-09
2.19472e-09
2.17629e-09
2.16637e-09
2.15869e-09
2.13395e-09
2.0935e-09
2.06059e-09
2.03321e-09
1.98797e-09
1.9443e-09
1.89215e-09
1.84529e-09
1.81289e-09
1.78424e-09
1.75963e-09
1.74265e-09
1.7251e-09
1.71491e-09
1.69526e-09
1.68854e-09
1.68167e-09
1.68167e-09
1.6729e-09
1.67133e-09
1.67355e-09
1.66944e-09
1.66221e-09
1.65499e-09
1.65243e-09
1.65044e-09
1.63259e-09
1.62208e-09
1.60587e-09
1.58528e-09
1.56241e-09
1.5405e-09
1.50809e-09
1.48195e-09
1.44762e-09
1.41122e-09
1.36905e-09
1.32666e-09
1.29194e-09
1.26684e-09
1.25531e-09
1.23227e-09
1.2084e-09
1.19818e-09
1.19281e-09
1.18084e-09
1.16267e-09
1.15238e-09
1.14721e-09
1.12801e-09
1.11477e-09
1.08925e-09
1.06019e-09
1.02498e-09
9.82012e-10
9.45034e-10
8.94732e-10
8.74566e-10
8.4648e-10
8.42401e-10
8.21787e-10
8.07435e-10
8.00202e-10
7.83239e-10
7.60599e-10
7.35668e-10
6.94199e-10
6.67925e-10
6.23794e-10
5.87211e-10
5.39622e-10
4.83171e-10
4.27488e-10
3.78566e-10
3.31214e-10
2.78771e-10
2.30452e-10
1.90546e-10
1.47962e-10
1.13153e-10
7.55245e-11
3.91652e-11
3.78825e-11
4.96583e-11
3.76695e-11
2.21027e-11
1.78425e-09
1.78171e-09
1.7919e-09
1.80395e-09
1.81251e-09
1.82345e-09
1.83349e-09
1.84981e-09
1.89299e-09
1.911e-09
1.92422e-09
1.94398e-09
1.96846e-09
1.99953e-09
2.04933e-09
2.07309e-09
2.09904e-09
2.1314e-09
2.17056e-09
2.20472e-09
2.22382e-09
2.23912e-09
2.26348e-09
2.287e-09
2.30855e-09
2.31995e-09
2.32638e-09
2.35055e-09
2.36164e-09
2.36502e-09
2.36006e-09
2.36356e-09
2.38119e-09
2.38687e-09
2.38087e-09
2.38334e-09
2.36652e-09
2.3704e-09
2.38849e-09
2.39782e-09
2.40358e-09
2.39073e-09
2.37589e-09
2.3655e-09
2.33804e-09
2.31676e-09
2.28809e-09
2.25248e-09
2.24469e-09
2.23389e-09
2.22748e-09
2.2328e-09
2.23681e-09
2.23088e-09
2.22482e-09
2.21804e-09
2.20802e-09
2.20491e-09
2.2103e-09
2.21058e-09
2.22062e-09
2.21673e-09
2.19822e-09
2.18614e-09
2.15938e-09
2.15437e-09
2.16353e-09
2.16873e-09
2.16647e-09
2.17347e-09
2.18599e-09
2.18869e-09
2.17589e-09
2.17458e-09
2.18592e-09
2.19785e-09
2.20224e-09
2.21847e-09
2.24156e-09
2.2541e-09
2.26683e-09
2.26529e-09
2.26159e-09
2.2626e-09
2.27173e-09
2.28756e-09
2.30578e-09
2.32637e-09
2.33915e-09
2.34451e-09
2.33033e-09
2.31763e-09
2.31066e-09
2.2994e-09
2.30399e-09
2.30264e-09
2.29507e-09
2.28758e-09
2.26311e-09
2.25449e-09
2.23768e-09
2.24106e-09
2.26134e-09
2.27246e-09
2.26844e-09
2.27548e-09
2.27257e-09
2.24635e-09
2.22228e-09
2.20857e-09
2.18845e-09
2.18185e-09
2.17086e-09
2.14633e-09
2.11543e-09
2.09526e-09
2.07736e-09
2.03614e-09
1.98119e-09
1.93748e-09
1.8948e-09
1.86438e-09
1.8325e-09
1.78827e-09
1.76148e-09
1.7404e-09
1.71955e-09
1.7047e-09
1.67822e-09
1.68186e-09
1.68204e-09
1.69253e-09
1.6819e-09
1.67666e-09
1.67918e-09
1.67049e-09
1.66634e-09
1.65348e-09
1.64412e-09
1.6478e-09
1.64322e-09
1.62107e-09
1.59815e-09
1.56718e-09
1.55809e-09
1.53861e-09
1.50464e-09
1.4728e-09
1.43856e-09
1.401e-09
1.36804e-09
1.3339e-09
1.30516e-09
1.2791e-09
1.2538e-09
1.24176e-09
1.22359e-09
1.20151e-09
1.19508e-09
1.19104e-09
1.17164e-09
1.15649e-09
1.14423e-09
1.12716e-09
1.10505e-09
1.07459e-09
1.05041e-09
1.02448e-09
9.76422e-10
9.30283e-10
8.83348e-10
8.53953e-10
8.46246e-10
8.43608e-10
8.19689e-10
8.03647e-10
8.01678e-10
7.88886e-10
7.6098e-10
7.33641e-10
7.06557e-10
6.58686e-10
6.23969e-10
5.87132e-10
5.36284e-10
4.90017e-10
4.30859e-10
3.72465e-10
3.32267e-10
2.70615e-10
2.25081e-10
1.91241e-10
1.47494e-10
1.07232e-10
6.34905e-11
3.19704e-11
2.61031e-11
4.19995e-11
3.26924e-11
1.83021e-11
1.77259e-09
1.77842e-09
1.80399e-09
1.81898e-09
1.82307e-09
1.83667e-09
1.84368e-09
1.86469e-09
1.8866e-09
1.9011e-09
1.91402e-09
1.94819e-09
1.97406e-09
2.00376e-09
2.04391e-09
2.07315e-09
2.10074e-09
2.12972e-09
2.1631e-09
2.20539e-09
2.2446e-09
2.25197e-09
2.27129e-09
2.29519e-09
2.30109e-09
2.30851e-09
2.31205e-09
2.34526e-09
2.35873e-09
2.34638e-09
2.35534e-09
2.37264e-09
2.39171e-09
2.39286e-09
2.3776e-09
2.37338e-09
2.37474e-09
2.38187e-09
2.397e-09
2.40766e-09
2.41589e-09
2.39281e-09
2.38029e-09
2.36362e-09
2.32959e-09
2.31196e-09
2.29054e-09
2.25932e-09
2.25346e-09
2.24776e-09
2.24488e-09
2.24979e-09
2.2424e-09
2.22867e-09
2.22431e-09
2.22869e-09
2.20613e-09
2.19572e-09
2.19857e-09
2.2006e-09
2.20405e-09
2.1997e-09
2.19199e-09
2.18101e-09
2.1551e-09
2.15112e-09
2.15357e-09
2.15522e-09
2.15288e-09
2.15957e-09
2.17004e-09
2.18488e-09
2.18404e-09
2.19101e-09
2.2023e-09
2.20888e-09
2.21636e-09
2.23434e-09
2.25633e-09
2.26258e-09
2.26475e-09
2.25958e-09
2.26318e-09
2.26075e-09
2.26316e-09
2.28511e-09
2.30588e-09
2.31857e-09
2.3259e-09
2.33502e-09
2.32409e-09
2.31364e-09
2.30189e-09
2.29553e-09
2.2951e-09
2.30232e-09
2.29582e-09
2.28188e-09
2.26117e-09
2.23992e-09
2.23212e-09
2.23765e-09
2.24762e-09
2.25908e-09
2.26324e-09
2.27593e-09
2.2718e-09
2.24684e-09
2.22397e-09
2.19828e-09
2.1818e-09
2.17545e-09
2.15877e-09
2.14035e-09
2.12279e-09
2.09231e-09
2.06899e-09
2.03462e-09
1.9849e-09
1.94679e-09
1.90973e-09
1.8814e-09
1.83486e-09
1.79901e-09
1.77048e-09
1.74588e-09
1.72579e-09
1.70114e-09
1.68336e-09
1.68793e-09
1.68777e-09
1.69829e-09
1.67734e-09
1.67703e-09
1.6742e-09
1.67208e-09
1.66153e-09
1.64464e-09
1.62799e-09
1.63998e-09
1.64137e-09
1.61468e-09
1.59294e-09
1.55849e-09
1.54678e-09
1.53539e-09
1.49265e-09
1.4552e-09
1.43332e-09
1.38642e-09
1.36229e-09
1.33768e-09
1.30461e-09
1.281e-09
1.26303e-09
1.25285e-09
1.23086e-09
1.19981e-09
1.20058e-09
1.2061e-09
1.18928e-09
1.16483e-09
1.14971e-09
1.13145e-09
1.09702e-09
1.05874e-09
1.03349e-09
1.00588e-09
9.6214e-10
9.13031e-10
8.71958e-10
8.5206e-10
8.39518e-10
8.21302e-10
8.11022e-10
8.19658e-10
8.03877e-10
7.92576e-10
7.69548e-10
7.39392e-10
7.07655e-10
6.56569e-10
6.18722e-10
5.8632e-10
5.43108e-10
4.90532e-10
4.24363e-10
3.68394e-10
3.24925e-10
2.69685e-10
2.18322e-10
1.73382e-10
1.35862e-10
9.65685e-11
5.55452e-11
3.43227e-11
3.38572e-11
4.57272e-11
4.17149e-11
1.488e-11
)
;

boundaryField
{
    cyclic1
    {
        type            cyclic;
    }
    cyclic2
    {
        type            cyclic;
    }
    frontAndBack
    {
        type            empty;
    }
    outlet
    {
        type            fixedValue;
        value           uniform 0;
    }
    inlet
    {
        type            zeroGradient;
    }
}


// ************************************************************************* //
