       np1       np2       ns1       ns2        ne
        56       115        52       176         4
 Edge number           1
         2         1       175
         3         2       163
         4         3       155
         5         4       147
         6         5       139
         7         6       131
         8         7       123
         9         8       115
        10         9       107
        11        10        99
        12        11        91
        13        12        83
        14        13        75
        15        14        67
        16        15        59
        17        16        51
        18        17        43
        19        18        35
        20        19        26
        21        20        14
        22        21         6
        23        22         1
 Edge number           2
        25        24       176
        26        25       174
        27        26       173
        28        27       175
 Edge number           3
        30        29        21
        31        30        25
        32        31        30
        33        32        34
        34        33        41
        35        34        49
        36        35        57
        37        36        65
        38        37        73
        39        38        81
        40        39        89
        41        40        97
        42        41       105
        43        42       112
        44        43       120
        45        44       128
        46        45       136
        47        46       144
        48        47       152
        49        48       160
        50        49       168
        51        50       176
 Edge number           4
        53        52         1
        54        53         4
        55        54        11
        56        55        21
 Face:           1
         2        25        50
        50        25       114
        25        54       114
        50       114        51
       110       114        54
        25        24        54
        51       114       112
        64       110        54
       110       112       114
        64        54        24
        51       112        52
        66       110        64
       112       110        53
        23        64        24
       112        29        52
        67        66        64
       110        66        65
       110        65        53
        53        29       112
        67        64        23
        52        29         4
        67        69        66
        66        68        65
        53        65        30
        30        29        53
        22        67        23
        66        69        68
        67        70        69
        65        68        31
        65        31        30
        22        70        67
        71        68        69
        70        72        69
        68        32        31
        21        70        22
        69        72        71
        71        32        68
        70        73        72
        21        73        70
        74        71        72
        71        33        32
        73        75        72
        20        73        21
        72        75        74
        74        33        71
        73        76        75
        20        76        73
        77        74        75
        74        34        33
        76        78        75
        19        76        20
        75        78        77
        77        34        74
        76        79        78
        19        79        76
        77        78        80
        35        34        77
        79        81        78
        79        19        18
        78        81        80
        35        77        80
        82        81        79
        82        79        18
        80        81        83
        36        35        80
        84        81        82
        82        18        17
        84        83        81
        36        80        83
        85        84        82
        85        82        17
        83        84        86
        37        36        83
        87        84        85
        85        17        16
        87        86        84
        37        83        86
        88        87        85
        88        85        16
        86        87        90
        38        37        86
        91        87        88
        88        16        15
        91        90        87
        38        86        90
        91        88        89
        88        15        89
        90        91        93
        39        38        90
        89        94        91
        89        15        14
        94        93        91
        39        90        93
        92        94        89
        92        89        14
        97        93        94
        93        40        39
        94        92        99
        13        92        14
        99        97        94
        97        40        93
        92       102        99
        13       102        92
        99        98        97
        97        41        40
       102       101        99
        12       102        13
        97        98        41
       101        98        99
       103       101       102
        12       103       102
        98        42        41
        96        98       101
       100       101       103
        11       103        12
        98        96        42
       100        96       101
       104       100       103
        11       104       103
        96        43        42
       100        95        96
        63       100       104
        10       104        11
        96        95        43
        95       100        63
       105        63       104
        10       105       104
        95        44        43
        63        62        95
        61        63       105
         9       105        10
        95        62        44
        62        63        61
       106        61       105
         9       106       105
        62        45        44
        61        60        62
        59        61       106
         8       106         9
        62        60        45
        60        61        59
       107        59       106
         8       107       106
        60        46        45
        60        59        58
        59       107        57
         7       107         8
        60        58        46
        59        57        58
        57       107       108
         7       108       107
        58        47        46
        56        58        57
       111        57       108
         6       108         7
        56        47        58
       111        56        57
       109       111       108
         6       109       108
        56        48        47
       111        55        56
       109       113       111
       109         6         5
        55        48        56
       115        55       111
       113       115       111
       113       109         5
        55        49        48
       115        49        55
        27       115       113
       113         5        28
        26        49       115
        27       113        28
        26       115        27
        28         5         1
        26         3        49
 1d points
      1        1.000000000000000
      5        0.954545454545455
      6        0.909090909090909
      7        0.863636363636364
      8        0.818181818181819
      9        0.772727272727273
     10        0.727272727272728
     11        0.681818181818182
     12        0.636363636363637
     13        0.590909090909091
     14        0.545454545454546
     15        0.500000000000000
     16        0.454545454545455
     17        0.409090909090909
     18        0.363636363636364
     19        0.318181818181818
     20        0.272727272727273
     21        0.227272727272727
     22        0.181818181818182
     23        0.136363636363636
     24        0.090909090909091
     25        0.045454545454545
      2        0.000000000000000
      3        1.000000000000000
     26        0.750000000000000
     27        0.500000000000000
     28        0.250000000000000
      1        0.000000000000000
      4        1.000000000000000
     29        0.954545454545455
     30        0.909090909090909
     31        0.863636363636364
     32        0.818181818181818
     33        0.772727272727273
     34        0.727272727272727
     35        0.681818181818182
     36        0.636363636363636
     37        0.590909090909091
     38        0.545454545454545
     39        0.500000000000000
     40        0.454545454545454
     41        0.409090909090909
     42        0.363636363636363
     43        0.318181818181818
     44        0.272727272727272
     45        0.227272727272727
     46        0.181818181818181
     47        0.136363636363636
     48        0.090909090909091
     49        0.045454545454545
      3        0.000000000000000
      2        1.000000000000000
     50        0.750000000000000
     51        0.500000000000000
     52        0.250000000000000
      4        0.000000000000000
 2d points
        3.000000000000000       -0.157079000000000       11.111111111111111        0.000000000000000        0.000000000000000       11.111111111111111         0
        1.000000000000000       -0.157079000000000       11.111111111111111        0.000000000000000        0.000000000000000       11.111111111111111         0
        3.000000000000000        0.157079000000000       11.111111111111111        0.000000000000000        0.000000000000000       11.111111111111111         0
        1.000000000000000        0.157079000000000       11.111111111111111        0.000000000000000        0.000000000000000       11.111111111111111         0
        2.909090909090909       -0.157079000000000       11.111111111111111        0.000000000000000        0.000000000000000       11.111111111111111         0
        2.818181818181818       -0.157079000000000       11.111111111111111        0.000000000000000        0.000000000000000       11.111111111111111         0
        2.727272727272728       -0.157079000000000       11.111111111111111        0.000000000000000        0.000000000000000       11.111111111111111         0
        2.636363636363638       -0.157079000000000       11.111111111111111        0.000000000000000        0.000000000000000       11.111111111111111         0
        2.545454545454546       -0.157079000000000       11.111111111111111        0.000000000000000        0.000000000000000       11.111111111111111         0
        2.454545454545455       -0.157079000000000       11.111111111111111        0.000000000000000        0.000000000000000       11.111111111111111         0
        2.363636363636365       -0.157079000000000       11.111111111111111        0.000000000000000        0.000000000000000       11.111111111111111         0
        2.272727272727273       -0.157079000000000       11.111111111111111        0.000000000000000        0.000000000000000       11.111111111111111         0
        2.181818181818183       -0.157079000000000       11.111111111111111        0.000000000000000        0.000000000000000       11.111111111111111         0
        2.090909090909091       -0.157079000000000       11.111111111111111        0.000000000000000        0.000000000000000       11.111111111111111         0
        2.000000000000000       -0.157079000000000       11.111111111111111        0.000000000000000        0.000000000000000       11.111111111111111         0
        1.909090909090910       -0.157079000000000       11.111111111111111        0.000000000000000        0.000000000000000       11.111111111111111         0
        1.818181818181819       -0.157079000000000       11.111111111111111        0.000000000000000        0.000000000000000       11.111111111111111         0
        1.727272727272728       -0.157079000000000       11.111111111111111        0.000000000000000        0.000000000000000       11.111111111111111         0
        1.636363636363637       -0.157079000000000       11.111111111111111        0.000000000000000        0.000000000000000       11.111111111111111         0
        1.545454545454546       -0.157079000000000       11.111111111111111        0.000000000000000        0.000000000000000       11.111111111111111         0
        1.454545454545455       -0.157079000000000       11.111111111111111        0.000000000000000        0.000000000000000       11.111111111111111         0
        1.363636363636364       -0.157079000000000       11.111111111111111        0.000000000000000        0.000000000000000       11.111111111111111         0
        1.272727272727272       -0.157079000000000       11.111111111111111        0.000000000000000        0.000000000000000       11.111111111111111         0
        1.181818181818182       -0.157079000000000       11.111111111111111        0.000000000000000        0.000000000000000       11.111111111111111         0
        1.090909090909091       -0.157079000000000       11.111111111111111        0.000000000000000        0.000000000000000       11.111111111111111         0
        3.000000000000000        0.078539500000000       11.111111111111111        0.000000000000000        0.000000000000000       11.111111111111111         0
        3.000000000000000       -0.000000000000000       11.111111111111111        0.000000000000000        0.000000000000000       11.111111111111111         0
        3.000000000000000       -0.078539500000000       11.111111111111111        0.000000000000000        0.000000000000000       11.111111111111111         0
        1.090909090909091        0.157079000000000       11.111111111111111        0.000000000000000        0.000000000000000       11.111111111111111         0
        1.181818181818182        0.157079000000000       11.111111111111111        0.000000000000000        0.000000000000000       11.111111111111111         0
        1.272727272727273        0.157079000000000       11.111111111111111        0.000000000000000        0.000000000000000       11.111111111111111         0
        1.363636363636364        0.157079000000000       11.111111111111111        0.000000000000000        0.000000000000000       11.111111111111111         0
        1.454545454545455        0.157079000000000       11.111111111111111        0.000000000000000        0.000000000000000       11.111111111111111         0
        1.545454545454546        0.157079000000000       11.111111111111111        0.000000000000000        0.000000000000000       11.111111111111111         0
        1.636363636363637        0.157079000000000       11.111111111111111        0.000000000000000        0.000000000000000       11.111111111111111         0
        1.727272727272728        0.157079000000000       11.111111111111111        0.000000000000000        0.000000000000000       11.111111111111111         0
        1.818181818181819        0.157079000000000       11.111111111111111        0.000000000000000        0.000000000000000       11.111111111111111         0
        1.909090909090909        0.157079000000000       11.111111111111111        0.000000000000000        0.000000000000000       11.111111111111111         0
        2.000000000000001        0.157079000000000       11.111111111111111        0.000000000000000        0.000000000000000       11.111111111111111         0
        2.090909090909091        0.157079000000000       11.111111111111111        0.000000000000000        0.000000000000000       11.111111111111111         0
        2.181818181818183        0.157079000000000       11.111111111111111        0.000000000000000        0.000000000000000       11.111111111111111         0
        2.272727272727274        0.157079000000000       11.111111111111111        0.000000000000000        0.000000000000000       11.111111111111111         0
        2.363636363636365        0.157079000000000       11.111111111111111        0.000000000000000        0.000000000000000       11.111111111111111         0
        2.454545454545455        0.157079000000000       11.111111111111111        0.000000000000000        0.000000000000000       11.111111111111111         0
        2.545454545454547        0.157079000000000       11.111111111111111        0.000000000000000        0.000000000000000       11.111111111111111         0
        2.636363636363638        0.157079000000000       11.111111111111111        0.000000000000000        0.000000000000000       11.111111111111111         0
        2.727272727272727        0.157079000000000       11.111111111111111        0.000000000000000        0.000000000000000       11.111111111111111         0
        2.818181818181819        0.157079000000000       11.111111111111111        0.000000000000000        0.000000000000000       11.111111111111111         0
        2.909090909090909        0.157079000000000       11.111111111111111        0.000000000000000        0.000000000000000       11.111111111111111         0
        1.000000000000000       -0.078539500000000       11.111111111111111        0.000000000000000        0.000000000000000       11.111111111111111         0
        1.000000000000000        0.000000000000000       11.111111111111111        0.000000000000000        0.000000000000000       11.111111111111111         0
        1.000000000000000        0.078539500000000       11.111111111111111        0.000000000000000        0.000000000000000       11.111111111111111         0
        1.153621936112301        0.085848056742848       11.111111111111111        0.000000000000000        0.000000000000000       11.111111111111111         0
        1.154299326886298       -0.088659834959497       11.111111111111111        0.000000000000000        0.000000000000000       11.111111111111111         0
        2.848953982964700        0.089430781126517       11.111111111111111        0.000000000000000        0.000000000000000       11.111111111111111         0
        2.776064244869529        0.085219405284859       11.111111111111111        0.000000000000000        0.000000000000000       11.111111111111111         0
        2.738042054924955        0.004885921000801       11.111111111111111        0.000000000000000        0.000000000000000       11.111111111111111         0
        2.685617285640769        0.086931769139207       11.111111111111114        0.000000000000000        0.000000000000000       11.111111111111114         0
        2.640559778296252        0.005374258360908       11.111111111111111        0.000000000000000        0.000000000000000       11.111111111111111         0
        2.593031490821655        0.086621137562040       11.111111111111111        0.000000000000000        0.000000000000000       11.111111111111111         0
        2.547370764027260        0.004840426183580       11.111111111111111        0.000000000000000        0.000000000000000       11.111111111111111         0
        2.501059844014375        0.085833455511464       11.111111111111111        0.000000000000000        0.000000000000000       11.111111111111111         0
        2.455428707400618        0.004101278029907       11.111111111111111        0.000000000000000        0.000000000000000       11.111111111111111         0
        1.219522764359258       -0.083164723691880       11.111111111111111        0.000000000000000        0.000000000000000       11.111111111111111         0
        1.216711869922963        0.072430052254185       11.111111111111111        0.000000000000000        0.000000000000000       11.111111111111111         0
        1.257611758758879       -0.003687790547580       11.111111111111114        0.000000000000000        0.000000000000000       11.111111111111114         0
        1.311232250874647       -0.086877231789708       11.111111111111111        0.000000000000000        0.000000000000000       11.111111111111111         0
        1.309313721974103        0.076405831612593       11.111111111111111        0.000000000000000        0.000000000000000       11.111111111111111         0
        1.357008777383276       -0.004200951776565       11.111111111111114        0.000000000000000        0.000000000000000       11.111111111111114         0
        1.404458172996909       -0.086783163492793       11.111111111111111        0.000000000000000        0.000000000000000       11.111111111111111         0
        1.403063844972753        0.077297920248524       11.111111111111111        0.000000000000000        0.000000000000000       11.111111111111111         0
        1.450962153142080       -0.003777645858914       11.111111111111111        0.000000000000000        0.000000000000000       11.111111111111111         0
        1.496685064261347       -0.085923658384177       11.111111111111111        0.000000000000000        0.000000000000000       11.111111111111111         0
        1.495626406882737        0.077871841080366       11.111111111111111        0.000000000000000        0.000000000000000       11.111111111111111         0
        1.543218599683528       -0.003127193175626       11.111111111111111        0.000000000000000        0.000000000000000       11.111111111111111         0
        1.588308610369531       -0.084921446675454       11.111111111111111        0.000000000000000        0.000000000000000       11.111111111111111         0
        1.587480878916791        0.078449303287787       11.111111111111114        0.000000000000000        0.000000000000000       11.111111111111114         0
        1.634768621243533       -0.002428543365893       11.111111111111114        0.000000000000000        0.000000000000000       11.111111111111114         0
        1.679655118501627       -0.083903913625335       11.111111111111111        0.000000000000000        0.000000000000000       11.111111111111111         0
        1.678999465210502        0.079056340414981       11.111111111111111        0.000000000000000        0.000000000000000       11.111111111111111         0
        1.726019882798212       -0.001719844009566       11.111111111111111        0.000000000000000        0.000000000000000       11.111111111111111         0
        1.770896917103496       -0.082893209169223       11.111111111111111        0.000000000000000        0.000000000000000       11.111111111111111         0
        1.770375197212501        0.079696276922985       11.111111111111111        0.000000000000000        0.000000000000000       11.111111111111111         0
        1.817159059372955       -0.001003437036903       11.111111111111114        0.000000000000000        0.000000000000000       11.111111111111114         0
        1.862113901206066       -0.081891851493933       11.111111111111114        0.000000000000000        0.000000000000000       11.111111111111114         0
        1.861695178519793        0.080371106687666       11.111111111111111        0.000000000000000        0.000000000000000       11.111111111111111         0
        1.908264512664331       -0.000277576562762       11.111111111111111        0.000000000000000        0.000000000000000       11.111111111111111         0
        1.953338071017391       -0.080901279900629       11.111111111111111        0.000000000000000        0.000000000000000       11.111111111111111         0
        2.044581292034346       -0.079924602969491       11.111111111111111        0.000000000000000        0.000000000000000       11.111111111111111         0
        1.952992652735263        0.081080290910375       11.111111111111111        0.000000000000000        0.000000000000000       11.111111111111111         0
        1.999364795998546        0.000456947557322       11.111111111111111        0.000000000000000        0.000000000000000       11.111111111111111         0
        2.135851698567979       -0.078966797202127       11.111111111111111        0.000000000000000        0.000000000000000       11.111111111111111         0
        2.044278380695870        0.081821090690255       11.111111111111111        0.000000000000000        0.000000000000000       11.111111111111111         0
        2.090470731108057        0.001196850636107       11.111111111111111        0.000000000000000        0.000000000000000       11.111111111111111         0
        2.409500423427285        0.084979864855618       11.111111111111111        0.000000000000000        0.000000000000000       11.111111111111111         0
        2.318126423543136        0.084194013371273       11.111111111111111        0.000000000000000        0.000000000000000       11.111111111111111         0
        2.135556781143539        0.082589429587038       11.111111111111114        0.000000000000000        0.000000000000000       11.111111111111114         0
        2.226834095917159        0.083380784694332       11.111111111111111        0.000000000000000        0.000000000000000       11.111111111111111         0
        2.181591683105080        0.001936509041425       11.111111111111114        0.000000000000000        0.000000000000000       11.111111111111114         0
        2.363992521086602        0.003350855956392       11.111111111111114        0.000000000000000        0.000000000000000       11.111111111111114         0
        2.272744983975094        0.002667051303734       11.111111111111111        0.000000000000000        0.000000000000000       11.111111111111111         0
        2.227164040086260       -0.078036650289200       11.111111111111111        0.000000000000000        0.000000000000000       11.111111111111111         0
        2.318519848257019       -0.077147063212515       11.111111111111111        0.000000000000000        0.000000000000000       11.111111111111111         0
        2.409904724552524       -0.076245860908659       11.111111111111111        0.000000000000000        0.000000000000000       11.111111111111111         0
        2.501494281306335       -0.075327916114916       11.111111111111111        0.000000000000000        0.000000000000000       11.111111111111111         0
        2.593563980972645       -0.074395560842233       11.111111111111111        0.000000000000000        0.000000000000000       11.111111111111111         0
        2.686428836273097       -0.073375032894527       11.111111111111111        0.000000000000000        0.000000000000000       11.111111111111111         0
        2.777800800153190       -0.070855041345693       11.111111111111111        0.000000000000000        0.000000000000000       11.111111111111111         0
        2.850004772591703       -0.086224170131990       11.111111111111111        0.000000000000000        0.000000000000000       11.111111111111111         0
        1.180923327332445       -0.000906681813020       11.111111111111111        0.000000000000000        0.000000000000000       11.111111111111111         0
        2.822397413738713        0.001203459130166       11.111111111111111        0.000000000000000        0.000000000000000       11.111111111111111         0
        1.085632997613591        0.052506519994414       11.111111111111111        0.000000000000000        0.000000000000000       11.111111111111111         0
        2.915830265934513       -0.052509480328709       11.111111111111114        0.000000000000000        0.000000000000000       11.111111111111114         0
        1.085724865411104       -0.053131493672166       11.111111111111111        0.000000000000000        0.000000000000000       11.111111111111111         0
        2.915684373307307        0.053289004380785       11.111111111111111        0.000000000000000        0.000000000000000       11.111111111111111         0
