/*--------------------------------*- C++ -*----------------------------------*\
  =========                 |
  \\      /  F ield         | OpenFOAM: The Open Source CFD Toolbox
   \\    /   O peration     | Website:  https://openfoam.org
    \\  /    A nd           | Version:  6
     \\/     M anipulation  |
\*---------------------------------------------------------------------------*/
FoamFile
{
    version     2.0;
    format      ascii;
    class       surfaceScalarField;
    location    "80";
    object      phi;
}
// * * * * * * * * * * * * * * * * * * * * * * * * * * * * * * * * * * * * * //

dimensions      [0 3 -1 0 0 0 0];

internalField   nonuniform List<scalar> 
7780
(
2
3.68248e-16
2
1.60064e-16
2
1.51886e-16
2
1.98846e-16
2
5.27747e-17
2
1.80636e-16
2
2.57092e-16
2
3.24563e-16
2
3.30407e-16
2
2.08717e-16
2
2.32975e-16
2
1.47771e-16
2
5.79277e-17
2
1.89355e-16
2
2.99373e-16
2
4.4956e-16
2
3.27299e-16
2
1.69237e-16
2
2.41389e-16
2
2.64828e-16
2
1.06153e-16
2
2.1806e-16
2
2.43244e-16
2
-4.92306e-17
2
1.48633e-17
2
1.58303e-17
2
9.90183e-17
2
-3.43943e-17
2
-1.12214e-16
2
-1.93825e-18
2
-1.2259e-16
2
1.73419e-16
2
1.23123e-16
2
9.94918e-17
2
1.80798e-17
2
1.06828e-16
2
2.14102e-16
2
2.66192e-16
2
1.66572e-16
2
5.91318e-17
2
1.28591e-16
2
3.19542e-17
2
3.93437e-17
2
4.5677e-17
2
1.37429e-17
2
-3.06791e-17
2
-2.41946e-16
2
-1.04474e-16
2
3.73051e-17
2
1.68017e-16
2
1.11619e-16
2
5.88976e-17
2
1.46752e-16
2
-1.11505e-16
2
-7.08606e-17
2
-6.88141e-17
2
-1.11852e-18
2
1.06018e-16
2
2.94286e-16
2
5.64131e-17
2
-3.57675e-19
2
1.78169e-16
2
7.87972e-17
2
4.73854e-17
2
2.45869e-17
2
-1.23695e-17
2
-2.86143e-18
2
-4.08787e-17
2
1.37496e-16
2
3.35657e-16
2
2.68045e-16
2
2.27625e-16
2
9.59712e-17
2
-1.06215e-16
2
-1.0477e-16
2
-4.82291e-17
2
-1.52712e-16
2
-1.35237e-16
2
-2.05298e-16
2
-3.0176e-16
2
-1.58033e-16
2
-9.8174e-17
2
-5.72557e-17
2
1.00871e-17
2
3.59923e-18
2
3.03619e-17
2
5.05712e-17
2
7.63643e-18
2
3.42013e-17
2
-4.10367e-17
2
1.07353e-17
2
1.36874e-16
2
2.22198e-16
2
1.94225e-16
2
2.80171e-16
2
3.62001e-16
2
2.0866e-16
2
1.18202e-16
2
-1.65303e-17
2
3.79861e-17
2
-6.7175e-17
2
-3.1692e-17
2
4.39931e-17
2
2.15662e-16
2
9.17901e-17
2
1.55249e-16
2
1.54985e-16
2
2.06789e-16
2
3.75527e-16
2
9.10175e-17
2
2.3965e-16
2
2.95074e-16
2
2.84423e-16
2
2.47938e-16
2
1.36693e-17
2
1.02348e-16
2
2.51735e-16
2
1.4213e-16
2
3.38599e-16
2
2.58099e-16
2
3.03899e-16
2
2.10085e-16
2
1.93837e-16
2
7.85721e-17
2
6.20646e-17
2
1.41415e-17
2
-1.39638e-16
2
-1.44919e-16
2
-2.7549e-16
2
-7.20878e-17
2
6.01458e-17
2
-6.20833e-17
2
-1.50191e-16
2
-1.82614e-18
2
3.31141e-17
2
-7.75776e-17
2
6.4588e-17
2
2.33719e-16
2
9.51545e-17
2
-1.4403e-17
2
1.94664e-17
2
-7.90902e-17
2
-1.1249e-16
2
2.20648e-16
2
2.86576e-16
2
3.22009e-16
2
2.11021e-16
2
1.17773e-16
2
-6.71915e-18
2
2.99588e-17
2
-9.0192e-17
2
4.53385e-17
2
5.46374e-17
2
1.35278e-16
2
2.0663e-16
2
1.98455e-17
2
-5.42918e-17
2
4.41397e-17
2
-1.40542e-17
2
3.31321e-17
2
1.67661e-17
2
6.15621e-17
2
1.4694e-16
2
-3.16934e-17
2
-1.18404e-16
2
-8.24088e-17
2
-1.89709e-16
2
-1.74145e-16
2
-1.10056e-16
2
-1.21501e-16
2
-1.9901e-16
2
-2.34765e-16
2
-2.09944e-16
2
-2.00317e-16
2
-1.6593e-16
2
-6.84378e-17
2
-1.52659e-16
2
-1.62012e-16
2
-2.95641e-16
2
-3.19408e-16
2
-1.19261e-16
2
6.23308e-17
2
1.61629e-16
2
2.03809e-16
2
3.38722e-17
2
-8.40097e-17
2
-1.26873e-16
2
-1.79676e-16
2
-5.77288e-17
2
1.6982e-17
2
1.24063e-16
2
1.8853e-16
2
2.05307e-16
2
2.57893e-16
2
2.59257e-16
2
2.26586e-16
2
1.59956e-16
2
1.492e-16
2
1.61187e-16
1.18032e-16
2
3.69213e-17
2
1.00615e-16
2
8.10456e-17
2
1.01683e-16
2
1.20545e-16
2
2.13241e-16
2
2.50854e-16
2
2.80203e-16
2
3.76742e-16
2
3.40955e-16
2
1.94823e-16
2
2.0243e-16
2
2.02816e-16
2
3.49422e-16
2
5.66621e-16
2
3.08147e-16
2
3.07289e-16
2
3.62501e-16
2
2.21008e-16
2
3.80938e-16
2
3.61627e-16
2
2.87768e-16
2
4.79196e-17
2
2.31366e-16
2
2.15444e-16
2
3.30603e-17
2
-7.08741e-18
2
4.65705e-17
2
1.0911e-17
2
-2.13782e-16
2
-3.2797e-18
2
2.32977e-19
2
-1.00468e-16
2
-9.75729e-17
2
1.34617e-16
2
2.60394e-16
2
4.98163e-16
2
3.03347e-16
2
2.20595e-16
2
2.29601e-16
2
9.77738e-17
2
2.1773e-17
2
-8.78579e-17
2
7.46263e-18
2
1.08068e-16
2
3.50744e-17
2
8.39016e-18
2
1.36113e-17
2
1.29119e-16
2
4.07328e-17
2
1.52153e-16
2
2.77197e-16
2
1.58991e-16
2
1.18821e-17
2
-8.3078e-17
2
-1.27138e-16
2
-8.83034e-17
2
-2.22921e-17
2
-4.0411e-17
2
-7.34849e-17
2
-6.17617e-17
2
5.49993e-17
2
8.69126e-17
2
1.07772e-16
2
9.2586e-17
2
3.4636e-17
2
1.44368e-19
2
-1.70331e-17
2
9.97238e-18
2
2.14276e-16
2
3.42895e-16
2
3.63066e-16
2
1.77758e-16
2
5.9511e-17
2
-1.77216e-17
2
-1.27224e-16
2
-8.21154e-17
2
-9.76695e-17
2
-1.07597e-16
2
-1.02483e-16
2
-2.95211e-17
2
-2.91024e-18
2
-3.00979e-17
2
1.50691e-16
2
1.26613e-16
2
1.43373e-16
2
1.4978e-16
2
6.8209e-17
2
1.74427e-16
2
4.57793e-18
2
-1.26094e-16
2
2.66057e-16
2
1.73738e-16
2
2.91059e-16
2
3.6004e-16
2
4.25007e-16
2
2.51149e-16
2
1.13603e-16
2
2.92819e-16
2
1.49629e-16
2
1.98878e-16
2
1.60202e-16
2
-1.09669e-16
2
2.79465e-16
2
3.89099e-16
2
1.48987e-16
2
5.49768e-17
2
1.16883e-16
2
-2.49257e-17
2
5.73769e-17
2
-3.28657e-17
2
1.67737e-16
2
2.45478e-16
2
3.93108e-16
2
2.44956e-16
2
3.03963e-16
2
3.05322e-16
2
5.33122e-16
2
2.60377e-16
2
1.63582e-16
2
7.79701e-17
2
2.11246e-16
2
1.65274e-16
2
1.83886e-16
2
-7.614e-17
2
-2.03969e-16
2
-1.87024e-16
2
-1.89347e-16
2
-1.38971e-18
2
1.41662e-17
2
-2.68649e-17
2
6.85596e-17
2
1.44669e-16
2
1.2883e-16
2
1.25605e-16
2
2.8141e-16
2
2.17888e-16
2
-3.2131e-17
2
-7.74803e-17
2
-1.93272e-16
2
-1.63621e-16
2
-2.07969e-16
2
-1.64189e-16
2
8.03526e-17
2
2.8951e-16
2
2.23062e-16
2
1.82216e-16
2
1.20382e-16
2
1.72777e-16
2
1.91802e-16
2
-1.85659e-17
2
1.07178e-16
2
7.06722e-17
2
8.79439e-17
2
1.64127e-16
2
-9.34475e-17
2
-1.23831e-16
2
1.31584e-16
2
8.49291e-17
2
1.22855e-16
2
2.644e-16
2
2.35822e-16
2
2.98566e-16
2
4.4947e-16
2
2.86559e-16
2
1.3926e-16
2
9.51806e-17
2
-1.66937e-16
2
-1.40085e-16
2
-4.26724e-17
2
-5.6712e-17
2
-2.54713e-16
2
-2.4975e-16
2
-3.3933e-16
2
-2.63172e-16
2
-1.98629e-16
2
-2.12111e-16
2
-3.38722e-16
2
-2.15007e-16
2
-6.57477e-17
2
-1.73006e-16
2
-2.39142e-16
2
-7.78437e-17
2
7.02803e-17
2
2.41181e-16
2
3.41747e-17
2
-6.44047e-18
2
-1.10557e-16
2
1.17404e-16
2
1.30289e-16
2
1.30821e-16
2
2.58499e-17
2
-7.3383e-17
2
1.44545e-16
2
3.11653e-16
2
4.83109e-16
2
3.36591e-16
2
4.18099e-16
2
2.70264e-16
2.31256e-16
2
3.40697e-17
2
-8.55079e-17
2
-1.81428e-17
2
1.14121e-16
2
1.62112e-16
2
1.19966e-16
2
1.71856e-16
2
2.01716e-16
2
1.64933e-16
2
3.99922e-16
2
2.64799e-16
2
1.00425e-16
2
-5.52925e-18
2
1.50826e-16
2
3.38707e-16
2
4.496e-16
2
3.4003e-16
2
3.40606e-16
2
3.75231e-16
2
6.63456e-17
2
3.03411e-16
2
2.83323e-16
2
2.32297e-16
2
2.76003e-16
2
-1.87958e-17
2
2.12832e-16
2
2.50338e-16
2
-1.118e-17
2
-1.44049e-16
2
-1.38278e-16
2
-7.55739e-17
2
-6.96976e-17
2
-3.67203e-17
2
1.30851e-16
2
7.42742e-17
2
6.49562e-17
2
-8.17545e-17
2
7.42608e-17
2
7.73508e-17
2
2.20188e-17
2
8.16766e-17
2
5.67316e-17
2
4.36572e-17
2
7.5326e-17
2
-4.69798e-17
2
1.08928e-18
2
-4.39641e-17
2
-1.62738e-16
2
-2.50328e-16
2
-1.15168e-17
2
9.57225e-17
2
1.09669e-16
2
8.20234e-17
2
-2.88382e-18
2
-8.62651e-17
2
-1.60076e-16
2
-1.5757e-16
2
-7.16302e-17
2
-4.7613e-17
2
4.50352e-17
2
2.77656e-17
2
-1.39613e-16
2
-9.40142e-17
2
-3.23459e-17
2
-4.91088e-18
2
-1.89077e-16
2
-5.60974e-17
2
3.98677e-17
2
2.42776e-16
2
1.87819e-16
2
1.18636e-16
2
-4.15999e-17
2
-9.27107e-17
2
-1.2647e-16
2
-1.13738e-16
2
-1.56793e-16
2
-1.63585e-16
2
9.62983e-17
2
6.58596e-17
2
7.65505e-17
2
1.76688e-16
2
5.63288e-17
2
2.05682e-16
2
7.96525e-17
2
1.59347e-16
2
1.91944e-16
2
1.47534e-16
2
2.38674e-16
2
-3.99318e-18
2
2.55802e-16
2
4.16853e-16
2
3.27421e-16
2
2.49125e-16
2
3.04482e-16
2
3.16616e-16
2
3.02789e-16
2
2.91233e-16
2
2.67289e-16
2
1.651e-16
2
1.05385e-16
2
1.50885e-16
2
2.10833e-16
2
2.95274e-16
2
1.40076e-16
2
5.31252e-17
2
3.61665e-16
2
2.48727e-16
2
2.48243e-16
2
2.889e-16
2
9.15651e-17
2
1.40498e-16
2
1.67902e-16
2
1.43504e-16
2
2.37814e-16
2
2.61756e-16
2
1.5235e-16
2
2.57705e-16
2
1.51157e-16
2
1.52561e-17
2
7.28669e-17
2
1.26508e-16
2
-1.03325e-16
2
4.64238e-17
2
1.19403e-16
2
7.60543e-17
2
-2.90601e-17
2
-1.36257e-16
2
3.1021e-17
2
-1.60544e-17
2
-3.5239e-17
2
-2.34692e-17
2
1.19003e-17
2
1.82119e-16
2
3.31091e-18
2
-7.31219e-17
2
-1.54371e-16
2
-1.14815e-16
2
-1.88372e-16
2
-1.04588e-16
2
4.89209e-17
2
-2.80419e-16
2
-1.10102e-17
2
1.55943e-16
2
5.56968e-17
2
7.65038e-17
2
9.2999e-17
2
2.01733e-16
2
1.45115e-16
2
9.71539e-18
2
2.22751e-16
2
2.39583e-16
2
2.68347e-18
2
7.95558e-17
2
2.37969e-17
2
-1.64998e-17
2
-1.37838e-17
2
-1.46352e-16
2
-2.45388e-17
2
-5.88478e-18
2
-4.62355e-17
2
6.00558e-17
2
1.76604e-16
2
1.85663e-16
2
3.05587e-16
2
5.4722e-16
2
5.41122e-16
2
3.11682e-16
2
2.76886e-16
2
2.47535e-16
2
-6.07539e-17
2
1.12118e-17
2
-8.53904e-18
2
-1.40374e-16
2
-2.50744e-18
2
-1.6931e-16
2
-2.22909e-16
2
-1.8847e-16
2
-1.57484e-16
2
-2.17734e-16
2
-2.00785e-16
2
-1.19984e-16
2
-3.13514e-16
2
-1.44358e-16
2
-3.18438e-17
2
-1.22077e-16
2
9.74172e-18
2
4.86159e-17
2
-4.73195e-18
2
5.20469e-17
2
-3.53327e-17
2
-1.90741e-16
2
4.00679e-18
2
9.33002e-17
2
2.74318e-17
2
1.39549e-16
2
1.82888e-16
2
2.48663e-16
2
5.01996e-17
2
8.40845e-17
-9.48982e-19
2
6.82476e-17
2
6.90061e-17
2
1.20648e-16
2
2.07417e-16
2
1.8442e-16
2
1.22393e-16
2
1.43154e-16
2
2.08666e-16
2
1.91989e-16
2
1.57461e-16
2
1.53672e-16
2
1.43331e-16
2
1.45311e-16
2
1.35647e-16
2
1.3133e-16
2
1.37198e-16
2
3.15526e-17
2
9.95281e-17
2
1.1333e-16
2
5.47888e-16
2
3.57732e-16
2
2.27729e-16
2
-5.85877e-17
2
-2.05299e-16
2
-1.90495e-17
2
4.74246e-17
2
4.03111e-18
2
7.13339e-17
2
-2.13e-17
2
1.03149e-16
2
2.25966e-17
2
-1.36044e-16
2
4.7821e-17
2
-5.56458e-17
2
9.30517e-17
2
6.30303e-17
2
8.4839e-17
2
3.398e-17
2
-2.95998e-18
2
2.00257e-16
2
1.53786e-16
2
1.31679e-16
2
1.88982e-16
2
-1.14866e-16
2
1.01199e-16
2
-5.32942e-17
2
-1.91027e-16
2
-9.31366e-17
2
-7.95381e-17
2
2.38487e-17
2
1.2174e-16
2
1.49633e-16
2
6.77387e-17
2
1.09542e-17
2
1.0966e-18
2
-1.26934e-18
2
-8.76682e-17
2
-1.39328e-16
2
-2.10198e-16
2
-2.60711e-16
2
-2.8547e-16
2
-3.25953e-16
2
-1.22038e-16
2
5.33448e-17
2
-1.73606e-16
2
-5.97976e-17
2
-1.81015e-16
2
-8.45229e-17
2
1.72318e-16
2
9.11464e-17
2
3.83024e-17
2
-3.90778e-17
2
1.70237e-16
2
2.19935e-16
2
-4.36229e-18
2
-9.50895e-17
2
3.35379e-18
2
-5.16382e-17
2
1.63418e-16
2
9.93852e-17
2
-7.48462e-18
2
1.23112e-16
2
1.02943e-16
2
7.94311e-17
2
2.68588e-17
2
9.7575e-17
2
1.36394e-17
2
7.93687e-17
2
1.46076e-16
2
1.13376e-16
2
2.0805e-17
2
-1.52308e-16
2
1.97431e-16
2
4.57932e-17
2
7.99778e-17
2
-7.91343e-18
2
1.01922e-16
2
2.74279e-16
2
2.52822e-16
2
2.56741e-16
2
-6.47952e-17
2
-4.27336e-18
2
2.06948e-16
2
4.00198e-16
2
3.84654e-16
2
2.04784e-16
2
2.73664e-16
2
4.18412e-16
2
3.1693e-16
2
2.69971e-16
2
2.92155e-16
2
3.40361e-16
2
3.60636e-16
2
1.3874e-16
2
8.50067e-17
2
-2.71459e-17
2
1.35779e-16
2
-3.40695e-17
2
1.67046e-16
2
6.06078e-17
2
1.36127e-16
2
1.4026e-16
2
1.1094e-16
2
1.81802e-16
2
1.59091e-16
2
9.46639e-17
2
2.60402e-17
2
-6.17667e-17
2
-1.43231e-16
2
-2.36331e-16
2
-1.83916e-16
2
4.79736e-17
2
-7.68284e-17
2
-8.39966e-17
2
7.22504e-17
2
4.50639e-17
2
-2.40463e-17
2
-1.68374e-16
2
-1.65859e-16
2
-1.33384e-16
2
-1.63607e-16
2
-8.50797e-17
2
-9.1137e-17
2
-5.0923e-17
2
3.00751e-16
2
2.6569e-16
2
6.37017e-17
2
4.85569e-17
2
1.89952e-16
2
1.99377e-16
2
-3.74442e-17
2
-3.31231e-17
2
1.91497e-16
2
2.84163e-16
2
9.61042e-17
2
1.9312e-16
2
3.03492e-16
2
-1.84969e-16
2
-7.18416e-17
2
7.21619e-17
2
1.17819e-16
2
2.64089e-16
2
3.63156e-16
2
5.84483e-16
2
4.25278e-16
2
2.82915e-16
2
2.08714e-16
2
1.29669e-16
2
2.1135e-17
2
-1.4261e-16
2
-1.56556e-16
2
-2.83742e-16
2
-2.5765e-16
2
-4.86644e-16
2
-3.28405e-16
2
-1.67267e-16
2
-1.63301e-16
2
-2.90259e-16
2
-2.51191e-16
2
-4.00456e-16
2
-3.29451e-16
2
-2.6492e-16
2
-4.84702e-16
2
-5.54463e-16
2
-5.57518e-16
2
-4.06093e-16
2
-2.43029e-16
2
2.48684e-17
2
-2.47307e-16
2
-1.27255e-16
2
-2.24703e-17
2
-3.12474e-17
2
-1.36321e-16
2
1.25976e-16
2
3.45938e-17
2
1.26991e-16
2
2.07506e-16
2
1.32942e-16
2
2.40825e-16
3.41493e-17
2
7.74311e-17
2
1.15508e-16
2
1.36983e-16
2
9.9623e-17
2
1.37518e-16
2
1.88041e-16
2
1.63966e-16
2
1.69196e-16
2
2.58239e-16
2
2.10333e-16
2
8.538e-17
2
2.01289e-16
2
2.28522e-16
2
-3.79642e-17
2
-6.85533e-17
2
7.33118e-18
2
2.34439e-16
2
2.42256e-16
2
2.38601e-16
2
9.44929e-18
2
-4.09433e-18
2
-1.53681e-17
2
1.79205e-17
2
-8.966e-17
2
-4.93738e-17
2
-1.92291e-16
2
-2.68779e-16
2
-1.18822e-16
2
8.26622e-17
2
-1.62798e-16
2
-2.39686e-16
2
1.80597e-17
2
3.42472e-17
2
4.28721e-17
2
-1.36463e-16
2
-5.36733e-17
2
-9.98134e-17
2
2.19229e-17
2
1.65456e-16
2
1.5835e-16
2
1.10867e-16
2
8.05501e-17
2
1.22823e-16
2
3.20915e-16
2
-1.28335e-17
2
7.73067e-17
2
1.42626e-16
2
4.36097e-17
2
-2.81673e-17
2
1.92907e-18
2
1.15115e-16
2
6.26162e-17
2
3.65023e-17
2
2.06829e-17
2
-1.16807e-17
2
-4.02207e-17
2
7.26987e-18
2
5.51224e-17
2
-4.66151e-17
2
-1.00357e-16
2
-1.01161e-16
2
1.10827e-16
2
-1.68907e-16
2
-3.73701e-16
2
-2.64777e-16
2
-1.17187e-16
2
-1.03386e-16
2
3.69549e-17
2
-9.62368e-17
2
-1.21019e-17
2
2.35027e-17
2
1.74753e-16
2
1.32797e-16
2
2.1728e-17
2
3.7674e-17
2
2.77558e-16
2
2.78505e-16
2
1.12975e-16
2
-7.87605e-17
2
1.28777e-17
2
-8.38903e-17
2
-1.56545e-16
2
-1.09183e-16
2
-8.11858e-17
2
3.98894e-17
2
-1.91057e-17
2
2.57772e-18
2
-6.9189e-17
2
1.39408e-16
2
8.83776e-17
2
6.43523e-17
2
7.0049e-17
2
2.19975e-16
2
1.56609e-16
2
1.48851e-16
2
8.65671e-17
2
5.62664e-17
2
1.1686e-16
2
9.1234e-18
2
4.68696e-17
2
3.99039e-16
2
5.06852e-16
2
4.82872e-16
2
3.06555e-16
2
3.73068e-16
2
5.51634e-16
2
4.72868e-16
2
9.1629e-17
2
1.43144e-16
2
2.58136e-16
2
3.91815e-16
2
6.36665e-17
2
3.55231e-17
2
3.76759e-20
2
1.29357e-16
2
1.60529e-16
2
5.48364e-17
2
2.36416e-17
2
-8.91224e-17
2
-8.26022e-17
2
-2.22883e-16
2
1.04218e-17
2
1.07556e-16
2
1.84385e-16
2
1.0757e-16
2
9.63248e-18
2
3.18899e-17
2
6.52306e-17
2
-3.50185e-17
2
-1.97415e-16
2
-7.52302e-17
2
-1.24619e-16
2
-6.54639e-17
2
2.06939e-16
2
-3.04824e-17
2
-1.12189e-16
2
-2.51863e-16
2
-1.82544e-16
2
-1.82165e-16
2
-2.48419e-16
2
-2.04187e-17
2
3.0542e-17
2
5.53824e-17
2
4.18236e-17
2
5.07327e-18
2
6.32714e-17
2
1.57879e-16
2
2.69913e-16
2
1.94585e-16
2
5.71307e-17
2
3.53363e-16
2
5.27581e-16
2
3.61768e-16
2
3.12649e-16
2
2.00029e-16
2
1.76769e-16
2
3.66095e-16
2
2.70777e-16
2
2.17854e-16
2
2.15878e-16
2
2.80091e-16
2
2.34774e-16
2
3.64304e-16
2
1.78849e-16
2
8.80728e-17
2
1.16938e-16
2
1.09175e-16
2
4.09961e-17
2
5.99015e-17
2
2.2448e-16
2
1.82229e-16
2
3.53735e-17
2
-1.68922e-16
2
-2.11682e-16
2
-1.67084e-16
2
-2.48154e-16
2
-2.61641e-16
2
-1.68501e-16
2
-3.49772e-16
2
-5.37e-16
2
-5.26814e-16
2
-3.96816e-16
2
-5.33761e-16
2
-4.83387e-16
2
-4.84084e-16
2
-3.49677e-16
2
-3.13343e-16
2
-3.22505e-16
2
-1.13669e-16
2
-1.93574e-17
2
-1.75786e-17
2
-2.13216e-16
2
-2.07035e-17
2
-8.76152e-17
2
-4.12289e-17
2
7.73803e-17
2
1.643e-16
2
6.00881e-17
2
6.14919e-17
9.40829e-17
2
5.66537e-17
2
1.24555e-16
2
1.21387e-16
2
8.92609e-17
2
7.4096e-17
2
9.71543e-17
2
1.09671e-16
2
3.44068e-17
2
-9.91856e-18
2
7.22332e-17
2
1.76996e-16
2
1.31682e-16
2
6.68157e-17
2
5.02797e-17
2
-5.01173e-17
2
-4.20847e-17
2
1.09615e-17
2
1.03251e-16
2
4.10093e-17
2
-1.35912e-16
2
-1.57246e-16
2
-8.51848e-17
2
-6.29926e-17
2
-5.66653e-17
2
-9.26563e-18
2
-1.95081e-16
2
-2.90764e-16
2
-1.10313e-16
2
-1.29619e-17
2
-6.78275e-17
2
7.3387e-17
2
-1.60978e-16
2
-7.82941e-17
2
-2.55245e-17
2
-1.00347e-16
2
-8.15721e-17
2
-5.98407e-17
2
-1.39423e-17
2
4.4978e-17
2
-2.41444e-16
2
6.46797e-17
2
3.70684e-16
2
3.59235e-16
2
2.69972e-16
2
1.47221e-16
2
1.92963e-16
2
2.23518e-16
2
1.73685e-16
2
-1.00202e-16
2
-1.05451e-16
2
-8.16725e-17
2
-1.00323e-16
2
3.54626e-17
2
-1.22474e-17
2
-1.32252e-16
2
1.19112e-16
2
3.36163e-16
2
1.46957e-16
2
-2.0103e-17
2
1.01022e-16
2
6.38643e-18
2
-1.10726e-16
2
-1.9267e-16
2
-1.46386e-16
2
9.55201e-17
2
-7.19656e-17
2
-7.46876e-17
2
1.62909e-17
2
-8.72154e-17
2
-6.74431e-17
2
-7.66395e-17
2
6.82326e-17
2
1.36109e-16
2
1.0007e-16
2
2.4078e-16
2
2.97293e-16
2
2.38401e-18
2
6.7879e-17
2
1.03825e-16
2
-1.08884e-16
2
6.29203e-17
2
2.25961e-16
2
4.88555e-17
2
-5.33783e-17
2
4.91704e-17
2
9.85116e-17
2
-8.93614e-17
2
2.17902e-18
2
-2.90219e-17
2
4.21182e-17
2
-5.36982e-18
2
9.91546e-17
2
2.39616e-17
2
1.60201e-16
2
2.51207e-16
2
1.81082e-16
2
9.17883e-17
2
2.4926e-16
2
9.23508e-17
2
1.93338e-16
2
2.66882e-16
2
2.82653e-16
2
3.805e-16
2
3.54899e-16
2
2.56218e-16
2
2.12711e-16
2
3.35494e-16
2
4.78573e-16
2
4.23867e-16
2
4.18e-16
2
1.43512e-16
2
3.89403e-17
2
-4.66651e-17
2
1.22562e-17
2
1.98219e-17
2
2.33759e-16
2
9.22249e-17
2
2.19382e-16
2
1.00529e-16
2
3.29191e-17
2
1.23972e-17
2
6.449e-17
2
1.23842e-16
2
-1.01755e-16
2
8.28474e-17
2
2.49522e-16
2
3.94535e-16
2
2.6188e-16
2
1.13044e-17
2
2.74823e-17
2
-1.6216e-16
2
1.13476e-17
2
1.69413e-16
2
-2.4709e-16
2
-2.43905e-16
2
-1.59257e-16
2
-6.29033e-17
2
-2.90032e-17
2
-1.22313e-16
2
-1.0373e-16
2
-6.72511e-17
2
1.5096e-16
2
1.01721e-16
2
-9.55849e-18
2
-1.40074e-17
2
9.78874e-17
2
6.93507e-17
2
1.06286e-16
2
8.99784e-17
2
3.46264e-16
2
3.62991e-16
2
3.89415e-16
2
3.91777e-16
2
3.35525e-16
2
1.85237e-16
2
3.56672e-16
2
2.26863e-16
2
1.54342e-16
2
3.7378e-16
2
2.33953e-16
2
4.0811e-16
2
3.35033e-16
2
1.45688e-16
2
9.66265e-17
2
6.82111e-17
2
-4.68561e-18
2
1.04917e-16
2
2.0215e-16
2
1.51043e-16
2
1.36491e-16
2
-5.48131e-17
2
-9.56132e-17
2
-2.47299e-16
2
-1.88974e-16
2
-1.53862e-16
2
-6.55938e-17
2
-8.2146e-17
2
-2.95186e-17
2
-1.32398e-16
2
-2.97371e-16
2
-4.50824e-16
2
-3.74498e-16
2
-3.72233e-16
2
-4.46087e-16
2
-3.51549e-16
2
-4.898e-16
2
-4.19742e-16
2
-2.81968e-16
2
-8.32034e-17
2
2.44603e-17
2
-2.56424e-16
2
-4.2659e-17
2
-3.51747e-17
2
-2.45489e-16
2
-2.67542e-16
2
-4.44456e-16
2
-1.89481e-16
2
2.23819e-16
2
-7.21852e-17
6.2189e-17
2
-1.54904e-18
2
-5.02036e-17
2
6.48055e-17
2
5.88053e-17
2
2.62332e-17
2
2.7785e-17
2
8.21919e-17
2
-7.85335e-18
2
-1.2452e-19
2
6.23178e-17
2
1.19285e-16
2
8.9225e-17
2
4.93113e-17
2
3.02124e-16
2
1.97288e-16
2
1.59972e-16
2
1.6509e-16
2
-8.73798e-17
2
-1.69239e-16
2
-1.12353e-16
2
-3.07754e-16
2
-3.65093e-16
2
-2.61605e-16
2
-2.67938e-16
2
-3.6166e-16
2
-1.87378e-16
2
-4.33555e-17
2
-9.83785e-17
2
-2.66945e-17
2
-7.0536e-17
2
-1.68371e-16
2
1.19693e-16
2
-1.27822e-17
2
-7.75456e-17
2
-8.72769e-17
2
-5.45238e-17
2
-1.87672e-17
2
-2.15857e-17
2
-9.42484e-17
2
1.16644e-16
2
1.04965e-16
2
6.22555e-17
2
1.62804e-16
2
1.55321e-16
2
1.61457e-16
2
4.95211e-17
2
3.7052e-17
2
9.05241e-17
2
2.49337e-17
2
-1.29124e-16
2
-1.67995e-16
2
2.87461e-17
2
-2.18814e-16
2
1.62179e-18
2
1.65314e-16
2
1.64903e-16
2
8.59225e-17
2
9.27698e-17
2
1.53638e-16
2
1.05483e-18
2
1.12324e-16
2
1.92027e-17
2
1.4752e-16
2
-5.40068e-17
2
-1.0068e-16
2
1.18142e-16
2
1.8718e-16
2
1.15656e-16
2
1.08006e-16
2
2.40537e-16
2
-5.89296e-18
2
6.47069e-17
2
-1.741e-16
2
1.83052e-18
2
9.21415e-17
2
4.32702e-17
2
1.65886e-16
2
2.27511e-17
2
4.80393e-17
2
2.79814e-16
2
1.94368e-16
2
9.63088e-17
2
2.11012e-16
2
2.416e-16
2
1.20512e-16
2
-2.62269e-17
2
-2.32617e-17
2
-1.14323e-16
2
-9.61854e-17
2
-1.75284e-16
2
-1.25963e-16
2
-8.76507e-17
2
1.30537e-16
2
1.69953e-16
2
1.57932e-17
2
2.06997e-16
2
4.65624e-16
2
2.92269e-16
2
3.89253e-16
2
3.13919e-16
2
2.73894e-16
2
1.4251e-16
2
1.72646e-16
2
2.17713e-16
2
1.99169e-16
2
2.05064e-16
2
2.42022e-16
2
2.40498e-16
2
3.20108e-16
2
1.22013e-16
2
-8.73429e-17
2
4.60585e-17
2
1.84997e-16
2
1.30719e-16
2
1.33731e-16
2
1.53373e-16
2
2.39088e-16
2
7.92301e-17
2
1.03426e-16
2
9.03179e-17
2
1.28058e-16
2
8.77803e-17
2
-7.23026e-17
2
1.19768e-16
2
1.10356e-16
2
7.84684e-17
2
2.5122e-16
2
1.65288e-16
2
2.64167e-16
2
7.88919e-17
2
-4.18896e-17
2
-1.16572e-16
2
-2.36383e-16
2
-1.14001e-16
2
-3.87354e-17
2
5.4053e-18
2
2.04592e-17
2
-6.42839e-18
2
-1.5056e-17
2
1.39805e-16
2
2.13116e-16
2
1.06565e-16
2
-1.41874e-17
2
1.03671e-16
2
-1.6314e-16
2
-9.36457e-17
2
-6.71966e-17
2
-4.96947e-17
2
1.66608e-16
2
-2.47574e-17
2
2.68873e-17
2
6.94546e-17
2
1.16564e-16
2
2.18587e-16
2
1.52111e-16
2
1.75977e-16
2
1.72742e-16
2
3.00884e-16
2
5.94503e-17
2
8.46822e-17
2
6.9127e-17
2
1.88039e-16
2
3.20074e-16
2
2.65907e-16
2
2.33719e-16
2
1.52874e-16
2
1.1335e-16
2
1.34838e-16
2
-2.87569e-17
2
2.08943e-16
2
1.5495e-16
2
1.33655e-16
2
1.94079e-16
2
8.89332e-17
2
5.13504e-17
2
1.30832e-16
2
1.99913e-16
2
1.62657e-18
2
-7.9222e-17
2
-1.36737e-16
2
-9.80098e-17
2
-2.96169e-16
2
-4.36467e-16
2
-3.98857e-16
2
-5.51327e-16
2
-3.52816e-16
2
-3.58598e-16
2
-2.60454e-16
2
-1.86223e-16
2
-1.35082e-16
2
3.74781e-17
2
-1.45881e-16
2
-1.54385e-16
2
-2.18528e-16
2
-1.89405e-16
2
-3.6931e-17
2
-8.33507e-17
2
-1.49837e-16
2
-1.63462e-16
-5.62879e-17
2
2.21266e-17
2
2.42771e-16
2
8.51046e-17
2
5.13078e-17
2
-8.10945e-17
2
-1.42649e-16
2
-2.73998e-16
2
-2.21726e-16
2
-4.63756e-17
2
-1.64191e-16
2
-1.07559e-17
2
-1.4396e-16
2
8.94522e-17
2
-1.17165e-16
2
-5.1217e-17
2
1.17863e-17
2
4.67177e-17
2
2.0487e-17
2
-7.29884e-18
2
4.10474e-17
2
2.07743e-16
2
7.49925e-17
2
-8.5512e-17
2
-2.377e-16
2
-1.59796e-16
2
-6.0724e-17
2
-3.72767e-18
2
1.2224e-17
2
-6.62035e-17
2
4.02653e-17
2
1.87725e-16
2
5.69681e-17
2
-9.96764e-17
2
-2.21172e-16
2
7.83508e-18
2
8.47953e-17
2
1.82241e-16
2
1.66404e-16
2
2.4844e-17
2
-8.98533e-17
2
8.30853e-17
2
2.83887e-17
2
-6.21839e-17
2
-1.91152e-17
2
-8.9209e-17
2
-1.28917e-16
2
-2.15092e-16
2
-2.9487e-16
2
-1.87574e-16
2
-2.11164e-16
2
-3.58346e-17
2
-2.38076e-16
2
-6.99409e-17
2
2.68737e-17
2
1.05916e-16
2
2.3688e-16
2
2.05271e-16
2
1.56808e-16
2
1.32513e-16
2
-5.79246e-17
2
-1.46919e-16
2
-1.09646e-16
2
-1.45599e-16
2
-1.39038e-16
2
-3.47816e-18
2
8.82096e-17
2
8.97487e-17
2
-2.91743e-17
2
1.41457e-17
2
-8.90093e-17
2
4.06378e-17
2
-7.53683e-17
2
-2.82692e-17
2
-5.38753e-17
2
-7.5854e-18
2
5.03415e-17
2
1.68341e-16
2
1.52529e-16
2
2.04592e-16
2
1.73977e-16
2
-1.51914e-17
2
-3.62497e-17
2
-2.60587e-16
2
-7.33698e-17
2
-7.39595e-17
2
-1.20317e-16
2
-4.47595e-17
2
-4.04502e-17
2
-2.13778e-16
2
-1.5299e-16
2
1.41155e-17
2
1.54121e-16
2
-3.96102e-17
2
-6.84577e-17
2
2.49781e-16
2
2.06805e-16
2
2.77654e-16
2
4.24555e-16
2
2.91589e-16
2
3.58333e-16
2
4.76146e-16
2
4.42639e-16
2
1.11334e-16
2
-9.14499e-17
2
-1.73616e-16
2
2.51393e-17
2
1.15426e-16
2
2.28002e-16
2
-1.23938e-16
2
-2.46435e-17
2
8.27449e-18
2
1.77608e-16
2
1.81603e-16
2
1.86407e-16
2
1.31324e-16
2
-3.44816e-17
2
1.63658e-16
2
1.62032e-16
2
1.44693e-16
2
1.10358e-16
2
3.00046e-16
2
2.3514e-16
2
2.73593e-16
2
1.3719e-16
2
1.05973e-16
2
1.80668e-16
2
-6.19271e-17
2
3.67794e-17
2
2.6636e-17
2
1.49876e-16
2
1.61915e-16
2
2.13895e-17
2
-1.76955e-16
2
-1.2125e-16
2
-2.26689e-17
2
-5.69418e-17
2
-1.19372e-16
2
-2.56604e-16
2
-3.09764e-16
2
-2.10289e-16
2
-1.63536e-16
2
-3.99322e-16
2
-3.89949e-16
2
-2.07385e-16
2
-8.32115e-17
2
-4.7019e-16
2
-4.39812e-16
2
-2.65149e-16
2
-1.96768e-16
2
-1.49659e-16
2
-1.25012e-16
2
3.12166e-17
2
1.2994e-16
2
-4.13996e-17
2
2.17528e-16
2
2.08628e-16
2
1.34e-16
2
1.83372e-17
2
4.37361e-17
2
9.97118e-17
2
8.16771e-17
2
1.12819e-16
2
2.89822e-16
2
2.50626e-16
2
1.93539e-16
2
1.13197e-16
2
1.18148e-16
2
2.04441e-16
2
2.77881e-16
2
1.9365e-18
2
1.26838e-16
2
2.82219e-16
2
2.9871e-16
2
2.24701e-16
2
1.05996e-16
2
7.21165e-17
2
1.33398e-16
2
-1.33383e-16
2
2.18027e-18
2
-1.3717e-17
2
-1.97805e-17
2
-9.82684e-17
2
-8.95039e-17
2
-9.93423e-17
2
-1.5827e-16
2
-3.81293e-16
2
-1.25849e-16
2
-7.29476e-17
2
-1.31517e-16
2
-1.54131e-16
2
-3.53992e-17
2
-4.27409e-17
2
-2.9795e-16
2
-3.74257e-16
2
-6.86347e-16
2
-6.10598e-16
2
-4.86598e-16
2
-3.75179e-16
2
-1.97519e-16
-1.35766e-16
2
-1.65082e-16
2
-1.89477e-16
2
-5.69496e-17
2
4.01311e-17
2
7.70007e-17
2
1.78642e-17
2
-5.60817e-17
2
-1.1842e-16
2
-3.08766e-16
2
-1.82273e-16
2
-3.01923e-16
2
-1.81487e-16
2
-3.12499e-16
2
-2.59447e-16
2
-2.71646e-16
2
-1.45735e-16
2
-1.5697e-17
2
2.53651e-16
2
1.35004e-16
2
8.0054e-17
2
6.52239e-17
2
1.9153e-17
2
-5.78742e-17
2
7.54258e-17
2
1.11131e-16
2
1.5049e-16
2
1.48453e-16
2
8.75956e-17
2
6.24597e-17
2
1.50684e-16
2
3.47151e-16
2
3.62496e-16
2
2.17238e-16
2
9.38754e-17
2
2.51386e-16
2
1.49895e-16
2
3.15538e-17
2
-1.52959e-17
2
1.10327e-16
2
2.34282e-16
2
1.90351e-16
2
-3.04594e-17
2
1.28832e-17
2
-4.84666e-17
2
1.45329e-17
2
-3.75894e-18
2
-2.72796e-17
2
-1.09716e-17
2
1.30819e-16
2
8.84878e-17
2
-6.23551e-17
2
-1.57139e-17
2
1.31366e-16
2
6.54027e-18
2
-4.86747e-17
2
5.19085e-17
2
1.33397e-16
2
3.14084e-17
2
3.11643e-17
2
-1.42336e-16
2
-3.34268e-16
2
-3.25552e-16
2
-2.47714e-16
2
-8.81581e-17
2
-3.96418e-17
2
6.22509e-17
2
-1.02205e-16
2
-1.42377e-16
2
-1.55064e-16
2
-1.47911e-16
2
1.83867e-17
2
-3.31319e-16
2
-1.80987e-16
2
-1.42528e-16
2
-7.50742e-17
2
3.04025e-17
2
1.70786e-16
2
1.74376e-16
2
1.54424e-17
2
2.15908e-16
2
7.73763e-17
2
-3.3882e-16
2
-2.32899e-16
2
-1.47971e-16
2
-1.15738e-16
2
-1.72996e-16
2
-2.40497e-16
2
-1.78376e-16
2
-4.67656e-17
2
-4.64125e-17
2
-1.23315e-16
2
-1.612e-16
2
-1.46234e-17
2
1.22116e-16
2
3.83607e-16
2
4.67779e-16
2
3.06903e-16
2
1.44547e-16
2
3.71635e-16
2
3.13082e-16
2
3.64448e-16
2
1.0883e-16
2
-1.68578e-17
2
3.02174e-17
2
2.82925e-16
2
2.03111e-16
2
2.55645e-16
2
8.61705e-17
2
5.95732e-17
2
7.63658e-17
2
3.22521e-17
2
8.33112e-18
2
1.58968e-16
2
2.3739e-16
2
1.39565e-16
2
1.30862e-16
2
1.75867e-16
2
2.39313e-16
2
8.22408e-17
2
2.36472e-16
2
1.43636e-16
2
8.15445e-17
2
2.38987e-16
2
-7.33172e-17
2
-7.07586e-17
2
8.68073e-17
2
1.59052e-16
2
3.46269e-17
2
2.02748e-16
2
1.42854e-16
2
4.09869e-17
2
4.1271e-17
2
2.12724e-16
2
6.89792e-17
2
2.99166e-17
2
-6.73958e-17
2
2.59673e-18
2
1.14791e-16
2
4.81719e-17
2
-2.07226e-16
2
-2.34822e-16
2
-2.37291e-16
2
-1.9668e-16
2
-4.1217e-16
2
-2.25641e-16
2
-1.47856e-16
2
-2.96626e-16
2
-1.98147e-16
2
-1.66297e-16
2
3.60204e-17
2
3.64148e-16
2
1.89847e-16
2
3.3779e-18
2
2.11098e-16
2
-1.56848e-17
2
8.45371e-17
2
3.05856e-16
2
2.82005e-16
2
1.88589e-16
2
3.73343e-16
2
3.64537e-16
2
2.18643e-16
2
9.3439e-17
2
-1.85771e-17
2
1.84903e-17
2
2.47232e-16
2
3.62836e-17
2
5.45131e-17
2
2.0906e-16
2
1.54527e-16
2
9.01795e-17
2
1.42594e-16
2
1.6262e-16
2
1.87174e-16
2
2.21628e-16
2
-1.48396e-16
2
-2.50232e-16
2
3.96686e-18
2
8.36814e-17
2
7.95081e-17
2
3.12126e-18
2
-1.2711e-16
2
-2.17389e-17
2
-1.00074e-16
2
-8.63342e-17
2
6.88544e-17
2
8.3178e-17
2
-1.83657e-17
2
1.91829e-17
2
-1.57587e-16
2
-1.68026e-16
2
-1.72776e-16
2
-1.1431e-16
2
-3.1276e-16
2
-2.88715e-16
2
-2.29669e-16
2
-2.993e-16
2
-3.22096e-16
2
-1.94901e-16
-1.10318e-16
2
-3.11978e-16
2
-1.71919e-16
2
-1.56482e-16
2
-3.12945e-16
2
-8.80776e-17
2
-1.98257e-16
2
-2.24245e-16
2
-2.66232e-16
2
-3.34967e-16
2
-3.84892e-16
2
-2.37534e-16
2
-3.80219e-16
2
-4.04399e-16
2
-2.24298e-16
2
4.27033e-17
2
-1.32429e-16
2
-8.71429e-17
2
-5.56312e-17
2
1.17423e-16
2
1.25761e-16
2
1.15218e-16
2
-2.44638e-17
2
2.37917e-16
2
6.17747e-17
2
-1.08897e-18
2
6.17399e-17
2
6.8347e-17
2
1.74293e-16
2
6.95149e-17
2
2.17e-16
2
2.55386e-16
2
2.41974e-16
2
2.6279e-16
2
3.78213e-16
2
1.17571e-16
2
9.72869e-17
2
3.86424e-17
2
-1.67033e-16
2
-3.50778e-17
2
5.45908e-17
2
-1.37422e-16
2
2.29579e-17
2
1.05044e-16
2
1.14574e-16
2
4.39835e-17
2
4.03059e-17
2
1.0607e-16
2
1.18178e-16
2
1.23538e-16
2
8.9961e-17
2
2.93607e-17
2
1.71782e-16
2
1.10494e-16
2
-2.09339e-17
2
1.24711e-16
2
-5.48873e-18
2
-1.05628e-16
2
-8.0409e-17
2
-1.96516e-16
2
-6.89586e-17
2
-1.31013e-16
2
3.02747e-17
2
-1.87751e-16
2
-1.6968e-16
2
2.17764e-17
2
-3.80789e-17
2
1.80671e-16
2
4.81639e-17
2
-2.99118e-17
2
-5.80957e-17
2
-1.70845e-16
2
1.74994e-17
2
-9.8894e-19
2
-6.01984e-17
2
-6.49303e-17
2
5.7793e-18
2
-1.3223e-16
2
5.69818e-18
2
6.23784e-17
2
-2.40261e-16
2
-9.81293e-17
2
7.18444e-17
2
-1.60192e-16
2
-1.60604e-16
2
-1.0137e-16
2
-2.31271e-16
2
-1.46449e-16
2
-4.74149e-16
2
-2.63752e-16
2
-1.764e-17
2
3.34059e-17
2
-1.97767e-16
2
-3.36822e-16
2
-2.60739e-16
2
-2.40283e-16
2
-1.45039e-17
2
6.02901e-17
2
2.10794e-16
2
1.47016e-16
2
-1.9928e-18
2
-8.67964e-17
2
-4.32421e-18
2
1.23249e-16
2
1.48777e-16
2
2.5112e-16
2
2.60738e-16
2
1.63284e-16
2
-1.37565e-16
2
-1.31703e-16
2
-1.73295e-16
2
-6.17485e-17
2
-1.30483e-17
2
1.61652e-16
2
-1.37832e-16
2
-1.00095e-16
2
7.72798e-17
2
1.93925e-17
2
2.7497e-17
2
5.24187e-17
2
4.27387e-17
2
2.61253e-16
2
4.11481e-16
2
7.30322e-17
2
1.52664e-16
2
5.9181e-17
2
1.30458e-16
2
9.22261e-17
2
-2.47892e-16
2
-1.71467e-16
2
9.1206e-18
2
1.3675e-16
2
6.30235e-17
2
5.43272e-17
2
1.56727e-16
2
2.02019e-16
2
4.55666e-17
2
1.71691e-16
2
2.9215e-16
2
1.80221e-16
2
7.96789e-17
2
-6.30644e-18
2
-1.38978e-16
2
-1.37505e-16
2
-3.18198e-16
2
-2.0249e-16
2
-8.04679e-17
2
-1.55639e-18
2
-1.15343e-16
2
-1.44499e-16
2
-9.52551e-17
2
-2.42066e-16
2
1.25175e-16
2
2.23244e-16
2
-3.44724e-17
2
4.02629e-17
2
-1.70195e-17
2
-1.72873e-17
2
2.05984e-16
2
1.84546e-16
2
2.0693e-17
2
8.70588e-17
2
1.04022e-16
2
-1.6367e-16
2
1.0749e-16
2
2.85052e-16
2
1.40001e-16
2
1.5277e-16
2
-1.54499e-17
2
1.11941e-16
2
2.34816e-16
2
1.45783e-16
2
2.63994e-16
2
1.93267e-16
2
1.85216e-16
2
9.16594e-17
2
3.06694e-16
2
4.00691e-16
2
2.46091e-16
2
1.38549e-16
2
1.54668e-16
2
2.92558e-16
2
2.2007e-16
2
1.7932e-16
2
1.96962e-16
2
1.59636e-16
2
2.35521e-16
2
1.52056e-16
2
1.61744e-16
2
-3.62386e-17
2
-2.33386e-16
2
-2.37419e-16
2
-1.18682e-16
2
-2.12733e-16
2
-1.9184e-16
2
-4.20698e-18
2
2.85302e-17
2
-1.23293e-17
2
3.73277e-18
2
-1.60057e-16
-1.41318e-16
2
-1.42313e-16
2
-1.58333e-16
2
-4.99012e-17
2
-1.7365e-16
2
-2.10228e-16
2
-3.23564e-16
2
-2.42951e-16
2
-2.45503e-16
2
-2.64824e-16
2
-2.17978e-16
2
-2.92138e-16
2
-8.3859e-17
2
-1.47167e-16
2
-1.21311e-16
2
-2.77785e-16
2
4.42331e-17
2
-1.75403e-17
2
-5.6531e-17
2
-1.06742e-16
2
-1.22125e-16
2
-3.88322e-17
2
7.24455e-17
2
1.24717e-16
2
3.41558e-16
2
1.03594e-16
2
6.25577e-17
2
8.27556e-17
2
1.21597e-16
2
2.32056e-16
2
1.81437e-16
2
9.23814e-17
2
7.27342e-17
2
1.44552e-16
2
1.77271e-17
2
1.05773e-16
2
-3.31615e-17
2
1.00604e-16
2
1.51625e-16
2
7.14172e-17
2
-4.93086e-17
2
9.49702e-17
2
1.84433e-16
2
2.52045e-16
2
2.01233e-16
2
-3.85349e-17
2
1.19455e-16
2
3.4109e-16
2
2.80817e-16
2
1.21421e-16
2
1.53892e-16
2
8.29656e-17
2
-1.03482e-16
2
-1.28661e-16
2
-8.0803e-17
2
-1.9386e-17
2
5.26911e-17
2
1.31959e-16
2
4.97968e-17
2
-2.81558e-18
2
5.41277e-17
2
5.87195e-17
2
-5.6468e-17
2
1.4195e-16
2
1.94729e-16
2
4.53051e-17
2
7.48394e-17
2
1.01634e-17
2
-4.6378e-17
2
-8.02808e-17
2
-4.67776e-17
2
-3.88966e-18
2
-1.21603e-16
2
-1.02111e-16
2
-1.15479e-17
2
-7.51586e-17
2
-2.37885e-16
2
-1.47409e-16
2
1.42917e-17
2
1.80678e-16
2
-1.47345e-16
2
-1.22872e-16
2
2.19579e-17
2
1.31651e-16
2
-1.10562e-16
2
-2.29171e-16
2
-2.50761e-17
2
-7.03017e-17
2
9.42528e-17
2
-6.43353e-17
2
-2.21528e-16
2
-2.88387e-16
2
-7.72636e-17
2
-1.06197e-16
2
-3.00849e-16
2
-4.37287e-16
2
-2.89021e-16
2
-1.36534e-16
2
-2.58101e-16
2
-2.96756e-16
2
-1.70708e-16
2
-6.34771e-17
2
4.63122e-17
2
1.04513e-16
2
-1.15546e-16
2
-6.58759e-17
2
-9.4598e-17
2
-1.58894e-16
2
-2.44328e-16
2
-2.88024e-16
2
-1.18363e-16
2
-1.59073e-16
2
-7.48015e-17
2
-2.28195e-16
2
-5.88438e-17
2
-3.15939e-17
2
-9.23036e-17
2
-1.09911e-16
2
-1.33667e-16
2
1.2179e-16
2
1.96831e-16
2
1.58318e-16
2
3.0126e-17
2
-2.83715e-17
2
1.07075e-16
2
1.73623e-16
2
-6.13212e-17
2
-2.5409e-17
2
4.08083e-17
2
-3.86969e-17
2
6.23304e-17
2
1.35954e-16
2
1.28714e-16
2
1.91385e-16
2
2.64004e-16
2
4.36804e-17
2
1.83863e-16
2
1.53132e-16
2
9.74113e-18
2
5.63589e-17
2
1.47948e-16
2
1.18934e-16
2
1.98025e-16
2
-1.12102e-17
2
-1.33328e-16
2
-1.94793e-16
2
6.97658e-17
2
4.27407e-17
2
-7.95958e-17
2
-8.81898e-17
2
-3.82222e-17
2
2.50483e-17
2
-1.29327e-16
2
-6.72268e-17
2
-2.97084e-17
2
-1.701e-16
2
-1.23555e-16
2
-6.34493e-17
2
-4.32598e-17
2
-1.28749e-16
2
-4.9119e-17
2
-1.42238e-16
2
-1.31938e-16
2
-6.69514e-17
2
-1.00896e-16
2
-2.33069e-17
2
-1.49026e-16
2
6.28095e-17
2
1.60097e-16
2
1.07203e-16
2
1.18057e-16
2
1.46387e-16
2
1.13657e-16
2
2.03034e-16
2
2.70874e-16
2
4.96323e-16
2
3.92589e-16
2
2.79702e-16
2
3.82766e-16
2
3.14876e-16
2
3.59693e-16
2
1.43731e-16
2
2.72416e-16
2
5.51415e-17
2
-1.06282e-16
2
2.17147e-16
2
3.52842e-17
2
6.6193e-17
2
1.13759e-16
2
1.24995e-17
2
2.7807e-17
2
-1.82188e-17
2
-3.82577e-16
2
-4.56775e-16
2
-2.80263e-16
2
-7.00425e-17
2
-6.68478e-17
2
-1.98982e-16
2
-3.02074e-16
2
-2.00445e-16
-1.67171e-16
2
-1.50456e-16
2
-1.45493e-16
2
-2.26321e-16
2
-6.07213e-17
2
-3.48894e-16
2
-2.43438e-16
2
-2.42596e-16
2
-2.34079e-16
2
-2.11799e-16
2
-1.88982e-16
2
-1.797e-16
2
-3.44284e-16
2
-2.0412e-16
2
-1.57526e-16
2
-7.01334e-17
2
-1.44134e-16
2
-2.16055e-16
2
-2.05443e-16
2
-8.851e-17
2
-6.6117e-17
2
-3.2633e-18
2
1.50087e-16
2
2.25438e-16
2
3.00626e-16
2
4.88495e-16
2
3.65605e-16
2
2.44491e-16
2
1.9697e-16
2
7.25391e-17
2
1.28698e-16
2
6.32002e-17
2
7.33849e-17
2
1.05928e-16
2
9.02008e-17
2
7.85443e-17
2
1.27066e-16
2
6.72776e-17
2
1.37332e-17
2
-2.24583e-16
2
7.26822e-17
2
3.34955e-16
2
2.41507e-16
2
1.43058e-16
2
7.59649e-17
2
1.85931e-16
2
4.77895e-17
2
8.50906e-18
2
8.92404e-17
2
2.51336e-16
2
2.91594e-17
2
-3.86603e-17
2
1.95094e-16
2
7.83516e-17
2
1.65802e-16
2
1.9011e-16
2
8.72086e-17
2
-6.09841e-18
2
1.31889e-16
2
5.59683e-17
2
1.0458e-16
2
2.08157e-16
2
2.57624e-16
2
1.48176e-16
2
2.42194e-17
2
6.24125e-17
2
-6.39243e-19
2
-5.80168e-17
2
-4.78184e-17
2
-5.83892e-17
2
-1.48665e-16
2
-1.87587e-16
2
-7.22984e-17
2
-3.30781e-17
2
5.40787e-17
2
-2.07105e-16
2
-1.75942e-16
2
-1.30369e-16
2
-5.40728e-17
2
-1.72562e-16
2
4.56739e-17
2
7.64213e-17
2
-8.57482e-18
2
-4.22858e-17
2
-7.24108e-17
2
-2.29305e-16
2
-3.38797e-16
2
-1.3763e-16
2
-8.98606e-17
2
-1.12858e-16
2
-6.65071e-17
2
-1.27309e-16
2
-3.10658e-16
2
-1.97867e-16
2
4.54825e-17
2
1.95941e-17
2
-2.34231e-16
2
-1.18697e-16
2
-2.62138e-16
2
-2.59352e-16
2
-2.98407e-16
2
-3.56813e-16
2
-4.21941e-17
2
1.0314e-17
2
2.30649e-16
2
-9.62817e-17
2
-1.78099e-16
2
-5.58337e-16
2
-4.66248e-16
2
-3.20267e-16
2
-3.18952e-16
2
-6.57104e-17
2
-1.15404e-16
2
-3.6606e-17
2
-1.92905e-16
2
-1.25388e-16
2
-1.37873e-16
2
-6.70999e-17
2
-1.70026e-17
2
-3.57466e-17
2
6.89151e-17
2
2.26111e-16
2
1.17837e-16
2
1.72237e-16
2
2.05466e-16
2
1.59232e-16
2
1.53212e-16
2
1.26119e-16
2
2.45982e-16
2
1.82922e-16
2
2.21634e-18
2
6.10357e-17
2
1.03708e-16
2
9.98845e-17
2
1.56869e-16
2
1.80108e-16
2
1.15555e-16
2
9.67578e-17
2
1.20402e-16
2
1.81714e-16
2
2.21136e-16
2
1.15064e-16
2
-7.27594e-17
2
3.43732e-17
2
9.67573e-17
2
-4.03298e-17
2
-3.34341e-16
2
-2.37142e-16
2
-2.60676e-16
2
-1.84189e-16
2
-2.87239e-16
2
-1.11203e-16
2
-6.09855e-17
2
-1.24189e-16
2
-1.76154e-16
2
-4.37965e-17
2
-1.10473e-16
2
-1.63422e-16
2
-1.63824e-16
2
1.14875e-16
2
1.97909e-16
2
-3.85904e-17
2
-2.63253e-16
2
-1.99895e-16
2
-2.38036e-16
2
-1.17199e-16
2
7.06466e-17
2
1.06246e-16
2
1.30368e-16
2
1.11955e-16
2
1.84648e-16
2
1.13329e-16
2
6.83415e-17
2
1.78269e-16
2
2.16871e-16
2
1.73702e-16
2
3.42105e-16
2
1.58943e-16
2
9.88183e-17
2
1.88617e-16
2
3.15557e-16
2
1.60485e-16
2
8.75573e-17
2
1.46339e-16
2
2.09013e-16
2
1.38728e-16
2
2.56423e-16
2
2.81021e-16
2
2.56561e-16
2
3.07992e-16
2
4.14366e-17
2
-5.13929e-17
2
-3.18373e-16
2
-2.99461e-16
2
-1.39282e-16
2
-1.26757e-16
2
-3.17425e-16
2
-2.68417e-16
2
-4.56427e-16
2
-2.55253e-16
-2.29809e-16
2
-3.47081e-16
2
-3.34939e-16
2
-2.49573e-16
2
-1.53932e-16
2
-1.13921e-16
2
-1.09688e-16
2
-2.26595e-16
2
-1.88119e-16
2
-1.7814e-16
2
-2.25806e-16
2
-2.78293e-16
2
-6.28592e-17
2
7.30368e-17
2
-4.61115e-17
2
-2.02457e-16
2
-3.97364e-16
2
-4.13199e-16
2
-2.4926e-16
2
-1.22592e-16
2
-1.38418e-16
2
1.8377e-17
2
1.24923e-16
2
1.79819e-16
2
2.59177e-16
2
3.74397e-16
2
3.72554e-16
2
2.5589e-16
2
3.10348e-17
2
1.60785e-16
2
2.94803e-16
2
2.45111e-16
2
1.87263e-16
2
3.88469e-17
2
-1.05897e-16
2
-1.95999e-16
2
-2.06705e-16
2
-2.33592e-16
2
-1.64567e-16
2
5.19727e-17
2
1.12379e-16
2
-1.09558e-16
2
3.68724e-17
2
1.11724e-16
2
-8.17179e-17
2
1.43001e-16
2
2.08165e-16
2
1.06281e-17
2
-5.36901e-17
2
-2.03488e-16
2
-4.59106e-17
2
1.11434e-16
2
8.29369e-17
2
4.41123e-17
2
1.46593e-16
2
2.30136e-16
2
3.2925e-16
2
3.42901e-16
2
1.55555e-16
2
1.69997e-16
2
9.37437e-17
2
6.15872e-17
2
-7.13381e-17
2
1.82898e-17
2
1.05452e-16
2
4.64023e-17
2
-1.18346e-16
2
-1.53872e-16
2
-1.22176e-16
2
-6.60789e-17
2
-1.316e-16
2
-2.7649e-16
2
-9.12598e-17
2
-1.47086e-17
2
-1.12138e-16
2
1.22056e-16
2
-5.58991e-17
2
-5.49711e-17
2
-8.59755e-17
2
-1.65793e-16
2
-1.04071e-16
2
4.28035e-17
2
1.04582e-16
2
1.58305e-16
2
1.1493e-16
2
2.58911e-19
2
-4.36811e-17
2
-3.774e-17
2
-3.36493e-17
2
-1.48066e-16
2
-3.25532e-16
2
-1.53466e-16
2
5.18912e-17
2
-1.20821e-16
2
-3.30992e-16
2
-1.92563e-16
2
-2.62019e-16
2
-4.37429e-16
2
-3.36299e-16
2
-2.85164e-16
2
-2.51662e-16
2
-4.43752e-16
2
-3.61803e-16
2
-3.24947e-16
2
-3.26666e-16
2
-1.72832e-16
2
-3.16226e-16
2
-1.76956e-16
2
-3.24705e-16
2
-2.39795e-16
2
-3.03165e-16
2
-3.79101e-16
2
-1.19918e-16
2
-1.93943e-16
2
-7.5403e-17
2
-5.73122e-17
2
-2.22157e-16
2
-4.3927e-16
2
-2.0179e-16
2
8.49794e-17
2
2.44174e-16
2
1.28801e-17
2
-3.64007e-17
2
-6.62552e-17
2
-8.00085e-17
2
3.51873e-17
2
1.04151e-16
2
2.38469e-16
2
3.10125e-16
2
1.33194e-16
2
2.28761e-16
2
6.53085e-17
2
3.23156e-17
2
-4.28773e-17
2
-1.92251e-17
2
3.98953e-17
2
1.27713e-16
2
-5.75227e-17
2
-2.50227e-17
2
-9.54721e-17
2
-1.34849e-16
2
6.40685e-17
2
2.98889e-16
2
1.29993e-16
2
-7.87158e-17
2
-1.95443e-16
2
-1.86698e-16
2
-2.99036e-16
2
-1.82841e-16
2
-2.07904e-16
2
-1.73316e-16
2
-2.02367e-16
2
-1.69166e-16
2
-1.46968e-16
2
-4.2319e-17
2
-8.97023e-17
2
1.68374e-19
2
-6.15992e-17
2
-1.87163e-19
2
-1.11057e-16
2
-1.32572e-16
2
-1.32689e-16
2
-8.408e-17
2
-2.00545e-16
2
-2.91317e-16
2
-3.33038e-16
2
-7.02392e-17
2
6.16579e-17
2
5.3739e-17
2
9.54075e-17
2
-9.77278e-18
2
5.64221e-17
2
4.90166e-17
2
1.69912e-16
2
1.75731e-16
2
3.00149e-16
2
2.18112e-16
2
2.8589e-16
2
3.92111e-16
2
3.44362e-16
2
4.50149e-17
2
1.44132e-16
2
-6.06593e-17
2
8.95739e-17
2
2.68627e-16
2
2.57476e-16
2
2.4899e-16
2
1.95619e-16
2
2.2934e-16
2
3.71679e-17
2
1.67711e-16
2
-1.38615e-16
2
6.57253e-17
2
1.34553e-16
2
-2.35653e-17
2
-3.01813e-16
2
-1.86559e-16
2
-2.94567e-16
2
-2.33212e-16
2
-2.01429e-16
-2.04833e-16
2
-3.52791e-16
2
-3.29317e-16
2
-1.04788e-16
2
-1.72391e-16
2
-1.98727e-17
2
-2.5517e-16
2
-2.25017e-16
2
-2.20057e-16
2
-2.37226e-16
2
-1.6184e-16
2
-3.33149e-16
2
-1.46341e-17
2
2.10475e-17
2
-2.20713e-17
2
-8.2642e-17
2
-2.34059e-16
2
-1.60803e-16
2
-4.53181e-17
2
-2.18953e-16
2
-1.27185e-17
2
1.63775e-16
2
6.88626e-17
2
4.30763e-17
2
1.77014e-16
2
2.7509e-16
2
1.29089e-16
2
1.56092e-16
2
2.02338e-16
2
2.63467e-16
2
7.2615e-17
2
4.44367e-17
2
-3.48292e-17
2
1.43964e-17
2
8.81634e-17
2
-5.7437e-17
2
-1.7793e-16
2
-3.30843e-16
2
-1.31897e-16
2
4.06199e-17
2
2.80539e-17
2
7.3268e-17
2
3.01057e-17
2
9.84875e-17
2
8.12432e-17
2
-3.57712e-18
2
-2.97592e-17
2
-2.68106e-17
2
-2.69381e-17
2
-1.73041e-16
2
1.16196e-17
2
6.72357e-17
2
7.53563e-17
2
2.64718e-16
2
1.90293e-16
2
1.7757e-16
2
1.34509e-16
2
1.37217e-16
2
1.16982e-16
2
1.60712e-16
2
1.17751e-16
2
9.15604e-17
2
8.36406e-17
2
5.55209e-17
2
-3.06929e-18
2
-1.12204e-16
2
-6.97593e-17
2
-2.05495e-16
2
-1.74697e-16
2
-8.4258e-17
2
1.24194e-16
2
9.68285e-17
2
4.16974e-20
2
-6.13848e-17
2
-1.22801e-16
2
-9.88093e-17
2
-1.38475e-16
2
-1.1625e-16
2
-1.30383e-16
2
8.10997e-17
2
1.45167e-16
2
4.64307e-17
2
-1.81565e-18
2
6.1178e-17
2
2.56877e-16
2
1.01875e-16
2
2.30507e-17
2
6.88262e-17
2
7.58692e-17
2
5.26277e-17
2
-6.05989e-17
2
-2.1884e-16
2
-3.2779e-16
2
-4.2155e-17
2
3.5606e-17
2
-1.85777e-16
2
-2.66801e-16
2
-3.17476e-16
2
-5.31942e-16
2
-3.10086e-16
2
-2.34996e-16
2
-2.22845e-16
2
-4.19231e-16
2
-4.12107e-16
2
-4.20005e-16
2
-6.34996e-16
2
-4.55261e-16
2
-5.27122e-16
2
-5.00615e-16
2
-3.5186e-16
2
-2.63625e-16
2
-1.35512e-16
2
-2.20128e-16
2
-2.70397e-16
2
-2.0483e-17
2
-1.83922e-16
2
-4.65345e-17
2
3.36182e-17
2
4.00771e-17
2
-3.74324e-17
2
-6.44085e-17
2
-8.206e-17
2
-7.47706e-17
2
-8.43575e-18
2
5.59299e-17
2
1.29476e-17
2
3.63104e-17
2
3.56191e-17
2
2.07407e-16
2
3.88393e-16
2
2.30094e-16
2
-6.96455e-18
2
-3.40734e-18
2
-6.16071e-17
2
2.1939e-16
2
1.6406e-16
2
1.06522e-16
2
9.95508e-17
2
2.28984e-16
2
1.04522e-16
2
-8.41103e-17
2
-1.38145e-18
2
-6.07555e-17
2
1.3557e-16
2
2.90789e-16
2
-2.13876e-16
2
-1.16092e-16
2
1.81428e-17
2
-1.30497e-16
2
2.57814e-17
2
1.00456e-16
2
-1.22005e-17
2
-1.00485e-17
2
-1.07039e-16
2
-5.12989e-18
2
-2.84518e-16
2
-1.25809e-16
2
7.66053e-18
2
-7.11965e-18
2
2.74699e-17
2
-2.03791e-16
2
-1.69559e-16
2
-1.96512e-16
2
-2.17517e-16
2
-2.75288e-16
2
-2.70625e-16
2
-2.09576e-16
2
-1.87851e-16
2
-9.27038e-17
2
9.95817e-18
2
1.11786e-16
2
1.29828e-16
2
2.02088e-16
2
1.22171e-16
2
1.13411e-16
2
7.60606e-17
2
1.96983e-16
2
1.85242e-16
2
1.46708e-16
2
2.20565e-16
2
1.26904e-16
2
1.48097e-17
2
1.07534e-16
2
2.63777e-16
2
1.76313e-16
2
2.0128e-16
2
1.61596e-16
2
2.14106e-16
2
3.29903e-16
2
2.46788e-16
2
-1.42324e-17
2
8.30053e-17
2
5.24001e-17
2
-5.79398e-18
2
-2.41313e-17
2
2.12897e-16
2
1.35108e-16
2
1.7128e-17
2
5.40733e-18
2
5.50926e-17
-1.00022e-16
2
-1.49767e-16
2
-1.5856e-16
2
-1.07193e-16
2
5.92596e-17
2
-2.69146e-16
2
-1.22012e-16
2
-7.48986e-17
2
-2.863e-17
2
-6.66075e-17
2
-2.3474e-16
2
-1.19699e-16
2
-5.50665e-17
2
4.524e-17
2
-1.1085e-16
2
-1.42622e-16
2
-1.66744e-16
2
-1.33289e-16
2
-3.96495e-16
2
-1.98727e-16
2
7.45169e-17
2
-1.13808e-16
2
-3.98689e-17
2
1.7316e-16
2
1.19779e-16
2
-3.46086e-17
2
8.71327e-18
2
9.08947e-17
2
1.16447e-16
2
1.33846e-16
2
-2.4208e-17
2
7.86056e-17
2
-9.63814e-17
2
-4.10157e-17
2
1.03061e-17
2
3.65902e-17
2
-1.62028e-16
2
-3.13281e-16
2
-1.32934e-16
2
1.85186e-17
2
-2.95894e-16
2
-4.38962e-16
2
-2.70269e-16
2
-5.10138e-16
2
-2.81617e-16
2
-1.14704e-16
2
2.02901e-17
2
1.05896e-16
2
2.42439e-16
2
3.44766e-16
2
1.96653e-16
2
5.43012e-17
2
-6.20199e-17
2
8.53117e-17
2
-1.34371e-16
2
2.27426e-16
2
2.51382e-16
2
1.68111e-16
2
2.45693e-16
2
2.42033e-16
2
1.56005e-16
2
1.42737e-16
2
1.52207e-16
2
2.10133e-16
2
1.44474e-16
2
6.23068e-17
2
-4.59801e-17
2
1.04741e-16
2
-1.66886e-16
2
-2.78919e-16
2
-9.69826e-17
2
4.98684e-17
2
-9.84998e-17
2
-1.11362e-16
2
-4.65981e-18
2
9.24733e-17
2
3.24956e-17
2
2.91236e-18
2
2.20228e-17
2
-1.57078e-16
2
7.17356e-17
2
-5.8156e-17
2
6.0405e-17
2
6.21965e-17
2
-2.11923e-16
2
-6.0397e-18
2
1.77677e-16
2
1.48106e-16
2
1.25722e-16
2
1.08694e-16
2
1.82515e-16
2
7.27746e-17
2
-3.63539e-17
2
-1.56617e-16
2
-4.76391e-16
2
-3.78148e-16
2
-3.49382e-16
2
-4.54523e-16
2
-1.30682e-16
2
-2.66095e-16
2
-3.42241e-16
2
-4.13656e-16
2
-4.97459e-16
2
-2.24048e-16
2
-2.1788e-16
2
-2.83541e-16
2
-3.7781e-16
2
-2.34441e-16
2
-1.76296e-16
2
-4.32258e-16
2
-3.90993e-16
2
-2.00636e-16
2
-3.55261e-16
2
-2.72114e-16
2
-1.60806e-16
2
-1.87008e-16
2
-1.05985e-16
2
-1.18054e-17
2
-2.18671e-16
2
-2.22824e-16
2
-3.36463e-16
2
-3.57467e-16
2
-1.93196e-16
2
-1.29635e-16
2
-5.50797e-17
2
-1.08857e-16
2
-3.76082e-17
2
1.18149e-16
2
1.14382e-16
2
-2.13997e-17
2
-1.81777e-16
2
6.65361e-17
2
5.84466e-17
2
-1.30706e-16
2
-5.22448e-17
2
7.57245e-18
2
3.89283e-17
2
1.23473e-16
2
-2.06744e-17
2
-4.41279e-17
2
-1.98653e-17
2
4.4044e-18
2
-2.09928e-17
2
-1.59322e-16
2
9.57476e-17
2
1.6434e-16
2
1.89454e-17
2
-2.49483e-17
2
1.23814e-16
2
4.47631e-19
2
-2.61748e-17
2
-1.58826e-16
2
-5.84011e-17
2
-9.13761e-17
2
-2.7824e-16
2
1.2458e-17
2
-4.07814e-17
2
-7.41034e-17
2
6.49493e-17
2
1.09646e-16
2
5.12414e-17
2
-8.75413e-17
2
-8.32647e-17
2
-5.87272e-16
2
-4.1973e-16
2
-4.06972e-16
2
-2.12327e-16
2
-2.29688e-16
2
-1.67114e-16
2
-1.69621e-16
2
-7.46086e-17
2
1.3342e-16
2
2.99486e-16
2
2.70787e-16
2
1.72986e-16
2
1.33422e-16
2
7.68168e-17
2
1.8727e-16
2
2.40345e-16
2
7.60806e-17
2
1.39299e-16
2
2.21468e-16
2
5.13088e-16
2
4.31262e-16
2
1.83966e-16
2
1.58883e-16
2
4.26157e-16
2
3.93886e-16
2
1.80952e-16
2
1.73804e-16
2
1.52404e-16
2
2.7244e-16
2
2.27584e-16
2
1.98944e-16
2
2.61395e-16
2
2.40846e-16
2
2.56929e-16
2
2.96753e-16
2
2.04765e-16
2
-2.40857e-17
-1.68759e-16
2
6.78906e-17
2
-7.36709e-17
2
-2.66053e-16
2
-1.60661e-16
2
6.27093e-17
2
1.84316e-16
2
3.58718e-17
2
-1.66542e-16
2
-9.02768e-17
2
-1.58729e-18
2
2.28532e-16
2
5.64665e-17
2
-4.00387e-16
2
-1.84966e-16
2
-1.49484e-16
2
-4.84556e-17
2
-2.31899e-16
2
-3.14348e-16
2
-2.50453e-16
2
-2.53942e-16
2
-2.50897e-16
2
-2.32457e-16
2
-2.1245e-16
2
-3.20233e-16
2
-4.17473e-16
2
-4.74217e-16
2
-3.07046e-16
2
-9.39083e-17
2
-4.44428e-17
2
1.33151e-17
2
-9.39028e-17
2
-6.21872e-17
2
-1.19538e-16
2
-1.72725e-18
2
-1.2019e-16
2
-7.64137e-17
2
-9.84359e-17
2
4.2804e-17
2
-8.8334e-17
2
-5.72332e-17
2
-2.46859e-16
2
-4.50737e-16
2
-1.90577e-16
2
-1.90503e-17
2
-9.06796e-17
2
-1.12661e-16
2
-5.30893e-17
2
-6.03163e-17
2
7.95157e-19
2
6.08964e-17
2
6.99741e-17
2
-1.99206e-16
2
-2.9417e-16
2
7.27044e-17
2
-8.94628e-17
2
-2.25489e-16
2
-2.62337e-16
2
-1.16705e-16
2
1.14619e-16
2
1.5078e-16
2
1.26263e-16
2
1.42467e-16
2
9.57428e-17
2
3.00153e-16
2
2.7458e-16
2
1.90194e-16
2
-1.00217e-16
2
1.79755e-16
2
9.84097e-17
2
-1.9889e-16
2
-1.22201e-16
2
8.75371e-17
2
5.04774e-17
2
-1.61882e-17
2
-5.82756e-17
2
1.16596e-16
2
-1.11182e-17
2
-1.17651e-16
2
1.64281e-17
2
-1.3834e-16
2
8.70043e-17
2
-5.85304e-17
2
-3.40613e-17
2
-1.76419e-16
2
-2.05775e-17
2
7.70735e-17
2
1.39886e-16
2
1.51264e-16
2
1.06707e-16
2
1.38516e-16
2
3.07686e-16
2
2.51357e-16
2
-3.19251e-17
2
-5.07848e-17
2
-3.69703e-16
2
-3.05327e-16
2
-2.40195e-16
2
-2.50982e-16
2
-4.06075e-16
2
-4.12264e-16
2
-1.23238e-16
2
-2.52808e-17
2
-2.19238e-16
2
-2.25003e-16
2
-2.14873e-16
2
-3.95132e-16
2
-1.64543e-16
2
-3.69132e-17
2
2.22854e-17
2
-7.90032e-17
2
-2.81358e-16
2
-1.90779e-16
2
-2.40156e-16
2
-4.56084e-16
2
-1.99195e-16
2
-1.18054e-16
2
-2.24354e-16
2
-1.73214e-16
2
-5.00059e-16
2
-4.49237e-16
2
-2.70472e-16
2
-1.25079e-16
2
-1.50849e-16
2
-3.72435e-16
2
-2.36668e-16
2
-7.10982e-17
2
-1.97544e-17
2
-1.52307e-16
2
-1.51226e-16
2
9.84465e-17
2
4.75542e-17
2
-5.01485e-18
2
1.79244e-16
2
-1.18779e-16
2
-4.11758e-17
2
-8.14451e-18
2
-7.54511e-18
2
-2.06565e-16
2
-1.55817e-16
2
1.20803e-16
2
1.5165e-16
2
1.26703e-16
2
2.67162e-18
2
-3.07998e-16
2
-4.4263e-17
2
4.22169e-17
2
8.50262e-17
2
1.13855e-16
2
1.32131e-16
2
-1.19951e-16
2
-1.40876e-16
2
-3.47832e-16
2
-3.40648e-16
2
-4.18327e-16
2
-4.65554e-17
2
-3.24286e-16
2
-2.23295e-16
2
-1.33106e-16
2
9.46308e-18
2
1.95002e-18
2
-9.34738e-17
2
-3.3546e-16
2
-1.35601e-16
2
-2.68301e-16
2
-1.43659e-16
2
-3.83925e-16
2
-2.57484e-16
2
-1.2323e-16
2
-1.03039e-17
2
1.72873e-16
2
1.57877e-16
2
7.69694e-17
2
6.37151e-17
2
2.45925e-16
2
3.49169e-16
2
2.90804e-16
2
9.71637e-17
2
-3.27461e-17
2
1.16427e-16
2
1.16113e-16
2
2.058e-16
2
2.14315e-16
2
1.03704e-16
2
2.3023e-16
2
3.1931e-16
2
1.77926e-16
2
2.94506e-16
2
2.58634e-16
2
1.22987e-16
2
2.45013e-16
2
1.82323e-16
2
2.56638e-16
2
1.9708e-16
2
1.24303e-16
2
1.44786e-16
2
2.69607e-16
2
4.11345e-16
2
2.93205e-16
2
1.4606e-16
1.58451e-16
2
-1.27552e-17
2
2.57612e-17
2
4.78052e-17
2
-3.94298e-17
2
-7.5091e-17
2
1.55279e-16
2
-7.20419e-18
2
-1.67311e-16
2
-6.07712e-17
2
1.66674e-16
2
2.21852e-16
2
-2.14554e-17
2
5.27741e-18
2
-3.84863e-17
2
-1.64971e-16
2
-3.07106e-17
2
-1.84386e-16
2
-3.30422e-16
2
-2.13154e-16
2
-2.94015e-16
2
-3.08342e-16
2
-2.90871e-16
2
-3.52037e-16
2
-3.2599e-16
2
-2.68139e-16
2
-1.17882e-16
2
-3.67418e-16
2
-2.45626e-16
2
9.08866e-17
2
2.7898e-17
2
-7.12623e-17
2
-2.0728e-16
2
-2.42594e-16
2
-1.86963e-16
2
-2.31492e-16
2
-1.59353e-16
2
9.99977e-17
2
-1.64005e-16
2
-9.4672e-17
2
-1.6453e-16
2
-1.6262e-16
2
-3.34655e-16
2
-2.7121e-16
2
-2.89513e-16
2
-5.63098e-17
2
-2.77512e-17
2
-2.83397e-17
2
4.09729e-17
2
3.0734e-16
2
2.18391e-16
2
-2.79517e-17
2
6.87106e-17
2
1.09542e-16
2
1.91015e-16
2
3.78659e-17
2
-3.42983e-17
2
-2.01148e-16
2
-2.2001e-16
2
2.36267e-17
2
-1.94957e-17
2
3.40568e-17
2
-6.38745e-17
2
1.08803e-16
2
2.60298e-16
2
3.80486e-17
2
-1.69689e-17
2
2.38926e-16
2
1.68945e-16
2
1.82397e-16
2
-1.42052e-16
2
-1.65611e-16
2
-1.4513e-16
2
1.68749e-16
2
3.76072e-16
2
5.28219e-18
2
-2.99692e-17
2
1.03595e-17
2
-3.06403e-17
2
-8.99868e-17
2
-3.55065e-16
2
-2.38511e-16
2
1.26463e-16
2
-5.66323e-17
2
-5.97667e-17
2
-1.87157e-17
2
6.25831e-17
2
1.37882e-16
2
-7.013e-17
2
-5.17975e-17
2
1.30827e-16
2
1.63199e-16
2
7.80205e-17
2
3.12281e-17
2
-2.51932e-17
2
-1.76753e-16
2
-6.99352e-17
2
-2.1577e-17
2
-1.40512e-16
2
-1.57211e-16
2
-2.87747e-16
2
-2.36541e-16
2
-1.44767e-16
2
-2.99017e-16
2
-5.14411e-16
2
-2.91427e-16
2
-1.00141e-16
2
-1.44956e-16
2
6.0961e-17
2
1.50601e-17
2
1.00975e-17
2
1.44286e-16
2
-8.16964e-17
2
-2.02024e-16
2
-3.0134e-16
2
-1.29312e-16
2
-2.41907e-16
2
-2.33094e-16
2
-3.80377e-16
2
-2.63226e-16
2
-3.43096e-16
2
-4.40621e-16
2
-4.55213e-16
2
-2.27733e-16
2
-8.03785e-17
2
-2.01559e-16
2
-6.75691e-17
2
-1.15709e-16
2
-1.35677e-16
2
-8.03614e-19
2
-1.58136e-16
2
-5.91704e-17
2
2.44995e-17
2
-7.29599e-17
2
3.85969e-17
2
-1.58286e-16
2
-3.32806e-17
2
-1.44985e-16
2
-8.73233e-17
2
2.64699e-16
2
-1.15118e-17
2
-7.94624e-17
2
3.99191e-17
2
-2.20791e-17
2
-2.86805e-18
2
-9.58125e-17
2
8.61222e-17
2
8.54071e-17
2
-9.40719e-17
2
-9.60247e-17
2
-2.35316e-16
2
-1.80972e-16
2
-3.22453e-16
2
-4.10226e-16
2
-1.89179e-16
2
-2.6918e-16
2
-3.49943e-17
2
-2.24892e-17
2
-4.53974e-17
2
-1.26116e-16
2
-9.08047e-17
2
-2.30212e-16
2
-2.23155e-16
2
-1.22383e-16
2
-6.60365e-17
2
-1.04614e-16
2
-3.25505e-17
2
-2.14229e-16
2
-2.66282e-16
2
-3.25727e-16
2
-4.26373e-16
2
-1.34574e-16
2
-1.45348e-16
2
7.83328e-17
2
6.01588e-17
2
-2.64293e-16
2
-2.02662e-16
2
-7.78674e-18
2
4.94165e-17
2
5.84348e-17
2
1.90784e-16
2
3.12e-16
2
3.35835e-16
2
1.41466e-16
2
3.51911e-16
2
3.03925e-16
2
3.62721e-16
2
1.59208e-16
2
-1.56719e-17
2
2.62976e-16
2
2.85148e-16
2
3.23047e-16
2
2.59249e-16
2
2.87626e-16
2
1.99343e-16
2
7.89358e-17
2
-2.6015e-17
2
3.5995e-17
2
1.16579e-16
2
7.98952e-17
-2.08475e-17
2
2.78453e-16
2
1.94171e-16
2
1.07126e-16
2
-1.89117e-17
2
1.82947e-17
2
-9.18595e-17
2
7.32414e-17
2
3.24966e-16
2
-1.8962e-17
2
-3.99703e-17
2
-1.42394e-16
2
-4.35052e-17
2
-1.90338e-17
2
-9.59628e-17
2
-1.71604e-16
2
-2.44218e-16
2
-2.28745e-17
2
1.88888e-16
2
-1.24425e-16
2
-2.10921e-16
2
-3.0539e-16
2
-3.10995e-16
2
-1.7787e-16
2
-1.91094e-16
2
-1.63523e-16
2
-2.0458e-16
2
-8.35685e-17
2
-1.2941e-16
2
-2.44642e-16
2
-2.32629e-16
2
-2.32425e-16
2
8.00014e-17
2
-3.68926e-17
2
-3.64594e-16
2
-2.24994e-16
2
-1.3695e-16
2
-8.59427e-17
2
-1.06191e-16
2
-1.97301e-16
2
-4.85098e-17
2
-7.08402e-17
2
-1.55885e-16
2
-3.01274e-16
2
-2.15411e-16
2
-1.54486e-16
2
-1.08468e-16
2
-1.49037e-16
2
-1.55703e-16
2
-2.11223e-16
2
-2.23301e-16
2
-9.34738e-17
2
-1.37915e-16
2
-2.45728e-16
2
-2.26801e-16
2
-5.17246e-16
2
-5.11014e-16
2
-3.81405e-16
2
-3.67832e-16
2
-5.14739e-16
2
-1.00161e-16
2
6.04584e-18
2
-1.73059e-17
2
-2.89354e-17
2
-2.245e-16
2
-2.42082e-17
2
1.20752e-16
2
8.44058e-17
2
1.0769e-16
2
-2.62523e-17
2
6.73691e-17
2
-1.87997e-16
2
-1.39694e-16
2
-1.50629e-16
2
-1.16502e-17
2
1.37372e-16
2
2.90042e-17
2
1.53608e-16
2
1.32015e-16
2
-9.78346e-17
2
2.35281e-16
2
-5.1055e-17
2
-1.29396e-16
2
5.06743e-17
2
2.37478e-16
2
1.67746e-16
2
9.65551e-17
2
1.29082e-17
2
1.34532e-16
2
1.26636e-16
2
8.81544e-17
2
7.69943e-17
2
-1.6465e-16
2
-2.88044e-16
2
2.28415e-17
2
1.99577e-17
2
-2.61561e-16
2
-2.943e-16
2
-2.6717e-16
2
1.70183e-16
2
1.57037e-16
2
-3.3202e-17
2
-2.19035e-16
2
-1.784e-16
2
-1.59146e-16
2
-2.21838e-16
2
-2.27894e-16
2
-1.95009e-16
2
-1.44469e-16
2
1.85248e-16
2
2.76577e-16
2
6.13524e-17
2
1.46123e-17
2
-6.28778e-17
2
6.71218e-18
2
-1.02118e-16
2
-1.70881e-16
2
-3.72602e-16
2
-2.7871e-16
2
-4.33448e-17
2
-2.01891e-16
2
-3.18904e-16
2
-3.53939e-16
2
-4.03067e-16
2
-2.73627e-16
2
-2.42072e-16
2
-4.27629e-16
2
-4.09602e-16
2
-1.77646e-16
2
-8.76964e-17
2
4.65166e-17
2
6.58993e-17
2
-2.09864e-17
2
7.11223e-17
2
-3.05475e-17
2
3.34411e-17
2
-5.06956e-17
2
-5.56733e-17
2
1.12075e-16
2
1.36564e-16
2
2.12983e-16
2
1.54216e-16
2
1.17722e-16
2
2.89123e-16
2
2.28829e-16
2
1.53706e-16
2
7.0709e-17
2
-4.67639e-17
2
1.02671e-16
2
-8.36897e-17
2
-4.47921e-17
2
-6.46931e-18
2
-9.34825e-17
2
-1.51679e-17
2
-9.27312e-17
2
-9.03688e-17
2
-1.10003e-16
2
-5.77144e-17
2
-1.71942e-16
2
-1.83725e-16
2
-2.12306e-16
2
-3.34801e-16
2
-2.26749e-16
2
-1.00111e-16
2
-6.21628e-18
2
4.30218e-17
2
-2.00812e-16
2
-2.38194e-16
2
-1.80432e-16
2
-1.9159e-16
2
-2.94939e-16
2
-4.01696e-16
2
-4.15979e-16
2
-3.66502e-16
2
-3.33149e-16
2
-2.14559e-16
2
-3.2698e-16
2
-2.81115e-16
2
-1.0933e-16
2
1.56425e-17
2
3.23743e-16
2
1.80969e-16
2
1.2076e-16
2
2.25284e-16
2
3.21079e-17
2
-5.99499e-17
2
-1.42948e-16
2
-1.17891e-16
2
-1.67696e-16
2
-1.16267e-16
2
6.79868e-17
2
3.16879e-17
2
1.49481e-16
2
2.17443e-16
2
3.03994e-16
2
1.08777e-16
2
1.59248e-16
2
3.53083e-17
2
-3.40574e-17
2
1.00729e-16
2.13839e-16
2
1.90653e-16
2
2.82245e-16
2
1.26896e-16
2
1.48724e-17
2
7.50605e-17
2
-8.43305e-17
2
5.32112e-17
2
-1.00956e-17
2
2.49806e-16
2
1.09231e-16
2
8.905e-17
2
3.55373e-17
2
3.41053e-16
2
1.23439e-16
2
5.00005e-17
2
8.14389e-17
2
1.49429e-17
2
1.5868e-16
2
-1.98965e-17
2
-3.54411e-16
2
-1.96235e-16
2
-2.44275e-16
2
-3.42179e-16
2
-9.70398e-17
2
-5.65107e-17
2
-4.66912e-17
2
-9.85251e-17
2
-2.39501e-16
2
-3.68673e-16
2
-1.75061e-16
2
-2.73686e-16
2
-3.54506e-16
2
-1.94502e-16
2
2.2104e-17
2
-2.17832e-17
2
1.48647e-16
2
-4.68695e-18
2
-1.02414e-16
2
-2.17549e-16
2
-2.24296e-16
2
-2.24344e-16
2
-7.59965e-17
2
-2.02332e-16
2
-2.55808e-16
2
-1.45466e-16
2
-8.30155e-17
2
5.955e-17
2
-9.61155e-17
2
-1.66953e-16
2
-2.13868e-16
2
-3.33534e-16
2
-4.47964e-16
2
-2.51699e-16
2
-7.60207e-17
2
-1.11221e-16
2
-4.0552e-16
2
-2.71448e-16
2
-1.87756e-16
2
-1.75659e-16
2
-1.29437e-16
2
-4.71035e-17
2
5.74042e-17
2
1.50939e-17
2
-1.4351e-16
2
-1.54622e-16
2
-4.0305e-17
2
2.63882e-17
2
-1.0922e-16
2
-2.72206e-16
2
-2.59355e-16
2
-1.37982e-16
2
-1.81913e-16
2
-1.88544e-16
2
-1.80873e-16
2
5.91417e-17
2
8.14637e-17
2
-1.48707e-16
2
-1.53256e-16
2
5.69871e-17
2
-8.45337e-19
2
8.00658e-17
2
-5.41196e-17
2
-7.87659e-17
2
-2.17811e-16
2
-6.98202e-17
2
5.15174e-17
2
7.59601e-17
2
2.82922e-17
2
-5.82157e-17
2
-2.22542e-17
2
-6.27385e-17
2
4.74382e-17
2
-4.23822e-17
2
-1.12129e-16
2
-1.32103e-16
2
-1.62813e-16
2
-9.09823e-17
2
7.02676e-17
2
-4.52479e-17
2
2.04333e-16
2
4.41134e-17
2
-3.99336e-17
2
-1.84614e-16
2
-1.15952e-16
2
-5.95366e-18
2
1.32415e-17
2
-8.34744e-17
2
-1.65717e-16
2
-1.16965e-16
2
3.39635e-17
2
-1.55065e-16
2
-5.3274e-17
2
1.05385e-16
2
-5.7294e-17
2
-1.49334e-16
2
-2.17071e-16
2
-2.59192e-16
2
-1.12557e-16
2
-1.28658e-16
2
-5.10512e-17
2
-5.01075e-17
2
-1.57432e-16
2
-2.64195e-16
2
-2.85581e-16
2
-8.86529e-17
2
-1.46309e-16
2
-2.32789e-16
2
-2.75508e-16
2
-1.42265e-16
2
-7.052e-17
2
-1.42109e-16
2
-1.94814e-16
2
-1.61843e-16
2
-2.89475e-16
2
-2.74249e-16
2
-2.15393e-16
2
-1.9444e-16
2
-3.90166e-17
2
5.60751e-17
2
1.94413e-16
2
1.36567e-16
2
2.43504e-16
2
2.85077e-16
2
1.22553e-16
2
1.84124e-17
2
-1.29473e-16
2
7.07428e-17
2
1.04476e-16
2
-2.61836e-17
2
-5.82789e-17
2
-1.67008e-16
2
-1.99968e-16
2
-2.6349e-16
2
-2.7221e-16
2
-1.98222e-16
2
-8.15626e-17
2
-3.44137e-16
2
-4.23093e-16
2
-4.59983e-16
2
-4.5996e-16
2
-3.13094e-16
2
-4.01632e-16
2
-2.95984e-16
2
-2.24075e-16
2
-3.30758e-16
2
-3.88372e-16
2
-1.22582e-16
2
-2.14252e-16
2
-4.12949e-16
2
-3.25257e-16
2
-3.96671e-16
2
-2.58882e-16
2
-3.61123e-16
2
-2.5541e-16
2
-3.66328e-16
2
-3.66438e-16
2
-2.914e-16
2
-3.37158e-16
2
-1.63873e-16
2
8.435e-17
2
6.92251e-17
2
7.70286e-17
2
4.62064e-17
2
1.93439e-17
2
-4.00995e-17
2
4.34401e-17
2
-1.62421e-18
2
-1.38933e-16
2
-3.94105e-16
2
-3.27684e-16
2
-4.18794e-17
2
1.12404e-16
2
2.13721e-16
2
2.18005e-16
2
3.23717e-16
2
7.53045e-17
2
-5.14361e-18
2
1.34095e-16
2
1.42794e-16
2.85276e-16
2
2
2
2
2
2
2
2
2
2
2
2
2
2
2
2
2
2
2
2
2
2
2
2
2
2
2
2
2
2
2
2
2
2
2
2
2
2
2
2
2
2
2
2
2
2
2
2
2
2
2
2
2
2
2
2
2
2
2
2
2
2
2
2
2
2
2
2
2
2
2
2
2
2
2
2
2
2
2
2
2
2
2
2
2
2
2
2
2
2
2
2
2
2
2
2
2
2
2
2
2
2
2
2
2
2
2
2
2
2
2
2
2
2
2
2
2
2
2
2
2
2
2
2
2
2
2
2
2
2
2
2
2
2
2
2
2
2
2
2
2
2
2
2
2
2
2
2
2
2
2
2
2
2
2
2
2
2
2
2
2
2
2
2
2
2
2
2
2
2
2
2
2
2
2
2
2
2
2
2
2
2
2
2
2
2
2
2
2
2
2
2
2
2
2
2
2
2
2
)
;

boundaryField
{
    cyclic1
    {
        type            cyclic;
        value           nonuniform List<scalar> 
200
(
4.33078e-16
3.82722e-16
1.91717e-16
5.73154e-17
2.1556e-16
2.64294e-16
2.32477e-16
3.30852e-16
2.56643e-16
7.44153e-17
1.28221e-16
2.23172e-16
1.67324e-16
1.15064e-16
7.72089e-17
-6.33331e-17
4.56341e-18
-1.98256e-16
3.69945e-17
1.10105e-16
-1.33972e-17
8.12327e-17
8.55981e-17
-1.87316e-18
-2.37319e-17
1.89476e-17
6.99605e-17
2.11287e-17
-1.37947e-16
-1.42806e-16
-1.29203e-16
-2.64322e-16
-2.64594e-17
1.62838e-16
2.58258e-16
3.94121e-17
9.53607e-18
-5.44043e-17
-3.7927e-17
-1.16922e-16
-1.32957e-16
7.77124e-18
-2.38075e-17
-2.90378e-17
-1.70425e-16
-2.12564e-16
-6.24323e-17
-2.73482e-17
-5.82288e-17
-1.35671e-16
-1.67728e-16
2.14494e-17
-1.49701e-16
-1.91134e-16
-1.05823e-16
1.31869e-16
-8.74727e-18
-1.09871e-16
-1.54306e-16
3.82794e-17
1.94623e-16
9.19698e-17
3.50431e-17
8.69157e-17
6.09461e-17
3.38511e-17
5.40749e-17
2.02816e-16
2.00917e-16
6.64709e-17
2.63936e-16
2.57912e-16
1.28501e-16
3.61818e-17
-4.01721e-17
1.98849e-17
1.01662e-16
-2.58704e-17
-4.951e-18
6.23094e-17
-6.06077e-17
-7.99758e-17
-4.72752e-17
1.19482e-16
-4.66419e-18
-1.44473e-16
-2.27566e-16
-3.90698e-18
1.33825e-16
2.12115e-17
-1.1917e-17
-2.74344e-17
6.99034e-17
1.98578e-17
-6.87087e-17
-6.97558e-17
-5.26148e-17
-1.55634e-16
-1.89706e-16
-1.85869e-16
-1.1023e-16
-1.58177e-16
-9.28906e-18
-1.83998e-16
-1.65172e-16
-2.41879e-16
-1.17637e-16
-2.3212e-17
-1.64512e-16
-7.64032e-17
6.14617e-17
-1.38969e-16
-3.52041e-16
-1.72859e-16
6.34783e-17
5.74358e-17
-5.4269e-17
-1.09754e-16
-1.93009e-16
-9.10079e-17
-1.86342e-16
-1.42456e-16
-1.95987e-16
-2.44746e-16
-1.59853e-16
-1.33517e-16
-1.84847e-16
-1.67675e-16
-1.63392e-16
-1.77566e-16
-1.58178e-16
-1.23077e-16
-1.66075e-16
-2.0181e-16
-8.52674e-17
-5.06804e-17
4.74128e-17
9.48097e-17
1.1395e-16
1.60271e-16
1.68284e-16
-3.46573e-17
7.37301e-17
1.48954e-16
1.42588e-16
1.70252e-16
1.88938e-16
8.65886e-17
1.81455e-16
3.1677e-17
8.3132e-17
-1.01702e-16
-9.58645e-17
-6.89018e-17
-9.01556e-17
-1.80848e-16
-2.06104e-16
-3.17423e-16
-3.55232e-16
-3.55413e-16
-2.50462e-16
-2.86397e-17
-1.61179e-16
-3.42421e-16
-3.84141e-16
-1.1373e-16
-8.44774e-17
-3.01461e-17
-5.65403e-17
-9.21912e-17
-8.9959e-17
-1.0667e-17
2.65872e-17
3.68196e-17
5.52183e-17
-4.88183e-17
-7.34841e-17
1.62302e-16
1.11687e-16
3.12952e-18
5.76935e-17
1.30378e-16
2.885e-16
2.50764e-16
3.54166e-16
1.21608e-16
-1.978e-16
-3.67181e-18
-6.645e-18
2.60873e-17
-2.41264e-17
1.10115e-16
2.44059e-16
2.21051e-16
1.08358e-16
-1.14819e-16
-8.60245e-17
7.10319e-17
1.18062e-16
1.30756e-16
)
;
    }
    cyclic2
    {
        type            cyclic;
        value           nonuniform List<scalar> 
200
(
-4.33078e-16
-3.82722e-16
-1.91717e-16
-5.73154e-17
-2.1556e-16
-2.64294e-16
-2.32477e-16
-3.30852e-16
-2.56643e-16
-7.44153e-17
-1.28221e-16
-2.23172e-16
-1.67324e-16
-1.15064e-16
-7.72089e-17
6.33331e-17
-4.56341e-18
1.98256e-16
-3.69945e-17
-1.10105e-16
1.33972e-17
-8.12327e-17
-8.55981e-17
1.87316e-18
2.37319e-17
-1.89476e-17
-6.99605e-17
-2.11287e-17
1.37947e-16
1.42806e-16
1.29203e-16
2.64322e-16
2.64594e-17
-1.62838e-16
-2.58258e-16
-3.94121e-17
-9.53607e-18
5.44043e-17
3.7927e-17
1.16922e-16
1.32957e-16
-7.77124e-18
2.38075e-17
2.90378e-17
1.70425e-16
2.12564e-16
6.24323e-17
2.73482e-17
5.82288e-17
1.35671e-16
1.67728e-16
-2.14494e-17
1.49701e-16
1.91134e-16
1.05823e-16
-1.31869e-16
8.74727e-18
1.09871e-16
1.54306e-16
-3.82794e-17
-1.94623e-16
-9.19698e-17
-3.50431e-17
-8.69157e-17
-6.09461e-17
-3.38511e-17
-5.40749e-17
-2.02816e-16
-2.00917e-16
-6.64709e-17
-2.63936e-16
-2.57912e-16
-1.28501e-16
-3.61818e-17
4.01721e-17
-1.98849e-17
-1.01662e-16
2.58704e-17
4.951e-18
-6.23094e-17
6.06077e-17
7.99758e-17
4.72752e-17
-1.19482e-16
4.66419e-18
1.44473e-16
2.27566e-16
3.90698e-18
-1.33825e-16
-2.12115e-17
1.1917e-17
2.74344e-17
-6.99034e-17
-1.98578e-17
6.87087e-17
6.97558e-17
5.26148e-17
1.55634e-16
1.89706e-16
1.85869e-16
1.1023e-16
1.58177e-16
9.28906e-18
1.83998e-16
1.65172e-16
2.41879e-16
1.17637e-16
2.3212e-17
1.64512e-16
7.64032e-17
-6.14617e-17
1.38969e-16
3.52041e-16
1.72859e-16
-6.34783e-17
-5.74358e-17
5.4269e-17
1.09754e-16
1.93009e-16
9.10079e-17
1.86342e-16
1.42456e-16
1.95987e-16
2.44746e-16
1.59853e-16
1.33517e-16
1.84847e-16
1.67675e-16
1.63392e-16
1.77566e-16
1.58178e-16
1.23077e-16
1.66075e-16
2.0181e-16
8.52674e-17
5.06804e-17
-4.74128e-17
-9.48097e-17
-1.1395e-16
-1.60271e-16
-1.68284e-16
3.46573e-17
-7.37301e-17
-1.48954e-16
-1.42588e-16
-1.70252e-16
-1.88938e-16
-8.65886e-17
-1.81455e-16
-3.1677e-17
-8.3132e-17
1.01702e-16
9.58645e-17
6.89018e-17
9.01556e-17
1.80848e-16
2.06104e-16
3.17423e-16
3.55232e-16
3.55413e-16
2.50462e-16
2.86397e-17
1.61179e-16
3.42421e-16
3.84141e-16
1.1373e-16
8.44774e-17
3.01461e-17
5.65403e-17
9.21912e-17
8.9959e-17
1.0667e-17
-2.65872e-17
-3.68196e-17
-5.52183e-17
4.88183e-17
7.34841e-17
-1.62302e-16
-1.11687e-16
-3.12952e-18
-5.76935e-17
-1.30378e-16
-2.885e-16
-2.50764e-16
-3.54166e-16
-1.21608e-16
1.978e-16
3.67181e-18
6.645e-18
-2.60873e-17
2.41264e-17
-1.10115e-16
-2.44059e-16
-2.21051e-16
-1.08358e-16
1.14819e-16
8.60245e-17
-7.10319e-17
-1.18062e-16
-1.30756e-16
)
;
    }
    frontAndBack
    {
        type            empty;
        value           nonuniform 0();
    }
    outlet
    {
        type            calculated;
        value           nonuniform List<scalar> 
20
(
2
2
2
2
2
2
2
2
2
2
2
2
2
2
2
2
2
2
2
2
)
;
    }
    inlet
    {
        type            calculated;
        value           nonuniform List<scalar> 
20
(
-2
-2
-2
-2
-2
-2
-2
-2
-2
-2
-2
-2
-2
-2
-2
-2
-2
-2
-2
-2
)
;
    }
}


// ************************************************************************* //
