/*--------------------------------*- C++ -*----------------------------------*\
  =========                 |
  \\      /  F ield         | OpenFOAM: The Open Source CFD Toolbox
   \\    /   O peration     | Website:  https://openfoam.org
    \\  /    A nd           | Version:  6
     \\/     M anipulation  |
\*---------------------------------------------------------------------------*/
FoamFile
{
    version     2.0;
    format      ascii;
    class       volScalarField;
    location    "10";
    object      p;
}
// * * * * * * * * * * * * * * * * * * * * * * * * * * * * * * * * * * * * * //

dimensions      [0 2 -2 0 0 0 0];

internalField   nonuniform List<scalar> 
4000
(
-4.6971e-09
-4.67534e-09
-4.64969e-09
-4.63545e-09
-4.62833e-09
-4.61145e-09
-4.59449e-09
-4.57385e-09
-4.55834e-09
-4.53764e-09
-4.52653e-09
-4.50897e-09
-4.47623e-09
-4.48137e-09
-4.47981e-09
-4.4744e-09
-4.45512e-09
-4.43604e-09
-4.42848e-09
-4.41411e-09
-4.41093e-09
-4.40834e-09
-4.39618e-09
-4.38314e-09
-4.38377e-09
-4.36105e-09
-4.33846e-09
-4.31518e-09
-4.29218e-09
-4.28265e-09
-4.26954e-09
-4.25713e-09
-4.23494e-09
-4.20697e-09
-4.18979e-09
-4.16466e-09
-4.11599e-09
-4.06238e-09
-3.99828e-09
-3.95013e-09
-3.91642e-09
-3.87941e-09
-3.85697e-09
-3.85041e-09
-3.85265e-09
-3.83134e-09
-3.81478e-09
-3.79948e-09
-3.78301e-09
-3.77065e-09
-3.74614e-09
-3.73209e-09
-3.71573e-09
-3.68845e-09
-3.6562e-09
-3.6119e-09
-3.573e-09
-3.54909e-09
-3.52242e-09
-3.48985e-09
-3.45447e-09
-3.42552e-09
-3.40183e-09
-3.36879e-09
-3.3447e-09
-3.32531e-09
-3.30621e-09
-3.29143e-09
-3.3e-09
-3.29372e-09
-3.26433e-09
-3.26938e-09
-3.25532e-09
-3.24554e-09
-3.24358e-09
-3.21011e-09
-3.17385e-09
-3.16033e-09
-3.13433e-09
-3.09985e-09
-3.08263e-09
-3.05604e-09
-3.0105e-09
-2.97007e-09
-2.93498e-09
-2.92981e-09
-2.92103e-09
-2.89122e-09
-2.87683e-09
-2.87292e-09
-2.86658e-09
-2.86809e-09
-2.8546e-09
-2.8447e-09
-2.84966e-09
-2.84163e-09
-2.82819e-09
-2.82291e-09
-2.78825e-09
-2.77915e-09
-2.77994e-09
-2.76113e-09
-2.75844e-09
-2.73709e-09
-2.71397e-09
-2.68342e-09
-2.67322e-09
-2.65496e-09
-2.61518e-09
-2.57117e-09
-2.53993e-09
-2.51606e-09
-2.48675e-09
-2.46034e-09
-2.41936e-09
-2.37097e-09
-2.33093e-09
-2.28011e-09
-2.25404e-09
-2.23129e-09
-2.21412e-09
-2.19919e-09
-2.17647e-09
-2.14775e-09
-2.13832e-09
-2.1284e-09
-2.09494e-09
-2.06996e-09
-2.02395e-09
-1.99602e-09
-1.97591e-09
-1.94497e-09
-1.92066e-09
-1.89744e-09
-1.8781e-09
-1.85239e-09
-1.82598e-09
-1.80603e-09
-1.78684e-09
-1.76618e-09
-1.74638e-09
-1.72534e-09
-1.70769e-09
-1.69083e-09
-1.6714e-09
-1.62827e-09
-1.61704e-09
-1.58709e-09
-1.55008e-09
-1.52173e-09
-1.50069e-09
-1.48379e-09
-1.46984e-09
-1.43558e-09
-1.41315e-09
-1.38256e-09
-1.35856e-09
-1.33444e-09
-1.2987e-09
-1.27993e-09
-1.25533e-09
-1.23038e-09
-1.19829e-09
-1.17266e-09
-1.14766e-09
-1.1087e-09
-1.06264e-09
-1.01307e-09
-9.63566e-10
-9.18307e-10
-8.7914e-10
-8.39624e-10
-7.96028e-10
-7.68434e-10
-7.37903e-10
-7.07807e-10
-6.51658e-10
-6.11357e-10
-5.69164e-10
-5.37688e-10
-5.08682e-10
-4.74614e-10
-4.21582e-10
-3.83974e-10
-3.51454e-10
-3.51066e-10
-3.3905e-10
-3.15982e-10
-2.99918e-10
-2.77564e-10
-2.66871e-10
-2.33346e-10
-2.05648e-10
-1.94322e-10
-1.7014e-10
-1.47283e-10
-1.07085e-10
-7.27204e-11
-3.67093e-11
-1.17109e-11
-4.69625e-09
-4.6653e-09
-4.6434e-09
-4.63118e-09
-4.62471e-09
-4.61196e-09
-4.60043e-09
-4.58917e-09
-4.56694e-09
-4.54936e-09
-4.54594e-09
-4.51707e-09
-4.49027e-09
-4.49041e-09
-4.49189e-09
-4.49084e-09
-4.45952e-09
-4.4381e-09
-4.44327e-09
-4.43537e-09
-4.42724e-09
-4.4197e-09
-4.40614e-09
-4.38629e-09
-4.38211e-09
-4.36533e-09
-4.34621e-09
-4.32161e-09
-4.30348e-09
-4.29225e-09
-4.27433e-09
-4.25532e-09
-4.23934e-09
-4.20503e-09
-4.18251e-09
-4.15078e-09
-4.10286e-09
-4.04511e-09
-3.99283e-09
-3.94431e-09
-3.91233e-09
-3.88209e-09
-3.86455e-09
-3.86009e-09
-3.85e-09
-3.83299e-09
-3.8158e-09
-3.8076e-09
-3.79338e-09
-3.78307e-09
-3.75665e-09
-3.73723e-09
-3.72542e-09
-3.69109e-09
-3.65014e-09
-3.62757e-09
-3.59749e-09
-3.5608e-09
-3.52973e-09
-3.50022e-09
-3.47078e-09
-3.43476e-09
-3.40616e-09
-3.36985e-09
-3.35015e-09
-3.32615e-09
-3.29646e-09
-3.28501e-09
-3.28243e-09
-3.27031e-09
-3.26387e-09
-3.26741e-09
-3.25621e-09
-3.24851e-09
-3.23333e-09
-3.20444e-09
-3.17702e-09
-3.16824e-09
-3.12776e-09
-3.09672e-09
-3.07746e-09
-3.04673e-09
-3.00477e-09
-2.96436e-09
-2.92898e-09
-2.9221e-09
-2.91102e-09
-2.8803e-09
-2.86994e-09
-2.86167e-09
-2.85289e-09
-2.86092e-09
-2.85086e-09
-2.84189e-09
-2.8407e-09
-2.84003e-09
-2.82272e-09
-2.82029e-09
-2.79987e-09
-2.78173e-09
-2.77794e-09
-2.76247e-09
-2.75881e-09
-2.75751e-09
-2.7229e-09
-2.68923e-09
-2.67522e-09
-2.6585e-09
-2.61238e-09
-2.56499e-09
-2.54432e-09
-2.51691e-09
-2.48148e-09
-2.45309e-09
-2.41259e-09
-2.36983e-09
-2.31419e-09
-2.26584e-09
-2.24132e-09
-2.21916e-09
-2.19274e-09
-2.17645e-09
-2.15902e-09
-2.13882e-09
-2.13316e-09
-2.12079e-09
-2.09324e-09
-2.0593e-09
-2.02865e-09
-1.99944e-09
-1.97478e-09
-1.9437e-09
-1.91779e-09
-1.90164e-09
-1.87782e-09
-1.85367e-09
-1.8291e-09
-1.80591e-09
-1.77958e-09
-1.7556e-09
-1.7456e-09
-1.73983e-09
-1.72553e-09
-1.70164e-09
-1.67405e-09
-1.64533e-09
-1.61794e-09
-1.58395e-09
-1.55587e-09
-1.52965e-09
-1.50905e-09
-1.49173e-09
-1.47809e-09
-1.45254e-09
-1.42333e-09
-1.38945e-09
-1.37312e-09
-1.35154e-09
-1.31104e-09
-1.27154e-09
-1.25401e-09
-1.23646e-09
-1.20624e-09
-1.16772e-09
-1.1388e-09
-1.11467e-09
-1.0648e-09
-1.00568e-09
-9.56859e-10
-9.12727e-10
-8.67927e-10
-8.29439e-10
-7.87633e-10
-7.53232e-10
-7.1191e-10
-6.87795e-10
-6.6273e-10
-6.28046e-10
-5.69088e-10
-5.27673e-10
-5.11667e-10
-4.93104e-10
-4.31316e-10
-3.91168e-10
-3.54931e-10
-3.55243e-10
-3.37581e-10
-3.13373e-10
-2.92795e-10
-2.78806e-10
-2.705e-10
-2.32753e-10
-2.04637e-10
-1.82923e-10
-1.60143e-10
-1.35438e-10
-1.04591e-10
-6.64852e-11
-3.3598e-11
-4.49579e-12
-4.67709e-09
-4.66768e-09
-4.64556e-09
-4.62324e-09
-4.62228e-09
-4.62203e-09
-4.60786e-09
-4.59625e-09
-4.57353e-09
-4.55621e-09
-4.54123e-09
-4.51621e-09
-4.49171e-09
-4.49669e-09
-4.50114e-09
-4.48562e-09
-4.46798e-09
-4.45888e-09
-4.45565e-09
-4.45047e-09
-4.44012e-09
-4.42764e-09
-4.41078e-09
-4.40348e-09
-4.38979e-09
-4.36888e-09
-4.34815e-09
-4.32196e-09
-4.30468e-09
-4.28874e-09
-4.2658e-09
-4.2423e-09
-4.22608e-09
-4.20134e-09
-4.16851e-09
-4.13368e-09
-4.08769e-09
-4.02572e-09
-3.967e-09
-3.94278e-09
-3.91489e-09
-3.88681e-09
-3.87507e-09
-3.87004e-09
-3.85701e-09
-3.84326e-09
-3.82866e-09
-3.82197e-09
-3.81271e-09
-3.79316e-09
-3.77075e-09
-3.75076e-09
-3.72324e-09
-3.68521e-09
-3.64886e-09
-3.62695e-09
-3.60113e-09
-3.57315e-09
-3.53423e-09
-3.50445e-09
-3.47349e-09
-3.44146e-09
-3.4137e-09
-3.37983e-09
-3.34964e-09
-3.3205e-09
-3.29223e-09
-3.27686e-09
-3.27354e-09
-3.26347e-09
-3.2601e-09
-3.26005e-09
-3.24833e-09
-3.23591e-09
-3.21838e-09
-3.19103e-09
-3.17019e-09
-3.15751e-09
-3.12034e-09
-3.08547e-09
-3.0631e-09
-3.0339e-09
-2.9889e-09
-2.97326e-09
-2.94111e-09
-2.92004e-09
-2.89352e-09
-2.88103e-09
-2.87691e-09
-2.8577e-09
-2.84436e-09
-2.85352e-09
-2.84658e-09
-2.85501e-09
-2.84459e-09
-2.83756e-09
-2.82784e-09
-2.81777e-09
-2.82361e-09
-2.79933e-09
-2.78205e-09
-2.76711e-09
-2.75448e-09
-2.75594e-09
-2.73188e-09
-2.69094e-09
-2.67144e-09
-2.65717e-09
-2.61573e-09
-2.57512e-09
-2.54462e-09
-2.51499e-09
-2.47489e-09
-2.44116e-09
-2.39897e-09
-2.35061e-09
-2.31576e-09
-2.26022e-09
-2.21859e-09
-2.2034e-09
-2.18036e-09
-2.1594e-09
-2.14699e-09
-2.13751e-09
-2.12456e-09
-2.11028e-09
-2.09402e-09
-2.05561e-09
-2.03e-09
-1.9998e-09
-1.96326e-09
-1.94838e-09
-1.92671e-09
-1.91109e-09
-1.88978e-09
-1.86584e-09
-1.83278e-09
-1.7973e-09
-1.774e-09
-1.76141e-09
-1.759e-09
-1.74407e-09
-1.72116e-09
-1.7102e-09
-1.68621e-09
-1.64244e-09
-1.61136e-09
-1.58932e-09
-1.56424e-09
-1.54229e-09
-1.51448e-09
-1.49933e-09
-1.48316e-09
-1.46366e-09
-1.4371e-09
-1.40269e-09
-1.37104e-09
-1.35608e-09
-1.31924e-09
-1.27326e-09
-1.24998e-09
-1.22955e-09
-1.19926e-09
-1.16067e-09
-1.1284e-09
-1.10594e-09
-1.06185e-09
-1.01294e-09
-9.51786e-10
-9.01965e-10
-8.60076e-10
-8.14906e-10
-7.7369e-10
-7.38725e-10
-6.96233e-10
-6.81517e-10
-6.55076e-10
-6.23977e-10
-5.69747e-10
-5.35678e-10
-5.20058e-10
-4.83613e-10
-4.36601e-10
-3.91607e-10
-3.65075e-10
-3.59097e-10
-3.43004e-10
-3.13257e-10
-2.85189e-10
-2.72934e-10
-2.58393e-10
-2.27811e-10
-2.00326e-10
-1.77951e-10
-1.40836e-10
-1.23805e-10
-9.57818e-11
-7.00174e-11
-4.3785e-11
-9.94642e-12
-4.66541e-09
-4.65812e-09
-4.64372e-09
-4.62499e-09
-4.61791e-09
-4.62027e-09
-4.60487e-09
-4.59116e-09
-4.57535e-09
-4.55455e-09
-4.54295e-09
-4.52206e-09
-4.49571e-09
-4.50453e-09
-4.51046e-09
-4.49084e-09
-4.46616e-09
-4.47364e-09
-4.46904e-09
-4.45178e-09
-4.44479e-09
-4.43175e-09
-4.41795e-09
-4.41435e-09
-4.38955e-09
-4.36918e-09
-4.34259e-09
-4.3121e-09
-4.28936e-09
-4.28156e-09
-4.25929e-09
-4.21924e-09
-4.19786e-09
-4.19014e-09
-4.15567e-09
-4.11686e-09
-4.06813e-09
-4.01651e-09
-3.96645e-09
-3.934e-09
-3.91557e-09
-3.89938e-09
-3.87986e-09
-3.8804e-09
-3.8628e-09
-3.85124e-09
-3.84109e-09
-3.83687e-09
-3.83019e-09
-3.80349e-09
-3.77967e-09
-3.7632e-09
-3.72382e-09
-3.66964e-09
-3.63642e-09
-3.61939e-09
-3.60277e-09
-3.58388e-09
-3.53035e-09
-3.51048e-09
-3.47789e-09
-3.44949e-09
-3.42651e-09
-3.38837e-09
-3.35818e-09
-3.32875e-09
-3.29813e-09
-3.28212e-09
-3.27024e-09
-3.25829e-09
-3.25195e-09
-3.25146e-09
-3.23876e-09
-3.22329e-09
-3.1961e-09
-3.17074e-09
-3.15459e-09
-3.14102e-09
-3.10796e-09
-3.07905e-09
-3.05546e-09
-3.01838e-09
-2.99913e-09
-2.98046e-09
-2.95271e-09
-2.93415e-09
-2.90113e-09
-2.8926e-09
-2.8796e-09
-2.86033e-09
-2.85733e-09
-2.85376e-09
-2.85651e-09
-2.85707e-09
-2.85077e-09
-2.85179e-09
-2.83792e-09
-2.83038e-09
-2.82699e-09
-2.80117e-09
-2.78716e-09
-2.77855e-09
-2.76044e-09
-2.74806e-09
-2.72375e-09
-2.69247e-09
-2.66624e-09
-2.64112e-09
-2.60522e-09
-2.56925e-09
-2.53806e-09
-2.51214e-09
-2.47296e-09
-2.42533e-09
-2.38386e-09
-2.3482e-09
-2.31392e-09
-2.26547e-09
-2.22092e-09
-2.20038e-09
-2.18253e-09
-2.15015e-09
-2.13101e-09
-2.12398e-09
-2.11342e-09
-2.0987e-09
-2.09312e-09
-2.05859e-09
-2.02885e-09
-2.00517e-09
-1.97801e-09
-1.94918e-09
-1.93938e-09
-1.91699e-09
-1.89802e-09
-1.85989e-09
-1.82951e-09
-1.79596e-09
-1.77648e-09
-1.76938e-09
-1.75999e-09
-1.74345e-09
-1.72508e-09
-1.71613e-09
-1.68833e-09
-1.64772e-09
-1.62124e-09
-1.60631e-09
-1.57921e-09
-1.55317e-09
-1.53012e-09
-1.51388e-09
-1.49332e-09
-1.47981e-09
-1.44473e-09
-1.40624e-09
-1.37195e-09
-1.35269e-09
-1.30885e-09
-1.26469e-09
-1.23685e-09
-1.21926e-09
-1.19388e-09
-1.1639e-09
-1.13504e-09
-1.10518e-09
-1.05325e-09
-1.00123e-09
-9.50784e-10
-9.02529e-10
-8.61588e-10
-8.11025e-10
-7.71572e-10
-7.46793e-10
-6.91154e-10
-6.75109e-10
-6.46677e-10
-6.1563e-10
-5.70707e-10
-5.31025e-10
-5.12875e-10
-4.75172e-10
-4.23249e-10
-3.92604e-10
-3.71202e-10
-3.53249e-10
-3.22428e-10
-3.01507e-10
-2.66101e-10
-2.5807e-10
-2.53286e-10
-2.1559e-10
-1.85198e-10
-1.72162e-10
-1.38274e-10
-1.12877e-10
-8.95516e-11
-6.506e-11
-2.84158e-11
-8.23051e-12
-4.66077e-09
-4.65699e-09
-4.64277e-09
-4.6293e-09
-4.61858e-09
-4.61043e-09
-4.60327e-09
-4.59658e-09
-4.58397e-09
-4.56182e-09
-4.54797e-09
-4.52759e-09
-4.51001e-09
-4.52115e-09
-4.51465e-09
-4.48826e-09
-4.469e-09
-4.46844e-09
-4.46482e-09
-4.46398e-09
-4.44728e-09
-4.43913e-09
-4.41109e-09
-4.41054e-09
-4.38551e-09
-4.36471e-09
-4.34807e-09
-4.30958e-09
-4.27346e-09
-4.26718e-09
-4.2536e-09
-4.20082e-09
-4.17027e-09
-4.15064e-09
-4.13279e-09
-4.10326e-09
-4.06616e-09
-4.00394e-09
-3.95691e-09
-3.94577e-09
-3.92288e-09
-3.90744e-09
-3.89636e-09
-3.89905e-09
-3.87819e-09
-3.86279e-09
-3.85616e-09
-3.84919e-09
-3.83268e-09
-3.80439e-09
-3.78557e-09
-3.76779e-09
-3.71717e-09
-3.67214e-09
-3.62627e-09
-3.60658e-09
-3.59857e-09
-3.57381e-09
-3.53695e-09
-3.51319e-09
-3.4871e-09
-3.44572e-09
-3.43151e-09
-3.39549e-09
-3.36391e-09
-3.33218e-09
-3.30616e-09
-3.28432e-09
-3.26554e-09
-3.25319e-09
-3.24299e-09
-3.23244e-09
-3.22437e-09
-3.21777e-09
-3.1816e-09
-3.1504e-09
-3.14162e-09
-3.12742e-09
-3.09296e-09
-3.06116e-09
-3.04025e-09
-3.02546e-09
-3.00832e-09
-2.99373e-09
-2.96157e-09
-2.92934e-09
-2.93188e-09
-2.9166e-09
-2.89988e-09
-2.87041e-09
-2.87272e-09
-2.87864e-09
-2.87722e-09
-2.87623e-09
-2.86528e-09
-2.86645e-09
-2.84741e-09
-2.82927e-09
-2.82012e-09
-2.79788e-09
-2.78069e-09
-2.7688e-09
-2.75629e-09
-2.74422e-09
-2.71177e-09
-2.67722e-09
-2.65893e-09
-2.63049e-09
-2.5991e-09
-2.55587e-09
-2.53778e-09
-2.51628e-09
-2.47363e-09
-2.4219e-09
-2.37221e-09
-2.33488e-09
-2.30935e-09
-2.27105e-09
-2.24033e-09
-2.20175e-09
-2.17898e-09
-2.13768e-09
-2.11684e-09
-2.11116e-09
-2.10057e-09
-2.091e-09
-2.08241e-09
-2.05589e-09
-2.0416e-09
-2.02423e-09
-1.98782e-09
-1.96529e-09
-1.94698e-09
-1.93144e-09
-1.9048e-09
-1.86958e-09
-1.83223e-09
-1.79067e-09
-1.78434e-09
-1.77618e-09
-1.7614e-09
-1.73806e-09
-1.71843e-09
-1.7131e-09
-1.68952e-09
-1.65112e-09
-1.62198e-09
-1.61204e-09
-1.59438e-09
-1.57514e-09
-1.55075e-09
-1.53178e-09
-1.50605e-09
-1.48717e-09
-1.4467e-09
-1.41281e-09
-1.37205e-09
-1.33781e-09
-1.30531e-09
-1.26264e-09
-1.23262e-09
-1.21067e-09
-1.18592e-09
-1.1654e-09
-1.13843e-09
-1.0999e-09
-1.05521e-09
-9.95945e-10
-9.54161e-10
-9.02241e-10
-8.61912e-10
-8.17118e-10
-7.704e-10
-7.31737e-10
-6.86718e-10
-6.70132e-10
-6.41748e-10
-6.07497e-10
-5.73074e-10
-5.25344e-10
-5.01698e-10
-4.68848e-10
-4.20742e-10
-3.84854e-10
-3.61116e-10
-3.4207e-10
-3.16328e-10
-2.8847e-10
-2.62331e-10
-2.43929e-10
-2.35729e-10
-2.00581e-10
-1.66958e-10
-1.53441e-10
-1.24563e-10
-1.05068e-10
-8.18925e-11
-5.65881e-11
-3.3011e-11
-1.36586e-11
-4.66047e-09
-4.65543e-09
-4.63615e-09
-4.62461e-09
-4.62208e-09
-4.62065e-09
-4.60612e-09
-4.60992e-09
-4.58684e-09
-4.5669e-09
-4.5504e-09
-4.5343e-09
-4.51805e-09
-4.51745e-09
-4.5129e-09
-4.49773e-09
-4.48369e-09
-4.47462e-09
-4.47044e-09
-4.46976e-09
-4.45871e-09
-4.43957e-09
-4.41602e-09
-4.39759e-09
-4.37463e-09
-4.35368e-09
-4.33466e-09
-4.30301e-09
-4.2741e-09
-4.24951e-09
-4.23085e-09
-4.18671e-09
-4.15478e-09
-4.13387e-09
-4.12406e-09
-4.10819e-09
-4.06309e-09
-4.01048e-09
-3.96448e-09
-3.94452e-09
-3.93355e-09
-3.91573e-09
-3.90181e-09
-3.9015e-09
-3.88999e-09
-3.87526e-09
-3.86275e-09
-3.84537e-09
-3.82831e-09
-3.80406e-09
-3.77919e-09
-3.7468e-09
-3.70692e-09
-3.66606e-09
-3.62985e-09
-3.59927e-09
-3.59341e-09
-3.5632e-09
-3.52923e-09
-3.5041e-09
-3.48251e-09
-3.45993e-09
-3.44239e-09
-3.40938e-09
-3.36842e-09
-3.33842e-09
-3.31479e-09
-3.2903e-09
-3.26442e-09
-3.25374e-09
-3.2425e-09
-3.22674e-09
-3.20799e-09
-3.19883e-09
-3.17212e-09
-3.15172e-09
-3.13279e-09
-3.11881e-09
-3.0813e-09
-3.04531e-09
-3.02813e-09
-3.02203e-09
-3.01753e-09
-2.99994e-09
-2.97484e-09
-2.96021e-09
-2.95154e-09
-2.93404e-09
-2.90861e-09
-2.88586e-09
-2.89117e-09
-2.90223e-09
-2.88635e-09
-2.87147e-09
-2.87459e-09
-2.87529e-09
-2.85375e-09
-2.83764e-09
-2.81743e-09
-2.78851e-09
-2.77481e-09
-2.76628e-09
-2.75558e-09
-2.73406e-09
-2.7074e-09
-2.67901e-09
-2.65385e-09
-2.62531e-09
-2.592e-09
-2.56208e-09
-2.53469e-09
-2.50673e-09
-2.46187e-09
-2.413e-09
-2.37045e-09
-2.3303e-09
-2.29351e-09
-2.27115e-09
-2.23889e-09
-2.20465e-09
-2.17964e-09
-2.13924e-09
-2.12053e-09
-2.10482e-09
-2.09449e-09
-2.09336e-09
-2.07678e-09
-2.05784e-09
-2.0411e-09
-2.02425e-09
-2.00239e-09
-1.96949e-09
-1.94308e-09
-1.92657e-09
-1.9044e-09
-1.87439e-09
-1.8305e-09
-1.81036e-09
-1.79854e-09
-1.78822e-09
-1.7739e-09
-1.74208e-09
-1.71768e-09
-1.71078e-09
-1.692e-09
-1.65831e-09
-1.62991e-09
-1.61848e-09
-1.59738e-09
-1.58384e-09
-1.56883e-09
-1.54307e-09
-1.51988e-09
-1.49223e-09
-1.45543e-09
-1.40762e-09
-1.36394e-09
-1.32852e-09
-1.29193e-09
-1.25352e-09
-1.2377e-09
-1.20204e-09
-1.17101e-09
-1.1537e-09
-1.12049e-09
-1.08385e-09
-1.04383e-09
-9.99443e-10
-9.55684e-10
-9.00105e-10
-8.46321e-10
-8.09543e-10
-7.64147e-10
-7.31145e-10
-6.91475e-10
-6.62706e-10
-6.31206e-10
-6.04047e-10
-5.69779e-10
-5.28831e-10
-5.05862e-10
-4.62049e-10
-4.15249e-10
-3.77409e-10
-3.49504e-10
-3.30985e-10
-2.96398e-10
-2.74527e-10
-2.46576e-10
-2.31628e-10
-2.2615e-10
-1.8512e-10
-1.541e-10
-1.39032e-10
-1.14992e-10
-1.01717e-10
-8.27134e-11
-5.31794e-11
-3.83416e-11
-1.7635e-11
-4.66235e-09
-4.65503e-09
-4.63086e-09
-4.63213e-09
-4.62447e-09
-4.61891e-09
-4.61851e-09
-4.61597e-09
-4.59764e-09
-4.57334e-09
-4.55835e-09
-4.53737e-09
-4.52393e-09
-4.52326e-09
-4.52231e-09
-4.50724e-09
-4.48632e-09
-4.47908e-09
-4.47506e-09
-4.46516e-09
-4.45547e-09
-4.43606e-09
-4.40602e-09
-4.38699e-09
-4.3659e-09
-4.34841e-09
-4.3247e-09
-4.3012e-09
-4.27463e-09
-4.25081e-09
-4.22421e-09
-4.18675e-09
-4.14312e-09
-4.1229e-09
-4.12216e-09
-4.10776e-09
-4.06459e-09
-4.00813e-09
-3.96491e-09
-3.94798e-09
-3.93874e-09
-3.93032e-09
-3.91745e-09
-3.91298e-09
-3.89652e-09
-3.87897e-09
-3.86502e-09
-3.84017e-09
-3.81525e-09
-3.79361e-09
-3.76974e-09
-3.72442e-09
-3.70127e-09
-3.6639e-09
-3.62607e-09
-3.59629e-09
-3.57857e-09
-3.54836e-09
-3.51787e-09
-3.49942e-09
-3.48848e-09
-3.46122e-09
-3.44589e-09
-3.41796e-09
-3.37741e-09
-3.3464e-09
-3.31553e-09
-3.29617e-09
-3.27026e-09
-3.25621e-09
-3.24339e-09
-3.22444e-09
-3.19374e-09
-3.17998e-09
-3.17554e-09
-3.15283e-09
-3.12432e-09
-3.10163e-09
-3.07152e-09
-3.04459e-09
-3.02196e-09
-3.01525e-09
-3.01353e-09
-3.01014e-09
-2.9891e-09
-2.97701e-09
-2.96384e-09
-2.94394e-09
-2.91818e-09
-2.90138e-09
-2.91383e-09
-2.91685e-09
-2.89575e-09
-2.87061e-09
-2.87999e-09
-2.87176e-09
-2.86251e-09
-2.83737e-09
-2.81044e-09
-2.79411e-09
-2.78059e-09
-2.77928e-09
-2.77087e-09
-2.74496e-09
-2.71352e-09
-2.68212e-09
-2.65289e-09
-2.62851e-09
-2.59162e-09
-2.558e-09
-2.52924e-09
-2.50232e-09
-2.45483e-09
-2.4007e-09
-2.36159e-09
-2.31575e-09
-2.28182e-09
-2.26241e-09
-2.23874e-09
-2.21555e-09
-2.18243e-09
-2.14515e-09
-2.12162e-09
-2.09693e-09
-2.08238e-09
-2.08852e-09
-2.07941e-09
-2.05696e-09
-2.03478e-09
-2.02845e-09
-2.00898e-09
-1.98111e-09
-1.95011e-09
-1.92448e-09
-1.90173e-09
-1.8719e-09
-1.8335e-09
-1.8189e-09
-1.80703e-09
-1.80077e-09
-1.78569e-09
-1.74433e-09
-1.72059e-09
-1.71519e-09
-1.69309e-09
-1.66637e-09
-1.64508e-09
-1.61718e-09
-1.60398e-09
-1.59426e-09
-1.56454e-09
-1.54517e-09
-1.52548e-09
-1.50444e-09
-1.45354e-09
-1.40993e-09
-1.36691e-09
-1.32548e-09
-1.28652e-09
-1.25447e-09
-1.22455e-09
-1.18749e-09
-1.16254e-09
-1.15374e-09
-1.11994e-09
-1.07285e-09
-1.0255e-09
-9.92492e-10
-9.4192e-10
-8.96378e-10
-8.45971e-10
-8.02157e-10
-7.56434e-10
-7.17805e-10
-6.83887e-10
-6.43436e-10
-6.13919e-10
-5.93911e-10
-5.67739e-10
-5.15677e-10
-4.88775e-10
-4.562e-10
-4.15637e-10
-3.74762e-10
-3.41374e-10
-3.10229e-10
-2.87882e-10
-2.74396e-10
-2.47502e-10
-2.18018e-10
-2.06318e-10
-1.81331e-10
-1.56063e-10
-1.37168e-10
-1.09211e-10
-9.00539e-11
-6.5269e-11
-4.05725e-11
-3.06049e-11
-2.05601e-11
-4.65492e-09
-4.64753e-09
-4.63227e-09
-4.6283e-09
-4.61834e-09
-4.61315e-09
-4.62626e-09
-4.62003e-09
-4.60535e-09
-4.59781e-09
-4.57274e-09
-4.54241e-09
-4.53439e-09
-4.53615e-09
-4.52532e-09
-4.51402e-09
-4.49373e-09
-4.47334e-09
-4.47033e-09
-4.45936e-09
-4.45304e-09
-4.43372e-09
-4.40148e-09
-4.37029e-09
-4.35751e-09
-4.34735e-09
-4.31601e-09
-4.28921e-09
-4.26209e-09
-4.24377e-09
-4.21549e-09
-4.18266e-09
-4.13525e-09
-4.1195e-09
-4.1122e-09
-4.101e-09
-4.0536e-09
-4.00757e-09
-3.96648e-09
-3.95215e-09
-3.95298e-09
-3.93928e-09
-3.92428e-09
-3.90641e-09
-3.88178e-09
-3.87237e-09
-3.85447e-09
-3.83202e-09
-3.80567e-09
-3.78275e-09
-3.7622e-09
-3.71946e-09
-3.68232e-09
-3.65167e-09
-3.62632e-09
-3.59774e-09
-3.5682e-09
-3.54262e-09
-3.51092e-09
-3.49681e-09
-3.48965e-09
-3.46905e-09
-3.44718e-09
-3.41809e-09
-3.3795e-09
-3.34666e-09
-3.32111e-09
-3.29775e-09
-3.27638e-09
-3.26508e-09
-3.24179e-09
-3.2198e-09
-3.1902e-09
-3.17521e-09
-3.16945e-09
-3.15952e-09
-3.13806e-09
-3.10522e-09
-3.06839e-09
-3.05163e-09
-3.03255e-09
-3.02247e-09
-3.01608e-09
-3.00414e-09
-2.99341e-09
-2.98086e-09
-2.96509e-09
-2.95048e-09
-2.93248e-09
-2.92357e-09
-2.92243e-09
-2.91867e-09
-2.90524e-09
-2.89018e-09
-2.88309e-09
-2.86993e-09
-2.8553e-09
-2.83793e-09
-2.80938e-09
-2.80271e-09
-2.79357e-09
-2.77899e-09
-2.76631e-09
-2.74147e-09
-2.72732e-09
-2.69648e-09
-2.65751e-09
-2.63396e-09
-2.58797e-09
-2.55593e-09
-2.52653e-09
-2.48452e-09
-2.43905e-09
-2.39917e-09
-2.35951e-09
-2.31296e-09
-2.27281e-09
-2.26499e-09
-2.24545e-09
-2.22222e-09
-2.1858e-09
-2.14284e-09
-2.12529e-09
-2.10579e-09
-2.0931e-09
-2.08499e-09
-2.06798e-09
-2.058e-09
-2.03717e-09
-2.03481e-09
-2.0067e-09
-1.97339e-09
-1.95263e-09
-1.92275e-09
-1.91244e-09
-1.87135e-09
-1.83383e-09
-1.82273e-09
-1.80668e-09
-1.80084e-09
-1.78832e-09
-1.74479e-09
-1.73539e-09
-1.72132e-09
-1.70165e-09
-1.66937e-09
-1.64049e-09
-1.62885e-09
-1.6159e-09
-1.60574e-09
-1.56114e-09
-1.53374e-09
-1.5262e-09
-1.49084e-09
-1.46008e-09
-1.40824e-09
-1.3576e-09
-1.33249e-09
-1.285e-09
-1.24654e-09
-1.2113e-09
-1.17378e-09
-1.14235e-09
-1.13577e-09
-1.11564e-09
-1.06714e-09
-1.01816e-09
-9.74846e-10
-9.28234e-10
-8.87691e-10
-8.44964e-10
-7.99201e-10
-7.57012e-10
-7.19811e-10
-6.76967e-10
-6.41826e-10
-6.11542e-10
-5.76007e-10
-5.46942e-10
-5.07996e-10
-4.70041e-10
-4.39969e-10
-4.05758e-10
-3.72023e-10
-3.35511e-10
-2.99164e-10
-2.79293e-10
-2.61164e-10
-2.39386e-10
-2.18199e-10
-1.96053e-10
-1.71533e-10
-1.48974e-10
-1.36365e-10
-1.16928e-10
-8.7964e-11
-5.77618e-11
-3.09025e-11
-2.16909e-11
-1.50115e-11
-4.65967e-09
-4.6612e-09
-4.64445e-09
-4.62541e-09
-4.62459e-09
-4.61656e-09
-4.6192e-09
-4.61599e-09
-4.60615e-09
-4.60192e-09
-4.56949e-09
-4.53731e-09
-4.52698e-09
-4.53386e-09
-4.53236e-09
-4.51584e-09
-4.4904e-09
-4.46397e-09
-4.46111e-09
-4.45711e-09
-4.44634e-09
-4.42475e-09
-4.39947e-09
-4.36048e-09
-4.35841e-09
-4.33485e-09
-4.30664e-09
-4.27697e-09
-4.24976e-09
-4.24265e-09
-4.21797e-09
-4.17198e-09
-4.13432e-09
-4.11136e-09
-4.10156e-09
-4.09542e-09
-4.0658e-09
-4.02079e-09
-3.988e-09
-3.97183e-09
-3.95903e-09
-3.94167e-09
-3.91935e-09
-3.89519e-09
-3.86306e-09
-3.847e-09
-3.8294e-09
-3.82109e-09
-3.79489e-09
-3.77095e-09
-3.75001e-09
-3.70582e-09
-3.67004e-09
-3.62819e-09
-3.60912e-09
-3.58699e-09
-3.56312e-09
-3.53901e-09
-3.51868e-09
-3.48649e-09
-3.47523e-09
-3.46716e-09
-3.43816e-09
-3.41107e-09
-3.36726e-09
-3.33896e-09
-3.31772e-09
-3.2951e-09
-3.27272e-09
-3.25544e-09
-3.23475e-09
-3.21817e-09
-3.19805e-09
-3.18077e-09
-3.1724e-09
-3.16094e-09
-3.1393e-09
-3.12103e-09
-3.08899e-09
-3.06691e-09
-3.03891e-09
-3.03454e-09
-3.02665e-09
-3.01344e-09
-3.00852e-09
-2.99052e-09
-2.97787e-09
-2.97208e-09
-2.94326e-09
-2.93397e-09
-2.93116e-09
-2.92573e-09
-2.91626e-09
-2.90566e-09
-2.87997e-09
-2.85863e-09
-2.84934e-09
-2.83435e-09
-2.8072e-09
-2.80943e-09
-2.80031e-09
-2.78164e-09
-2.77644e-09
-2.74611e-09
-2.71848e-09
-2.68747e-09
-2.65838e-09
-2.62769e-09
-2.58868e-09
-2.5533e-09
-2.53027e-09
-2.48903e-09
-2.43399e-09
-2.40531e-09
-2.35075e-09
-2.30337e-09
-2.26746e-09
-2.25071e-09
-2.23289e-09
-2.2167e-09
-2.18203e-09
-2.14505e-09
-2.12973e-09
-2.11374e-09
-2.0905e-09
-2.07434e-09
-2.06284e-09
-2.05543e-09
-2.02716e-09
-2.01385e-09
-2.00027e-09
-1.98092e-09
-1.95662e-09
-1.92834e-09
-1.90748e-09
-1.87616e-09
-1.83148e-09
-1.81563e-09
-1.80118e-09
-1.79064e-09
-1.77394e-09
-1.74646e-09
-1.73103e-09
-1.72577e-09
-1.69852e-09
-1.66653e-09
-1.65423e-09
-1.6447e-09
-1.62241e-09
-1.58939e-09
-1.55222e-09
-1.53017e-09
-1.51647e-09
-1.48743e-09
-1.44607e-09
-1.39706e-09
-1.36601e-09
-1.34415e-09
-1.28339e-09
-1.24816e-09
-1.2094e-09
-1.16616e-09
-1.13286e-09
-1.10893e-09
-1.091e-09
-1.05648e-09
-1.0113e-09
-9.67551e-10
-9.25016e-10
-8.84802e-10
-8.4296e-10
-7.98266e-10
-7.54341e-10
-7.17829e-10
-6.73222e-10
-6.35465e-10
-6.08786e-10
-5.76315e-10
-5.2949e-10
-4.98843e-10
-4.6352e-10
-4.33138e-10
-4.0294e-10
-3.64863e-10
-3.3603e-10
-3.02801e-10
-2.74298e-10
-2.50523e-10
-2.29395e-10
-2.07754e-10
-1.94282e-10
-1.67882e-10
-1.43416e-10
-1.24251e-10
-1.05247e-10
-7.86629e-11
-6.41586e-11
-4.74102e-11
-3.6323e-11
-1.2262e-11
-4.66324e-09
-4.668e-09
-4.64424e-09
-4.63268e-09
-4.62861e-09
-4.61779e-09
-4.61087e-09
-4.60673e-09
-4.61109e-09
-4.59309e-09
-4.56543e-09
-4.54137e-09
-4.52624e-09
-4.5271e-09
-4.52382e-09
-4.50321e-09
-4.48444e-09
-4.47166e-09
-4.45576e-09
-4.43887e-09
-4.42731e-09
-4.41472e-09
-4.39328e-09
-4.36218e-09
-4.35106e-09
-4.3278e-09
-4.30874e-09
-4.27872e-09
-4.23958e-09
-4.23504e-09
-4.21537e-09
-4.1766e-09
-4.13913e-09
-4.10788e-09
-4.09876e-09
-4.09616e-09
-4.08002e-09
-4.03038e-09
-4.00999e-09
-3.99844e-09
-3.96142e-09
-3.94343e-09
-3.91749e-09
-3.88174e-09
-3.85073e-09
-3.83031e-09
-3.81358e-09
-3.79355e-09
-3.77117e-09
-3.74982e-09
-3.73004e-09
-3.69478e-09
-3.65866e-09
-3.61495e-09
-3.60204e-09
-3.57607e-09
-3.55468e-09
-3.53356e-09
-3.51406e-09
-3.48957e-09
-3.46203e-09
-3.4437e-09
-3.42414e-09
-3.40714e-09
-3.36173e-09
-3.32212e-09
-3.31333e-09
-3.29108e-09
-3.26982e-09
-3.25488e-09
-3.24597e-09
-3.22515e-09
-3.20493e-09
-3.18655e-09
-3.183e-09
-3.17385e-09
-3.16414e-09
-3.13792e-09
-3.10687e-09
-3.09687e-09
-3.06492e-09
-3.05063e-09
-3.03721e-09
-3.03713e-09
-3.01774e-09
-2.99599e-09
-2.97972e-09
-2.98566e-09
-2.96393e-09
-2.94088e-09
-2.92634e-09
-2.92038e-09
-2.92747e-09
-2.91459e-09
-2.87629e-09
-2.85634e-09
-2.84575e-09
-2.83514e-09
-2.81873e-09
-2.80691e-09
-2.78813e-09
-2.7734e-09
-2.76347e-09
-2.73661e-09
-2.70638e-09
-2.68122e-09
-2.64676e-09
-2.61986e-09
-2.59796e-09
-2.57324e-09
-2.53744e-09
-2.48806e-09
-2.44065e-09
-2.40461e-09
-2.3554e-09
-2.30475e-09
-2.25214e-09
-2.23545e-09
-2.22779e-09
-2.20992e-09
-2.18464e-09
-2.15681e-09
-2.13305e-09
-2.12186e-09
-2.09723e-09
-2.07446e-09
-2.05621e-09
-2.05437e-09
-2.01976e-09
-2.00233e-09
-2.00589e-09
-1.9854e-09
-1.9634e-09
-1.93802e-09
-1.90969e-09
-1.87479e-09
-1.83563e-09
-1.8092e-09
-1.79365e-09
-1.77297e-09
-1.7534e-09
-1.7394e-09
-1.7333e-09
-1.72534e-09
-1.69299e-09
-1.67675e-09
-1.65656e-09
-1.64922e-09
-1.61997e-09
-1.58429e-09
-1.55802e-09
-1.53429e-09
-1.50827e-09
-1.4782e-09
-1.44321e-09
-1.40177e-09
-1.36648e-09
-1.33142e-09
-1.28004e-09
-1.23217e-09
-1.19298e-09
-1.16894e-09
-1.12605e-09
-1.08617e-09
-1.07376e-09
-1.0473e-09
-1.00403e-09
-9.61185e-10
-9.25648e-10
-8.75484e-10
-8.4175e-10
-8.07752e-10
-7.654e-10
-7.18546e-10
-6.78052e-10
-6.43062e-10
-6.07622e-10
-5.73064e-10
-5.29609e-10
-4.91618e-10
-4.59781e-10
-4.35739e-10
-3.95844e-10
-3.52677e-10
-3.20854e-10
-3.06753e-10
-2.74496e-10
-2.40101e-10
-2.2207e-10
-2.11933e-10
-1.93974e-10
-1.715e-10
-1.48758e-10
-1.21705e-10
-9.21744e-11
-8.88247e-11
-7.43354e-11
-6.22967e-11
-3.64058e-11
-3.24072e-12
-4.66092e-09
-4.68078e-09
-4.65592e-09
-4.63319e-09
-4.63669e-09
-4.61106e-09
-4.60599e-09
-4.60739e-09
-4.60642e-09
-4.57931e-09
-4.55941e-09
-4.53798e-09
-4.51216e-09
-4.51757e-09
-4.5194e-09
-4.49131e-09
-4.47228e-09
-4.46011e-09
-4.44039e-09
-4.41928e-09
-4.40358e-09
-4.40041e-09
-4.38679e-09
-4.35686e-09
-4.34557e-09
-4.32541e-09
-4.2985e-09
-4.27526e-09
-4.24215e-09
-4.22779e-09
-4.2158e-09
-4.18522e-09
-4.16664e-09
-4.13053e-09
-4.10802e-09
-4.09853e-09
-4.08621e-09
-4.05349e-09
-4.02437e-09
-4.00299e-09
-3.97545e-09
-3.95223e-09
-3.91205e-09
-3.86423e-09
-3.83722e-09
-3.82347e-09
-3.80711e-09
-3.77502e-09
-3.75188e-09
-3.72641e-09
-3.70214e-09
-3.67536e-09
-3.64379e-09
-3.60612e-09
-3.58403e-09
-3.56337e-09
-3.54776e-09
-3.52613e-09
-3.50906e-09
-3.48156e-09
-3.45689e-09
-3.43699e-09
-3.40643e-09
-3.3806e-09
-3.34955e-09
-3.32655e-09
-3.30979e-09
-3.29165e-09
-3.28272e-09
-3.26253e-09
-3.24455e-09
-3.23727e-09
-3.21078e-09
-3.1913e-09
-3.1899e-09
-3.18488e-09
-3.17758e-09
-3.15481e-09
-3.13659e-09
-3.1122e-09
-3.08474e-09
-3.06684e-09
-3.06095e-09
-3.05077e-09
-3.02392e-09
-3.00138e-09
-2.98421e-09
-2.98052e-09
-2.97287e-09
-2.95009e-09
-2.91918e-09
-2.91434e-09
-2.91812e-09
-2.91503e-09
-2.88118e-09
-2.85581e-09
-2.84006e-09
-2.83378e-09
-2.81746e-09
-2.80055e-09
-2.77523e-09
-2.76348e-09
-2.75334e-09
-2.7286e-09
-2.7003e-09
-2.66627e-09
-2.63793e-09
-2.61593e-09
-2.60412e-09
-2.57503e-09
-2.53264e-09
-2.47858e-09
-2.43333e-09
-2.40472e-09
-2.35555e-09
-2.3073e-09
-2.2644e-09
-2.23103e-09
-2.22127e-09
-2.20081e-09
-2.18085e-09
-2.16179e-09
-2.142e-09
-2.13591e-09
-2.11113e-09
-2.0804e-09
-2.05491e-09
-2.04704e-09
-2.02432e-09
-2.01513e-09
-2.00248e-09
-1.98094e-09
-1.96068e-09
-1.94623e-09
-1.91256e-09
-1.86653e-09
-1.82819e-09
-1.80564e-09
-1.78393e-09
-1.75859e-09
-1.73829e-09
-1.72198e-09
-1.72699e-09
-1.71695e-09
-1.69875e-09
-1.67373e-09
-1.64983e-09
-1.63572e-09
-1.61169e-09
-1.58002e-09
-1.55636e-09
-1.52665e-09
-1.49222e-09
-1.46668e-09
-1.43861e-09
-1.40316e-09
-1.35625e-09
-1.31982e-09
-1.27418e-09
-1.21782e-09
-1.18553e-09
-1.16126e-09
-1.11847e-09
-1.08258e-09
-1.06563e-09
-1.03445e-09
-9.97221e-10
-9.59466e-10
-9.22598e-10
-8.90053e-10
-8.47188e-10
-8.07139e-10
-7.71666e-10
-7.30914e-10
-6.88238e-10
-6.4806e-10
-6.06944e-10
-5.79594e-10
-5.36952e-10
-5.02653e-10
-4.71651e-10
-4.31324e-10
-3.91686e-10
-3.5872e-10
-3.31727e-10
-3.00597e-10
-2.67764e-10
-2.39744e-10
-2.24512e-10
-2.06866e-10
-1.90858e-10
-1.70371e-10
-1.52257e-10
-1.28208e-10
-1.01859e-10
-9.61053e-11
-8.81386e-11
-6.96063e-11
-3.85551e-11
-5.1406e-12
-4.66653e-09
-4.68385e-09
-4.66908e-09
-4.64099e-09
-4.63186e-09
-4.62017e-09
-4.6118e-09
-4.60721e-09
-4.59175e-09
-4.57338e-09
-4.5523e-09
-4.52974e-09
-4.51585e-09
-4.50549e-09
-4.49424e-09
-4.48424e-09
-4.47569e-09
-4.45893e-09
-4.42831e-09
-4.40141e-09
-4.39848e-09
-4.38857e-09
-4.37346e-09
-4.35024e-09
-4.32666e-09
-4.31671e-09
-4.30272e-09
-4.26969e-09
-4.23381e-09
-4.21928e-09
-4.22194e-09
-4.20309e-09
-4.17111e-09
-4.13909e-09
-4.12033e-09
-4.10408e-09
-4.09476e-09
-4.07007e-09
-4.0403e-09
-4.01216e-09
-3.98481e-09
-3.95816e-09
-3.91628e-09
-3.86756e-09
-3.82468e-09
-3.82101e-09
-3.80288e-09
-3.76898e-09
-3.7323e-09
-3.70599e-09
-3.68868e-09
-3.64617e-09
-3.62792e-09
-3.60345e-09
-3.58172e-09
-3.5661e-09
-3.55403e-09
-3.51967e-09
-3.49205e-09
-3.47154e-09
-3.44603e-09
-3.41806e-09
-3.38804e-09
-3.37037e-09
-3.35222e-09
-3.33165e-09
-3.31098e-09
-3.30041e-09
-3.27652e-09
-3.27272e-09
-3.25634e-09
-3.24004e-09
-3.22798e-09
-3.20886e-09
-3.19696e-09
-3.1918e-09
-3.17949e-09
-3.15945e-09
-3.15168e-09
-3.12176e-09
-3.09746e-09
-3.08427e-09
-3.06793e-09
-3.0443e-09
-3.02745e-09
-3.00971e-09
-2.99154e-09
-2.96652e-09
-2.95852e-09
-2.94744e-09
-2.91878e-09
-2.91026e-09
-2.90976e-09
-2.89877e-09
-2.87837e-09
-2.85896e-09
-2.84843e-09
-2.8282e-09
-2.80566e-09
-2.79051e-09
-2.76766e-09
-2.75086e-09
-2.73813e-09
-2.7181e-09
-2.69394e-09
-2.66842e-09
-2.64163e-09
-2.61704e-09
-2.59103e-09
-2.56548e-09
-2.51845e-09
-2.46905e-09
-2.43506e-09
-2.39816e-09
-2.35142e-09
-2.30646e-09
-2.27391e-09
-2.23852e-09
-2.21711e-09
-2.19753e-09
-2.17819e-09
-2.1696e-09
-2.15779e-09
-2.14268e-09
-2.11308e-09
-2.09595e-09
-2.06818e-09
-2.06215e-09
-2.04417e-09
-2.03433e-09
-2.01259e-09
-1.98349e-09
-1.96202e-09
-1.9325e-09
-1.9026e-09
-1.86343e-09
-1.82558e-09
-1.80009e-09
-1.77065e-09
-1.74853e-09
-1.73281e-09
-1.72025e-09
-1.71422e-09
-1.70742e-09
-1.6956e-09
-1.66836e-09
-1.6336e-09
-1.61886e-09
-1.59153e-09
-1.57192e-09
-1.54536e-09
-1.52072e-09
-1.48487e-09
-1.44876e-09
-1.42042e-09
-1.38519e-09
-1.33902e-09
-1.30772e-09
-1.26562e-09
-1.22558e-09
-1.19995e-09
-1.1595e-09
-1.12539e-09
-1.09511e-09
-1.06619e-09
-1.02766e-09
-9.91906e-10
-9.48504e-10
-9.17381e-10
-8.88186e-10
-8.45569e-10
-8.0246e-10
-7.63518e-10
-7.36348e-10
-7.03885e-10
-6.59794e-10
-6.16316e-10
-5.7891e-10
-5.37311e-10
-5.09296e-10
-4.73445e-10
-4.32637e-10
-3.95588e-10
-3.53042e-10
-3.30883e-10
-3.00762e-10
-2.70977e-10
-2.42859e-10
-2.24972e-10
-2.07281e-10
-1.87829e-10
-1.76683e-10
-1.54163e-10
-1.31929e-10
-1.24237e-10
-1.09903e-10
-9.75494e-11
-7.43284e-11
-4.50617e-11
-1.66373e-11
-4.67718e-09
-4.69004e-09
-4.67276e-09
-4.6508e-09
-4.62772e-09
-4.61936e-09
-4.61515e-09
-4.59016e-09
-4.57465e-09
-4.56316e-09
-4.54794e-09
-4.52681e-09
-4.50865e-09
-4.4939e-09
-4.48774e-09
-4.49124e-09
-4.45944e-09
-4.4434e-09
-4.41632e-09
-4.38977e-09
-4.38143e-09
-4.38801e-09
-4.36844e-09
-4.35015e-09
-4.33781e-09
-4.32154e-09
-4.29572e-09
-4.26682e-09
-4.23957e-09
-4.22262e-09
-4.22528e-09
-4.2033e-09
-4.16733e-09
-4.14354e-09
-4.14257e-09
-4.1333e-09
-4.09994e-09
-4.05842e-09
-4.0323e-09
-4.02765e-09
-3.99767e-09
-3.95714e-09
-3.91419e-09
-3.86671e-09
-3.82811e-09
-3.82144e-09
-3.78806e-09
-3.7634e-09
-3.72404e-09
-3.69508e-09
-3.68299e-09
-3.65256e-09
-3.62385e-09
-3.5982e-09
-3.5831e-09
-3.5674e-09
-3.55076e-09
-3.5183e-09
-3.48629e-09
-3.45544e-09
-3.43789e-09
-3.40499e-09
-3.38616e-09
-3.37597e-09
-3.34727e-09
-3.33149e-09
-3.31761e-09
-3.29664e-09
-3.2741e-09
-3.26805e-09
-3.26158e-09
-3.24945e-09
-3.23911e-09
-3.21709e-09
-3.20788e-09
-3.19244e-09
-3.17879e-09
-3.16353e-09
-3.14934e-09
-3.13267e-09
-3.10624e-09
-3.0985e-09
-3.07559e-09
-3.06019e-09
-3.04676e-09
-3.00984e-09
-2.9825e-09
-2.95983e-09
-2.94149e-09
-2.92899e-09
-2.90348e-09
-2.89447e-09
-2.88248e-09
-2.88718e-09
-2.8832e-09
-2.85277e-09
-2.83728e-09
-2.82387e-09
-2.81114e-09
-2.79732e-09
-2.76388e-09
-2.74131e-09
-2.72273e-09
-2.7109e-09
-2.69331e-09
-2.66368e-09
-2.63637e-09
-2.61162e-09
-2.59462e-09
-2.5592e-09
-2.51334e-09
-2.47253e-09
-2.42422e-09
-2.39651e-09
-2.35087e-09
-2.29722e-09
-2.27647e-09
-2.2439e-09
-2.2341e-09
-2.22142e-09
-2.19164e-09
-2.16578e-09
-2.15208e-09
-2.14504e-09
-2.13033e-09
-2.10533e-09
-2.08005e-09
-2.07635e-09
-2.05539e-09
-2.04125e-09
-2.01904e-09
-1.98545e-09
-1.94758e-09
-1.91898e-09
-1.89689e-09
-1.86122e-09
-1.82477e-09
-1.78552e-09
-1.76544e-09
-1.74417e-09
-1.72977e-09
-1.72103e-09
-1.71265e-09
-1.69614e-09
-1.68363e-09
-1.65598e-09
-1.62654e-09
-1.60124e-09
-1.58171e-09
-1.5647e-09
-1.53195e-09
-1.50861e-09
-1.47448e-09
-1.44188e-09
-1.41415e-09
-1.37474e-09
-1.31674e-09
-1.28677e-09
-1.26564e-09
-1.2406e-09
-1.19846e-09
-1.16714e-09
-1.13678e-09
-1.1092e-09
-1.08334e-09
-1.04052e-09
-9.85036e-10
-9.46393e-10
-9.15464e-10
-8.85716e-10
-8.41172e-10
-8.03375e-10
-7.71791e-10
-7.50841e-10
-7.09715e-10
-6.62218e-10
-6.20749e-10
-5.80527e-10
-5.52698e-10
-5.20074e-10
-4.76147e-10
-4.36419e-10
-3.96105e-10
-3.54084e-10
-3.31661e-10
-2.97257e-10
-2.72855e-10
-2.44828e-10
-2.27452e-10
-2.17942e-10
-2.00073e-10
-1.85585e-10
-1.56333e-10
-1.4649e-10
-1.38188e-10
-1.31205e-10
-1.09719e-10
-8.27924e-11
-4.84034e-11
-2.16159e-11
-4.67249e-09
-4.68708e-09
-4.67612e-09
-4.65818e-09
-4.64405e-09
-4.61954e-09
-4.60613e-09
-4.59815e-09
-4.56819e-09
-4.54297e-09
-4.53612e-09
-4.51714e-09
-4.49507e-09
-4.49193e-09
-4.49041e-09
-4.46809e-09
-4.4449e-09
-4.43765e-09
-4.41461e-09
-4.38898e-09
-4.37502e-09
-4.36554e-09
-4.35931e-09
-4.35562e-09
-4.33224e-09
-4.32464e-09
-4.29219e-09
-4.27458e-09
-4.2615e-09
-4.25436e-09
-4.23189e-09
-4.21385e-09
-4.17836e-09
-4.15823e-09
-4.15875e-09
-4.14575e-09
-4.11281e-09
-4.06523e-09
-4.03534e-09
-4.02918e-09
-3.99489e-09
-3.94768e-09
-3.91683e-09
-3.87132e-09
-3.83071e-09
-3.81145e-09
-3.77365e-09
-3.74719e-09
-3.71069e-09
-3.6868e-09
-3.68694e-09
-3.65771e-09
-3.62296e-09
-3.6043e-09
-3.57315e-09
-3.5592e-09
-3.54967e-09
-3.51121e-09
-3.47821e-09
-3.46117e-09
-3.43268e-09
-3.38708e-09
-3.37523e-09
-3.37411e-09
-3.34871e-09
-3.32878e-09
-3.31348e-09
-3.29598e-09
-3.28625e-09
-3.27454e-09
-3.26252e-09
-3.24546e-09
-3.24613e-09
-3.24076e-09
-3.23314e-09
-3.20677e-09
-3.17934e-09
-3.16877e-09
-3.15213e-09
-3.13841e-09
-3.12389e-09
-3.10955e-09
-3.08124e-09
-3.0559e-09
-3.04052e-09
-3.00968e-09
-2.98113e-09
-2.9594e-09
-2.92793e-09
-2.91666e-09
-2.90436e-09
-2.88939e-09
-2.86917e-09
-2.86833e-09
-2.8672e-09
-2.84292e-09
-2.83302e-09
-2.81889e-09
-2.79925e-09
-2.79464e-09
-2.76971e-09
-2.73712e-09
-2.72037e-09
-2.70697e-09
-2.69562e-09
-2.65974e-09
-2.63551e-09
-2.61355e-09
-2.59644e-09
-2.56419e-09
-2.52157e-09
-2.48487e-09
-2.44491e-09
-2.39357e-09
-2.35577e-09
-2.30542e-09
-2.28424e-09
-2.2724e-09
-2.2579e-09
-2.23913e-09
-2.19764e-09
-2.16903e-09
-2.15787e-09
-2.15004e-09
-2.13891e-09
-2.11595e-09
-2.0983e-09
-2.08172e-09
-2.0548e-09
-2.03484e-09
-2.00543e-09
-1.97441e-09
-1.93202e-09
-1.89282e-09
-1.88911e-09
-1.84616e-09
-1.80949e-09
-1.77414e-09
-1.75736e-09
-1.7392e-09
-1.7163e-09
-1.70793e-09
-1.70365e-09
-1.68511e-09
-1.67739e-09
-1.65766e-09
-1.6278e-09
-1.59265e-09
-1.56476e-09
-1.54908e-09
-1.5107e-09
-1.49618e-09
-1.4726e-09
-1.43873e-09
-1.40559e-09
-1.3596e-09
-1.32156e-09
-1.28464e-09
-1.26552e-09
-1.24013e-09
-1.20513e-09
-1.18019e-09
-1.14439e-09
-1.11762e-09
-1.08196e-09
-1.0402e-09
-9.93067e-10
-9.53435e-10
-9.20776e-10
-8.87929e-10
-8.51031e-10
-8.12108e-10
-7.74861e-10
-7.56721e-10
-7.12081e-10
-6.63309e-10
-6.23038e-10
-5.85404e-10
-5.61868e-10
-5.18759e-10
-4.77647e-10
-4.3608e-10
-3.992e-10
-3.57608e-10
-3.31522e-10
-3.07936e-10
-2.8698e-10
-2.68771e-10
-2.38984e-10
-2.2175e-10
-1.9521e-10
-1.83775e-10
-1.73161e-10
-1.62221e-10
-1.41556e-10
-1.36902e-10
-1.1267e-10
-8.07894e-11
-5.21404e-11
-1.88773e-11
-4.67819e-09
-4.69633e-09
-4.687e-09
-4.66368e-09
-4.63941e-09
-4.613e-09
-4.60919e-09
-4.588e-09
-4.56237e-09
-4.53968e-09
-4.52001e-09
-4.50381e-09
-4.49476e-09
-4.48333e-09
-4.47935e-09
-4.46897e-09
-4.44181e-09
-4.4219e-09
-4.40168e-09
-4.37335e-09
-4.36862e-09
-4.36841e-09
-4.37125e-09
-4.36664e-09
-4.35137e-09
-4.32626e-09
-4.29592e-09
-4.28343e-09
-4.27422e-09
-4.25836e-09
-4.24783e-09
-4.22944e-09
-4.19374e-09
-4.17936e-09
-4.16673e-09
-4.14473e-09
-4.11531e-09
-4.06793e-09
-4.04187e-09
-4.01903e-09
-3.97614e-09
-3.94063e-09
-3.90139e-09
-3.86083e-09
-3.82907e-09
-3.80108e-09
-3.75553e-09
-3.73522e-09
-3.70384e-09
-3.68866e-09
-3.68581e-09
-3.66909e-09
-3.6314e-09
-3.60783e-09
-3.58632e-09
-3.56272e-09
-3.53013e-09
-3.50553e-09
-3.47483e-09
-3.45885e-09
-3.4357e-09
-3.3986e-09
-3.38387e-09
-3.36262e-09
-3.34593e-09
-3.33943e-09
-3.30694e-09
-3.30044e-09
-3.2877e-09
-3.27441e-09
-3.26765e-09
-3.2543e-09
-3.25229e-09
-3.24705e-09
-3.23693e-09
-3.22598e-09
-3.1828e-09
-3.17448e-09
-3.15804e-09
-3.14578e-09
-3.12876e-09
-3.10285e-09
-3.07446e-09
-3.06186e-09
-3.0341e-09
-3.00611e-09
-2.98945e-09
-2.96425e-09
-2.93779e-09
-2.91964e-09
-2.88728e-09
-2.86317e-09
-2.86188e-09
-2.86444e-09
-2.86155e-09
-2.83757e-09
-2.82172e-09
-2.81122e-09
-2.8004e-09
-2.79363e-09
-2.76907e-09
-2.74206e-09
-2.72109e-09
-2.70738e-09
-2.69616e-09
-2.66608e-09
-2.63062e-09
-2.61174e-09
-2.59063e-09
-2.57727e-09
-2.53998e-09
-2.4937e-09
-2.45858e-09
-2.40778e-09
-2.3707e-09
-2.32716e-09
-2.31e-09
-2.29309e-09
-2.27421e-09
-2.25364e-09
-2.20607e-09
-2.18683e-09
-2.17375e-09
-2.159e-09
-2.14589e-09
-2.12878e-09
-2.10337e-09
-2.07821e-09
-2.06719e-09
-2.04209e-09
-2.00083e-09
-1.95187e-09
-1.91895e-09
-1.88758e-09
-1.87379e-09
-1.83094e-09
-1.80247e-09
-1.76862e-09
-1.7521e-09
-1.7402e-09
-1.71761e-09
-1.68677e-09
-1.70288e-09
-1.68885e-09
-1.67574e-09
-1.65373e-09
-1.62119e-09
-1.58255e-09
-1.54813e-09
-1.53513e-09
-1.50024e-09
-1.47002e-09
-1.44887e-09
-1.4334e-09
-1.40494e-09
-1.35783e-09
-1.32688e-09
-1.2928e-09
-1.27141e-09
-1.25097e-09
-1.21844e-09
-1.18413e-09
-1.15032e-09
-1.12552e-09
-1.09864e-09
-1.05437e-09
-1.00727e-09
-9.65879e-10
-9.31238e-10
-8.99489e-10
-8.60369e-10
-8.23865e-10
-7.89564e-10
-7.57816e-10
-7.15002e-10
-6.69076e-10
-6.2558e-10
-5.95366e-10
-5.59012e-10
-5.1535e-10
-4.68463e-10
-4.33732e-10
-3.96475e-10
-3.55807e-10
-3.33768e-10
-3.15859e-10
-2.92022e-10
-2.73515e-10
-2.4851e-10
-2.35643e-10
-2.1443e-10
-1.95705e-10
-1.7717e-10
-1.71674e-10
-1.51375e-10
-1.31907e-10
-1.18045e-10
-8.16405e-11
-3.58613e-11
-1.53541e-11
-4.66719e-09
-4.69319e-09
-4.69844e-09
-4.6762e-09
-4.64027e-09
-4.61435e-09
-4.60712e-09
-4.57919e-09
-4.55287e-09
-4.52968e-09
-4.50347e-09
-4.48999e-09
-4.48692e-09
-4.48146e-09
-4.4682e-09
-4.46539e-09
-4.43814e-09
-4.40857e-09
-4.40269e-09
-4.38504e-09
-4.375e-09
-4.37337e-09
-4.3632e-09
-4.36177e-09
-4.3528e-09
-4.33714e-09
-4.31236e-09
-4.2904e-09
-4.28096e-09
-4.26972e-09
-4.2569e-09
-4.23748e-09
-4.21144e-09
-4.19097e-09
-4.17424e-09
-4.14708e-09
-4.12461e-09
-4.0846e-09
-4.04243e-09
-4.00133e-09
-3.97228e-09
-3.93305e-09
-3.89889e-09
-3.85696e-09
-3.81798e-09
-3.79986e-09
-3.76738e-09
-3.74139e-09
-3.712e-09
-3.69676e-09
-3.69199e-09
-3.6725e-09
-3.64677e-09
-3.62147e-09
-3.59457e-09
-3.57429e-09
-3.53347e-09
-3.507e-09
-3.47088e-09
-3.45204e-09
-3.4311e-09
-3.39693e-09
-3.38343e-09
-3.36245e-09
-3.34089e-09
-3.33093e-09
-3.30541e-09
-3.30271e-09
-3.28463e-09
-3.27401e-09
-3.27849e-09
-3.27193e-09
-3.26983e-09
-3.26357e-09
-3.25038e-09
-3.22811e-09
-3.1884e-09
-3.17294e-09
-3.15611e-09
-3.13633e-09
-3.1168e-09
-3.08888e-09
-3.05934e-09
-3.03943e-09
-3.02056e-09
-2.99725e-09
-2.98381e-09
-2.95763e-09
-2.93448e-09
-2.91226e-09
-2.88636e-09
-2.86326e-09
-2.85631e-09
-2.85224e-09
-2.84992e-09
-2.84059e-09
-2.82424e-09
-2.81029e-09
-2.8024e-09
-2.79062e-09
-2.77286e-09
-2.7465e-09
-2.71873e-09
-2.69186e-09
-2.6826e-09
-2.66892e-09
-2.64367e-09
-2.62635e-09
-2.60006e-09
-2.57806e-09
-2.54308e-09
-2.51466e-09
-2.47888e-09
-2.42918e-09
-2.38138e-09
-2.34989e-09
-2.32626e-09
-2.30147e-09
-2.2791e-09
-2.24657e-09
-2.2192e-09
-2.20009e-09
-2.18945e-09
-2.1621e-09
-2.14464e-09
-2.12914e-09
-2.09901e-09
-2.07645e-09
-2.06547e-09
-2.036e-09
-1.98614e-09
-1.94441e-09
-1.90918e-09
-1.87256e-09
-1.86056e-09
-1.83223e-09
-1.81077e-09
-1.78822e-09
-1.7547e-09
-1.74027e-09
-1.72149e-09
-1.70477e-09
-1.70368e-09
-1.68412e-09
-1.66411e-09
-1.6447e-09
-1.61449e-09
-1.57578e-09
-1.54194e-09
-1.51579e-09
-1.48868e-09
-1.46158e-09
-1.44648e-09
-1.42892e-09
-1.41141e-09
-1.37229e-09
-1.33626e-09
-1.31177e-09
-1.27769e-09
-1.25613e-09
-1.2274e-09
-1.19947e-09
-1.15952e-09
-1.13157e-09
-1.11535e-09
-1.07207e-09
-1.02188e-09
-9.77779e-10
-9.42874e-10
-9.07604e-10
-8.60692e-10
-8.26879e-10
-7.94076e-10
-7.5265e-10
-7.09551e-10
-6.62515e-10
-6.31125e-10
-5.93604e-10
-5.62284e-10
-5.19721e-10
-4.73817e-10
-4.36954e-10
-4.04969e-10
-3.66759e-10
-3.3835e-10
-3.23224e-10
-2.94174e-10
-2.7716e-10
-2.61413e-10
-2.42291e-10
-2.2404e-10
-2.0895e-10
-1.9597e-10
-1.83336e-10
-1.65573e-10
-1.43988e-10
-1.14934e-10
-8.38636e-11
-5.30863e-11
-2.35462e-11
-4.67907e-09
-4.70305e-09
-4.6875e-09
-4.65652e-09
-4.64362e-09
-4.61692e-09
-4.59155e-09
-4.56026e-09
-4.54111e-09
-4.5229e-09
-4.50252e-09
-4.48669e-09
-4.4753e-09
-4.47026e-09
-4.46871e-09
-4.45787e-09
-4.43897e-09
-4.41558e-09
-4.39934e-09
-4.38421e-09
-4.37415e-09
-4.37591e-09
-4.37791e-09
-4.37067e-09
-4.35285e-09
-4.33622e-09
-4.32402e-09
-4.30775e-09
-4.28192e-09
-4.26802e-09
-4.2608e-09
-4.25087e-09
-4.23005e-09
-4.20635e-09
-4.18095e-09
-4.13365e-09
-4.11975e-09
-4.09329e-09
-4.04576e-09
-3.98741e-09
-3.94118e-09
-3.90991e-09
-3.881e-09
-3.84681e-09
-3.80812e-09
-3.79075e-09
-3.76904e-09
-3.75078e-09
-3.72516e-09
-3.71573e-09
-3.70984e-09
-3.67711e-09
-3.64833e-09
-3.637e-09
-3.6036e-09
-3.57417e-09
-3.55235e-09
-3.52391e-09
-3.48175e-09
-3.45499e-09
-3.43204e-09
-3.40364e-09
-3.38426e-09
-3.36802e-09
-3.34396e-09
-3.32282e-09
-3.30157e-09
-3.30118e-09
-3.29078e-09
-3.27846e-09
-3.27987e-09
-3.28208e-09
-3.28372e-09
-3.27492e-09
-3.25449e-09
-3.22483e-09
-3.1949e-09
-3.17879e-09
-3.15927e-09
-3.13401e-09
-3.10558e-09
-3.07708e-09
-3.04895e-09
-3.02067e-09
-2.9991e-09
-2.99293e-09
-2.97983e-09
-2.94861e-09
-2.92418e-09
-2.90694e-09
-2.89019e-09
-2.86912e-09
-2.85853e-09
-2.85079e-09
-2.84457e-09
-2.83488e-09
-2.82415e-09
-2.81094e-09
-2.79141e-09
-2.78851e-09
-2.77665e-09
-2.752e-09
-2.71997e-09
-2.687e-09
-2.66835e-09
-2.6621e-09
-2.6517e-09
-2.63333e-09
-2.6057e-09
-2.57567e-09
-2.54794e-09
-2.51989e-09
-2.48877e-09
-2.44866e-09
-2.40123e-09
-2.36885e-09
-2.35097e-09
-2.31575e-09
-2.28483e-09
-2.25304e-09
-2.23075e-09
-2.21328e-09
-2.19179e-09
-2.15974e-09
-2.15137e-09
-2.13568e-09
-2.09595e-09
-2.07322e-09
-2.04435e-09
-2.00797e-09
-1.97054e-09
-1.93593e-09
-1.90323e-09
-1.87295e-09
-1.85908e-09
-1.83869e-09
-1.81971e-09
-1.79795e-09
-1.77226e-09
-1.74748e-09
-1.72758e-09
-1.71116e-09
-1.69527e-09
-1.67843e-09
-1.65563e-09
-1.63675e-09
-1.606e-09
-1.56255e-09
-1.53652e-09
-1.51017e-09
-1.48201e-09
-1.46332e-09
-1.44662e-09
-1.43069e-09
-1.40312e-09
-1.37634e-09
-1.33924e-09
-1.30614e-09
-1.27087e-09
-1.25367e-09
-1.24202e-09
-1.21202e-09
-1.17699e-09
-1.15007e-09
-1.12614e-09
-1.07377e-09
-1.03621e-09
-9.96439e-10
-9.53481e-10
-9.07122e-10
-8.75388e-10
-8.45305e-10
-8.13152e-10
-7.69825e-10
-7.16114e-10
-6.71934e-10
-6.33004e-10
-5.90526e-10
-5.6375e-10
-5.26617e-10
-4.76635e-10
-4.43806e-10
-4.11669e-10
-3.68726e-10
-3.37388e-10
-3.21555e-10
-3.02649e-10
-2.81683e-10
-2.75324e-10
-2.61076e-10
-2.42595e-10
-2.30356e-10
-2.09594e-10
-1.9703e-10
-1.7667e-10
-1.45801e-10
-1.11095e-10
-8.66041e-11
-5.55634e-11
-2.28163e-11
-4.6684e-09
-4.70079e-09
-4.69028e-09
-4.65536e-09
-4.64143e-09
-4.61627e-09
-4.58984e-09
-4.55771e-09
-4.5255e-09
-4.51571e-09
-4.49501e-09
-4.48135e-09
-4.47614e-09
-4.47148e-09
-4.46732e-09
-4.46847e-09
-4.44424e-09
-4.41306e-09
-4.39787e-09
-4.3849e-09
-4.38689e-09
-4.39153e-09
-4.38062e-09
-4.36026e-09
-4.35454e-09
-4.33352e-09
-4.31822e-09
-4.31222e-09
-4.29554e-09
-4.26927e-09
-4.26291e-09
-4.25216e-09
-4.23271e-09
-4.20853e-09
-4.17704e-09
-4.14408e-09
-4.11967e-09
-4.08586e-09
-4.04069e-09
-3.98447e-09
-3.94415e-09
-3.8969e-09
-3.86585e-09
-3.84816e-09
-3.82035e-09
-3.79428e-09
-3.77044e-09
-3.76533e-09
-3.75543e-09
-3.73999e-09
-3.70969e-09
-3.67777e-09
-3.66461e-09
-3.65178e-09
-3.61721e-09
-3.57495e-09
-3.55595e-09
-3.54239e-09
-3.49791e-09
-3.45716e-09
-3.4321e-09
-3.40874e-09
-3.38693e-09
-3.36831e-09
-3.346e-09
-3.31888e-09
-3.30776e-09
-3.30075e-09
-3.29051e-09
-3.28375e-09
-3.28685e-09
-3.29538e-09
-3.28603e-09
-3.27706e-09
-3.25525e-09
-3.2219e-09
-3.20395e-09
-3.18248e-09
-3.15574e-09
-3.12849e-09
-3.10119e-09
-3.07199e-09
-3.03808e-09
-3.00578e-09
-2.97605e-09
-2.97597e-09
-2.96055e-09
-2.94602e-09
-2.91153e-09
-2.89892e-09
-2.89956e-09
-2.87417e-09
-2.86463e-09
-2.84673e-09
-2.8376e-09
-2.83535e-09
-2.83172e-09
-2.8148e-09
-2.78912e-09
-2.78702e-09
-2.78248e-09
-2.7612e-09
-2.72614e-09
-2.68535e-09
-2.6702e-09
-2.67045e-09
-2.66276e-09
-2.6424e-09
-2.60534e-09
-2.5695e-09
-2.54973e-09
-2.51852e-09
-2.47961e-09
-2.44628e-09
-2.41479e-09
-2.3903e-09
-2.36453e-09
-2.31863e-09
-2.28416e-09
-2.25882e-09
-2.23902e-09
-2.22314e-09
-2.19518e-09
-2.16282e-09
-2.1445e-09
-2.12395e-09
-2.10228e-09
-2.06131e-09
-2.0412e-09
-1.98892e-09
-1.95693e-09
-1.93075e-09
-1.90555e-09
-1.87922e-09
-1.85072e-09
-1.83815e-09
-1.81892e-09
-1.80227e-09
-1.78059e-09
-1.75152e-09
-1.73088e-09
-1.72054e-09
-1.6937e-09
-1.6766e-09
-1.64426e-09
-1.62935e-09
-1.60355e-09
-1.56027e-09
-1.54391e-09
-1.51085e-09
-1.48064e-09
-1.46944e-09
-1.44912e-09
-1.43187e-09
-1.40387e-09
-1.37987e-09
-1.34561e-09
-1.31696e-09
-1.27572e-09
-1.26296e-09
-1.2507e-09
-1.21868e-09
-1.18416e-09
-1.17451e-09
-1.14176e-09
-1.08581e-09
-1.04435e-09
-1.00162e-09
-9.54745e-10
-9.06128e-10
-8.8052e-10
-8.50415e-10
-8.1444e-10
-7.68215e-10
-7.23041e-10
-6.88603e-10
-6.39477e-10
-5.99307e-10
-5.68771e-10
-5.21603e-10
-4.84522e-10
-4.43766e-10
-4.10501e-10
-3.7317e-10
-3.39376e-10
-3.17006e-10
-3.06595e-10
-2.89289e-10
-2.7784e-10
-2.57635e-10
-2.45959e-10
-2.32984e-10
-2.18579e-10
-2.04469e-10
-1.79385e-10
-1.42157e-10
-1.13637e-10
-8.3893e-11
-5.20375e-11
-1.82456e-11
-4.67576e-09
-4.69289e-09
-4.68789e-09
-4.65576e-09
-4.62813e-09
-4.61105e-09
-4.59214e-09
-4.56372e-09
-4.52373e-09
-4.51049e-09
-4.50073e-09
-4.48652e-09
-4.47571e-09
-4.46779e-09
-4.45947e-09
-4.45649e-09
-4.44618e-09
-4.42636e-09
-4.40977e-09
-4.3998e-09
-4.39434e-09
-4.38724e-09
-4.38191e-09
-4.38149e-09
-4.35519e-09
-4.3387e-09
-4.32572e-09
-4.31429e-09
-4.29402e-09
-4.2638e-09
-4.26918e-09
-4.26591e-09
-4.2409e-09
-4.20293e-09
-4.17335e-09
-4.13761e-09
-4.12452e-09
-4.09607e-09
-4.03421e-09
-3.97372e-09
-3.93369e-09
-3.89226e-09
-3.86168e-09
-3.84391e-09
-3.81451e-09
-3.80388e-09
-3.79025e-09
-3.78351e-09
-3.77031e-09
-3.74627e-09
-3.71692e-09
-3.6981e-09
-3.67979e-09
-3.66779e-09
-3.63721e-09
-3.5941e-09
-3.55604e-09
-3.53963e-09
-3.51077e-09
-3.47146e-09
-3.43843e-09
-3.41491e-09
-3.38538e-09
-3.35866e-09
-3.34823e-09
-3.321e-09
-3.2995e-09
-3.29073e-09
-3.2904e-09
-3.28855e-09
-3.28628e-09
-3.29624e-09
-3.28218e-09
-3.27531e-09
-3.24783e-09
-3.21865e-09
-3.20574e-09
-3.18002e-09
-3.14836e-09
-3.13112e-09
-3.09451e-09
-3.05953e-09
-3.02946e-09
-2.99567e-09
-2.9698e-09
-2.95362e-09
-2.93523e-09
-2.91821e-09
-2.90216e-09
-2.90151e-09
-2.88976e-09
-2.87154e-09
-2.86651e-09
-2.85628e-09
-2.834e-09
-2.8376e-09
-2.83106e-09
-2.81499e-09
-2.79149e-09
-2.78455e-09
-2.77787e-09
-2.76095e-09
-2.73182e-09
-2.70944e-09
-2.69292e-09
-2.67571e-09
-2.66303e-09
-2.65878e-09
-2.62191e-09
-2.56913e-09
-2.53994e-09
-2.51339e-09
-2.48293e-09
-2.45804e-09
-2.42862e-09
-2.40099e-09
-2.35704e-09
-2.30924e-09
-2.27725e-09
-2.25467e-09
-2.23795e-09
-2.22554e-09
-2.1966e-09
-2.1676e-09
-2.14102e-09
-2.12169e-09
-2.10073e-09
-2.06975e-09
-2.03063e-09
-1.98753e-09
-1.95887e-09
-1.92776e-09
-1.90914e-09
-1.89162e-09
-1.86432e-09
-1.8432e-09
-1.81751e-09
-1.80428e-09
-1.79488e-09
-1.76376e-09
-1.7392e-09
-1.72108e-09
-1.69601e-09
-1.68552e-09
-1.65164e-09
-1.6298e-09
-1.599e-09
-1.56707e-09
-1.5468e-09
-1.50853e-09
-1.48335e-09
-1.46251e-09
-1.44918e-09
-1.43638e-09
-1.40414e-09
-1.37043e-09
-1.33656e-09
-1.30992e-09
-1.29221e-09
-1.26389e-09
-1.23903e-09
-1.21646e-09
-1.19119e-09
-1.17843e-09
-1.14298e-09
-1.10233e-09
-1.05479e-09
-1.00697e-09
-9.60824e-10
-9.13158e-10
-8.84119e-10
-8.57771e-10
-8.18993e-10
-7.71173e-10
-7.3916e-10
-7.05301e-10
-6.49491e-10
-6.03465e-10
-5.6991e-10
-5.31336e-10
-4.95251e-10
-4.60734e-10
-4.23728e-10
-3.79421e-10
-3.51384e-10
-3.3312e-10
-3.24198e-10
-3.06895e-10
-2.85296e-10
-2.55614e-10
-2.59686e-10
-2.35487e-10
-2.1864e-10
-2.08912e-10
-1.76531e-10
-1.42138e-10
-1.15726e-10
-8.37641e-11
-5.00494e-11
-1.43228e-11
-4.67909e-09
-4.68212e-09
-4.66066e-09
-4.64473e-09
-4.63019e-09
-4.60932e-09
-4.58643e-09
-4.55531e-09
-4.54069e-09
-4.52891e-09
-4.51592e-09
-4.50027e-09
-4.4795e-09
-4.47458e-09
-4.46577e-09
-4.4642e-09
-4.45026e-09
-4.42823e-09
-4.4179e-09
-4.406e-09
-4.39515e-09
-4.38765e-09
-4.38897e-09
-4.3873e-09
-4.37056e-09
-4.35092e-09
-4.32967e-09
-4.31204e-09
-4.29167e-09
-4.27288e-09
-4.27293e-09
-4.25273e-09
-4.23095e-09
-4.21587e-09
-4.18162e-09
-4.14116e-09
-4.11719e-09
-4.0762e-09
-4.02477e-09
-3.96447e-09
-3.93023e-09
-3.88864e-09
-3.8602e-09
-3.83889e-09
-3.82043e-09
-3.82007e-09
-3.80213e-09
-3.78829e-09
-3.78426e-09
-3.75921e-09
-3.73035e-09
-3.70554e-09
-3.70059e-09
-3.68758e-09
-3.64811e-09
-3.60505e-09
-3.56479e-09
-3.54669e-09
-3.51123e-09
-3.48121e-09
-3.45259e-09
-3.41978e-09
-3.39621e-09
-3.36766e-09
-3.34611e-09
-3.32828e-09
-3.30419e-09
-3.29312e-09
-3.28596e-09
-3.27926e-09
-3.28199e-09
-3.28646e-09
-3.26804e-09
-3.25326e-09
-3.23787e-09
-3.22112e-09
-3.19117e-09
-3.16573e-09
-3.14634e-09
-3.11745e-09
-3.08959e-09
-3.06232e-09
-3.03136e-09
-2.9763e-09
-2.94111e-09
-2.9503e-09
-2.93758e-09
-2.9005e-09
-2.88169e-09
-2.88289e-09
-2.88741e-09
-2.88019e-09
-2.86608e-09
-2.85011e-09
-2.83327e-09
-2.84094e-09
-2.84296e-09
-2.83012e-09
-2.77775e-09
-2.77163e-09
-2.78179e-09
-2.77353e-09
-2.7524e-09
-2.71897e-09
-2.69712e-09
-2.68295e-09
-2.67996e-09
-2.65709e-09
-2.61381e-09
-2.56116e-09
-2.53625e-09
-2.51268e-09
-2.47942e-09
-2.46046e-09
-2.42633e-09
-2.38631e-09
-2.33969e-09
-2.28907e-09
-2.26629e-09
-2.243e-09
-2.23579e-09
-2.22286e-09
-2.19821e-09
-2.15378e-09
-2.1321e-09
-2.13373e-09
-2.10944e-09
-2.08311e-09
-2.02823e-09
-1.9893e-09
-1.97937e-09
-1.947e-09
-1.90995e-09
-1.87949e-09
-1.86509e-09
-1.84362e-09
-1.82677e-09
-1.81216e-09
-1.78884e-09
-1.76736e-09
-1.75039e-09
-1.72643e-09
-1.69493e-09
-1.68538e-09
-1.66706e-09
-1.63858e-09
-1.60808e-09
-1.58716e-09
-1.54537e-09
-1.50265e-09
-1.49355e-09
-1.47999e-09
-1.45822e-09
-1.43827e-09
-1.40944e-09
-1.37542e-09
-1.34184e-09
-1.30923e-09
-1.28856e-09
-1.27742e-09
-1.24484e-09
-1.21159e-09
-1.19424e-09
-1.18315e-09
-1.1495e-09
-1.10359e-09
-1.05946e-09
-1.01487e-09
-9.62926e-10
-9.18505e-10
-8.81806e-10
-8.51051e-10
-8.13105e-10
-7.76375e-10
-7.5095e-10
-7.09117e-10
-6.54136e-10
-6.05082e-10
-5.60649e-10
-5.28695e-10
-5.02818e-10
-4.70964e-10
-4.16485e-10
-3.73533e-10
-3.46991e-10
-3.45213e-10
-3.36328e-10
-3.12126e-10
-2.92929e-10
-2.71891e-10
-2.59168e-10
-2.34154e-10
-2.18535e-10
-2.09225e-10
-1.85907e-10
-1.38083e-10
-1.07226e-10
-6.99379e-11
-3.40644e-11
-1.38636e-11
)
;

boundaryField
{
    cyclic1
    {
        type            cyclic;
    }
    cyclic2
    {
        type            cyclic;
    }
    frontAndBack
    {
        type            empty;
    }
    outlet
    {
        type            fixedValue;
        value           uniform 0;
    }
    inlet
    {
        type            zeroGradient;
    }
}


// ************************************************************************* //
