/*--------------------------------*- C++ -*----------------------------------*\
  =========                 |
  \\      /  F ield         | OpenFOAM: The Open Source CFD Toolbox
   \\    /   O peration     | Website:  https://openfoam.org
    \\  /    A nd           | Version:  6
     \\/     M anipulation  |
\*---------------------------------------------------------------------------*/
FoamFile
{
    version     2.0;
    format      ascii;
    class       surfaceScalarField;
    location    "20";
    object      phi;
}
// * * * * * * * * * * * * * * * * * * * * * * * * * * * * * * * * * * * * * //

dimensions      [0 3 -1 0 0 0 0];

internalField   nonuniform List<scalar> 
7780
(
2
2.78442e-16
2
2.04836e-16
2
3.09119e-16
2
3.57146e-16
2
3.34472e-16
2
3.13378e-16
2
1.32985e-16
2
-3.09362e-17
2
1.30083e-16
2
1.58792e-16
2
1.18221e-16
2
1.76959e-16
2
3.91878e-17
2
1.55587e-16
2
1.54089e-16
2
1.96031e-16
2
1.64019e-16
2
1.67237e-16
2
1.50278e-16
2
6.65345e-17
2
6.93445e-17
2
-1.13607e-16
2
-1.00718e-17
2
-1.15996e-16
2
-1.05134e-17
2
-2.40596e-17
2
5.55196e-17
2
1.15241e-16
2
1.73463e-16
2
-6.84856e-17
2
5.90724e-17
2
1.1025e-16
2
1.34908e-16
2
1.52936e-16
2
1.76624e-16
2
2.8489e-16
2
2.27937e-16
2
6.47655e-17
2
9.79637e-17
2
1.711e-16
2
3.51945e-16
2
2.03451e-16
2
2.05411e-16
2
3.32969e-16
2
4.50429e-17
2
-9.35419e-17
2
1.40974e-17
2
-8.87372e-18
2
5.74859e-17
2
-1.47443e-18
2
-1.44663e-17
2
-1.18449e-16
2
-7.26957e-17
2
-1.19861e-16
2
-2.51443e-16
2
-2.11361e-16
2
-8.12053e-17
2
-8.24448e-17
2
-1.0048e-16
2
-3.14463e-17
2
3.38126e-17
2
5.38537e-18
2
-2.0107e-16
2
-2.58477e-16
2
-2.57133e-16
2
-2.04322e-16
2
-2.0997e-16
2
-2.66435e-16
2
-2.86661e-16
2
-1.12248e-17
2
1.27332e-17
2
1.7298e-18
2
3.50917e-17
2
-7.59006e-18
2
-1.62389e-17
2
2.4818e-17
2
1.46425e-16
2
2.44145e-17
2
-1.57156e-16
2
-2.89917e-16
2
-2.14123e-16
2
-7.18672e-17
2
-1.11264e-16
2
-1.10519e-16
2
-2.31275e-16
2
-1.93127e-16
2
-1.19372e-16
2
-1.53611e-16
2
-1.27835e-16
2
5.07935e-17
2
1.35636e-16
2
1.69907e-16
2
1.92231e-16
2
3.96946e-17
2
6.53286e-17
2
2.34494e-17
2
1.27195e-16
2
4.62377e-17
2
-1.09068e-16
2
-1.67827e-16
2
-3.88204e-17
2
2.20706e-17
2
7.06366e-17
2
9.75091e-17
2
1.77049e-16
2
2.16688e-16
2
1.14178e-16
2
6.36732e-19
2
-5.90048e-17
2
-9.60007e-17
2
-3.02389e-17
2
1.05498e-16
2
4.05187e-17
2
4.76552e-17
2
5.44903e-17
2
-1.60932e-16
2
2.7843e-17
2
-3.0146e-17
2
-2.1952e-16
2
-1.58006e-16
2
-1.19392e-16
2
-1.34646e-16
2
-2.08272e-16
2
-2.90041e-16
2
-2.9049e-16
2
-2.92777e-16
2
-2.98061e-16
2
-6.3893e-17
2
-2.05628e-16
2
6.3219e-17
2
5.31106e-17
2
-9.10643e-17
2
-7.46052e-17
2
-3.09687e-17
2
-3.49166e-17
2
-3.44836e-17
2
-1.59963e-17
2
-3.32785e-18
2
6.27428e-17
2
1.8206e-16
2
9.13642e-17
2
-4.58131e-17
2
-4.0322e-17
2
-1.41246e-16
2
-8.47624e-17
2
2.02499e-16
2
1.79747e-16
2
2.42497e-16
2
3.20342e-16
2
1.81245e-16
2
4.52351e-18
2
-5.23508e-17
2
3.16215e-16
2
5.10216e-17
2
2.72632e-17
2
3.14887e-17
2
1.97813e-17
2
-3.56311e-17
2
-1.33448e-16
2
-1.19105e-16
2
2.28733e-16
2
2.3686e-16
2
3.80023e-16
2
2.96319e-16
2
1.43956e-17
2
1.84711e-17
2
-4.43144e-17
2
-1.18175e-16
2
-1.25488e-16
2
-2.35977e-16
2
-4.54221e-16
2
-2.71488e-16
2
-2.08849e-16
2
-4.97652e-16
2
-5.03492e-16
2
-2.80149e-16
2
8.43304e-17
2
7.08936e-17
2
-1.42302e-16
2
-2.31183e-16
2
-8.15639e-17
2
2.46441e-16
2
1.06909e-16
2
2.79285e-16
2
2.30076e-16
2
1.17229e-16
2
1.73048e-16
2
4.8216e-18
2
-1.67715e-16
2
1.53514e-17
2
2.94052e-16
2
3.15622e-16
2
2.98787e-16
2
2.11394e-16
2
7.40776e-17
2
8.76769e-17
2
1.38444e-16
2
5.98731e-19
2
7.53385e-17
-1.87237e-17
2
-3.02607e-17
2
8.82833e-17
2
1.32921e-16
2
1.71976e-16
2
2.76572e-16
2
3.30881e-16
2
2.25081e-16
2
1.43362e-16
2
1.4382e-16
2
2.1506e-16
2
2.03008e-16
2
7.65374e-18
2
5.43152e-17
2
1.7286e-16
2
3.82873e-16
2
1.1309e-16
2
1.88934e-16
2
1.42586e-16
2
1.57669e-16
2
1.17764e-16
2
-9.02268e-18
2
-4.58678e-17
2
-2.06443e-16
2
6.35194e-17
2
3.80884e-17
2
4.69012e-17
2
9.93524e-17
2
1.53413e-16
2
1.73764e-16
2
1.58786e-16
2
2.6158e-16
2
3.33746e-16
2
2.45815e-16
2
3.81195e-16
2
3.60229e-16
2
1.78465e-16
2
-3.61966e-17
2
-1.63595e-16
2
-1.4667e-16
2
1.18972e-16
2
2.61829e-16
2
2.85058e-16
2
2.0517e-16
2
1.36415e-16
2
2.47902e-16
2
2.37058e-16
2
1.61855e-16
2
1.18126e-16
2
1.54696e-17
2
7.05946e-18
2
1.57609e-16
2
1.81759e-16
2
1.08557e-16
2
-5.68471e-17
2
-2.90739e-16
2
-2.26237e-16
2
-2.05868e-16
2
-2.10344e-16
2
-2.27898e-16
2
-1.66256e-16
2
-2.99542e-16
2
-5.10153e-16
2
-3.80612e-16
2
-4.08677e-16
2
-1.52993e-16
2
-1.94166e-16
2
-2.4811e-16
2
-2.36013e-16
2
-1.91216e-16
2
5.72215e-18
2
3.55352e-18
2
1.35795e-17
2
-7.56465e-18
2
-1.25096e-16
2
-3.47029e-17
2
-4.95316e-17
2
-1.38186e-16
2
2.8181e-17
2
-3.79486e-17
2
3.3312e-17
2
8.27412e-17
2
-1.07291e-16
2
-7.79443e-17
2
-1.29144e-16
2
4.83224e-17
2
-4.64059e-17
2
-1.47011e-16
2
3.60308e-17
2
1.38983e-16
2
1.26808e-16
2
7.2994e-17
2
2.18126e-16
2
4.16194e-17
2
1.48741e-16
2
1.37735e-16
2
2.91872e-16
2
4.21748e-17
2
-1.82262e-16
2
-1.4671e-16
2
-1.16334e-16
2
-1.19958e-16
2
-1.55797e-16
2
-1.87516e-16
2
2.01556e-17
2
-1.41433e-17
2
-9.67579e-17
2
-1.23851e-16
2
1.51438e-16
2
2.09642e-16
2
1.85077e-16
2
7.60671e-18
2
-2.10347e-16
2
-2.68488e-16
2
-2.77848e-17
2
-1.98817e-16
2
-2.17481e-16
2
4.99373e-17
2
2.12676e-17
2
-2.77431e-17
2
-7.6336e-17
2
-2.82674e-17
2
3.19397e-17
2
1.90607e-16
2
-8.67493e-17
2
-3.21497e-17
2
-1.7248e-16
2
-2.07196e-16
2
-3.31517e-16
2
4.8038e-17
2
-6.38302e-17
2
-5.56867e-17
2
6.20311e-18
2
-5.49193e-17
2
-5.28096e-17
2
-1.45126e-17
2
1.4698e-16
2
-1.39344e-17
2
-1.39475e-16
2
1.87781e-17
2
1.67757e-16
2
2.68964e-16
2
2.11809e-16
2
2.28037e-17
2
1.54638e-16
2
1.53942e-16
2
-4.41183e-17
2
1.52817e-17
2
1.08947e-16
2
2.1695e-16
2
1.61266e-16
2
-1.25833e-16
2
1.29686e-16
2
1.72786e-16
2
1.35727e-16
2
6.23805e-17
2
-1.9931e-17
2
-3.2647e-16
2
-9.09067e-17
2
1.26621e-16
2
1.72216e-16
2
2.74965e-16
2
3.57275e-16
2
2.39531e-16
2
3.41459e-16
2
3.3956e-16
2
4.22473e-17
2
9.82907e-18
2
7.60146e-17
2
-9.64046e-17
2
-1.07394e-16
2
-1.07902e-16
2
-1.25463e-16
2
-3.79201e-16
2
-2.30002e-16
2
-5.54037e-17
2
-2.17109e-16
2
-3.64482e-16
2
-2.58695e-16
2
-9.25803e-17
2
8.97759e-17
2
1.83466e-16
2
1.07736e-17
2
1.8288e-16
2
1.63353e-16
2
1.10714e-16
2
-1.31801e-16
2
-3.05517e-17
2
6.51039e-17
2
1.05134e-16
2
1.8691e-16
2
3.47756e-16
2
4.00269e-16
2
3.49374e-16
2
2.2101e-16
2
1.61055e-16
2
1.46283e-16
2
2.22438e-16
2
1.44056e-16
2
-6.75049e-18
-1.59369e-16
2
1.32686e-17
2
2.16682e-17
2
1.20647e-16
2
2.11726e-16
2
1.61146e-16
2
1.46789e-16
2
2.96866e-16
2
1.89487e-16
2
1.51084e-16
2
-1.03594e-16
2
-2.48099e-17
2
5.07812e-17
2
-2.77744e-17
2
8.90475e-17
2
2.4827e-16
2
3.14346e-16
2
1.23766e-16
2
1.90233e-16
2
1.16047e-16
2
9.27774e-17
2
1.18212e-16
2
2.90601e-17
2
-1.9669e-17
2
2.40635e-17
2
-1.40831e-16
2
-7.08622e-17
2
1.07417e-16
2
2.05245e-16
2
1.62942e-16
2
1.49984e-16
2
3.62938e-16
2
2.44803e-16
2
1.2023e-16
2
2.73376e-16
2
1.04185e-16
2
-6.6693e-17
2
5.63182e-17
2
2.18975e-17
2
-5.21203e-17
2
-9.61634e-17
2
-6.28228e-17
2
6.2372e-17
2
1.16739e-16
2
1.17469e-16
2
-1.14006e-17
2
8.45011e-17
2
7.18806e-17
2
1.47487e-16
2
2.39497e-16
2
2.06114e-16
2
7.74474e-17
2
9.43252e-17
2
2.28583e-16
2
-7.31794e-18
2
-7.81637e-17
2
-4.96561e-17
2
-2.31579e-16
2
-2.20785e-16
2
-3.22174e-16
2
-3.78319e-16
2
-3.97933e-16
2
-3.70154e-16
2
-3.14658e-16
2
-3.21952e-16
2
-1.86734e-16
2
-9.14191e-17
2
-2.36771e-16
2
-1.02839e-16
2
-1.28427e-16
2
-1.51303e-16
2
1.58341e-18
2
1.06812e-17
2
4.01212e-17
2
-7.90907e-18
2
-1.09471e-17
2
-1.07088e-16
2
-2.08541e-16
2
-7.1032e-17
2
4.63551e-17
2
4.73513e-19
2
5.03465e-17
2
1.53061e-17
2
-1.78654e-17
2
1.38974e-17
2
7.03788e-17
2
2.76987e-17
2
-1.32631e-17
2
-1.29015e-16
2
2.22541e-17
2
6.38112e-18
2
6.39802e-17
2
4.97993e-18
2
3.1103e-18
2
-8.81204e-17
2
7.03222e-18
2
2.72377e-17
2
-4.76047e-17
2
-1.78454e-16
2
-1.46454e-16
2
-5.31662e-18
2
-1.18823e-16
2
-2.81916e-16
2
-1.21352e-16
2
-1.45675e-16
2
-6.16635e-17
2
1.43408e-16
2
5.26277e-17
2
-1.01764e-16
2
-1.48367e-16
2
-1.26817e-16
2
-1.42239e-16
2
-7.05532e-17
2
4.33407e-17
2
-1.83524e-16
2
-2.06709e-16
2
-1.05051e-16
2
4.798e-18
2
-5.11618e-17
2
4.16467e-17
2
-1.47479e-16
2
1.9753e-17
2
1.0632e-17
2
-4.35084e-17
2
4.63025e-17
2
-1.39671e-16
2
-1.78521e-16
2
2.98812e-17
2
7.74073e-17
2
-4.35723e-17
2
-1.24136e-16
2
-1.30133e-16
2
-2.16861e-17
2
-6.11617e-17
2
-1.82978e-16
2
-3.08221e-17
2
-1.22283e-16
2
-9.02299e-18
2
2.16158e-16
2
3.17922e-16
2
1.56003e-16
2
4.6617e-17
2
-6.91356e-17
2
-2.92326e-17
2
2.5424e-17
2
-8.49529e-17
2
5.97354e-17
2
4.98131e-17
2
-5.37755e-17
2
-1.57647e-16
2
-1.17628e-16
2
1.47312e-16
2
5.80495e-17
2
1.3101e-17
2
1.04216e-16
2
1.02984e-16
2
7.83242e-17
2
1.2954e-16
2
-4.1602e-17
2
-2.21367e-18
2
2.17413e-16
2
2.03206e-16
2
1.43942e-16
2
2.46576e-16
2
3.39096e-16
2
4.13842e-16
2
2.71181e-16
2
6.31208e-17
2
1.05133e-16
2
1.68615e-16
2
2.15728e-17
2
-2.98038e-17
2
-1.36288e-16
2
2.55741e-18
2
4.42804e-17
2
8.49707e-18
2
8.54143e-17
2
-1.09734e-16
2
-6.81546e-17
2
2.31004e-17
2
1.28122e-16
2
2.02229e-16
2
2.37035e-16
2
1.10866e-17
2
5.7069e-17
2
7.4069e-17
2
1.01946e-16
2
1.0216e-16
2
2.54215e-16
2
4.01707e-16
2
4.48033e-16
2
4.89175e-16
2
4.56569e-17
2
6.65263e-17
2
2.45042e-16
2
2.987e-16
2
1.51016e-16
2
6.03243e-17
2
1.25343e-16
2
-1.0842e-17
-8.44471e-18
2
5.93547e-17
2
1.41573e-16
2
1.43385e-16
2
1.7233e-16
2
1.26109e-16
2
1.87969e-16
2
2.04086e-16
2
1.79724e-16
2
-6.28718e-17
2
-3.02006e-16
2
-2.9332e-16
2
-2.15118e-16
2
1.79409e-16
2
3.22997e-17
2
-1.63529e-16
2
-7.435e-17
2
9.36278e-18
2
1.38408e-16
2
5.70932e-17
2
1.08239e-16
2
1.71593e-17
2
1.30398e-16
2
-2.6238e-17
2
-3.51331e-17
2
2.66683e-17
2
1.49071e-17
2
1.00408e-16
2
-9.53118e-17
2
2.27273e-17
2
2.09162e-16
2
2.67061e-16
2
9.55753e-17
2
-1.61513e-16
2
-3.18853e-16
2
-2.50424e-16
2
-1.21475e-16
2
5.92049e-17
2
5.75055e-17
2
1.80727e-16
2
1.88915e-16
2
8.31156e-17
2
-8.42949e-17
2
8.78901e-17
2
8.90954e-17
2
1.3114e-16
2
3.05561e-16
2
2.58436e-16
2
8.10304e-17
2
3.80346e-17
2
3.14661e-16
2
2.61492e-16
2
2.91552e-16
2
8.30705e-17
2
2.78934e-16
2
1.02891e-16
2
-4.57651e-17
2
4.92798e-17
2
-4.39481e-17
2
3.89829e-17
2
-1.48256e-16
2
-9.06387e-17
2
-2.24708e-16
2
-1.2471e-16
2
4.14809e-17
2
-1.36882e-16
2
-1.93112e-16
2
-2.502e-17
2
-1.33595e-16
2
2.98847e-17
2
-8.67787e-18
2
1.94347e-16
2
3.19714e-17
2
-2.32177e-16
2
-3.38469e-16
2
-2.63156e-16
2
-1.1095e-16
2
2.28452e-17
2
1.53653e-18
2
7.87684e-17
2
-5.57505e-17
2
1.22843e-16
2
1.57924e-16
2
9.70441e-17
2
1.114e-16
2
1.41862e-16
2
1.13896e-16
2
1.91244e-16
2
3.33714e-16
2
2.69289e-18
2
-1.72303e-16
2
2.70361e-17
2
3.14736e-17
2
-5.70192e-18
2
-1.59841e-16
2
-1.96381e-16
2
-2.20167e-16
2
-2.80181e-16
2
-3.75526e-18
2
9.18155e-17
2
-2.58089e-16
2
-1.36182e-16
2
2.96873e-19
2
-1.66887e-16
2
-1.61964e-16
2
-1.2206e-16
2
-1.93469e-16
2
5.03346e-17
2
2.32762e-16
2
9.23506e-17
2
-1.77325e-16
2
-2.21413e-16
2
-1.64108e-16
2
-2.83994e-17
2
-1.4126e-16
2
-2.33689e-16
2
-3.21321e-16
2
-3.27617e-16
2
-2.08885e-16
2
-1.63701e-16
2
-1.96248e-16
2
-2.26718e-16
2
-3.88135e-17
2
-5.99274e-18
2
-7.32619e-17
2
-8.21427e-17
2
3.34328e-17
2
5.5047e-17
2
-1.45449e-16
2
-7.76319e-17
2
-2.07487e-16
2
-3.20299e-16
2
-2.4656e-16
2
-2.67396e-17
2
8.06807e-17
2
-2.42493e-17
2
4.74833e-17
2
1.74282e-16
2
5.72057e-17
2
-9.57795e-17
2
-6.96868e-17
2
1.12687e-16
2
-2.14116e-16
2
-1.85116e-16
2
-2.59854e-17
2
1.26372e-16
2
9.39176e-17
2
1.14865e-16
2
-1.75342e-16
2
-2.20623e-16
2
-8.13363e-17
2
-2.94886e-17
2
-1.15147e-17
2
1.16059e-16
2
9.09918e-17
2
1.93415e-17
2
1.04144e-16
2
2.67061e-16
2
1.75445e-16
2
1.62998e-16
2
5.2372e-17
2
1.14525e-16
2
2.21297e-16
2
2.44589e-16
2
3.19051e-16
2
1.31096e-16
2
3.55066e-16
2
2.72932e-16
2
3.67624e-17
2
1.19492e-16
2
-2.04995e-17
2
6.39047e-17
2
4.54691e-17
2
1.33795e-16
2
-4.48915e-17
2
-8.78591e-17
2
8.17783e-17
2
2.83183e-16
2
8.83675e-17
2
2.041e-16
2
1.62916e-16
2
1.88735e-16
2
1.75349e-16
2
8.52783e-17
2
5.3193e-17
2
2.89617e-17
2
2.63992e-16
2
4.61661e-16
2
2.18474e-16
2
2.78942e-16
2
4.22897e-16
2
1.97832e-16
2
3.70294e-16
2
2.28148e-16
2
1.39012e-16
2
1.65789e-16
2
3.00087e-16
2
1.9126e-16
2
1.30884e-17
2
2.63246e-17
-1.47761e-16
2
2.34015e-17
2
4.36829e-17
2
7.39205e-17
2
1.22511e-16
2
2.41529e-16
2
1.65285e-16
2
1.05026e-16
2
3.58753e-16
2
1.40924e-16
2
6.26003e-17
2
1.43001e-16
2
6.53375e-17
2
-1.20385e-17
2
-4.62335e-17
2
-4.76011e-17
2
-7.83663e-17
2
-8.14122e-17
2
-1.15309e-16
2
-4.95528e-17
2
-3.37081e-17
2
-6.91018e-17
2
-2.38557e-16
2
-1.87709e-16
2
-1.87113e-16
2
-1.02863e-16
2
2.45086e-17
2
-5.16892e-17
2
-2.5652e-16
2
-2.31105e-16
2
-4.78493e-17
2
-7.34803e-17
2
5.48372e-17
2
1.84026e-17
2
-1.01003e-16
2
2.68025e-17
2
2.21419e-18
2
1.09561e-17
2
1.21174e-16
2
1.8479e-16
2
5.07231e-17
2
1.33072e-16
2
1.96254e-16
2
8.4437e-17
2
1.98138e-16
2
2.43711e-16
2
1.66725e-17
2
6.87208e-17
2
2.51571e-16
2
2.62626e-16
2
1.99865e-16
2
1.96065e-16
2
1.84862e-16
2
8.59984e-17
2
8.33046e-17
2
2.65054e-16
2
1.37122e-16
2
8.2297e-17
2
-4.14661e-18
2
-2.11571e-16
2
-1.20954e-16
2
-6.61871e-17
2
1.37059e-16
2
9.03964e-18
2
-1.25112e-17
2
-1.12908e-16
2
-2.6378e-17
2
7.82794e-18
2
9.41685e-18
2
-1.11436e-16
2
-8.1246e-17
2
-2.01385e-16
2
-2.91198e-17
2
1.27389e-16
2
1.19962e-17
2
-1.12878e-16
2
1.30683e-17
2
-2.66855e-17
2
-7.92146e-17
2
-2.28997e-16
2
-1.66215e-18
2
-9.11169e-17
2
1.23786e-16
2
2.1456e-16
2
1.87515e-16
2
2.20475e-16
2
4.44462e-16
2
2.82466e-16
2
1.30627e-16
2
1.57002e-16
2
8.80032e-17
2
1.30065e-16
2
-9.43044e-17
2
-1.0631e-16
2
-1.24882e-16
2
-8.17923e-17
2
-2.00655e-16
2
-6.20863e-17
2
-1.37955e-16
2
-2.27914e-16
2
-9.44032e-17
2
-8.37199e-17
2
4.69305e-17
2
1.80119e-16
2
1.54773e-16
2
6.68527e-17
2
-4.85421e-17
2
-2.15942e-16
2
-3.27079e-16
2
-2.19446e-16
2
-2.44344e-16
2
-2.41713e-16
2
-1.9914e-16
2
-1.04508e-16
2
1.22386e-16
2
-7.39385e-17
2
-6.78637e-17
2
-3.2431e-16
2
-2.66334e-16
2
-1.39451e-16
2
-2.55272e-16
2
-2.51489e-16
2
-3.12387e-16
2
-2.0301e-16
2
-1.19086e-16
2
-7.82868e-17
2
-2.20307e-18
2
-2.15069e-17
2
-6.51905e-17
2
-2.63119e-16
2
-2.10441e-16
2
-1.06133e-16
2
-1.74259e-16
2
8.44731e-17
2
5.36595e-17
2
-6.11254e-17
2
1.88379e-16
2
2.82698e-16
2
2.95788e-16
2
1.17535e-16
2
2.73635e-16
2
8.28586e-17
2
1.32556e-16
2
2.584e-17
2
-1.84737e-17
2
1.01187e-16
2
1.9373e-17
2
2.00745e-17
2
3.59777e-17
2
-3.08197e-16
2
-3.53737e-16
2
-6.19245e-17
2
-4.82896e-17
2
9.73663e-18
2
6.5763e-17
2
1.54761e-16
2
7.8214e-19
2
2.58788e-17
2
2.01958e-16
2
-3.1495e-18
2
2.03745e-16
2
4.10478e-16
2
2.36784e-16
2
1.45861e-16
2
3.10265e-17
2
1.68372e-16
2
1.15312e-16
2
6.96154e-17
2
7.84488e-17
2
-1.06449e-16
2
1.5859e-16
2
1.56275e-16
2
1.46589e-16
2
-6.68032e-18
2
1.13255e-16
2
1.09335e-16
2
-2.91016e-17
2
3.91246e-17
2
2.62879e-16
2
4.4886e-17
2
2.12217e-17
2
1.20701e-16
2
1.72864e-16
2
9.09123e-17
2
8.27393e-17
2
1.33191e-16
2
4.03463e-16
2
2.80483e-16
2
2.26184e-16
2
3.29644e-16
2
1.96492e-16
2
3.61853e-16
2
1.58606e-16
2
1.83097e-16
2
2.63759e-16
2
2.56029e-16
2
1.6209e-16
2
2.45939e-17
2
5.62533e-17
2
-5.09857e-18
1.44391e-16
2
1.36643e-17
2
1.00294e-16
2
1.53785e-16
2
2.52807e-16
2
1.25095e-16
2
8.39092e-17
2
1.69869e-16
2
1.4783e-16
2
1.36035e-16
2
1.56981e-16
2
1.70661e-16
2
1.36851e-16
2
1.12528e-16
2
1.28131e-16
2
2.94369e-17
2
-4.6429e-17
2
-1.29956e-16
2
-4.63117e-17
2
-8.21936e-17
2
-3.84197e-16
2
-2.47552e-16
2
-2.12364e-16
2
-1.0454e-16
2
-2.35e-16
2
3.49243e-17
2
1.06618e-17
2
-4.48311e-16
2
-9.90944e-17
2
3.15649e-18
2
-3.73393e-17
2
6.24658e-18
2
-1.61988e-16
2
-7.02199e-17
2
5.9255e-17
2
-1.75665e-16
2
-1.67051e-16
2
3.70949e-17
2
-7.59664e-17
2
-6.1761e-17
2
4.25964e-17
2
1.73877e-16
2
1.13509e-16
2
2.36748e-16
2
3.52286e-16
2
2.09813e-16
2
3.22571e-16
2
2.17033e-16
2
1.92972e-16
2
1.77943e-16
2
1.90762e-16
2
2.06838e-16
2
2.08095e-16
2
1.66375e-16
2
2.71589e-16
2
1.73082e-16
2
1.68691e-16
2
1.08899e-16
2
7.30024e-17
2
1.93888e-16
2
6.0743e-17
2
-4.5906e-17
2
-9.8237e-17
2
6.20129e-17
2
2.0747e-17
2
1.76111e-16
2
1.93331e-16
2
4.41535e-17
2
1.49452e-16
2
9.45657e-18
2
-5.36879e-18
2
-1.20052e-17
2
-7.63332e-17
2
-8.42814e-17
2
-4.76506e-17
2
-1.79852e-16
2
-1.71934e-16
2
-1.64592e-16
2
-1.61837e-16
2
-1.02243e-16
2
-1.42671e-16
2
-6.1711e-17
2
-1.20204e-16
2
1.4745e-16
2
2.24196e-16
2
2.1943e-16
2
2.26298e-16
2
1.22061e-16
2
1.7414e-16
2
3.51209e-16
2
3.02002e-16
2
7.0167e-17
2
6.19237e-18
2
1.21566e-16
2
1.56557e-16
2
1.05707e-16
2
-5.12299e-17
2
-4.37351e-17
2
-1.84175e-16
2
-2.18031e-16
2
-4.07181e-17
2
5.85054e-17
2
1.96406e-16
2
2.60907e-16
2
1.76753e-16
2
-5.40674e-17
2
-3.11954e-16
2
-2.205e-16
2
-2.73871e-16
2
-3.22182e-16
2
-2.41157e-16
2
-3.28727e-16
2
-3.16482e-16
2
-2.00398e-16
2
-3.84484e-16
2
-5.05442e-17
2
2.47119e-18
2
-2.02802e-16
2
-2.43675e-16
2
-1.18835e-16
2
6.2399e-17
2
-6.2234e-17
2
-1.5888e-16
2
-1.63572e-16
2
-1.51406e-18
2
1.3552e-17
2
6.08311e-17
2
-2.65862e-17
2
-2.36797e-16
2
-2.70486e-16
2
-1.88171e-16
2
-1.86852e-16
2
-1.13728e-16
2
-1.38989e-16
2
8.26104e-18
2
2.37172e-16
2
3.53809e-16
2
2.74404e-16
2
1.49348e-16
2
4.01429e-16
2
3.39316e-16
2
1.47862e-16
2
7.52366e-17
2
7.64023e-17
2
2.12509e-16
2
2.16614e-16
2
1.94678e-16
2
-1.13055e-16
2
-2.48266e-16
2
-2.41641e-16
2
-1.07453e-16
2
-2.6919e-16
2
-1.54965e-16
2
-8.76157e-17
2
8.91035e-18
2
1.00383e-16
2
7.70818e-17
2
-3.96719e-17
2
-6.08709e-17
2
2.49901e-16
2
3.44758e-16
2
1.4213e-16
2
1.23351e-16
2
7.38605e-17
2
-2.39383e-18
2
-6.49934e-18
2
-1.05204e-16
2
-1.99372e-17
2
7.70373e-17
2
2.18522e-16
2
2.08611e-16
2
1.7819e-16
2
2.84544e-16
2
4.40592e-16
2
8.3992e-17
2
-1.48434e-17
2
9.85844e-18
2
4.24673e-17
2
1.76775e-18
2
7.22946e-17
2
1.73612e-16
2
6.65356e-17
2
-7.44796e-17
2
-3.42048e-18
2
3.82527e-17
2
1.75373e-16
2
1.59925e-16
2
1.06488e-16
2
2.81637e-16
2
2.38318e-16
2
1.51596e-16
2
4.05733e-17
2
2.67991e-16
2
1.29479e-16
2
1.26862e-18
2
-3.9213e-17
2
-9.13062e-17
2
-9.79913e-18
2
9.23442e-17
2
4.50221e-17
1.55e-16
2
-5.56451e-17
2
1.30718e-17
2
2.61439e-17
2
-2.07115e-17
2
3.62213e-17
2
6.23976e-18
2
1.31624e-17
2
-1.35366e-17
2
1.60711e-16
2
2.78942e-16
2
1.14021e-16
2
6.35616e-17
2
5.18032e-17
2
3.17252e-16
2
6.42134e-17
2
2.91995e-17
2
9.90449e-17
2
-2.24849e-16
2
-1.66986e-16
2
-1.63511e-16
2
-1.16862e-16
2
-6.23572e-17
2
-9.73594e-18
2
2.14869e-17
2
-8.80144e-17
2
-1.83519e-16
2
-1.29381e-16
2
-3.15753e-16
2
-2.62406e-16
2
-2.35473e-16
2
-3.58592e-16
2
-1.55316e-16
2
-1.25258e-16
2
-2.06552e-16
2
-1.5475e-16
2
-9.73614e-17
2
-1.12452e-16
2
6.14529e-17
2
7.84757e-18
2
1.8758e-17
2
1.50472e-17
2
2.84021e-16
2
3.80324e-16
2
3.66518e-16
2
5.48988e-16
2
5.11293e-16
2
3.1944e-16
2
1.66502e-16
2
1.73377e-16
2
2.5526e-16
2
2.46354e-16
2
2.25249e-16
2
2.12498e-16
2
1.48646e-16
2
3.38032e-16
2
6.81289e-17
2
4.69105e-17
2
-3.33288e-18
2
-4.11441e-18
2
-1.03835e-16
2
-4.06799e-17
2
3.21836e-16
2
2.48206e-16
2
2.45696e-16
2
1.6014e-16
2
-8.61659e-18
2
2.04043e-16
2
2.58477e-17
2
-3.90977e-17
2
5.90964e-17
2
-1.72823e-16
2
8.29331e-17
2
2.29248e-16
2
9.02999e-17
2
1.34269e-17
2
1.74479e-17
2
9.93515e-18
2
3.21596e-17
2
3.2158e-17
2
-1.91281e-17
2
1.75901e-17
2
7.75493e-17
2
9.02618e-17
2
2.85818e-16
2
2.01969e-16
2
4.81661e-17
2
1.46819e-16
2
1.8363e-16
2
6.12531e-17
2
-1.20311e-16
2
-5.97537e-18
2
6.66264e-17
2
1.28241e-16
2
1.30192e-16
2
-3.89776e-18
2
-4.55938e-17
2
-1.57111e-16
2
-2.44993e-16
2
6.24883e-17
2
1.8066e-16
2
1.10316e-16
2
2.59625e-16
2
2.80871e-16
2
1.30147e-16
2
1.57958e-16
2
1.98107e-16
2
-7.51751e-17
2
-4.01413e-16
2
-3.29149e-16
2
-8.9454e-17
2
9.02612e-17
2
-2.2481e-16
2
-2.74251e-16
2
-1.46625e-16
2
-6.84079e-17
2
-2.53188e-17
2
3.06481e-17
2
-5.84413e-18
2
1.01629e-16
2
1.53088e-16
2
-2.69458e-17
2
3.50682e-17
2
-1.73509e-17
2
4.7467e-17
2
4.85192e-17
2
-4.0026e-17
2
-1.84327e-16
2
-9.94473e-17
2
-1.44822e-16
2
-1.52231e-16
2
-7.76808e-17
2
-6.43766e-17
2
-9.45316e-17
2
-9.69032e-17
2
2.02248e-16
2
1.14171e-16
2
1.54473e-16
2
-1.18371e-17
2
-4.51422e-17
2
1.89127e-16
2
2.22934e-16
2
-5.21183e-17
2
-2.52589e-16
2
-1.57381e-16
2
-1.13511e-16
2
-1.88954e-16
2
-3.26736e-16
2
-1.96667e-16
2
-1.3745e-17
2
-1.36796e-16
2
-3.67739e-16
2
-2.54292e-16
2
-2.10826e-16
2
5.3415e-17
2
5.30764e-17
2
8.82593e-17
2
3.47366e-17
2
3.67871e-17
2
5.14297e-17
2
2.70938e-16
2
4.15437e-17
2
-4.40583e-17
2
1.36321e-16
2
3.29805e-17
2
3.33442e-17
2
2.67763e-17
2
3.57214e-17
2
1.78799e-16
2
2.95814e-16
2
2.40721e-16
2
2.98119e-16
2
2.84981e-16
2
8.66457e-17
2
2.76834e-16
2
2.70227e-16
2
-2.75988e-17
2
7.13432e-17
2
2.8036e-17
2
3.07486e-17
2
2.29882e-17
2
6.80549e-18
2
-9.31967e-17
2
1.42704e-17
2
-3.32789e-18
2
8.09998e-17
2
1.37854e-16
2
3.04881e-17
2
-3.77095e-17
2
1.00013e-16
2
-6.95581e-17
2
3.73009e-17
2
1.83464e-17
2
1.23538e-16
2
1.73817e-16
2
2.26228e-17
2
1.28346e-16
2
8.55252e-17
2
3.03686e-17
2
1.39169e-16
2.10239e-16
2
-1.51691e-16
2
-1.62436e-16
2
-5.70321e-17
2
-2.13652e-17
2
9.21291e-17
2
-5.61445e-17
2
-2.89347e-17
2
8.94187e-17
2
2.6548e-16
2
2.7728e-16
2
3.01476e-16
2
3.1507e-16
2
2.26171e-16
2
1.26384e-16
2
2.43566e-16
2
2.6909e-17
2
-1.40219e-16
2
-2.71745e-16
2
-6.45454e-17
2
7.58692e-17
2
3.99857e-17
2
7.7793e-17
2
1.71543e-16
2
6.19009e-17
2
-7.70258e-17
2
-2.62626e-16
2
-1.93774e-16
2
-2.27244e-16
2
-3.28e-16
2
-4.81577e-16
2
-4.35409e-16
2
-3.19118e-16
2
-1.06751e-16
2
-2.54795e-16
2
-2.57623e-16
2
-1.76654e-16
2
-1.52939e-16
2
-1.3017e-16
2
-3.30572e-17
2
1.69163e-17
2
-1.00437e-17
2
2.19004e-16
2
1.49382e-16
2
2.65571e-16
2
3.64927e-16
2
1.02076e-16
2
3.64778e-17
2
9.28686e-17
2
7.44505e-17
2
2.4652e-18
2
1.50221e-16
2
1.86447e-16
2
1.81821e-16
2
2.01707e-16
2
6.44618e-17
2
6.74541e-17
2
2.12248e-17
2
-3.85671e-17
2
-4.46207e-17
2
-3.34528e-17
2
1.65728e-16
2
2.90256e-16
2
1.55266e-16
2
-5.54203e-18
2
1.69613e-16
2
2.61958e-16
2
2.44977e-16
2
1.88021e-16
2
2.90481e-16
2
6.74431e-17
2
1.02287e-16
2
5.8591e-17
2
-3.39264e-17
2
1.28236e-16
2
1.68955e-16
2
2.00215e-16
2
8.7353e-17
2
1.07296e-16
2
9.81395e-17
2
-6.78125e-17
2
-7.24296e-17
2
8.74037e-17
2
3.09331e-17
2
-2.79999e-17
2
6.48396e-17
2
-9.90618e-17
2
-1.55392e-16
2
-4.83296e-17
2
-1.52543e-16
2
1.22222e-16
2
7.20835e-18
2
-1.16087e-16
2
-7.63617e-17
2
-6.37111e-17
2
-1.25353e-16
2
-2.3905e-16
2
-9.48133e-17
2
2.52344e-16
2
1.11933e-16
2
5.8089e-17
2
1.60151e-16
2
2.50319e-16
2
1.5886e-16
2
4.37345e-17
2
-2.80699e-16
2
-3.38556e-17
2
7.87805e-17
2
2.62605e-16
2
1.14045e-16
2
1.23589e-16
2
2.47177e-16
2
2.62502e-16
2
5.7537e-17
2
2.86571e-17
2
-5.02053e-17
2
4.49369e-17
2
1.4755e-16
2
-8.30217e-17
2
-2.10557e-16
2
-1.09033e-16
2
-3.0914e-17
2
-1.15493e-16
2
-2.33223e-16
2
-5.87114e-17
2
1.88221e-16
2
6.41946e-17
2
4.32134e-17
2
8.61948e-17
2
1.10659e-16
2
7.44037e-17
2
5.23648e-18
2
1.75504e-17
2
4.59425e-17
2
6.40263e-17
2
-1.65108e-17
2
4.25146e-17
2
8.46133e-17
2
2.6956e-17
2
4.74899e-17
2
-7.18014e-17
2
-8.39514e-18
2
1.16578e-16
2
-1.0094e-16
2
-1.35894e-16
2
-2.21452e-16
2
-2.97424e-16
2
-1.58576e-16
2
-1.55445e-16
2
-9.49582e-17
2
-2.98678e-16
2
-1.84236e-16
2
-1.36728e-16
2
2.43104e-17
2
-9.26561e-17
2
-3.90066e-17
2
7.86619e-17
2
4.90528e-17
2
1.01151e-16
2
1.86399e-16
2
-2.44075e-16
2
-2.63105e-16
2
1.67959e-17
2
7.70881e-17
2
-4.21707e-18
2
8.2563e-17
2
1.52989e-16
2
3.34668e-16
2
2.11526e-16
2
9.53093e-17
2
1.27713e-16
2
4.39327e-16
2
3.18545e-16
2
2.10863e-16
2
2.05424e-16
2
-8.08803e-17
2
1.49495e-16
2
-2.57711e-16
2
-4.64317e-16
2
-4.76457e-16
2
-5.85205e-16
2
-4.14344e-16
2
-2.74054e-16
2
-2.97298e-16
2
-1.26871e-16
2
-1.25272e-17
2
-9.58873e-17
2
-3.5336e-17
2
-3.44538e-17
2
-1.06837e-16
2
-7.6678e-17
2
-2.5509e-16
2
-3.08576e-16
2
-2.36653e-16
2
9.36512e-17
2
2.58833e-16
2
-6.70252e-17
2
1.37316e-17
2
1.23948e-16
2
2.70344e-16
2.34553e-16
2
-2.21477e-16
2
-2.48607e-16
2
-1.89381e-16
2
-1.72989e-16
2
-1.50329e-16
2
1.3835e-16
2
5.94515e-17
2
1.13271e-16
2
9.16458e-17
2
1.77278e-16
2
4.2189e-16
2
2.48886e-16
2
6.89764e-17
2
-1.67038e-16
2
-9.77987e-17
2
-4.33145e-17
2
3.42043e-17
2
2.31717e-16
2
8.97261e-17
2
2.29987e-17
2
2.09052e-17
2
7.97634e-17
2
4.24451e-18
2
4.96294e-17
2
-6.37255e-17
2
-1.41598e-16
2
-1.23947e-16
2
-7.91915e-17
2
-4.03171e-16
2
-4.25235e-16
2
-4.89531e-16
2
-3.36954e-16
2
-1.42967e-16
2
-5.14263e-17
2
-1.08471e-16
2
-1.60936e-16
2
-2.28252e-16
2
-5.42939e-17
2
3.29114e-17
2
1.06213e-16
2
8.2034e-17
2
-9.25734e-18
2
1.65148e-16
2
1.43609e-16
2
1.41553e-16
2
2.73569e-17
2
1.16996e-16
2
8.04253e-17
2
-3.41256e-17
2
-7.92473e-17
2
1.97339e-16
2
1.3553e-16
2
1.03251e-16
2
9.74508e-18
2
2.27388e-16
2
3.43224e-16
2
1.215e-16
2
2.50923e-17
2
-6.80263e-17
2
1.25152e-16
2
3.90015e-17
2
-3.3785e-16
2
-6.61553e-17
2
1.2097e-16
2
1.55474e-16
2
1.87874e-16
2
2.58755e-16
2
1.86393e-16
2
6.92381e-17
2
3.07316e-16
2
4.36854e-16
2
2.44488e-16
2
7.00794e-17
2
1.28585e-16
2
1.88174e-16
2
-1.02726e-16
2
-2.52275e-16
2
-6.49812e-17
2
4.9563e-17
2
3.69252e-16
2
3.04755e-16
2
7.02385e-17
2
1.80203e-16
2
1.55411e-16
2
-2.95978e-17
2
-5.37513e-17
2
-1.72304e-16
2
-9.24546e-17
2
1.47959e-17
2
-6.59843e-17
2
-2.50435e-16
2
-2.60103e-16
2
1.91475e-17
2
2.5715e-17
2
-1.00576e-16
2
-1.45232e-17
2
-4.26798e-17
2
-4.03333e-17
2
5.95759e-17
2
1.24551e-16
2
1.76706e-16
2
-6.06159e-17
2
7.06017e-17
2
8.15699e-17
2
3.85536e-17
2
-8.76254e-17
2
-1.9209e-16
2
-8.64129e-17
2
3.14766e-16
2
1.08995e-16
2
-2.2297e-17
2
7.84988e-17
2
1.12367e-16
2
1.4369e-16
2
1.25538e-16
2
4.63233e-17
2
3.73407e-18
2
4.59704e-17
2
6.9496e-17
2
2.10203e-17
2
7.07133e-17
2
7.44924e-17
2
7.92125e-17
2
-9.96178e-17
2
-1.14844e-16
2
7.54953e-17
2
9.13938e-17
2
1.26015e-16
2
1.46214e-16
2
1.82337e-16
2
-9.64902e-18
2
-3.55017e-17
2
-3.86401e-18
2
1.27167e-16
2
-6.08608e-17
2
-7.09063e-17
2
8.82303e-17
2
1.91684e-16
2
1.09209e-17
2
-5.57044e-17
2
-3.3565e-17
2
8.37061e-18
2
-2.72876e-17
2
-1.78954e-16
2
-2.14594e-16
2
-1.79961e-16
2
-5.94944e-17
2
-8.95367e-17
2
3.74081e-18
2
6.3725e-17
2
3.06411e-17
2
-6.79125e-17
2
-1.68706e-16
2
-2.05528e-16
2
-5.13629e-17
2
2.82814e-16
2
2.59815e-16
2
2.41601e-16
2
-2.86673e-18
2
-5.69942e-18
2
-1.22641e-17
2
1.83279e-17
2
-1.91259e-17
2
1.64924e-16
2
1.52443e-16
2
2.16558e-16
2
4.08104e-16
2
3.17214e-16
2
4.1661e-16
2
2.92266e-16
2
1.68117e-16
2
1.65192e-16
2
2.41965e-16
2
3.35123e-16
2
2.11109e-16
2
-6.34088e-17
2
-1.6526e-16
2
-3.95682e-16
2
-3.06594e-16
2
-3.76603e-16
2
-3.1616e-16
2
-2.00633e-16
2
-1.37624e-16
2
-2.02059e-16
2
-1.89442e-16
2
-2.37677e-17
2
-4.03529e-17
2
-3.77552e-16
2
-4.08062e-16
2
-3.09551e-16
2
-3.76493e-16
2
-3.70847e-16
2
-2.20167e-16
2
-3.51257e-16
2
-4.10239e-16
2
-1.98974e-16
2
-1.36414e-16
2
-1.29186e-16
2
-2.09997e-16
-2.968e-16
2
-2.80523e-16
2
-2.8797e-16
2
-2.92512e-16
2
-3.42495e-16
2
-1.61059e-16
2
-2.21602e-16
2
-2.05199e-16
2
-1.2111e-16
2
-7.46887e-17
2
1.21118e-17
2
-2.31207e-16
2
-6.10104e-17
2
2.67554e-17
2
-1.77368e-16
2
-3.28211e-16
2
-2.39703e-16
2
8.9898e-17
2
1.27454e-16
2
5.50917e-17
2
3.28346e-16
2
2.88741e-16
2
1.48096e-16
2
1.26548e-16
2
9.55766e-17
2
1.98793e-16
2
1.13858e-16
2
1.66919e-16
2
2.04175e-16
2
2.02296e-16
2
-2.40044e-16
2
-2.57071e-17
2
7.85226e-18
2
4.56987e-17
2
-1.25573e-16
2
-1.22651e-16
2
-9.64681e-17
2
-5.55308e-17
2
4.19322e-17
2
6.79566e-17
2
2.17044e-17
2
1.18904e-16
2
8.70803e-17
2
3.68028e-17
2
-1.05208e-16
2
-3.36901e-16
2
-1.7046e-16
2
-1.44252e-17
2
-1.15872e-16
2
-1.09712e-18
2
1.65868e-17
2
2.30589e-17
2
2.63947e-18
2
1.72576e-19
2
-5.6848e-17
2
9.6801e-17
2
7.57065e-17
2
1.10264e-16
2
7.57204e-17
2
1.45028e-17
2
1.33704e-16
2
1.2304e-16
2
1.99522e-16
2
-5.96526e-17
2
1.42332e-17
2
1.25858e-16
2
5.26937e-17
2
-1.97455e-17
2
1.11619e-16
2
1.88382e-16
2
6.41824e-17
2
7.82455e-17
2
1.25724e-16
2
1.42747e-16
2
9.51948e-18
2
-4.5857e-17
2
5.18351e-17
2
1.87652e-16
2
4.21462e-17
2
5.60328e-17
2
6.87948e-17
2
1.28645e-16
2
-1.25612e-18
2
-4.69059e-17
2
-9.01209e-17
2
5.14366e-17
2
9.33208e-17
2
6.24152e-17
2
-1.57474e-16
2
-3.68502e-17
2
-1.81063e-16
2
-2.03762e-16
2
-4.79534e-17
2
-2.26458e-16
2
-1.11801e-16
2
2.35389e-16
2
-2.79277e-17
2
1.81758e-17
2
1.66715e-17
2
1.08565e-17
2
9.18056e-17
2
-1.44054e-18
2
-1.67002e-16
2
-1.33336e-16
2
-2.85436e-17
2
5.90565e-17
2
4.20643e-17
2
2.12291e-17
2
-2.78129e-17
2
-1.0278e-16
2
-7.34614e-17
2
-5.25108e-17
2
2.26919e-17
2
-2.25154e-16
2
-1.55805e-16
2
-4.17076e-17
2
-1.4969e-17
2
1.18475e-16
2
4.59571e-17
2
-8.49672e-17
2
-5.24749e-17
2
9.80638e-17
2
2.07269e-16
2
1.13271e-16
2
1.80013e-16
2
2.57975e-16
2
2.67389e-16
2
8.93933e-17
2
1.05483e-16
2
7.09492e-17
2
6.21138e-18
2
1.80831e-16
2
9.11339e-17
2
1.35996e-16
2
-1.00376e-16
2
-1.84444e-17
2
1.03058e-16
2
-2.19726e-16
2
-6.18846e-17
2
-1.803e-17
2
-1.70939e-16
2
-1.75557e-16
2
-1.60336e-16
2
1.83741e-16
2
-5.76714e-17
2
-1.70432e-16
2
-1.90673e-16
2
-2.74931e-16
2
3.9851e-17
2
7.97436e-17
2
8.07513e-17
2
3.91169e-17
2
-1.33443e-16
2
-2.73109e-16
2
-3.37332e-16
2
-1.60198e-17
2
-3.27509e-17
2
1.58651e-16
2
2.73924e-17
2
-7.18444e-17
2
-2.15514e-17
2
1.49162e-17
2
5.70246e-17
2
-2.36285e-16
2
3.14529e-18
2
6.91322e-18
2
6.39754e-17
2
2.71336e-16
2
3.53714e-16
2
2.28126e-16
2
3.35451e-16
2
2.04536e-16
2
1.95007e-16
2
1.90928e-16
2
1.27001e-16
2
2.98805e-16
2
1.54969e-16
2
8.72211e-17
2
1.55657e-16
2
-2.00244e-16
2
-1.4561e-16
2
-3.00558e-16
2
-3.49869e-16
2
-3.53893e-16
2
-2.65743e-16
2
-2.01072e-16
2
-1.44829e-16
2
-1.32949e-16
2
-9.60607e-17
2
-2.08169e-16
2
-2.15301e-16
2
-1.5019e-16
2
-1.14571e-16
2
-1.23949e-16
2
-8.23162e-17
2
2.97291e-17
2
-3.59577e-17
2
-7.19629e-17
2
-5.94511e-17
2
-4.87783e-17
-2.61542e-17
2
-3.77182e-16
2
-3.82901e-16
2
-2.35409e-16
2
-2.8835e-16
2
-2.85921e-16
2
-2.13755e-16
2
-6.98797e-17
2
-2.27586e-16
2
-1.2356e-16
2
-5.13966e-17
2
-9.23446e-17
2
4.15811e-17
2
4.32864e-17
2
-4.80733e-17
2
-1.4671e-16
2
-5.4984e-17
2
1.03108e-17
2
1.81985e-16
2
1.73346e-16
2
7.13512e-17
2
1.76227e-16
2
1.14608e-16
2
2.24226e-16
2
3.08005e-16
2
-1.92909e-17
2
1.39673e-17
2
2.3148e-16
2
2.6811e-16
2
1.79288e-16
2
1.63782e-16
2
-1.89074e-16
2
-7.42733e-17
2
-1.23663e-16
2
-5.14253e-17
2
-5.05261e-17
2
-1.23502e-16
2
-3.03353e-17
2
8.91979e-17
2
1.7674e-17
2
-8.97504e-17
2
-1.52604e-16
2
-1.90148e-18
2
-8.92281e-17
2
-2.22495e-16
2
-8.43174e-17
2
-8.95774e-18
2
-9.36873e-17
2
-8.45557e-17
2
-2.50029e-16
2
-1.7388e-16
2
-1.25626e-16
2
-1.06503e-16
2
2.77933e-18
2
1.56507e-16
2
7.27243e-17
2
1.04664e-16
2
1.18233e-16
2
1.22825e-16
2
8.82645e-17
2
5.97531e-17
2
2.6658e-16
2
2.52805e-16
2
2.23249e-16
2
6.56869e-17
2
4.4124e-17
2
2.42179e-17
2
-7.20598e-17
2
4.55725e-17
2
-1.72731e-17
2
-4.52752e-17
2
-1.89561e-18
2
7.67039e-17
2
-1.72628e-17
2
-1.7105e-16
2
-1.67974e-17
2
1.72651e-16
2
7.83298e-17
2
9.80165e-17
2
1.40612e-16
2
1.63229e-16
2
2.13389e-16
2
2.97607e-16
2
1.91236e-16
2
-3.98188e-17
2
-8.00459e-17
2
1.04086e-17
2
5.03791e-17
2
-9.50218e-17
2
-2.43271e-16
2
-3.08527e-17
2
5.48967e-17
2
6.32984e-17
2
8.01712e-17
2
-1.98116e-17
2
-1.04744e-16
2
1.94317e-16
2
8.04596e-17
2
5.35855e-17
2
-5.78204e-17
2
-5.71876e-17
2
3.3708e-17
2
1.1452e-16
2
-1.48448e-16
2
-3.45797e-16
2
-8.38567e-17
2
-1.67245e-16
2
5.03126e-17
2
2.02923e-16
2
-3.46994e-18
2
-1.09015e-16
2
-9.10663e-17
2
-2.82834e-17
2
5.60209e-17
2
5.61988e-18
2
-5.92648e-17
2
-1.08795e-16
2
-1.75027e-17
2
1.71818e-16
2
8.86528e-17
2
1.7413e-16
2
1.75187e-16
2
7.25223e-17
2
3.10152e-16
2
2.59444e-16
2
9.97619e-17
2
2.68679e-17
2
2.153e-16
2
4.59476e-17
2
-6.03082e-17
2
-6.69481e-18
2
1.0829e-17
2
5.10211e-17
2
1.25153e-16
2
1.56258e-16
2
6.70478e-17
2
-1.33269e-16
2
-2.21089e-17
2
-1.43734e-16
2
-2.16682e-16
2
-2.29564e-16
2
-1.45093e-16
2
-6.43357e-18
2
-2.18004e-16
2
-3.13038e-16
2
-2.70444e-16
2
-3.50516e-16
2
-2.13039e-16
2
-2.97514e-16
2
-1.95249e-16
2
-2.14638e-16
2
-1.78152e-16
2
-1.27187e-16
2
1.80111e-17
2
2.24473e-16
2
9.01974e-18
2
2.25997e-16
2
3.02625e-16
2
1.31718e-16
2
5.16827e-17
2
-5.94333e-17
2
-6.49935e-17
2
-1.90636e-16
2
-1.35766e-16
2
-3.34957e-16
2
-2.35997e-16
2
-2.03085e-16
2
-2.54511e-16
2
1.46489e-16
2
1.42475e-16
2
-1.72057e-18
2
-1.06608e-17
2
3.4364e-17
2
1.33006e-17
2
-5.39592e-17
2
3.57846e-17
2
6.63716e-17
2
6.52009e-17
2
1.25914e-16
2
2.68476e-16
2
2.75017e-16
2
-3.4783e-17
2
-1.14571e-16
2
-1.37629e-16
2
-1.87748e-16
2
-1.27384e-16
2
-2.16251e-16
2
-2.70251e-16
2
-8.8488e-17
2
-1.79756e-16
2
-1.50377e-16
2
-3.26287e-16
2
-2.80724e-16
2
-1.40168e-16
2
1.08373e-16
2
8.7219e-17
2
9.39414e-17
2
-1.91965e-17
2
1.9185e-17
2
3.21078e-17
3.29584e-16
2
-3.2807e-16
2
-3.47282e-16
2
-3.67934e-16
2
-1.11024e-16
2
-2.02763e-16
2
-1.57149e-16
2
-1.07594e-16
2
-1.06709e-16
2
-1.00035e-16
2
-5.32857e-17
2
1.01055e-16
2
-1.48263e-17
2
9.86109e-17
2
1.72182e-17
2
-6.13567e-17
2
1.65764e-16
2
-1.11232e-16
2
-1.39748e-16
2
2.43448e-17
2
5.39107e-17
2
6.92334e-17
2
1.50342e-16
2
1.05586e-16
2
1.72102e-16
2
2.98623e-16
2
4.72654e-16
2
2.15858e-16
2
1.17899e-16
2
1.18592e-16
2
2.41301e-16
2
1.10445e-16
2
4.27178e-18
2
-1.9144e-16
2
-1.04418e-16
2
-7.93299e-17
2
-5.28006e-17
2
3.95417e-17
2
3.48775e-17
2
-1.17229e-16
2
1.02638e-16
2
5.27946e-17
2
-2.88157e-16
2
-1.09755e-16
2
-9.48778e-17
2
-1.44023e-16
2
1.5627e-18
2
-2.28124e-17
2
-5.04436e-17
2
-1.25718e-17
2
-4.26988e-17
2
-2.03334e-16
2
-6.45369e-17
2
-1.73798e-17
2
1.42371e-16
2
1.47625e-16
2
1.29268e-16
2
1.44439e-16
2
5.67962e-17
2
2.24529e-16
2
3.45885e-16
2
2.47393e-16
2
3.28755e-16
2
3.55535e-16
2
2.31087e-16
2
2.78361e-16
2
1.39741e-16
2
3.00939e-16
2
1.97278e-16
2
1.88776e-16
2
-3.36427e-17
2
-6.06031e-17
2
-1.1966e-16
2
1.14541e-18
2
2.13959e-16
2
-8.77132e-18
2
-6.72726e-17
2
1.5598e-16
2
6.25993e-17
2
1.60351e-16
2
2.91006e-16
2
1.91701e-16
2
1.08152e-16
2
-2.49244e-19
2
6.10775e-17
2
1.07424e-17
2
-1.95169e-16
2
-5.99734e-17
2
1.54994e-17
2
-1.53642e-16
2
-2.57559e-16
2
-1.949e-16
2
-2.40504e-17
2
1.11961e-16
2
-8.88866e-17
2
-2.4254e-18
2
-6.69208e-17
2
1.85954e-16
2
3.71191e-17
2
-1.31964e-17
2
-1.49417e-16
2
2.745e-17
2
1.36388e-16
2
-1.66611e-17
2
-1.14092e-16
2
-1.00774e-16
2
-3.01488e-17
2
-1.16166e-16
2
-1.47707e-17
2
5.23421e-17
2
-9.17938e-17
2
-2.04255e-16
2
-1.03817e-16
2
-3.89683e-17
2
-1.27313e-16
2
1.47559e-16
2
1.13179e-16
2
-9.16913e-17
2
-6.50025e-17
2
2.47614e-16
2
1.91586e-16
2
2.77749e-16
2
2.17017e-16
2
2.42802e-16
2
2.20424e-16
2
1.47052e-16
2
1.70099e-16
2
2.12997e-16
2
2.33649e-16
2
4.88944e-17
2
-8.18881e-17
2
-3.96433e-17
2
1.96064e-17
2
-1.08328e-16
2
6.28858e-17
2
6.70648e-18
2
-1.27443e-16
2
-1.82106e-16
2
-1.2745e-16
2
-1.62771e-16
2
-2.97893e-16
2
-2.67347e-16
2
-2.75266e-16
2
-2.24721e-16
2
-1.84122e-16
2
-1.84016e-16
2
-4.20178e-17
2
-2.03185e-16
2
-1.9244e-16
2
-2.38553e-17
2
-9.3682e-17
2
-1.28577e-16
2
-1.32933e-16
2
-2.39623e-16
2
-1.04927e-16
2
3.86034e-18
2
-7.24405e-17
2
5.02708e-18
2
7.96958e-17
2
-2.95311e-17
2
-1.90113e-16
2
-6.94231e-17
2
-1.07797e-16
2
-2.61145e-16
2
-2.8993e-16
2
-3.28334e-16
2
-2.50838e-16
2
-2.99394e-16
2
-4.69162e-16
2
-1.76625e-16
2
1.66945e-16
2
8.6692e-17
2
5.18702e-18
2
2.72844e-17
2
5.12227e-17
2
-6.52523e-17
2
8.98854e-17
2
4.64803e-17
2
3.5663e-17
2
2.66614e-16
2
4.40854e-16
2
4.92538e-16
2
1.66857e-16
2
-1.52418e-16
2
-1.37661e-16
2
-1.75363e-16
2
-2.3948e-16
2
-1.39021e-16
2
-3.24251e-16
2
-1.84348e-16
2
-1.75483e-16
2
-1.71821e-16
2
-2.04858e-17
2
-1.49719e-16
2
-2.4373e-16
2
-1.68647e-16
2
-1.9741e-17
2
-4.09917e-17
2
1.80218e-17
2
1.41874e-16
1.23968e-16
2
-6.68437e-17
2
-1.46892e-16
2
-2.29047e-16
2
-1.93692e-16
2
-5.00014e-17
2
-1.33762e-17
2
4.41965e-18
2
4.79164e-17
2
2.44729e-17
2
-2.40062e-16
2
-1.42563e-16
2
-2.33444e-16
2
-3.55252e-16
2
-1.69883e-16
2
-2.55273e-18
2
-1.1909e-16
2
-7.88731e-17
2
-5.53145e-18
2
6.57195e-17
2
3.16293e-17
2
7.49036e-17
2
4.91504e-17
2
2.03002e-17
2
1.40479e-16
2
3.10262e-16
2
3.39287e-16
2
1.93411e-16
2
1.32957e-16
2
2.28597e-16
2
1.06185e-16
2
2.05497e-17
2
-1.43262e-16
2
-1.64877e-16
2
-2.28228e-16
2
-1.85223e-16
2
-1.26495e-16
2
-1.25746e-16
2
-2.54143e-16
2
-1.45985e-16
2
-2.65043e-16
2
-1.72658e-16
2
-1.74342e-16
2
-3.1073e-16
2
-2.20693e-16
2
-1.78973e-16
2
-1.88891e-16
2
-1.09828e-16
2
-1.49984e-16
2
-2.3565e-16
2
-2.76326e-16
2
-1.09967e-17
2
-1.30561e-16
2
-1.94474e-16
2
-1.71528e-16
2
-9.23e-17
2
1.21762e-16
2
1.38045e-16
2
2.26452e-16
2
1.64646e-16
2
1.41271e-16
2
2.0566e-16
2
2.85716e-16
2
2.65767e-16
2
3.34315e-16
2
2.31511e-16
2
3.00251e-16
2
2.47134e-16
2
1.11548e-16
2
3.16784e-17
2
2.79861e-18
2
-6.73292e-17
2
1.60058e-17
2
-1.10802e-17
2
8.21884e-17
2
9.59848e-17
2
2.44813e-18
2
-1.07002e-16
2
6.99809e-17
2
-1.31164e-17
2
-9.80631e-17
2
4.34827e-17
2
2.46033e-16
2
1.42904e-16
2
1.38353e-16
2
4.05844e-17
2
-4.10956e-17
2
-2.18977e-16
2
-1.58922e-16
2
-2.89892e-16
2
-6.62759e-17
2
-6.1453e-17
2
-1.1799e-16
2
-3.19359e-16
2
-2.96095e-16
2
-3.33431e-16
2
-1.04518e-16
2
-2.44978e-16
2
-2.66195e-17
2
-5.47171e-17
2
-4.69345e-17
2
-6.6035e-17
2
-1.74551e-16
2
-1.27167e-16
2
-1.52036e-17
2
6.70519e-17
2
-5.10252e-17
2
7.1383e-17
2
-3.93328e-17
2
-2.33648e-17
2
4.12072e-17
2
-3.75293e-17
2
-1.41689e-16
2
-8.30347e-17
2
6.78584e-18
2
-4.18417e-17
2
8.07804e-17
2
3.63385e-17
2
8.70983e-17
2
-6.52989e-17
2
5.57039e-17
2
-6.57013e-17
2
1.13763e-17
2
8.96008e-17
2
1.30765e-16
2
6.21993e-17
2
8.48144e-17
2
1.92724e-16
2
9.93753e-17
2
6.70453e-17
2
1.1874e-16
2
1.43295e-16
2
2.0674e-16
2
7.26988e-17
2
-2.0806e-16
2
-1.56669e-16
2
-2.06911e-16
2
-1.42417e-16
2
-2.32724e-16
2
-2.78463e-16
2
-9.72557e-17
2
-2.13797e-16
2
-2.47803e-16
2
-2.03957e-16
2
-8.53261e-17
2
2.73719e-17
2
5.04543e-17
2
3.86081e-17
2
-1.9737e-16
2
-3.31316e-16
2
-1.23104e-16
2
-9.05021e-17
2
-2.54405e-17
2
-3.54387e-17
2
4.62547e-17
2
-1.35154e-16
2
-2.37138e-16
2
-3.6456e-17
2
-8.44561e-17
2
-1.78982e-16
2
-2.84629e-17
2
-1.64697e-16
2
-1.30714e-16
2
-1.16955e-16
2
-8.69269e-17
2
-2.22226e-16
2
-1.53688e-16
2
-1.86143e-16
2
-1.43576e-16
2
-3.80834e-17
2
8.59347e-17
2
1.52676e-16
2
1.09587e-16
2
2.12666e-16
2
2.70215e-16
2
1.19842e-16
2
2.60399e-17
2
1.133e-16
2
2.72303e-16
2
1.91815e-16
2
8.50287e-17
2
3.70602e-17
2
-4.52838e-17
2
5.04984e-17
2
-6.18464e-17
2
-2.58612e-16
2
-2.64654e-16
2
-3.41207e-16
2
-1.19201e-16
2
-2.82496e-16
2
-4.58226e-16
2
-3.53788e-16
2
-1.9965e-16
2
-9.00208e-17
2
-2.49263e-16
2
-2.05763e-16
2
-1.83704e-16
2
8.09709e-17
2
5.49385e-17
2
8.4864e-17
3.74697e-17
2
-2.11216e-18
2
-1.42982e-16
2
-1.80476e-16
2
-2.90535e-16
2
-2.49656e-16
2
-8.97728e-17
2
1.75238e-16
2
5.71215e-17
2
6.20908e-17
2
6.98549e-17
2
-1.96741e-16
2
-3.58751e-16
2
-1.94625e-16
2
-1.27765e-16
2
3.27303e-17
2
-1.31804e-18
2
-1.21942e-16
2
3.9447e-17
2
-2.66277e-17
2
-1.20446e-16
2
1.76815e-16
2
9.11704e-17
2
1.51098e-16
2
3.31877e-16
2
2.00771e-16
2
1.67339e-16
2
2.06194e-16
2
1.95938e-16
2
2.16992e-16
2
6.49341e-17
2
7.02208e-17
2
-5.36139e-17
2
1.32219e-17
2
-9.58798e-17
2
-1.83309e-16
2
-2.39057e-17
2
-5.93668e-17
2
-9.80162e-17
2
-9.43944e-17
2
-2.2503e-16
2
-3.78526e-16
2
-2.86037e-16
2
-3.18574e-16
2
-2.77572e-16
2
-2.1724e-16
2
-7.24767e-17
2
-3.59122e-17
2
-1.72414e-16
2
-2.12494e-16
2
-8.15019e-17
2
-2.69643e-16
2
-1.09113e-16
2
-1.43248e-16
2
-2.5317e-16
2
-6.13744e-18
2
2.08423e-16
2
1.69381e-16
2
1.2134e-16
2
1.94019e-16
2
1.54893e-16
2
1.36306e-16
2
1.87437e-16
2
2.49427e-16
2
2.57527e-16
2
1.2847e-16
2
2.55377e-16
2
2.23138e-16
2
1.18405e-16
2
2.17029e-16
2
2.31886e-16
2
-2.81941e-17
2
-1.32765e-16
2
3.81071e-17
2
-1.25008e-17
2
4.01332e-17
2
7.47636e-17
2
5.35243e-17
2
1.51024e-16
2
8.60481e-17
2
4.60004e-17
2
8.32786e-17
2
1.04053e-16
2
9.7009e-17
2
1.79486e-16
2
-3.75708e-18
2
8.19124e-17
2
5.63298e-17
2
-1.83375e-16
2
2.47921e-17
2
-1.15989e-16
2
-2.59848e-16
2
-2.21777e-16
2
-1.994e-16
2
-6.9317e-17
2
-1.41512e-16
2
-4.00141e-17
2
7.60683e-17
2
7.05628e-18
2
8.62677e-17
2
2.14625e-17
2
-1.77429e-16
2
-2.73647e-16
2
-2.04642e-16
2
-9.4437e-17
2
-2.09302e-16
2
-5.32229e-17
2
1.92768e-16
2
-1.41348e-17
2
-5.13001e-17
2
-9.16828e-17
2
-3.65122e-18
2
1.07726e-16
2
7.26544e-17
2
5.48414e-17
2
8.65658e-17
2
7.21692e-17
2
1.27893e-16
2
1.27035e-17
2
6.02356e-17
2
3.63823e-17
2
-6.25318e-17
2
-1.96475e-16
2
-1.51384e-16
2
7.83197e-18
2
-1.39109e-17
2
2.69172e-18
2
8.46914e-18
2
2.3782e-17
2
2.78227e-16
2
9.1981e-17
2
1.10342e-16
2
9.50703e-17
2
9.00646e-17
2
1.43778e-17
2
-2.56988e-16
2
-1.39948e-16
2
-2.6758e-16
2
-7.99345e-17
2
-1.72782e-16
2
-3.76908e-16
2
-1.1504e-16
2
7.038e-17
2
2.97179e-16
2
1.25729e-16
2
-2.92847e-17
2
6.10267e-17
2
-6.18701e-17
2
-9.17046e-17
2
-1.22147e-16
2
-6.70967e-17
2
-1.6661e-16
2
-1.08412e-16
2
-7.56479e-17
2
-3.1581e-16
2
-1.98728e-16
2
-1.70894e-16
2
-3.84515e-16
2
-3.12814e-16
2
-3.88897e-17
2
6.11823e-17
2
-1.32175e-16
2
-1.971e-16
2
-1.9859e-16
2
-2.86036e-16
2
-2.71345e-16
2
-2.81635e-16
2
-9.02121e-17
2
1.4341e-16
2
3.36131e-17
2
7.02381e-17
2
1.57155e-16
2
1.15363e-16
2
3.10381e-16
2
4.19323e-16
2
2.9126e-16
2
5.73411e-17
2
4.19808e-17
2
-1.00494e-17
2
-5.48133e-17
2
3.87082e-17
2
-5.65163e-17
2
-7.70788e-17
2
1.79956e-17
2
-2.03289e-16
2
-1.73952e-16
2
-2.99614e-16
2
-1.87217e-16
2
-1.66137e-16
2
-1.00289e-16
2
-5.35339e-17
2
-2.72186e-16
2
-2.39045e-16
2
-2.0472e-16
2
-2.62081e-16
2
-1.84264e-16
2
-7.70838e-17
2
8.62995e-17
2
8.33042e-17
2
1.42673e-16
1.81323e-16
2
-5.53593e-17
2
5.69448e-17
2
-2.53856e-17
2
-3.97067e-17
2
-6.52321e-17
2
2.7518e-17
2
-8.1895e-17
2
-1.24836e-16
2
1.19019e-16
2
-2.11056e-17
2
-2.22513e-16
2
-2.1488e-16
2
-2.47685e-16
2
3.75518e-17
2
-4.39795e-17
2
-1.26764e-16
2
-8.49117e-18
2
-2.13902e-16
2
-3.38446e-17
2
1.96429e-16
2
-1.81369e-16
2
-1.01235e-16
2
-1.70441e-16
2
-1.95226e-16
2
-4.0671e-17
2
-8.86933e-17
2
1.37291e-16
2
8.50752e-17
2
-1.25893e-16
2
9.95611e-17
2
7.53399e-18
2
1.91277e-16
2
8.18858e-17
2
-1.02437e-16
2
7.32849e-17
2
-5.41106e-17
2
-1.98679e-16
2
-1.11614e-16
2
-7.65422e-17
2
-7.82548e-17
2
-1.62808e-17
2
-1.94534e-16
2
-1.46527e-16
2
-1.00384e-16
2
-5.95363e-17
2
-3.43454e-17
2
-7.28357e-17
2
-1.39329e-17
2
7.1347e-17
2
-8.31584e-18
2
-2.41895e-16
2
-2.97201e-16
2
-1.86876e-16
2
1.0784e-17
2
8.04491e-17
2
1.4029e-17
2
-2.01355e-16
2
5.92755e-17
2
2.25139e-16
2
2.33542e-16
2
1.29157e-16
2
5.48005e-17
2
5.16459e-17
2
5.46661e-17
2
-3.1246e-17
2
6.68653e-17
2
1.75344e-16
2
1.9587e-16
2
9.53376e-17
2
4.95234e-17
2
-4.94949e-17
2
1.46142e-16
2
3.34373e-16
2
1.11592e-16
2
2.25479e-16
2
1.38282e-16
2
2.83067e-16
2
1.09312e-16
2
-8.90039e-17
2
-1.04549e-16
2
-2.29201e-16
2
-2.85586e-16
2
-1.93895e-16
2
-1.73645e-16
2
1.04133e-16
2
6.86827e-17
2
8.73025e-17
2
-3.85372e-18
2
7.85503e-17
2
-1.06006e-17
2
-1.40945e-17
2
-2.84989e-17
2
-4.35586e-17
2
8.4481e-17
2
-1.3585e-17
2
-1.55652e-16
2
2.24638e-17
2
-1.39216e-16
2
-6.46877e-17
2
-4.39934e-17
2
-1.47428e-16
2
-2.4738e-16
2
-2.80057e-16
2
-1.61643e-16
2
-4.39977e-17
2
2.95309e-17
2
-3.19358e-17
2
-9.64229e-17
2
-1.60159e-16
2
6.36024e-17
2
2.12732e-16
2
4.40005e-17
2
3.21192e-17
2
-2.51563e-17
2
-9.87278e-17
2
2.03667e-17
2
1.16437e-16
2
3.41626e-16
2
1.86916e-16
2
5.7044e-17
2
1.22638e-16
2
5.39013e-17
2
-8.32215e-17
2
3.27721e-17
2
6.82888e-17
2
1.79749e-16
2
8.94063e-17
2
1.78989e-16
2
4.94126e-18
2
1.27885e-16
2
-4.0327e-17
2
-1.87031e-16
2
-1.10784e-16
2
-1.15927e-16
2
4.88916e-17
2
6.95877e-17
2
-1.37202e-16
2
-2.84805e-16
2
-1.06643e-16
2
2.81417e-16
2
1.37763e-16
2
1.93609e-16
2
2.3267e-16
2
2.07458e-16
2
1.26952e-16
2
7.85984e-17
2
2.88421e-16
2
2.505e-16
2
-1.7912e-16
2
7.73133e-18
2
4.2988e-17
2
4.19461e-17
2
-7.76182e-17
2
-1.15675e-16
2
-1.52124e-16
2
-1.76185e-16
2
-2.47853e-16
2
-1.39917e-17
2
-3.94505e-17
2
-4.60319e-17
2
8.76671e-19
2
-1.79358e-16
2
3.27341e-17
2
-1.77769e-16
2
-7.68691e-17
2
4.25783e-17
2
7.11419e-17
2
-9.53408e-17
2
-6.55485e-17
2
2.00473e-17
2
9.8469e-18
2
1.36303e-17
2
-1.17761e-16
2
1.80762e-16
2
2.70758e-16
2
2.3094e-16
2
-1.74611e-17
2
-1.17838e-16
2
-1.17367e-16
2
-2.0196e-16
2
-1.92431e-16
2
-4.8246e-17
2
-6.12013e-17
2
1.53122e-16
2
9.47644e-17
2
-1.57081e-16
2
-1.70616e-16
2
-6.95041e-19
2
-7.66705e-17
2
-2.82182e-16
2
-2.71415e-16
2
-2.7657e-16
2
-2.32311e-16
2
-8.76353e-17
2
-1.0235e-16
2
-5.26372e-17
2
-1.43569e-16
2
-2.81709e-18
2
1.07699e-16
1.45948e-16
2
1.88195e-16
2
1.89933e-17
2
4.10345e-17
2
-7.10555e-17
2
-1.97117e-16
2
-3.82328e-16
2
-4.13805e-16
2
-2.71765e-16
2
-3.91965e-16
2
-2.02179e-16
2
-1.30259e-16
2
-1.39128e-17
2
-8.52341e-17
2
-2.5938e-16
2
-1.15761e-16
2
5.22548e-17
2
1.43899e-16
2
1.07629e-16
2
-3.37283e-17
2
1.66987e-16
2
-1.02467e-16
2
-3.05017e-17
2
3.29471e-17
2
7.1491e-17
2
2.48637e-17
2
-1.87602e-17
2
5.34925e-17
2
3.01979e-17
2
-7.04068e-17
2
-1.77055e-17
2
1.56877e-16
2
1.89873e-16
2
6.41453e-17
2
3.10538e-16
2
1.70889e-16
2
2.90787e-17
2
8.46975e-17
2
3.9377e-17
2
-2.27482e-17
2
-5.32807e-17
2
-1.77215e-16
2
-1.75105e-16
2
-2.51006e-16
2
-2.71835e-16
2
-2.53916e-16
2
-3.22729e-16
2
-2.09158e-16
2
3.67839e-17
2
4.95847e-17
2
4.42969e-17
2
-4.32552e-17
2
-2.08405e-16
2
-2.33929e-16
2
2.48924e-17
2
-1.23489e-16
2
-1.27607e-16
2
2.48025e-16
2
1.35044e-16
2
1.72958e-17
2
2.33864e-17
2
1.00149e-16
2
-1.07879e-16
2
-1.21139e-16
2
-9.39888e-17
2
-1.19862e-17
2
-1.70603e-16
2
-1.73847e-16
2
1.50885e-17
2
-2.14597e-17
2
-6.14742e-17
2
4.60973e-17
2
-1.43617e-16
2
-1.08026e-17
2
2.09097e-16
2
-2.17119e-17
2
2.38798e-16
2
2.18725e-16
2
2.61402e-17
2
-1.20383e-17
2
-1.78982e-16
2
-1.49333e-16
2
-2.34529e-16
2
-3.02128e-16
2
-2.18217e-16
2
-1.84372e-16
2
7.34239e-17
2
1.52204e-16
2
3.86807e-17
2
-2.91463e-17
2
7.19412e-17
2
2.46967e-16
2
1.44739e-16
2
9.3668e-17
2
9.23976e-18
2
9.97966e-17
2
1.92621e-16
2
7.78219e-17
2
1.83527e-16
2
5.75315e-17
2
-1.94318e-17
2
-1.55319e-16
2
2.23668e-17
2
2.44482e-16
2
8.91163e-17
2
6.25524e-18
2
6.46888e-17
2
-3.21983e-17
2
6.5011e-17
2
2.00069e-16
2
3.20138e-16
2
2.23139e-16
2
1.94043e-16
2
1.25604e-16
2
-8.07465e-18
2
1.95828e-17
2
1.42404e-16
2
1.3808e-16
2
1.9339e-16
2
2.56819e-16
2
3.17759e-16
2
4.15602e-16
2
3.60516e-16
2
1.8215e-16
2
1.80478e-16
2
1.47103e-16
2
1.15867e-16
2
1.10815e-16
2
-1.3516e-16
2
-6.75389e-19
2
1.5276e-16
2
2.78654e-16
2
1.87631e-16
2
1.26699e-16
2
3.88941e-17
2
1.09257e-16
2
-2.68925e-16
2
-7.42906e-17
2
3.42838e-17
2
1.99249e-16
2
4.2451e-17
2
9.35964e-17
2
9.60177e-17
2
-3.74855e-17
2
1.0063e-16
2
3.91339e-17
2
9.9357e-17
2
1.62786e-16
2
1.19846e-16
2
2.06117e-16
2
8.20686e-17
2
2.38034e-16
2
3.26261e-16
2
2.09082e-16
2
-4.67706e-17
2
-1.52787e-16
2
-3.18666e-17
2
1.47914e-16
2
4.75642e-17
2
-1.89236e-16
2
-3.1038e-16
2
-1.79383e-16
2
-1.57537e-16
2
-2.6927e-16
2
1.37717e-16
2
1.57145e-16
2
3.87623e-17
2
-1.34156e-16
2
-1.78356e-16
2
-2.65533e-16
2
-4.27694e-16
2
-1.3984e-16
2
-1.11318e-17
2
-1.20128e-16
2
-2.61261e-16
2
-4.41482e-17
2
1.35036e-16
2
2.38456e-16
2
1.11694e-16
2
-6.9686e-17
2
-5.92419e-17
2
4.21421e-17
2
2.71395e-17
2
-4.54518e-17
2
-7.33898e-17
2
-1.03058e-16
2
1.39463e-16
2
1.39267e-16
2
1.33391e-16
2
6.92805e-18
2
-8.86085e-17
2
-4.82432e-17
2
-1.54613e-16
2
-2.57153e-16
2
-3.15644e-16
2
-1.22296e-16
2
-8.60309e-17
2
4.77119e-17
2
-4.7695e-18
2
-8.16651e-17
-2.11419e-16
2
1.08831e-16
2
1.89303e-16
2
-2.65054e-17
2
-1.96924e-16
2
-5.49245e-17
2
-1.49628e-16
2
-1.82801e-16
2
-1.3353e-16
2
-3.20456e-16
2
-1.7617e-16
2
6.31844e-17
2
1.59504e-17
2
-5.47934e-17
2
-1.06412e-16
2
1.8792e-17
2
1.89691e-16
2
-1.12221e-16
2
-2.39577e-17
2
7.33617e-17
2
-7.59586e-17
2
1.55571e-16
2
1.58431e-16
2
-5.03877e-17
2
-1.51118e-16
2
-9.67476e-17
2
5.36767e-17
2
-7.00647e-17
2
-1.20696e-16
2
1.0489e-17
2
5.72779e-17
2
-1.30892e-17
2
1.16636e-17
2
9.58884e-18
2
1.38327e-16
2
2.52694e-16
2
2.91571e-16
2
1.24028e-16
2
2.30597e-17
2
-6.05124e-17
2
-6.52524e-18
2
1.64717e-17
2
-1.58657e-16
2
-2.80814e-16
2
-2.23829e-16
2
-2.71825e-16
2
-1.90057e-16
2
-2.12491e-16
2
-7.81221e-18
2
3.49427e-19
2
1.4894e-16
2
-8.1915e-17
2
-5.55585e-17
2
-2.4972e-18
2
-1.75069e-16
2
-1.0533e-16
2
-1.34732e-16
2
-1.66511e-16
2
8.34336e-17
2
2.49182e-16
2
7.93484e-17
2
-1.28472e-16
2
-3.19374e-16
2
-6.61407e-17
2
-3.90048e-17
2
6.78508e-17
2
7.46929e-18
2
-1.88461e-16
2
-1.53653e-16
2
-1.67762e-16
2
-9.37426e-17
2
-2.41247e-18
2
1.33673e-16
2
-6.33205e-17
2
8.82995e-17
2
1.15585e-16
2
2.22838e-18
2
6.85598e-17
2
5.2608e-17
2
3.14715e-17
2
-2.41268e-17
2
-2.35799e-17
2
-3.84602e-17
2
1.24596e-18
2
-1.22469e-16
2
-2.11213e-17
2
2.06873e-17
2
4.88734e-17
2
7.37019e-17
2
-3.19695e-18
2
6.85667e-17
2
2.57182e-16
2
9.93963e-17
2
7.58055e-17
2
8.93924e-17
2
1.72009e-16
2
1.67889e-16
2
9.97826e-17
2
8.63564e-17
2
3.32165e-17
2
-1.76091e-16
2
1.77864e-16
2
2.62386e-16
2
1.7721e-16
2
3.17499e-17
2
-4.68121e-17
2
-4.01031e-17
2
4.79743e-17
2
-1.13156e-16
2
3.37597e-17
2
3.39178e-16
2
3.25615e-16
2
2.26633e-16
2
1.7969e-16
2
2.02177e-16
2
2.64772e-16
2
2.16109e-16
2
3.18887e-16
2
2.12165e-16
2
9.89274e-17
2
1.35776e-16
2
1.87195e-16
2
2.33397e-16
2
1.88801e-16
2
-1.23062e-16
2
1.83376e-16
2
2.04452e-16
2
3.46046e-17
2
1.39926e-16
2
2.73511e-16
2
2.00138e-16
2
6.48722e-17
2
9.95238e-17
2
6.01955e-17
2
2.05875e-16
2
-2.47519e-17
2
4.36394e-17
2
4.01811e-17
2
-3.8074e-17
2
1.14024e-16
2
-4.5828e-17
2
-1.29805e-17
2
2.11969e-16
2
8.02178e-17
2
2.05969e-16
2
8.02299e-17
2
3.87702e-17
2
1.37854e-16
2
1.85357e-16
2
1.38929e-16
2
1.17511e-16
2
2.72207e-16
2
1.06009e-16
2
9.0861e-17
2
6.82382e-17
2
1.08601e-16
2
1.85367e-16
2
7.77849e-17
2
-2.56764e-16
2
-2.78854e-17
2
-1.98654e-16
2
-2.05816e-16
2
-2.59017e-16
2
-2.13607e-16
2
-9.6679e-17
2
6.11211e-17
2
-2.74427e-17
2
-6.60009e-17
2
-1.25557e-16
2
-2.24021e-16
2
-3.40564e-16
2
-3.36752e-16
2
-3.10685e-16
2
-1.97798e-16
2
-1.95903e-16
2
5.98358e-17
2
9.95539e-17
2
1.01793e-16
2
2.41479e-16
2
-5.06132e-17
2
-1.99686e-16
2
1.04274e-17
2
3.20139e-17
2
-2.17903e-17
2
-2.98056e-17
2
-3.92781e-17
2
-7.50329e-18
2
-1.14128e-17
2
-3.24629e-17
2
-1.98204e-16
2
-1.77022e-17
2
2.43451e-17
2
-8.50927e-17
2
-1.68438e-16
2
-5.6953e-17
2
-1.16387e-16
2
1.20129e-16
2
8.34248e-17
2
-2.06558e-16
2
-3.1693e-16
-4.35962e-16
2
3.4668e-16
2
2.31246e-16
2
5.85723e-17
2
-5.08657e-17
2
-1.96883e-16
2
-2.23944e-16
2
-2.09107e-16
2
-1.57331e-16
2
-1.47136e-16
2
-1.80823e-16
2
-1.8008e-16
2
7.29769e-17
2
4.5146e-17
2
-9.69267e-18
2
-8.63513e-17
2
-3.00956e-16
2
-1.3354e-16
2
-4.14758e-17
2
-1.08061e-16
2
-6.88899e-17
2
1.25602e-17
2
-1.40525e-16
2
-1.14719e-16
2
-2.19055e-16
2
-3.33804e-16
2
-3.46675e-16
2
-3.53044e-16
2
-1.07667e-16
2
9.03021e-17
2
9.98356e-17
2
1.20703e-16
2
1.27104e-16
2
2.93925e-16
2
4.46527e-17
2
5.37711e-17
2
1.17113e-16
2
7.66742e-17
2
1.43789e-16
2
1.46848e-16
2
5.48529e-17
2
-5.6723e-17
2
-6.74315e-18
2
-2.32246e-17
2
-2.74197e-16
2
-2.25833e-16
2
-2.17147e-16
2
-1.1873e-16
2
-1.92395e-16
2
-1.50383e-16
2
-3.39081e-16
2
-1.75955e-16
2
-1.46042e-16
2
-1.15393e-16
2
-9.85032e-17
2
-1.2107e-16
2
-2.41779e-16
2
-1.88458e-16
2
-9.76259e-17
2
-9.11617e-17
2
-1.1682e-16
2
-1.49648e-16
2
1.68251e-17
2
-1.17811e-16
2
-3.16115e-16
2
-2.93356e-16
2
-1.18916e-16
2
-1.52912e-16
2
-1.97141e-16
2
-9.0484e-17
2
-6.17801e-17
2
-1.37449e-16
2
-2.29317e-16
2
-1.76201e-16
2
-5.67557e-17
2
-1.73583e-17
2
-6.25904e-17
2
-1.204e-16
2
-5.72668e-17
2
-8.57821e-18
2
1.88195e-16
2
5.07544e-17
2
-1.6563e-16
2
-2.33143e-16
2
-4.64826e-17
2
-9.88798e-17
2
-2.85247e-16
2
-3.0154e-16
2
-8.57381e-17
2
1.84812e-16
2
2.46458e-16
2
-9.27715e-18
2
8.93073e-17
2
1.36933e-16
2
3.66232e-16
2
1.33639e-16
2
5.07567e-17
2
-1.08958e-16
2
1.14128e-16
2
1.71369e-16
2
2.02757e-16
2
4.77187e-17
2
-1.42925e-17
2
-6.79106e-17
2
2.29791e-17
2
1.62388e-16
2
1.53214e-16
2
-7.37866e-17
2
5.8027e-17
2
2.13421e-16
2
1.77089e-16
2
1.84173e-16
2
5.73098e-17
2
5.61539e-17
2
3.76409e-16
2
3.53073e-16
2
3.07541e-16
2
-5.31087e-18
2
5.69944e-17
2
1.51937e-16
2
-2.55685e-17
2
-1.10038e-16
2
-1.01553e-16
2
3.74297e-17
2
-1.82986e-17
2
-2.50449e-16
2
-1.13815e-16
2
-9.37859e-17
2
4.67957e-17
2
2.13414e-16
2
1.27016e-16
2
1.06426e-16
2
9.13774e-17
2
3.19674e-17
2
6.977e-17
2
9.2942e-17
2
1.81669e-16
2
8.58328e-17
2
1.26763e-16
2
-1.25636e-17
2
6.8058e-18
2
5.67895e-17
2
8.60427e-18
2
2.99682e-16
2
2.58308e-16
2
3.35592e-16
2
2.07463e-16
2
-7.0676e-17
2
6.97593e-17
2
3.36961e-16
2
3.76305e-16
2
3.32403e-16
2
2.77116e-16
2
-6.53185e-17
2
6.80301e-17
2
1.24222e-16
2
-9.70017e-17
2
-1.65655e-16
2
-7.3519e-17
2
-1.9623e-16
2
-2.35036e-16
2
-1.08805e-16
2
-1.71416e-16
2
-2.37068e-16
2
-3.36834e-16
2
-2.8877e-16
2
-2.19097e-16
2
-2.32411e-16
2
-2.60417e-16
2
-3.06472e-16
2
-2.25439e-16
2
-3.56322e-16
2
-2.09625e-16
2
-1.83295e-16
2
-1.99451e-16
2
-2.99666e-16
2
-1.8467e-16
2
-1.342e-16
2
-7.96052e-18
2
4.02518e-17
2
6.55663e-17
2
-1.37612e-16
2
-1.81013e-16
2
-1.26474e-16
2
-8.10414e-17
2
-4.7755e-17
2
-1.15549e-17
2
-6.11132e-17
2
-1.8649e-16
2
2.69374e-17
2
9.84827e-17
2
1.46571e-16
2
-2.52396e-18
2
-1.53191e-16
2
-1.67032e-16
2
-3.53531e-17
2
-2.05393e-16
2
-2.30838e-16
2
3.82794e-17
2
-1.50701e-16
-1.01708e-16
2
2.67645e-16
2
2.11352e-16
2
1.10422e-16
2
3.35589e-17
2
-3.931e-17
2
-1.62241e-16
2
-1.57436e-16
2
-1.81928e-16
2
-9.43101e-17
2
4.30903e-17
2
-3.35976e-17
2
-9.58549e-17
2
-9.14578e-17
2
-2.36043e-17
2
-1.08839e-16
2
-7.67939e-18
2
-8.72165e-17
2
-1.21774e-16
2
-1.3606e-16
2
-1.75953e-16
2
-3.84693e-16
2
-1.79266e-16
2
3.47616e-17
2
-1.86594e-16
2
-2.31593e-16
2
-1.48952e-16
2
-2.05825e-16
2
-2.49183e-16
2
-1.15235e-16
2
1.8511e-16
2
7.7456e-17
2
-8.33632e-17
2
-1.16136e-17
2
8.6807e-17
2
1.02826e-16
2
2.10284e-16
2
1.65414e-16
2
6.16249e-17
2
8.50628e-17
2
-1.09718e-17
2
-5.83568e-17
2
-5.09415e-18
2
2.85666e-17
2
8.90513e-18
2
7.74631e-18
2
6.79815e-18
2
-6.08898e-17
2
-1.21167e-16
2
-4.66603e-17
2
-2.0964e-16
2
-3.03301e-16
2
-1.37719e-16
2
-1.84907e-16
2
-2.30106e-16
2
-2.70491e-16
2
-3.12208e-16
2
-1.93523e-16
2
-1.73799e-16
2
-1.56148e-16
2
-2.01047e-16
2
-3.16307e-16
2
-1.39339e-16
2
-1.2776e-16
2
-9.84884e-17
2
-2.79637e-16
2
-5.00697e-16
2
-2.6961e-16
2
-1.93961e-16
2
-9.73272e-17
2
-1.89023e-16
2
-1.78991e-16
2
-1.40341e-16
2
-1.53825e-16
2
-8.38853e-17
2
1.97257e-16
2
-4.50973e-17
2
-2.93238e-16
2
-1.642e-16
2
5.39606e-17
2
5.19038e-17
2
-1.54428e-16
2
-1.35159e-16
2
-1.03553e-16
2
-1.43062e-16
2
-1.80957e-16
2
-1.2998e-16
2
3.12615e-17
2
3.21015e-17
2
-3.25902e-17
2
-9.10324e-18
2
-2.12577e-17
2
-8.13495e-17
2
-2.01384e-17
2
9.82671e-17
2
2.90968e-16
2
1.47952e-16
2
2.4805e-16
2
2.05697e-16
2
2.23575e-16
2
2.20856e-16
2
1.9062e-16
2
-9.83138e-18
2
1.27726e-17
2
4.26742e-17
2
7.44448e-17
2
5.52918e-17
2
1.55158e-16
2
2.97962e-16
2
3.26442e-17
2
-2.07435e-17
2
3.85383e-17
2
1.25443e-16
2
2.01178e-16
2
1.47073e-16
2
9.53693e-17
2
-3.9651e-17
2
7.53576e-17
2
2.37745e-17
2
-9.98626e-17
2
-3.45798e-17
2
-1.6545e-16
2
-1.10382e-16
2
-8.40653e-17
2
-1.80771e-17
2
-1.08521e-17
2
-1.52448e-16
2
-7.50792e-17
2
1.08805e-16
2
6.33632e-19
2
-2.42977e-17
2
7.96831e-17
2
1.80212e-16
2
-2.49436e-17
2
-1.98829e-16
2
-1.52782e-17
2
-1.69844e-16
2
-6.25161e-17
2
2.70553e-17
2
-2.91248e-16
2
-2.47585e-16
2
-9.84208e-17
2
-4.51787e-17
2
-6.55864e-17
2
-1.13779e-16
2
6.67967e-17
2
1.61936e-16
2
2.75399e-16
2
3.2017e-16
2
2.18506e-16
2
2.44793e-16
2
3.54237e-16
2
1.00995e-16
2
8.42856e-17
2
2.13805e-16
2
2.90395e-17
2
-8.21752e-17
2
-1.58998e-16
2
-3.2375e-17
2
4.346e-18
2
1.39293e-16
2
-2.28034e-16
2
-7.69604e-17
2
-1.35748e-16
2
-2.35773e-16
2
-1.40444e-16
2
-2.22283e-16
2
-1.51549e-16
2
-2.18039e-16
2
-3.46203e-16
2
-2.5014e-16
2
-1.71923e-16
2
-3.0945e-16
2
-3.43782e-16
2
-3.08142e-16
2
-1.99781e-16
2
-2.01595e-16
2
-9.05282e-17
2
-5.98081e-17
2
2.17362e-16
2
1.51519e-16
2
3.63847e-17
2
2.50631e-16
2
4.17276e-16
2
2.88495e-16
2
6.60685e-17
2
1.0199e-16
2
1.68357e-16
2
3.46375e-16
2
3.12312e-16
2
2.18372e-16
2
1.68869e-16
2
2.38988e-16
2
2.84084e-16
2
1.31332e-16
2
-2.61528e-17
2
-1.04038e-16
2
-1.65293e-16
2
-1.90033e-16
2
-7.6748e-17
-6.90706e-17
2
2
2
2
2
2
2
2
2
2
2
2
2
2
2
2
2
2
2
2
2
2
2
2
2
2
2
2
2
2
2
2
2
2
2
2
2
2
2
2
2
2
2
2
2
2
2
2
2
2
2
2
2
2
2
2
2
2
2
2
2
2
2
2
2
2
2
2
2
2
2
2
2
2
2
2
2
2
2
2
2
2
2
2
2
2
2
2
2
2
2
2
2
2
2
2
2
2
2
2
2
2
2
2
2
2
2
2
2
2
2
2
2
2
2
2
2
2
2
2
2
2
2
2
2
2
2
2
2
2
2
2
2
2
2
2
2
2
2
2
2
2
2
2
2
2
2
2
2
2
2
2
2
2
2
2
2
2
2
2
2
2
2
2
2
2
2
2
2
2
2
2
2
2
2
2
2
2
2
2
2
2
2
2
2
2
2
2
2
2
2
2
2
2
2
2
2
2
2
)
;

boundaryField
{
    cyclic1
    {
        type            cyclic;
        value           nonuniform List<scalar> 
200
(
2.69682e-16
3.97822e-16
4.33732e-16
4.7766e-16
2.59921e-16
2.69621e-16
7.04664e-17
4.23836e-17
-1.10344e-16
-1.2137e-16
-8.90812e-17
1.21894e-17
1.22672e-16
5.91166e-17
2.87195e-17
5.66954e-18
1.41663e-16
-1.22092e-16
-2.61079e-16
-3.10173e-16
-1.0859e-16
9.54677e-17
2.87016e-17
-1.48947e-17
7.20851e-17
2.79841e-17
8.69433e-18
4.24114e-17
-4.63919e-17
1.77895e-17
6.41999e-17
-4.3365e-17
7.04798e-17
1.93503e-16
2.46666e-16
1.53837e-16
1.17632e-16
1.27145e-16
-1.07615e-17
-6.83703e-17
-1.83429e-16
-3.03619e-17
-1.13705e-16
-1.54715e-16
-8.48778e-17
-2.35857e-16
-2.24086e-16
-1.53483e-16
-1.15964e-16
-7.94902e-17
4.12081e-17
-5.63018e-17
5.13292e-17
-9.29128e-17
-1.69289e-16
-3.47969e-17
-4.08357e-17
-5.94574e-17
-1.43889e-16
-2.07047e-17
1.2158e-16
5.70825e-17
-1.38667e-17
1.91737e-16
-5.44582e-17
3.53697e-17
-9.62037e-17
-6.06304e-17
3.77595e-17
-4.16642e-17
3.71764e-17
-7.38915e-17
-2.33615e-16
-2.31323e-16
-3.27618e-16
-2.32397e-16
-1.63281e-17
-2.2323e-16
-2.01893e-16
-2.47866e-16
-3.12509e-16
-1.47233e-16
-1.25061e-16
-2.74611e-16
-3.62675e-16
-1.83034e-16
-6.07094e-17
7.33206e-17
1.71885e-17
-6.76016e-17
-5.86004e-17
8.56043e-17
-1.8628e-17
-1.3653e-16
-1.53446e-16
6.15231e-17
9.62247e-17
1.2807e-16
1.23744e-16
2.70029e-16
5.72163e-17
6.94021e-17
-6.27848e-18
1.7287e-16
2.04864e-16
2.08433e-16
2.44711e-16
2.22914e-16
1.54554e-16
1.51828e-18
4.51989e-17
2.33859e-16
2.45142e-16
6.39897e-17
-2.37281e-17
1.45695e-17
-2.27195e-16
-2.59072e-16
-1.74254e-16
-1.50157e-16
-2.17442e-16
-1.39687e-16
-2.40581e-16
-2.17207e-16
-2.03361e-16
-3.33704e-16
-2.66776e-16
-1.94978e-16
-1.96335e-16
-8.5557e-17
-6.69104e-17
-1.11892e-16
-7.43475e-17
1.04976e-16
-4.91502e-17
-1.72914e-17
-3.78231e-17
-2.00414e-18
1.10009e-16
2.45878e-17
-1.91244e-16
-8.93325e-18
1.66704e-16
1.21205e-16
9.92566e-17
2.58554e-17
1.98713e-16
3.25154e-16
3.6721e-16
2.78752e-16
1.40789e-16
2.13405e-16
1.79454e-16
8.78533e-17
-4.97499e-17
-2.32537e-16
-1.1825e-16
-4.03805e-17
8.03506e-17
-3.37522e-18
-2.67956e-18
1.02936e-16
2.46978e-16
1.85798e-16
9.68885e-18
1.19357e-16
-5.78383e-17
-1.15926e-16
3.22521e-17
-1.18661e-16
-3.07413e-16
-3.44328e-16
-3.13484e-16
-3.1617e-16
-3.24127e-16
-1.83049e-16
-7.55048e-17
-1.21486e-17
1.51008e-16
1.4416e-16
1.46945e-16
1.3932e-16
3.60093e-16
2.57274e-16
3.34227e-16
1.66561e-16
-4.19252e-17
-6.66999e-17
1.12607e-16
1.59066e-16
1.17186e-16
2.36925e-16
3.13456e-16
2.27252e-16
5.66087e-17
-6.76787e-17
-2.1666e-16
-2.06914e-16
-1.57905e-16
-8.70639e-17
)
;
    }
    cyclic2
    {
        type            cyclic;
        value           nonuniform List<scalar> 
200
(
-2.69682e-16
-3.97822e-16
-4.33732e-16
-4.7766e-16
-2.59921e-16
-2.69621e-16
-7.04664e-17
-4.23836e-17
1.10344e-16
1.2137e-16
8.90812e-17
-1.21894e-17
-1.22672e-16
-5.91166e-17
-2.87195e-17
-5.66954e-18
-1.41663e-16
1.22092e-16
2.61079e-16
3.10173e-16
1.0859e-16
-9.54677e-17
-2.87016e-17
1.48947e-17
-7.20851e-17
-2.79841e-17
-8.69433e-18
-4.24114e-17
4.63919e-17
-1.77895e-17
-6.41999e-17
4.3365e-17
-7.04798e-17
-1.93503e-16
-2.46666e-16
-1.53837e-16
-1.17632e-16
-1.27145e-16
1.07615e-17
6.83703e-17
1.83429e-16
3.03619e-17
1.13705e-16
1.54715e-16
8.48778e-17
2.35857e-16
2.24086e-16
1.53483e-16
1.15964e-16
7.94902e-17
-4.12081e-17
5.63018e-17
-5.13292e-17
9.29128e-17
1.69289e-16
3.47969e-17
4.08357e-17
5.94574e-17
1.43889e-16
2.07047e-17
-1.2158e-16
-5.70825e-17
1.38667e-17
-1.91737e-16
5.44582e-17
-3.53697e-17
9.62037e-17
6.06304e-17
-3.77595e-17
4.16642e-17
-3.71764e-17
7.38915e-17
2.33615e-16
2.31323e-16
3.27618e-16
2.32397e-16
1.63281e-17
2.2323e-16
2.01893e-16
2.47866e-16
3.12509e-16
1.47233e-16
1.25061e-16
2.74611e-16
3.62675e-16
1.83034e-16
6.07094e-17
-7.33206e-17
-1.71885e-17
6.76016e-17
5.86004e-17
-8.56043e-17
1.8628e-17
1.3653e-16
1.53446e-16
-6.15231e-17
-9.62247e-17
-1.2807e-16
-1.23744e-16
-2.70029e-16
-5.72163e-17
-6.94021e-17
6.27848e-18
-1.7287e-16
-2.04864e-16
-2.08433e-16
-2.44711e-16
-2.22914e-16
-1.54554e-16
-1.51828e-18
-4.51989e-17
-2.33859e-16
-2.45142e-16
-6.39897e-17
2.37281e-17
-1.45695e-17
2.27195e-16
2.59072e-16
1.74254e-16
1.50157e-16
2.17442e-16
1.39687e-16
2.40581e-16
2.17207e-16
2.03361e-16
3.33704e-16
2.66776e-16
1.94978e-16
1.96335e-16
8.5557e-17
6.69104e-17
1.11892e-16
7.43475e-17
-1.04976e-16
4.91502e-17
1.72914e-17
3.78231e-17
2.00414e-18
-1.10009e-16
-2.45878e-17
1.91244e-16
8.93325e-18
-1.66704e-16
-1.21205e-16
-9.92566e-17
-2.58554e-17
-1.98713e-16
-3.25154e-16
-3.6721e-16
-2.78752e-16
-1.40789e-16
-2.13405e-16
-1.79454e-16
-8.78533e-17
4.97499e-17
2.32537e-16
1.1825e-16
4.03805e-17
-8.03506e-17
3.37522e-18
2.67956e-18
-1.02936e-16
-2.46978e-16
-1.85798e-16
-9.68885e-18
-1.19357e-16
5.78383e-17
1.15926e-16
-3.22521e-17
1.18661e-16
3.07413e-16
3.44328e-16
3.13484e-16
3.1617e-16
3.24127e-16
1.83049e-16
7.55048e-17
1.21486e-17
-1.51008e-16
-1.4416e-16
-1.46945e-16
-1.3932e-16
-3.60093e-16
-2.57274e-16
-3.34227e-16
-1.66561e-16
4.19252e-17
6.66999e-17
-1.12607e-16
-1.59066e-16
-1.17186e-16
-2.36925e-16
-3.13456e-16
-2.27252e-16
-5.66087e-17
6.76787e-17
2.1666e-16
2.06914e-16
1.57905e-16
8.70639e-17
)
;
    }
    frontAndBack
    {
        type            empty;
        value           nonuniform 0();
    }
    outlet
    {
        type            calculated;
        value           nonuniform List<scalar> 
20
(
2
2
2
2
2
2
2
2
2
2
2
2
2
2
2
2
2
2
2
2
)
;
    }
    inlet
    {
        type            calculated;
        value           nonuniform List<scalar> 
20
(
-2
-2
-2
-2
-2
-2
-2
-2
-2
-2
-2
-2
-2
-2
-2
-2
-2
-2
-2
-2
)
;
    }
}


// ************************************************************************* //
