/*--------------------------------*- C++ -*----------------------------------*\
  =========                 |
  \\      /  F ield         | OpenFOAM: The Open Source CFD Toolbox
   \\    /   O peration     | Website:  https://openfoam.org
    \\  /    A nd           | Version:  6
     \\/     M anipulation  |
\*---------------------------------------------------------------------------*/
FoamFile
{
    version     2.0;
    format      ascii;
    class       volVectorField;
    location    "20";
    object      U;
}
// * * * * * * * * * * * * * * * * * * * * * * * * * * * * * * * * * * * * * //

dimensions      [0 1 -1 0 0 0 0];

internalField   nonuniform List<vector> 
4000
(
(400 5.05754e-14 0)
(400 5.68658e-14 0)
(400 5.79911e-14 0)
(400 6.06685e-14 0)
(400 6.1132e-14 0)
(400 7.59553e-14 0)
(400 6.20221e-14 0)
(400 5.62544e-14 0)
(400 5.39593e-14 0)
(400 2.80348e-14 0)
(400 1.46074e-14 0)
(400 1.9345e-14 0)
(400 2.40225e-14 0)
(400 4.28975e-14 0)
(400 6.21312e-14 0)
(400 7.88273e-14 0)
(400 6.56123e-14 0)
(400 3.43596e-14 0)
(400 1.89315e-14 0)
(400 1.55122e-14 0)
(400 2.54265e-14 0)
(400 2.02618e-14 0)
(400 4.84334e-15 0)
(400 -1.0571e-14 0)
(400 2.00435e-15 0)
(400 1.74203e-15 0)
(400 -1.03238e-14 0)
(400 -1.65798e-14 0)
(400 -2.61667e-14 0)
(400 -2.53419e-14 0)
(400 -1.75259e-14 0)
(400 -1.26832e-14 0)
(400 -6.36251e-15 0)
(400 -1.05566e-14 0)
(400 -3.92533e-15 0)
(400 2.04138e-14 0)
(400 3.22204e-14 0)
(400 2.52152e-14 0)
(400 1.09816e-14 0)
(400 8.94983e-15 0)
(400 4.16621e-16 0)
(400 -2.19348e-15 0)
(400 -1.34952e-14 0)
(400 -1.51982e-14 0)
(400 -1.60949e-14 0)
(400 -3.06892e-14 0)
(400 -3.01058e-14 0)
(400 -3.08213e-14 0)
(400 -3.09498e-14 0)
(400 -2.89342e-14 0)
(400 -2.14977e-14 0)
(400 -1.31083e-14 0)
(400 -2.20439e-15 0)
(400 -1.84942e-14 0)
(400 -2.89168e-14 0)
(400 -4.29882e-15 0)
(400 1.88501e-14 0)
(400 2.25762e-14 0)
(400 2.66421e-14 0)
(400 3.53686e-14 0)
(400 4.49717e-14 0)
(400 3.33515e-14 0)
(400 2.23391e-14 0)
(400 2.52283e-14 0)
(400 9.69198e-15 0)
(400 1.11497e-14 0)
(400 -3.75841e-15 0)
(400 -9.00431e-15 0)
(400 -5.72437e-15 0)
(400 -8.42789e-15 0)
(400 -1.34878e-14 0)
(400 -3.34965e-14 0)
(400 -6.41237e-14 0)
(400 -7.98733e-14 0)
(400 -9.10023e-14 0)
(400 -8.25677e-14 0)
(400 -6.13494e-14 0)
(400 -5.65647e-14 0)
(400 -5.47664e-14 0)
(400 -7.02737e-14 0)
(400 -6.40709e-14 0)
(400 -4.21603e-14 0)
(400 -4.53574e-14 0)
(400 -4.40637e-14 0)
(400 -5.17867e-14 0)
(400 -4.55405e-14 0)
(400 -2.19886e-14 0)
(400 -5.18547e-15 0)
(400 -7.22465e-16 0)
(400 1.09078e-15 0)
(400 7.09844e-15 0)
(400 2.04431e-14 0)
(400 9.50526e-15 0)
(400 -5.30667e-15 0)
(400 3.80419e-15 0)
(400 1.76465e-14 0)
(400 2.09331e-14 0)
(400 1.42962e-14 0)
(400 1.08393e-14 0)
(400 1.84556e-14 0)
(400 2.16895e-14 0)
(400 3.1662e-14 0)
(400 3.48941e-14 0)
(400 4.349e-14 0)
(400 5.55583e-14 0)
(400 6.08469e-14 0)
(400 6.73403e-14 0)
(400 7.3128e-14 0)
(400 6.99707e-14 0)
(400 5.62839e-14 0)
(400 4.53603e-14 0)
(400 4.78007e-14 0)
(400 3.01841e-14 0)
(400 4.7541e-15 0)
(400 -8.65375e-15 0)
(400 -1.46715e-14 0)
(400 -1.11329e-14 0)
(400 -2.77299e-14 0)
(400 -5.13882e-14 0)
(400 -4.38398e-14 0)
(400 -4.0875e-14 0)
(400 -4.24311e-14 0)
(400 -5.03098e-14 0)
(400 -5.06768e-14 0)
(400 -3.68015e-14 0)
(400 -3.30306e-14 0)
(400 -3.4852e-14 0)
(400 -3.08104e-14 0)
(400 -3.68714e-14 0)
(400 -9.4754e-15 0)
(400 -6.32596e-15 0)
(400 -2.40571e-14 0)
(400 -3.08893e-14 0)
(400 -1.05165e-14 0)
(400 -5.06535e-15 0)
(400 -7.41211e-15 0)
(400 -1.13029e-14 0)
(400 -2.92388e-15 0)
(400 1.09233e-14 0)
(400 6.05812e-15 0)
(400 -2.53449e-14 0)
(400 -2.9494e-14 0)
(400 -8.78226e-15 0)
(400 2.57775e-15 0)
(400 7.16822e-15 0)
(400 1.09398e-14 0)
(400 2.24127e-14 0)
(400 3.24475e-14 0)
(400 4.61371e-14 0)
(400 4.94832e-14 0)
(400 2.61442e-14 0)
(400 5.16957e-15 0)
(400 6.94323e-15 0)
(400 -1.2502e-14 0)
(400 -2.49689e-14 0)
(400 -5.84986e-14 0)
(400 -6.43004e-14 0)
(400 -5.39511e-14 0)
(400 -4.15872e-14 0)
(400 -4.86329e-14 0)
(400 -3.00053e-14 0)
(400 -8.96647e-15 0)
(400 1.95565e-15 0)
(400 -1.1085e-14 0)
(400 -3.42573e-14 0)
(400 -5.31331e-15 0)
(400 -7.73657e-15 0)
(400 -1.46107e-14 0)
(400 -1.95549e-14 0)
(400 -3.43714e-14 0)
(400 -4.02975e-14 0)
(400 -3.32213e-14 0)
(400 -4.19143e-14 0)
(400 -5.98796e-14 0)
(400 -6.27406e-14 0)
(400 -3.30257e-14 0)
(400 -1.09289e-14 0)
(400 -1.47517e-14 0)
(400 -1.96871e-14 0)
(400 -3.29533e-14 0)
(400 -2.97177e-14 0)
(400 -6.89908e-15 0)
(400 2.79731e-15 0)
(400 9.66575e-15 0)
(400 8.1704e-15 0)
(400 7.04586e-15 0)
(400 2.48434e-14 0)
(400 2.23177e-14 0)
(400 2.06583e-15 0)
(400 -8.33171e-16 0)
(400 2.09665e-14 0)
(400 3.59294e-14 0)
(400 4.06025e-14 0)
(400 4.10839e-14 0)
(400 3.29536e-14 0)
(400 2.25961e-14 0)
(400 6.38987e-15 0)
(400 -1.18148e-14 0)
(400 -1.31119e-14 0)
(400 -1.43643e-14 0)
(400 1.09423e-14 0)
(400 1.33633e-14 0)
(400 2.77918e-14 0)
(400 3.55133e-14 0)
(400 4.51857e-14 0)
(400 6.34798e-14 0)
(400 5.96614e-14 0)
(400 5.0905e-14 0)
(400 4.9028e-14 0)
(400 4.00932e-14 0)
(400 3.3162e-14 0)
(400 3.30149e-14 0)
(400 4.01145e-14 0)
(400 5.15324e-14 0)
(400 5.27656e-14 0)
(400 4.73934e-14 0)
(400 5.60495e-14 0)
(400 6.38123e-14 0)
(400 6.6204e-14 0)
(400 7.16399e-14 0)
(400 5.9939e-14 0)
(400 2.16335e-14 0)
(400 -1.2265e-14 0)
(400 -1.60532e-14 0)
(400 -1.3807e-14 0)
(400 -1.70703e-14 0)
(400 -2.17746e-14 0)
(400 -1.99855e-14 0)
(400 -1.38377e-14 0)
(400 -1.35505e-14 0)
(400 1.9762e-15 0)
(400 1.61188e-14 0)
(400 1.46117e-14 0)
(400 1.95855e-14 0)
(400 2.8987e-14 0)
(400 4.58359e-14 0)
(400 3.7578e-14 0)
(400 2.0578e-14 0)
(400 1.37636e-14 0)
(400 2.8798e-14 0)
(400 3.81385e-14 0)
(400 3.78798e-14 0)
(400 3.63264e-14 0)
(400 3.84739e-14 0)
(400 3.26763e-14 0)
(400 2.96343e-14 0)
(400 2.53324e-14 0)
(400 9.66529e-15 0)
(400 -4.89047e-15 0)
(400 -1.57143e-14 0)
(400 -3.49986e-15 0)
(400 -6.49632e-15 0)
(400 -1.27511e-14 0)
(400 -3.20155e-14 0)
(400 -5.56084e-14 0)
(400 -4.08696e-14 0)
(400 -2.2175e-14 0)
(400 -1.65976e-14 0)
(400 -1.5523e-14 0)
(400 -1.1916e-14 0)
(400 -5.86835e-15 0)
(400 -2.13755e-14 0)
(400 -3.23881e-14 0)
(400 -3.55947e-14 0)
(400 -3.23395e-14 0)
(400 -3.86757e-14 0)
(400 -4.08406e-14 0)
(400 -3.66343e-14 0)
(400 -2.75822e-14 0)
(400 -5.31309e-15 0)
(400 6.31588e-15 0)
(400 3.83589e-15 0)
(400 -1.32975e-14 0)
(400 -2.82556e-14 0)
(400 -3.23338e-14 0)
(400 -3.669e-14 0)
(400 -3.29604e-14 0)
(400 -1.02685e-14 0)
(400 -7.66712e-15 0)
(400 -9.44504e-15 0)
(400 -5.44851e-15 0)
(400 4.28659e-15 0)
(400 1.65475e-15 0)
(400 1.81144e-15 0)
(400 -3.9075e-15 0)
(400 -7.44087e-15 0)
(400 -4.85067e-16 0)
(400 2.21232e-14 0)
(400 4.34664e-14 0)
(400 4.71605e-14 0)
(400 3.78314e-14 0)
(400 4.00741e-14 0)
(400 2.01482e-14 0)
(400 1.32038e-14 0)
(400 1.00531e-14 0)
(400 1.07734e-14 0)
(400 3.23765e-15 0)
(400 -1.28753e-14 0)
(400 -1.68614e-14 0)
(400 -1.43036e-14 0)
(400 3.25301e-16 0)
(400 2.72548e-15 0)
(400 2.63691e-15 0)
(400 1.93949e-14 0)
(400 2.77107e-14 0)
(400 1.37517e-14 0)
(400 9.32695e-15 0)
(400 2.72437e-14 0)
(400 3.53864e-14 0)
(400 2.34667e-14 0)
(400 1.0146e-14 0)
(400 1.51708e-14 0)
(400 -1.31414e-15 0)
(400 1.01166e-15 0)
(400 -1.01943e-14 0)
(400 -1.91612e-14 0)
(400 8.38571e-15 0)
(400 2.85436e-16 0)
(400 -2.68596e-14 0)
(400 -2.58929e-14 0)
(400 -1.55006e-14 0)
(400 -9.63735e-15 0)
(400 -4.12264e-15 0)
(400 -2.09481e-14 0)
(400 -2.53871e-14 0)
(400 -3.46167e-14 0)
(400 -3.45484e-14 0)
(400 -3.43964e-14 0)
(400 -2.48642e-14 0)
(400 -2.77601e-14 0)
(400 -5.30572e-14 0)
(400 -6.09021e-14 0)
(400 -5.86485e-14 0)
(400 -6.19969e-14 0)
(400 -6.17892e-14 0)
(400 -4.57024e-14 0)
(400 -3.00784e-14 0)
(400 -1.65865e-14 0)
(400 -8.86894e-15 0)
(400 -2.59066e-15 0)
(400 -3.20209e-16 0)
(400 -1.72318e-15 0)
(400 -9.11001e-15 0)
(400 5.59743e-16 0)
(400 1.01436e-14 0)
(400 1.73859e-14 0)
(400 1.1048e-14 0)
(400 1.27519e-14 0)
(400 2.82078e-14 0)
(400 2.58974e-14 0)
(400 5.03783e-17 0)
(400 -2.09315e-15 0)
(400 1.21845e-14 0)
(400 -1.02144e-14 0)
(400 -2.044e-14 0)
(400 -3.98207e-14 0)
(400 -5.59861e-14 0)
(400 -3.29316e-14 0)
(400 -7.14994e-15 0)
(400 -3.94232e-15 0)
(400 1.05102e-14 0)
(400 1.98482e-14 0)
(400 2.5385e-14 0)
(400 1.174e-14 0)
(400 -2.04251e-14 0)
(400 -2.79094e-14 0)
(400 -2.73281e-14 0)
(400 -2.60069e-14 0)
(400 -3.95549e-14 0)
(400 -5.81087e-14 0)
(400 -5.71223e-14 0)
(400 -4.36504e-14 0)
(400 -4.25368e-14 0)
(400 -5.0603e-14 0)
(400 -5.85716e-14 0)
(400 -5.38413e-14 0)
(400 -3.18779e-14 0)
(400 -1.12805e-14 0)
(400 -8.4578e-15 0)
(400 -9.86459e-15 0)
(400 2.19724e-15 0)
(400 1.87287e-14 0)
(400 4.0379e-14 0)
(400 5.09627e-14 0)
(400 4.52493e-14 0)
(400 4.8e-14 0)
(400 7.26801e-14 0)
(400 7.67007e-14 0)
(400 5.29729e-14 0)
(400 5.06762e-14 0)
(400 6.85005e-14 0)
(400 6.19639e-14 0)
(400 5.21195e-14 0)
(400 3.92456e-14 0)
(400 1.05849e-14 0)
(400 -3.34129e-15 0)
(400 -1.01241e-14 0)
(400 -1.83977e-14 0)
(400 -2.25323e-14 0)
(400 -3.6885e-14 0)
(400 -1.02203e-14 0)
(400 -3.64262e-15 0)
(400 1.10274e-14 0)
(400 2.38756e-14 0)
(400 3.36739e-14 0)
(400 4.75818e-14 0)
(400 6.02346e-14 0)
(400 5.1541e-14 0)
(400 4.38453e-14 0)
(400 3.84232e-14 0)
(400 3.14753e-14 0)
(400 2.77327e-14 0)
(400 2.0822e-14 0)
(400 2.6648e-14 0)
(400 3.39659e-14 0)
(400 1.97712e-14 0)
(400 1.99296e-14 0)
(400 4.78865e-14 0)
(400 6.18046e-14 0)
(400 6.21812e-14 0)
(400 5.10297e-14 0)
(400 4.1285e-14 0)
(400 2.70278e-14 0)
(400 4.61192e-14 0)
(400 2.84498e-14 0)
(400 1.83141e-14 0)
(400 1.439e-14 0)
(400 1.756e-14 0)
(400 2.19311e-14 0)
(400 2.20183e-14 0)
(400 2.82092e-14 0)
(400 1.86602e-14 0)
(400 1.56063e-14 0)
(400 4.45941e-14 0)
(400 4.36504e-14 0)
(400 1.55682e-14 0)
(400 -8.57971e-15 0)
(400 -2.32536e-14 0)
(400 -3.52831e-14 0)
(400 -3.06599e-14 0)
(400 -1.46929e-14 0)
(400 2.50798e-15 0)
(400 1.1302e-14 0)
(400 2.03815e-14 0)
(400 1.94373e-14 0)
(400 2.55697e-14 0)
(400 2.24412e-14 0)
(400 1.16577e-14 0)
(400 7.5031e-15 0)
(400 -1.06826e-14 0)
(400 -6.98995e-15 0)
(400 1.64927e-14 0)
(400 1.7569e-14 0)
(400 -1.95978e-14 0)
(400 -3.99453e-14 0)
(400 -3.0515e-14 0)
(400 -3.35235e-14 0)
(400 -3.05851e-14 0)
(400 -3.90654e-14 0)
(400 -3.77095e-14 0)
(400 -4.21891e-14 0)
(400 -4.1259e-14 0)
(400 -2.35393e-14 0)
(400 -2.07704e-14 0)
(400 -1.33658e-14 0)
(400 -2.52061e-14 0)
(400 -4.19764e-14 0)
(400 -4.13329e-14 0)
(400 -3.8363e-14 0)
(400 -3.11046e-14 0)
(400 -3.0171e-14 0)
(400 -3.7954e-14 0)
(400 -4.81735e-14 0)
(400 -5.83956e-14 0)
(400 -5.6602e-14 0)
(400 -6.51774e-14 0)
(400 -8.31471e-14 0)
(400 -7.39552e-14 0)
(400 -6.24456e-14 0)
(400 -3.46074e-14 0)
(400 -1.63496e-14 0)
(400 -2.29709e-14 0)
(400 -1.90875e-14 0)
(400 -1.44884e-14 0)
(400 -5.54998e-15 0)
(400 -4.15353e-15 0)
(400 -1.07926e-14 0)
(400 2.7268e-15 0)
(400 3.3673e-14 0)
(400 4.89295e-14 0)
(400 4.87072e-14 0)
(400 3.57568e-14 0)
(400 1.71942e-14 0)
(400 1.85652e-14 0)
(400 1.70486e-14 0)
(400 1.89274e-14 0)
(400 1.98901e-16 0)
(400 -1.55002e-14 0)
(400 -8.96249e-15 0)
(400 -5.84052e-15 0)
(400 -1.30764e-14 0)
(400 -2.60249e-14 0)
(400 -1.43069e-14 0)
(400 -8.96509e-15 0)
(400 -1.52829e-14 0)
(400 -1.54261e-14 0)
(400 -1.93978e-14 0)
(400 -5.75209e-15 0)
(400 2.03303e-15 0)
(400 3.10219e-15 0)
(400 -6.66094e-15 0)
(400 -4.82969e-15 0)
(400 6.02718e-15 0)
(400 6.7695e-15 0)
(400 -1.38005e-14 0)
(400 -1.89757e-14 0)
(400 -9.56096e-15 0)
(400 1.80294e-15 0)
(400 -3.92974e-15 0)
(400 -1.83779e-14 0)
(400 -7.62342e-15 0)
(400 3.09604e-15 0)
(400 1.04654e-14 0)
(400 4.54101e-15 0)
(400 -1.18482e-14 0)
(400 -2.97167e-14 0)
(400 -3.28497e-14 0)
(400 -4.35411e-14 0)
(400 -2.85368e-14 0)
(400 -3.82998e-14 0)
(400 -5.27911e-14 0)
(400 -3.81062e-14 0)
(400 -2.06078e-14 0)
(400 -3.22591e-14 0)
(400 -2.93375e-14 0)
(400 -1.78532e-14 0)
(400 7.18561e-15 0)
(400 2.57822e-14 0)
(400 3.43134e-14 0)
(400 3.98116e-14 0)
(400 5.00725e-14 0)
(400 5.42359e-14 0)
(400 5.33646e-14 0)
(400 7.19294e-14 0)
(400 7.49736e-14 0)
(400 5.86072e-14 0)
(400 3.73963e-14 0)
(400 2.99249e-14 0)
(400 2.5245e-14 0)
(400 1.99014e-14 0)
(400 2.1331e-14 0)
(400 3.25574e-14 0)
(400 2.70223e-14 0)
(400 1.38222e-14 0)
(400 -1.01772e-14 0)
(400 -2.44899e-14 0)
(400 -4.60231e-14 0)
(400 -2.82679e-14 0)
(400 -5.09701e-15 0)
(400 1.27603e-14 0)
(400 1.72902e-14 0)
(400 1.59033e-14 0)
(400 2.0493e-14 0)
(400 2.17073e-14 0)
(400 2.02601e-14 0)
(400 -8.95753e-15 0)
(400 -1.66189e-14 0)
(400 -4.9664e-15 0)
(400 -9.9221e-15 0)
(400 -3.22895e-14 0)
(400 -3.49243e-14 0)
(400 -4.4108e-14 0)
(400 -4.34388e-14 0)
(400 -2.87563e-14 0)
(400 -1.95408e-14 0)
(400 -2.89018e-14 0)
(400 -5.16785e-14 0)
(400 -5.00056e-14 0)
(400 -3.23899e-14 0)
(400 -7.24212e-15 0)
(400 1.72836e-14 0)
(400 1.10251e-14 0)
(400 1.05994e-14 0)
(400 2.40201e-14 0)
(400 3.46849e-14 0)
(400 3.9596e-14 0)
(400 5.42715e-14 0)
(400 7.45264e-14 0)
(400 9.21319e-14 0)
(400 1.05702e-13 0)
(400 1.16878e-13 0)
(400 9.57236e-14 0)
(400 8.30368e-14 0)
(400 7.26364e-14 0)
(400 5.16092e-14 0)
(400 3.15321e-14 0)
(400 2.82352e-14 0)
(400 3.68032e-14 0)
(400 2.21101e-14 0)
(400 9.3504e-15 0)
(400 5.0577e-15 0)
(400 1.44088e-14 0)
(400 2.72703e-14 0)
(400 5.21664e-14 0)
(400 5.64758e-14 0)
(400 5.55186e-14 0)
(400 5.90597e-14 0)
(400 4.77473e-14 0)
(400 3.89794e-14 0)
(400 2.40103e-14 0)
(400 2.35963e-14 0)
(400 1.98815e-14 0)
(400 2.40526e-14 0)
(400 2.08389e-14 0)
(400 2.09085e-14 0)
(400 1.44256e-14 0)
(400 2.83451e-15 0)
(400 2.34589e-14 0)
(400 2.85541e-14 0)
(400 3.06139e-14 0)
(400 3.01927e-14 0)
(400 4.79591e-14 0)
(400 5.30903e-14 0)
(400 5.64135e-14 0)
(400 4.08218e-14 0)
(400 2.7751e-14 0)
(400 2.31061e-14 0)
(400 2.07761e-14 0)
(400 2.37451e-14 0)
(400 2.7742e-14 0)
(400 3.30371e-14 0)
(400 6.59494e-15 0)
(400 -8.4356e-15 0)
(400 1.99064e-15 0)
(400 -6.25643e-15 0)
(400 -2.52619e-14 0)
(400 -2.75863e-14 0)
(400 -3.12689e-14 0)
(400 -1.86088e-14 0)
(400 -9.08267e-15 0)
(400 3.91978e-15 0)
(400 1.64143e-14 0)
(400 4.43022e-14 0)
(400 6.62288e-14 0)
(400 6.26276e-14 0)
(400 4.95684e-14 0)
(400 3.84558e-14 0)
(400 3.32824e-14 0)
(400 3.68344e-14 0)
(400 3.50666e-14 0)
(400 1.70327e-14 0)
(400 1.56874e-14 0)
(400 -6.87792e-16 0)
(400 -2.33473e-14 0)
(400 -3.90931e-14 0)
(400 -4.44287e-14 0)
(400 -4.78525e-14 0)
(400 -4.30845e-14 0)
(400 -3.78214e-14 0)
(400 -3.613e-14 0)
(400 -3.43958e-14 0)
(400 -4.28669e-14 0)
(400 -3.93143e-14 0)
(400 -3.85672e-14 0)
(400 -4.1217e-14 0)
(400 -3.9013e-14 0)
(400 -4.82394e-14 0)
(400 -4.58186e-14 0)
(400 -3.43501e-14 0)
(400 -3.08159e-14 0)
(400 -1.12664e-14 0)
(400 -2.06419e-14 0)
(400 -3.6286e-14 0)
(400 -5.21526e-14 0)
(400 -6.03906e-14 0)
(400 -6.70525e-14 0)
(400 -6.56152e-14 0)
(400 -5.96727e-14 0)
(400 -3.99809e-14 0)
(400 -2.67458e-14 0)
(400 -1.25662e-14 0)
(400 -1.05063e-14 0)
(400 -2.02585e-15 0)
(400 1.11912e-14 0)
(400 1.43027e-14 0)
(400 4.93115e-15 0)
(400 2.3807e-14 0)
(400 3.91846e-14 0)
(400 3.64767e-14 0)
(400 3.84293e-14 0)
(400 5.54154e-14 0)
(400 4.62331e-14 0)
(400 4.34197e-14 0)
(400 3.22067e-14 0)
(400 3.34425e-14 0)
(400 3.7261e-14 0)
(400 2.63878e-14 0)
(400 2.74772e-14 0)
(400 2.93224e-14 0)
(400 1.02569e-14 0)
(400 -8.9062e-15 0)
(400 -2.51708e-14 0)
(400 -2.49764e-14 0)
(400 -2.78674e-14 0)
(400 -4.27111e-14 0)
(400 -5.16864e-14 0)
(400 -5.17547e-14 0)
(400 -4.57978e-14 0)
(400 -4.93104e-14 0)
(400 -5.18284e-14 0)
(400 -5.43444e-14 0)
(400 -4.6056e-14 0)
(400 -1.60576e-14 0)
(400 -3.02126e-14 0)
(400 -3.69021e-14 0)
(400 -2.17918e-14 0)
(400 -1.25265e-14 0)
(400 -7.29338e-15 0)
(400 -1.36936e-15 0)
(400 -9.69766e-15 0)
(400 -4.87108e-15 0)
(400 -1.77394e-15 0)
(400 -3.95024e-15 0)
(400 6.4212e-16 0)
(400 -1.90075e-14 0)
(400 -3.16266e-14 0)
(400 -3.57244e-14 0)
(400 -4.39137e-14 0)
(400 -4.43373e-14 0)
(400 -4.91677e-14 0)
(400 -4.94144e-14 0)
(400 -3.67901e-14 0)
(400 -1.18453e-14 0)
(400 1.03174e-14 0)
(400 2.93824e-14 0)
(400 2.95866e-14 0)
(400 3.6583e-14 0)
(400 3.79566e-14 0)
(400 4.47932e-14 0)
(400 4.35064e-14 0)
(400 4.30738e-14 0)
(400 2.24891e-14 0)
(400 2.64531e-14 0)
(400 3.83303e-14 0)
(400 4.36144e-14 0)
(400 3.3965e-14 0)
(400 1.11521e-14 0)
(400 -1.37178e-14 0)
(400 -1.7368e-14 0)
(400 -1.52908e-14 0)
(400 -2.60816e-15 0)
(400 3.8609e-15 0)
(400 1.76993e-14 0)
(400 2.36914e-14 0)
(400 3.06182e-15 0)
(400 1.99104e-15 0)
(400 5.6436e-15 0)
(400 -1.10624e-14 0)
(400 -6.7176e-15 0)
(400 7.76074e-15 0)
(400 1.3219e-14 0)
(400 1.9718e-14 0)
(400 2.83489e-14 0)
(400 4.0375e-14 0)
(400 4.3384e-14 0)
(400 3.43532e-14 0)
(400 1.94326e-14 0)
(400 3.71245e-15 0)
(400 2.31141e-15 0)
(400 -1.06735e-14 0)
(400 -1.77564e-14 0)
(400 -2.4884e-14 0)
(400 -1.23813e-14 0)
(400 -1.17835e-14 0)
(400 -4.50598e-15 0)
(400 9.17364e-15 0)
(400 8.46853e-15 0)
(400 -1.46805e-15 0)
(400 1.57174e-14 0)
(400 2.80327e-14 0)
(400 3.26564e-14 0)
(400 2.60526e-14 0)
(400 1.39252e-14 0)
(400 3.2717e-14 0)
(400 5.40623e-14 0)
(400 7.38884e-14 0)
(400 8.73344e-14 0)
(400 8.5421e-14 0)
(400 9.55729e-14 0)
(400 1.07881e-13 0)
(400 9.67142e-14 0)
(400 7.28411e-14 0)
(400 5.08754e-14 0)
(400 4.05081e-14 0)
(400 2.9996e-14 0)
(400 1.88009e-14 0)
(400 9.41036e-15 0)
(400 -5.97583e-15 0)
(400 -1.38266e-14 0)
(400 -2.45492e-14 0)
(400 1.39713e-14 0)
(400 2.72771e-14 0)
(400 3.67334e-14 0)
(400 5.71177e-14 0)
(400 6.8908e-14 0)
(400 6.51467e-14 0)
(400 5.93418e-14 0)
(400 7.06218e-14 0)
(400 5.7774e-14 0)
(400 4.55336e-14 0)
(400 3.98018e-14 0)
(400 2.81332e-14 0)
(400 4.28366e-14 0)
(400 3.02324e-14 0)
(400 1.42251e-14 0)
(400 -4.31986e-16 0)
(400 1.06931e-14 0)
(400 1.59261e-14 0)
(400 5.71272e-15 0)
(400 5.61356e-15 0)
(400 8.08226e-15 0)
(400 1.63303e-14 0)
(400 2.06267e-14 0)
(400 7.78978e-15 0)
(400 1.06141e-14 0)
(400 1.33176e-14 0)
(400 1.31254e-14 0)
(400 -3.20647e-15 0)
(400 2.5427e-16 0)
(400 5.80615e-15 0)
(400 -3.16203e-15 0)
(400 -1.61286e-14 0)
(400 -3.38805e-14 0)
(400 -5.78488e-14 0)
(400 -6.11891e-14 0)
(400 -5.85813e-14 0)
(400 -4.72951e-14 0)
(400 -3.02853e-14 0)
(400 3.66266e-15 0)
(400 2.06069e-14 0)
(400 3.45206e-14 0)
(400 3.98419e-14 0)
(400 6.02392e-14 0)
(400 7.69318e-14 0)
(400 8.2688e-14 0)
(400 6.12864e-14 0)
(400 4.79727e-14 0)
(400 4.58933e-14 0)
(400 3.55593e-14 0)
(400 3.90171e-14 0)
(400 3.26346e-14 0)
(400 6.62729e-15 0)
(400 -1.54384e-14 0)
(400 -4.18975e-15 0)
(400 -5.02406e-15 0)
(400 -1.67413e-14 0)
(400 -1.49478e-14 0)
(400 -2.16907e-14 0)
(400 -2.38803e-14 0)
(400 -2.75419e-14 0)
(400 -1.83297e-14 0)
(400 -1.69373e-14 0)
(400 -2.43349e-14 0)
(400 -2.39045e-14 0)
(400 -3.12476e-14 0)
(400 -2.8116e-14 0)
(400 -1.8395e-14 0)
(400 -1.93651e-14 0)
(400 -2.13519e-14 0)
(400 -1.82245e-14 0)
(400 -5.58465e-15 0)
(400 -1.45807e-14 0)
(400 -3.493e-14 0)
(400 -6.32278e-14 0)
(400 -7.90164e-14 0)
(400 -6.85048e-14 0)
(400 -5.4838e-14 0)
(400 -4.67066e-14 0)
(400 -4.23462e-14 0)
(400 -4.39495e-14 0)
(400 -4.82524e-14 0)
(400 -3.37747e-14 0)
(400 -7.61041e-15 0)
(400 5.13154e-15 0)
(400 2.39785e-14 0)
(400 4.63228e-14 0)
(400 6.04861e-14 0)
(400 7.13245e-14 0)
(400 6.10939e-14 0)
(400 5.77559e-14 0)
(400 7.19027e-14 0)
(400 7.02251e-14 0)
(400 6.53649e-14 0)
(400 4.91465e-14 0)
(400 4.46099e-14 0)
(400 2.69503e-14 0)
(400 1.40209e-14 0)
(400 1.35638e-14 0)
(400 6.89678e-16 0)
(400 -2.28905e-14 0)
(400 -2.95595e-14 0)
(400 -2.43196e-14 0)
(400 -3.79858e-14 0)
(400 -4.73545e-14 0)
(400 -5.21429e-14 0)
(400 -5.66999e-14 0)
(400 -5.60335e-14 0)
(400 -6.35284e-14 0)
(400 -6.55153e-14 0)
(400 -6.20703e-14 0)
(400 -5.39236e-14 0)
(400 -5.24524e-14 0)
(400 -5.16102e-14 0)
(400 -4.461e-14 0)
(400 -4.34502e-14 0)
(400 -3.78408e-14 0)
(400 -4.55573e-14 0)
(400 -5.26285e-14 0)
(400 -3.48869e-14 0)
(400 -3.68586e-14 0)
(400 -3.91568e-14 0)
(400 -4.55988e-14 0)
(400 -4.5088e-14 0)
(400 -4.47841e-14 0)
(400 -4.95399e-14 0)
(400 -5.21908e-14 0)
(400 -5.61356e-14 0)
(400 -5.8488e-14 0)
(400 -6.63869e-14 0)
(400 -6.61995e-14 0)
(400 -5.39043e-14 0)
(400 -2.87101e-14 0)
(400 5.10656e-15 0)
(400 4.33742e-14 0)
(400 6.25982e-14 0)
(400 8.16206e-14 0)
(400 7.71326e-14 0)
(400 6.11495e-14 0)
(400 6.21397e-14 0)
(400 7.03596e-14 0)
(400 6.80747e-14 0)
(400 4.98579e-14 0)
(400 3.82996e-14 0)
(400 4.04421e-14 0)
(400 5.36225e-14 0)
(400 3.62261e-14 0)
(400 9.54934e-15 0)
(400 -1.24513e-14 0)
(400 -2.2169e-14 0)
(400 -2.13194e-14 0)
(400 -1.34221e-14 0)
(400 -5.19252e-15 0)
(400 1.33479e-14 0)
(400 1.63995e-14 0)
(400 1.52859e-14 0)
(400 1.47842e-14 0)
(400 1.80123e-14 0)
(400 6.11229e-15 0)
(400 2.02135e-15 0)
(400 1.63091e-14 0)
(400 4.63536e-14 0)
(400 5.07827e-14 0)
(400 5.26734e-14 0)
(400 5.66987e-14 0)
(400 5.32039e-14 0)
(400 4.55139e-14 0)
(400 2.39492e-14 0)
(400 2.60536e-15 0)
(400 -9.09227e-15 0)
(400 2.29711e-15 0)
(400 -2.67914e-15 0)
(400 8.79389e-16 0)
(400 6.053e-16 0)
(400 -5.56669e-15 0)
(400 -9.35856e-16 0)
(400 4.46244e-15 0)
(400 1.47174e-14 0)
(400 1.47679e-14 0)
(400 1.30717e-14 0)
(400 1.56833e-14 0)
(400 1.69924e-14 0)
(400 2.12391e-14 0)
(400 2.33638e-14 0)
(400 2.86555e-14 0)
(400 4.65459e-14 0)
(400 8.56712e-14 0)
(400 9.86245e-14 0)
(400 9.47438e-14 0)
(400 1.08486e-13 0)
(400 1.05666e-13 0)
(400 8.96692e-14 0)
(400 7.35511e-14 0)
(400 5.72192e-14 0)
(400 3.98554e-14 0)
(400 2.16974e-14 0)
(400 1.14282e-14 0)
(400 -6.43085e-15 0)
(400 -2.31011e-14 0)
(400 -1.76563e-14 0)
(400 -1.58601e-14 0)
(400 1.04978e-14 0)
(400 2.19064e-14 0)
(400 2.95142e-14 0)
(400 3.67402e-14 0)
(400 4.50293e-14 0)
(400 4.14186e-14 0)
(400 4.56057e-14 0)
(400 6.0602e-14 0)
(400 6.21513e-14 0)
(400 6.89343e-14 0)
(400 7.27923e-14 0)
(400 6.52785e-14 0)
(400 5.16728e-14 0)
(400 3.39493e-14 0)
(400 9.75123e-15 0)
(400 3.7077e-16 0)
(400 -6.34637e-15 0)
(400 -8.66542e-15 0)
(400 -1.72022e-14 0)
(400 -4.08055e-14 0)
(400 -3.61026e-14 0)
(400 -3.87854e-14 0)
(400 -3.36046e-14 0)
(400 -4.41697e-14 0)
(400 -3.1827e-14 0)
(400 -1.76125e-14 0)
(400 -3.79433e-14 0)
(400 -4.40049e-14 0)
(400 -3.81358e-14 0)
(400 -3.41569e-14 0)
(400 -3.41469e-14 0)
(400 -4.62757e-14 0)
(400 -5.83059e-14 0)
(400 -6.8187e-14 0)
(400 -6.87417e-14 0)
(400 -6.68634e-14 0)
(400 -5.25555e-14 0)
(400 -2.70594e-14 0)
(400 -2.40001e-15 0)
(400 5.7443e-15 0)
(400 2.96004e-14 0)
(400 4.35161e-14 0)
(400 5.04921e-14 0)
(400 5.24266e-14 0)
(400 4.91491e-14 0)
(400 4.34668e-14 0)
(400 3.1896e-14 0)
(400 2.21171e-14 0)
(400 6.48699e-16 0)
(400 -8.76239e-15 0)
(400 -6.79669e-15 0)
(400 -2.27128e-14 0)
(400 -2.14892e-14 0)
(400 -7.2402e-15 0)
(400 -2.50531e-15 0)
(400 -1.29413e-14 0)
(400 -1.53283e-14 0)
(400 -2.5596e-14 0)
(400 -4.20504e-14 0)
(400 -4.04625e-14 0)
(400 -2.44986e-14 0)
(400 -1.38948e-14 0)
(400 -1.04307e-14 0)
(400 -1.27162e-14 0)
(400 -8.65469e-15 0)
(400 -8.24114e-15 0)
(400 -6.26006e-15 0)
(400 -6.43667e-15 0)
(400 -2.36255e-14 0)
(400 -2.80656e-14 0)
(400 -3.83137e-14 0)
(400 -3.98815e-14 0)
(400 -4.17448e-14 0)
(400 -4.24468e-14 0)
(400 -4.48079e-14 0)
(400 -2.81354e-14 0)
(400 -2.90033e-14 0)
(400 -3.44277e-14 0)
(400 -4.10731e-14 0)
(400 -4.5374e-14 0)
(400 -5.04816e-14 0)
(400 -4.40329e-14 0)
(400 -2.05128e-14 0)
(400 -1.21481e-14 0)
(400 1.24202e-14 0)
(400 6.05306e-14 0)
(400 4.88302e-14 0)
(400 3.95657e-14 0)
(400 4.57726e-14 0)
(400 4.21311e-14 0)
(400 4.45715e-14 0)
(400 4.61745e-14 0)
(400 6.23656e-14 0)
(400 5.52052e-14 0)
(400 4.99402e-14 0)
(400 2.14111e-14 0)
(400 7.50082e-15 0)
(400 -7.6992e-15 0)
(400 -3.6577e-14 0)
(400 -3.78309e-14 0)
(400 -3.03043e-14 0)
(400 -1.7253e-14 0)
(400 -1.3378e-14 0)
(400 -2.64638e-14 0)
(400 -3.11138e-14 0)
(400 -3.56093e-14 0)
(400 -4.19618e-14 0)
(400 -6.15679e-14 0)
(400 -6.35081e-14 0)
(400 -5.78556e-14 0)
(400 -5.27331e-14 0)
(400 -5.62303e-14 0)
(400 -5.35549e-14 0)
(400 -4.50419e-14 0)
(400 -3.08723e-14 0)
(400 -2.68213e-14 0)
(400 -5.17908e-14 0)
(400 -5.47402e-14 0)
(400 -4.29973e-14 0)
(400 -4.65747e-14 0)
(400 -5.69339e-14 0)
(400 -6.2378e-14 0)
(400 -5.24923e-14 0)
(400 -4.46907e-14 0)
(400 -3.48154e-14 0)
(400 -2.93207e-14 0)
(400 -3.75481e-14 0)
(400 -4.36969e-14 0)
(400 -4.80062e-14 0)
(400 -3.16017e-14 0)
(400 -3.50359e-15 0)
(400 2.26334e-14 0)
(400 4.16843e-14 0)
(400 5.21967e-14 0)
(400 6.11954e-14 0)
(400 7.92901e-14 0)
(400 7.65622e-14 0)
(400 7.17883e-14 0)
(400 8.16063e-14 0)
(400 9.03863e-14 0)
(400 7.23539e-14 0)
(400 7.101e-14 0)
(400 6.28346e-14 0)
(400 5.88439e-14 0)
(400 5.26737e-14 0)
(400 3.48102e-14 0)
(400 1.55919e-14 0)
(400 3.98992e-15 0)
(400 -1.2049e-14 0)
(400 -8.82313e-15 0)
(400 -3.03458e-15 0)
(400 3.30992e-15 0)
(400 2.53957e-15 0)
(400 1.23324e-14 0)
(400 2.66274e-14 0)
(400 3.26729e-14 0)
(400 4.02753e-14 0)
(400 4.39182e-14 0)
(400 3.16853e-14 0)
(400 3.54267e-14 0)
(400 3.92546e-14 0)
(400 2.3445e-14 0)
(400 1.34633e-14 0)
(400 3.43675e-15 0)
(400 9.29751e-16 0)
(400 -2.1936e-14 0)
(400 -4.03275e-14 0)
(400 -2.80363e-14 0)
(400 -1.69148e-14 0)
(400 1.12187e-14 0)
(400 1.19095e-14 0)
(400 8.55423e-15 0)
(400 -5.18106e-15 0)
(400 -9.42447e-15 0)
(400 8.8641e-15 0)
(400 8.73532e-15 0)
(400 3.44053e-15 0)
(400 1.27718e-14 0)
(400 1.17346e-14 0)
(400 1.76199e-14 0)
(400 1.43702e-14 0)
(400 1.48508e-14 0)
(400 1.82241e-14 0)
(400 1.38286e-14 0)
(400 2.49151e-14 0)
(400 3.68922e-14 0)
(400 3.50454e-14 0)
(400 4.91594e-14 0)
(400 6.92598e-14 0)
(400 6.79317e-14 0)
(400 6.21981e-14 0)
(400 6.51883e-14 0)
(400 6.28623e-14 0)
(400 6.27521e-14 0)
(400 7.30804e-14 0)
(400 6.43891e-14 0)
(400 4.93992e-14 0)
(400 5.73028e-14 0)
(400 5.60643e-14 0)
(400 6.35815e-14 0)
(400 -5.60526e-16 0)
(400 8.37454e-15 0)
(400 1.73015e-14 0)
(400 1.55753e-14 0)
(400 1.33977e-14 0)
(400 1.32073e-14 0)
(400 2.62978e-14 0)
(400 3.02595e-14 0)
(400 4.26115e-14 0)
(400 5.91848e-14 0)
(400 6.88849e-14 0)
(400 6.35047e-14 0)
(400 5.77128e-14 0)
(400 5.51596e-14 0)
(400 1.86457e-14 0)
(400 5.38747e-15 0)
(400 -1.25886e-14 0)
(400 -3.47851e-14 0)
(400 -4.02122e-14 0)
(400 -5.60391e-14 0)
(400 -5.04502e-14 0)
(400 -5.42257e-14 0)
(400 -5.63699e-14 0)
(400 -6.80683e-14 0)
(400 -6.86256e-14 0)
(400 -6.638e-14 0)
(400 -7.81775e-14 0)
(400 -8.032e-14 0)
(400 -8.55443e-14 0)
(400 -8.62199e-14 0)
(400 -7.26985e-14 0)
(400 -6.7151e-14 0)
(400 -6.89108e-14 0)
(400 -6.23113e-14 0)
(400 -5.60854e-14 0)
(400 -4.33809e-14 0)
(400 -3.55246e-14 0)
(400 -2.25682e-14 0)
(400 -1.07417e-14 0)
(400 5.82771e-15 0)
(400 2.56863e-14 0)
(400 4.92855e-14 0)
(400 6.19014e-14 0)
(400 6.11178e-14 0)
(400 6.59158e-14 0)
(400 6.75093e-14 0)
(400 4.82811e-14 0)
(400 3.19938e-14 0)
(400 2.64146e-14 0)
(400 3.53884e-14 0)
(400 3.24873e-14 0)
(400 1.95756e-14 0)
(400 1.64685e-14 0)
(400 2.34149e-14 0)
(400 3.87954e-14 0)
(400 1.80782e-14 0)
(400 -7.97063e-16 0)
(400 -1.39204e-14 0)
(400 -1.24069e-14 0)
(400 -1.0261e-14 0)
(400 3.31476e-15 0)
(400 1.86901e-14 0)
(400 1.99137e-14 0)
(400 1.366e-14 0)
(400 2.52657e-14 0)
(400 1.99532e-14 0)
(400 1.79388e-14 0)
(400 5.39734e-15 0)
(400 -7.41539e-15 0)
(400 -1.05748e-14 0)
(400 -5.32517e-14 0)
(400 -5.19015e-14 0)
(400 -3.62824e-14 0)
(400 -3.25451e-14 0)
(400 -3.03071e-14 0)
(400 -2.11734e-14 0)
(400 -1.57192e-14 0)
(400 -1.35096e-14 0)
(400 -1.44319e-14 0)
(400 -1.40017e-14 0)
(400 -4.91097e-16 0)
(400 9.45232e-15 0)
(400 1.92151e-14 0)
(400 3.46027e-14 0)
(400 4.39631e-14 0)
(400 4.03763e-14 0)
(400 3.0293e-14 0)
(400 2.42033e-14 0)
(400 2.82029e-14 0)
(400 2.49539e-14 0)
(400 2.07209e-14 0)
(400 2.11258e-14 0)
(400 3.40001e-14 0)
(400 3.83769e-14 0)
(400 2.46684e-14 0)
(400 1.20031e-15 0)
(400 -9.65683e-15 0)
(400 -2.03205e-14 0)
(400 -1.27805e-14 0)
(400 1.14956e-14 0)
(400 2.1891e-14 0)
(400 3.65369e-14 0)
(400 4.16272e-14 0)
(400 2.90252e-14 0)
(400 2.31163e-14 0)
(400 1.46231e-14 0)
(400 -8.21423e-15 0)
(400 -4.61626e-14 0)
(400 -5.51925e-14 0)
(400 -3.82775e-14 0)
(400 -2.27922e-14 0)
(400 -4.08725e-14 0)
(400 -3.33444e-14 0)
(400 -2.58539e-14 0)
(400 -1.1358e-14 0)
(400 -2.15836e-14 0)
(400 -4.62514e-14 0)
(400 -4.75571e-14 0)
(400 -4.16953e-14 0)
(400 -3.30595e-14 0)
(400 -4.26474e-14 0)
(400 -3.94392e-14 0)
(400 -3.21751e-14 0)
(400 -2.15926e-14 0)
(400 -1.79627e-14 0)
(400 -3.06547e-14 0)
(400 -4.90263e-14 0)
(400 -5.64937e-14 0)
(400 -4.07518e-14 0)
(400 -1.21068e-14 0)
(400 -2.73106e-15 0)
(400 -1.10875e-14 0)
(400 -9.08879e-15 0)
(400 -2.23357e-15 0)
(400 2.84739e-14 0)
(400 4.09676e-14 0)
(400 3.38754e-14 0)
(400 2.56499e-14 0)
(400 3.49023e-14 0)
(400 5.92534e-14 0)
(400 6.42578e-14 0)
(400 4.40152e-14 0)
(400 3.66836e-14 0)
(400 3.72405e-14 0)
(400 3.01015e-14 0)
(400 1.55309e-14 0)
(400 -1.2549e-14 0)
(400 -2.34865e-14 0)
(400 -1.71854e-14 0)
(400 -6.50006e-15 0)
(400 -1.25556e-14 0)
(400 -9.34287e-15 0)
(400 -3.56277e-15 0)
(400 2.75184e-14 0)
(400 5.70797e-14 0)
(400 7.06002e-14 0)
(400 7.13057e-14 0)
(400 6.28271e-14 0)
(400 6.06712e-14 0)
(400 7.44624e-14 0)
(400 5.23679e-14 0)
(400 3.15959e-14 0)
(400 1.82172e-14 0)
(400 4.25619e-15 0)
(400 1.3083e-15 0)
(400 -1.45202e-14 0)
(400 -1.79719e-14 0)
(400 -3.37164e-15 0)
(400 2.43199e-14 0)
(400 3.8327e-14 0)
(400 3.79357e-14 0)
(400 2.21884e-14 0)
(400 8.80659e-15 0)
(400 2.94443e-15 0)
(400 5.17324e-16 0)
(400 8.08192e-15 0)
(400 1.66915e-14 0)
(400 1.87376e-14 0)
(400 2.26124e-14 0)
(400 2.73821e-14 0)
(400 1.51278e-14 0)
(400 -2.54397e-15 0)
(400 -4.96817e-15 0)
(400 -8.97425e-15 0)
(400 -5.02078e-15 0)
(400 -7.35148e-15 0)
(400 -1.33706e-14 0)
(400 -8.69241e-15 0)
(400 3.0042e-16 0)
(400 4.82546e-15 0)
(400 1.51436e-14 0)
(400 3.19563e-14 0)
(400 3.37904e-14 0)
(400 4.4886e-14 0)
(400 6.08112e-14 0)
(400 7.41323e-14 0)
(400 7.1776e-14 0)
(400 6.03511e-14 0)
(400 5.35651e-14 0)
(400 5.50462e-14 0)
(400 -4.68967e-15 0)
(400 5.9648e-15 0)
(400 1.77624e-14 0)
(400 1.5532e-14 0)
(400 1.69278e-14 0)
(400 1.36724e-14 0)
(400 2.24253e-14 0)
(400 3.72105e-14 0)
(400 5.6247e-14 0)
(400 7.32798e-14 0)
(400 6.91544e-14 0)
(400 4.74258e-14 0)
(400 3.72664e-14 0)
(400 3.92069e-14 0)
(400 2.22719e-14 0)
(400 -4.04124e-15 0)
(400 -1.97738e-14 0)
(400 -4.83472e-14 0)
(400 -4.05139e-14 0)
(400 -2.9179e-14 0)
(400 -2.47756e-14 0)
(400 -2.55499e-14 0)
(400 -3.06617e-14 0)
(400 -5.13349e-14 0)
(400 -7.59115e-14 0)
(400 -9.53401e-14 0)
(400 -8.44388e-14 0)
(400 -8.60015e-14 0)
(400 -9.69144e-14 0)
(400 -9.64026e-14 0)
(400 -9.12756e-14 0)
(400 -5.90557e-14 0)
(400 -3.44533e-14 0)
(400 -2.90594e-14 0)
(400 -2.20749e-14 0)
(400 -1.33489e-14 0)
(400 -1.13966e-14 0)
(400 -9.33625e-15 0)
(400 -4.23889e-15 0)
(400 1.14891e-14 0)
(400 1.48153e-14 0)
(400 3.71443e-14 0)
(400 3.30652e-14 0)
(400 2.27105e-14 0)
(400 2.07223e-14 0)
(400 1.04764e-14 0)
(400 -2.62718e-15 0)
(400 3.60998e-15 0)
(400 4.14994e-15 0)
(400 1.39925e-14 0)
(400 1.98478e-14 0)
(400 1.81514e-14 0)
(400 1.2863e-14 0)
(400 5.79546e-15 0)
(400 6.64737e-15 0)
(400 -5.50108e-15 0)
(400 -2.43962e-14 0)
(400 -3.28557e-14 0)
(400 -1.71392e-14 0)
(400 -2.63745e-14 0)
(400 -1.40132e-14 0)
(400 3.9908e-14 0)
(400 3.98169e-14 0)
(400 1.78593e-14 0)
(400 9.30441e-15 0)
(400 8.41752e-15 0)
(400 7.25579e-15 0)
(400 -1.57861e-14 0)
(400 -2.41892e-14 0)
(400 -2.92805e-14 0)
(400 -3.98901e-14 0)
(400 -3.05561e-14 0)
(400 -2.20403e-14 0)
(400 -2.30651e-14 0)
(400 -2.07624e-14 0)
(400 -5.69812e-15 0)
(400 4.33358e-15 0)
(400 1.09412e-14 0)
(400 6.28262e-15 0)
(400 3.34714e-15 0)
(400 1.61999e-14 0)
(400 3.76386e-14 0)
(400 4.15207e-14 0)
(400 4.75148e-14 0)
(400 5.16615e-14 0)
(400 2.24659e-14 0)
(400 1.71918e-14 0)
(400 2.35544e-14 0)
(400 4.44988e-15 0)
(400 4.70286e-15 0)
(400 -8.08559e-16 0)
(400 3.56046e-16 0)
(400 3.43545e-15 0)
(400 6.58503e-15 0)
(400 -1.26427e-14 0)
(400 -3.34128e-14 0)
(400 -2.55734e-14 0)
(400 -1.10689e-14 0)
(400 7.42858e-15 0)
(400 2.53356e-14 0)
(400 3.63045e-14 0)
(400 5.86418e-14 0)
(400 6.57294e-14 0)
(400 4.7727e-14 0)
(400 2.93332e-14 0)
(400 3.71933e-14 0)
(400 2.19135e-14 0)
(400 -6.24651e-15 0)
(400 -2.47408e-14 0)
(400 -1.36489e-14 0)
(400 7.51701e-15 0)
(400 3.24302e-15 0)
(400 -7.97916e-15 0)
(400 7.60701e-15 0)
(400 4.9239e-15 0)
(400 -8.68647e-15 0)
(400 -2.16329e-14 0)
(400 -4.36021e-14 0)
(400 -5.23479e-14 0)
(400 -3.78675e-14 0)
(400 -3.31627e-14 0)
(400 -3.11014e-14 0)
(400 -4.17223e-14 0)
(400 -2.95216e-14 0)
(400 -1.0331e-14 0)
(400 -7.35628e-15 0)
(400 -4.49403e-15 0)
(400 4.98329e-15 0)
(400 1.02035e-14 0)
(400 5.62939e-15 0)
(400 3.9368e-15 0)
(400 2.04683e-15 0)
(400 4.14217e-15 0)
(400 9.28468e-15 0)
(400 2.74293e-14 0)
(400 3.29513e-14 0)
(400 3.20624e-14 0)
(400 2.36453e-14 0)
(400 2.13664e-14 0)
(400 3.40571e-14 0)
(400 4.77251e-14 0)
(400 2.83307e-14 0)
(400 -5.85492e-16 0)
(400 -6.25785e-15 0)
(400 -2.57749e-14 0)
(400 -4.97595e-14 0)
(400 -5.96125e-14 0)
(400 -6.26112e-14 0)
(400 -5.65408e-14 0)
(400 -6.14489e-14 0)
(400 -5.59048e-14 0)
(400 -3.91966e-14 0)
(400 -1.07646e-14 0)
(400 1.204e-14 0)
(400 2.8778e-14 0)
(400 3.33201e-14 0)
(400 2.38277e-14 0)
(400 1.92462e-14 0)
(400 2.42891e-14 0)
(400 1.58167e-14 0)
(400 7.32401e-16 0)
(400 2.3667e-15 0)
(400 9.23255e-15 0)
(400 1.20635e-15 0)
(400 3.26399e-16 0)
(400 6.08252e-15 0)
(400 2.10792e-14 0)
(400 1.33348e-14 0)
(400 8.68159e-15 0)
(400 1.95423e-14 0)
(400 4.14368e-14 0)
(400 3.18704e-14 0)
(400 1.77347e-14 0)
(400 1.84656e-14 0)
(400 -2.31194e-15 0)
(400 4.60327e-15 0)
(400 9.53234e-15 0)
(400 3.31047e-15 0)
(400 2.01677e-15 0)
(400 -7.12444e-15 0)
(400 -7.87193e-16 0)
(400 8.34729e-15 0)
(400 1.08139e-14 0)
(400 2.07119e-14 0)
(400 2.26739e-14 0)
(400 2.08954e-14 0)
(400 2.15379e-14 0)
(400 2.99234e-14 0)
(400 4.52787e-14 0)
(400 4.49972e-14 0)
(400 4.3761e-14 0)
(400 4.1387e-14 0)
(400 5.19676e-14 0)
(400 7.08396e-14 0)
(400 7.96622e-14 0)
(400 8.22486e-14 0)
(400 7.72987e-14 0)
(400 6.20611e-14 0)
(400 5.05433e-14 0)
(400 4.00654e-14 0)
(400 -8.92022e-15 0)
(400 7.35167e-15 0)
(400 1.78912e-14 0)
(400 2.03447e-14 0)
(400 2.46144e-14 0)
(400 2.46404e-14 0)
(400 2.82326e-14 0)
(400 4.0682e-14 0)
(400 5.90681e-14 0)
(400 7.29588e-14 0)
(400 6.96568e-14 0)
(400 5.43596e-14 0)
(400 2.57826e-14 0)
(400 9.14761e-15 0)
(400 1.7654e-14 0)
(400 1.0066e-15 0)
(400 -9.86249e-15 0)
(400 -1.03011e-14 0)
(400 -1.46428e-14 0)
(400 -1.22233e-14 0)
(400 -1.27401e-14 0)
(400 -1.10396e-14 0)
(400 -1.39121e-14 0)
(400 -2.21607e-14 0)
(400 -4.06113e-14 0)
(400 -6.01515e-14 0)
(400 -6.01543e-14 0)
(400 -6.49792e-14 0)
(400 -8.71509e-14 0)
(400 -9.76707e-14 0)
(400 -1.14836e-13 0)
(400 -8.75194e-14 0)
(400 -5.19419e-14 0)
(400 -4.16718e-14 0)
(400 -4.31284e-14 0)
(400 -4.6103e-14 0)
(400 -3.43667e-14 0)
(400 -3.00006e-14 0)
(400 -1.72918e-14 0)
(400 9.77792e-15 0)
(400 1.65796e-14 0)
(400 2.94253e-14 0)
(400 3.59353e-14 0)
(400 3.30198e-14 0)
(400 2.94861e-14 0)
(400 1.8516e-14 0)
(400 2.84976e-14 0)
(400 3.96987e-14 0)
(400 2.97446e-14 0)
(400 1.80986e-14 0)
(400 2.68265e-14 0)
(400 2.72324e-14 0)
(400 1.4052e-14 0)
(400 -5.5387e-15 0)
(400 -2.27539e-14 0)
(400 -2.40497e-14 0)
(400 -3.03839e-14 0)
(400 -2.38512e-14 0)
(400 -8.64575e-15 0)
(400 2.97429e-15 0)
(400 9.63962e-15 0)
(400 1.55706e-14 0)
(400 3.32759e-14 0)
(400 4.18765e-14 0)
(400 4.00992e-14 0)
(400 3.80472e-14 0)
(400 3.31047e-14 0)
(400 2.1666e-14 0)
(400 1.37568e-14 0)
(400 1.12107e-14 0)
(400 4.46041e-14 0)
(400 4.93526e-14 0)
(400 2.71752e-14 0)
(400 3.03148e-14 0)
(400 4.71649e-14 0)
(400 5.38692e-14 0)
(400 5.54807e-14 0)
(400 6.48098e-14 0)
(400 6.91697e-14 0)
(400 8.14809e-14 0)
(400 7.97829e-14 0)
(400 7.50885e-14 0)
(400 7.90996e-14 0)
(400 7.15561e-14 0)
(400 5.43064e-14 0)
(400 3.32769e-14 0)
(400 1.35058e-14 0)
(400 1.73194e-14 0)
(400 6.64685e-18 0)
(400 -1.87942e-14 0)
(400 -4.61318e-14 0)
(400 -6.24332e-14 0)
(400 -4.88423e-14 0)
(400 -3.81137e-14 0)
(400 -5.44168e-14 0)
(400 -5.41513e-14 0)
(400 -3.24909e-14 0)
(400 -6.46311e-15 0)
(400 9.93566e-15 0)
(400 1.66755e-14 0)
(400 2.42333e-14 0)
(400 1.90539e-14 0)
(400 2.42779e-14 0)
(400 2.12487e-14 0)
(400 -6.09836e-15 0)
(400 -1.44009e-14 0)
(400 -1.61742e-14 0)
(400 8.00619e-15 0)
(400 3.04237e-14 0)
(400 1.56725e-14 0)
(400 7.83402e-15 0)
(400 1.65488e-14 0)
(400 2.42777e-14 0)
(400 2.45181e-14 0)
(400 1.24058e-14 0)
(400 1.31204e-14 0)
(400 1.5559e-14 0)
(400 -3.21858e-15 0)
(400 -1.15639e-14 0)
(400 -1.53415e-14 0)
(400 -1.4778e-14 0)
(400 -2.15678e-14 0)
(400 -4.36675e-14 0)
(400 -4.82201e-14 0)
(400 -3.08137e-14 0)
(400 -7.2524e-15 0)
(400 1.10925e-14 0)
(400 2.8032e-14 0)
(400 3.43127e-14 0)
(400 2.17444e-14 0)
(400 2.69855e-14 0)
(400 4.0658e-14 0)
(400 5.11859e-14 0)
(400 6.04467e-14 0)
(400 3.7798e-14 0)
(400 2.83746e-14 0)
(400 3.89044e-14 0)
(400 4.31868e-14 0)
(400 3.47321e-14 0)
(400 1.5606e-14 0)
(400 1.08302e-14 0)
(400 1.09924e-14 0)
(400 -4.34212e-15 0)
(400 -1.89352e-14 0)
(400 -4.44801e-14 0)
(400 -5.40735e-14 0)
(400 -3.85698e-14 0)
(400 -4.35774e-14 0)
(400 -4.12261e-14 0)
(400 -3.83315e-14 0)
(400 -2.04579e-14 0)
(400 -9.5792e-16 0)
(400 1.74085e-14 0)
(400 2.83591e-14 0)
(400 3.12862e-14 0)
(400 4.47746e-14 0)
(400 4.57938e-14 0)
(400 4.24537e-14 0)
(400 3.28241e-14 0)
(400 -2.8236e-15 0)
(400 -1.48201e-14 0)
(400 1.84555e-15 0)
(400 1.35922e-14 0)
(400 1.96396e-14 0)
(400 1.35576e-14 0)
(400 2.13988e-14 0)
(400 4.14256e-14 0)
(400 2.91209e-14 0)
(400 2.0536e-14 0)
(400 1.36769e-14 0)
(400 2.08582e-14 0)
(400 1.86868e-14 0)
(400 2.17856e-14 0)
(400 1.66392e-14 0)
(400 -4.60208e-15 0)
(400 -2.00457e-14 0)
(400 -4.35285e-14 0)
(400 -6.53231e-14 0)
(400 -6.40319e-14 0)
(400 -7.90793e-14 0)
(400 -5.83254e-14 0)
(400 -2.88541e-14 0)
(400 -1.67017e-14 0)
(400 -9.54912e-15 0)
(400 -1.35265e-14 0)
(400 -1.30783e-14 0)
(400 -1.31871e-14 0)
(400 -2.89147e-14 0)
(400 -2.88808e-14 0)
(400 -2.49431e-14 0)
(400 -4.30294e-14 0)
(400 -5.34909e-14 0)
(400 -3.86016e-14 0)
(400 -3.13562e-14 0)
(400 -2.68546e-14 0)
(400 -2.20708e-14 0)
(400 -7.26649e-15 0)
(400 4.15438e-15 0)
(400 -1.75345e-15 0)
(400 -1.67266e-14 0)
(400 -3.1719e-14 0)
(400 -2.35546e-14 0)
(400 -1.2055e-14 0)
(400 -1.40531e-14 0)
(400 -1.14075e-15 0)
(400 5.78673e-15 0)
(400 -7.36145e-15 0)
(400 -6.75052e-15 0)
(400 2.35563e-15 0)
(400 8.90311e-15 0)
(400 3.90124e-15 0)
(400 1.46151e-14 0)
(400 1.16579e-14 0)
(400 -2.62253e-15 0)
(400 4.12514e-15 0)
(400 7.0424e-15 0)
(400 9.54755e-15 0)
(400 1.20005e-14 0)
(400 -4.83777e-15 0)
(400 7.5383e-15 0)
(400 4.91895e-15 0)
(400 1.88379e-16 0)
(400 -2.24693e-16 0)
(400 1.31387e-15 0)
(400 4.24768e-15 0)
(400 1.63486e-15 0)
(400 -2.76743e-15 0)
(400 -1.25786e-14 0)
(400 -3.88109e-14 0)
(400 -8.02722e-14 0)
(400 -8.8914e-14 0)
(400 -7.90265e-14 0)
(400 -5.40727e-14 0)
(400 -4.40757e-14 0)
(400 -3.59599e-14 0)
(400 -2.41856e-14 0)
(400 -8.15748e-15 0)
(400 1.09113e-14 0)
(400 2.12918e-14 0)
(400 3.10587e-14 0)
(400 4.14288e-14 0)
(400 3.93291e-14 0)
(400 4.59471e-14 0)
(400 4.48644e-14 0)
(400 4.07789e-14 0)
(400 4.53957e-14 0)
(400 6.77143e-14 0)
(400 5.85976e-14 0)
(400 6.1401e-14 0)
(400 5.19813e-14 0)
(400 4.81834e-14 0)
(400 3.88735e-14 0)
(400 2.36461e-14 0)
(400 8.67302e-15 0)
(400 1.7858e-14 0)
(400 1.39689e-14 0)
(400 2.23537e-15 0)
(400 -6.79287e-15 0)
(400 -1.65382e-14 0)
(400 -1.25692e-15 0)
(400 -1.36963e-15 0)
(400 -2.02246e-14 0)
(400 -1.34358e-14 0)
(400 3.32128e-15 0)
(400 1.90028e-14 0)
(400 2.10691e-14 0)
(400 3.05529e-14 0)
(400 4.24347e-14 0)
(400 4.58815e-14 0)
(400 4.60921e-14 0)
(400 5.12674e-14 0)
(400 4.65394e-14 0)
(400 3.84758e-14 0)
(400 4.12036e-14 0)
(400 5.42667e-14 0)
(400 5.15944e-14 0)
(400 6.00996e-14 0)
(400 6.54138e-14 0)
(400 7.50757e-14 0)
(400 8.6715e-14 0)
(400 8.11872e-14 0)
(400 5.64734e-14 0)
(400 5.92925e-14 0)
(400 5.12565e-14 0)
(400 3.26525e-14 0)
(400 1.90176e-14 0)
(400 4.36679e-15 0)
(400 -1.09272e-14 0)
(400 -5.18075e-15 0)
(400 -2.28829e-14 0)
(400 -5.15829e-14 0)
(400 -6.53852e-14 0)
(400 -5.38663e-14 0)
(400 -3.88564e-14 0)
(400 -3.15904e-14 0)
(400 -2.7606e-14 0)
(400 -1.81436e-14 0)
(400 -4.42826e-15 0)
(400 1.807e-14 0)
(400 2.94699e-14 0)
(400 1.36012e-14 0)
(400 -1.88097e-14 0)
(400 -2.23408e-14 0)
(400 -1.41846e-14 0)
(400 -1.81172e-14 0)
(400 -3.77564e-14 0)
(400 -4.54056e-14 0)
(400 -4.01007e-14 0)
(400 -8.71854e-15 0)
(400 -1.12309e-15 0)
(400 -3.23225e-15 0)
(400 6.47034e-15 0)
(400 6.07293e-15 0)
(400 4.72831e-15 0)
(400 1.07854e-14 0)
(400 1.8381e-14 0)
(400 1.56779e-14 0)
(400 4.66176e-15 0)
(400 4.65716e-15 0)
(400 1.3789e-15 0)
(400 1.62219e-15 0)
(400 -4.99338e-15 0)
(400 -1.8206e-14 0)
(400 -1.70344e-14 0)
(400 -3.91334e-15 0)
(400 9.75957e-15 0)
(400 9.46708e-15 0)
(400 2.22854e-14 0)
(400 2.28409e-14 0)
(400 3.32368e-14 0)
(400 4.43481e-14 0)
(400 4.09093e-14 0)
(400 4.88367e-14 0)
(400 4.04214e-14 0)
(400 3.16655e-14 0)
(400 2.43903e-14 0)
(400 1.98092e-14 0)
(400 3.41513e-14 0)
(400 2.4456e-14 0)
(400 5.90732e-15 0)
(400 1.7377e-16 0)
(400 -4.29438e-15 0)
(400 -4.56925e-15 0)
(400 -3.54689e-14 0)
(400 -4.89878e-14 0)
(400 -4.01355e-14 0)
(400 -3.37622e-14 0)
(400 -2.08716e-14 0)
(400 -1.68815e-14 0)
(400 -9.4776e-15 0)
(400 6.59614e-15 0)
(400 1.13098e-14 0)
(400 1.6101e-15 0)
(400 6.9615e-15 0)
(400 3.47876e-14 0)
(400 5.50625e-14 0)
(400 6.33807e-14 0)
(400 5.38588e-14 0)
(400 3.10611e-14 0)
(400 2.47713e-14 0)
(400 3.02454e-14 0)
(400 3.88137e-14 0)
(400 2.84372e-14 0)
(400 4.89795e-14 0)
(400 4.44544e-14 0)
(400 4.39165e-14 0)
(400 5.18736e-14 0)
(400 5.05081e-14 0)
(400 5.37442e-14 0)
(400 4.58177e-14 0)
(400 3.00002e-14 0)
(400 3.17883e-14 0)
(400 4.4733e-14 0)
(400 4.57358e-14 0)
(400 3.88103e-14 0)
(400 4.16114e-15 0)
(400 -2.14621e-14 0)
(400 -4.14514e-14 0)
(400 -5.63271e-14 0)
(400 -5.26461e-14 0)
(400 -5.14249e-14 0)
(400 -5.29442e-14 0)
(400 -4.55001e-14 0)
(400 -3.56415e-14 0)
(400 -2.50657e-14 0)
(400 -8.79134e-15 0)
(400 -1.04488e-14 0)
(400 -3.04463e-14 0)
(400 -4.33191e-14 0)
(400 -4.46586e-14 0)
(400 -4.6085e-14 0)
(400 -4.16331e-14 0)
(400 -3.33311e-14 0)
(400 -3.73338e-14 0)
(400 -5.27851e-14 0)
(400 -5.4657e-14 0)
(400 -4.51426e-14 0)
(400 -3.84779e-14 0)
(400 -4.40955e-14 0)
(400 -4.97861e-14 0)
(400 -3.85383e-14 0)
(400 -3.81684e-14 0)
(400 -1.89697e-14 0)
(400 -2.47669e-14 0)
(400 -1.72271e-14 0)
(400 -1.41856e-14 0)
(400 -1.76045e-14 0)
(400 -2.50572e-14 0)
(400 -3.03882e-14 0)
(400 -3.66334e-14 0)
(400 -5.0065e-14 0)
(400 -4.08124e-14 0)
(400 -3.41002e-14 0)
(400 -4.42878e-14 0)
(400 -4.68874e-14 0)
(400 -3.05599e-14 0)
(400 -1.75561e-14 0)
(400 -1.12854e-14 0)
(400 -1.06575e-14 0)
(400 -1.15049e-15 0)
(400 5.50806e-15 0)
(400 5.44894e-15 0)
(400 2.43722e-14 0)
(400 4.59237e-14 0)
(400 3.83006e-14 0)
(400 3.10762e-14 0)
(400 4.28964e-14 0)
(400 5.36672e-14 0)
(400 4.01852e-14 0)
(400 -4.26301e-16 0)
(400 -5.96968e-15 0)
(400 -5.54331e-15 0)
(400 -5.44639e-15 0)
(400 -4.12352e-15 0)
(400 2.05571e-15 0)
(400 1.72184e-15 0)
(400 9.82308e-15 0)
(400 2.63386e-14 0)
(400 2.74725e-14 0)
(400 7.0255e-15 0)
(400 -2.19893e-16 0)
(400 -6.02222e-15 0)
(400 -1.10122e-14 0)
(400 -1.22798e-14 0)
(400 -2.62831e-14 0)
(400 -1.05697e-14 0)
(400 2.85929e-15 0)
(400 1.41167e-15 0)
(400 6.46899e-15 0)
(400 6.59443e-15 0)
(400 5.68191e-15 0)
(400 -2.71575e-15 0)
(400 -1.96019e-15 0)
(400 9.27565e-16 0)
(400 1.83378e-15 0)
(400 -4.82606e-15 0)
(400 -1.28856e-14 0)
(400 -2.79605e-14 0)
(400 -4.84329e-14 0)
(400 -3.97463e-14 0)
(400 -1.88298e-14 0)
(400 -5.3438e-15 0)
(400 -1.6682e-14 0)
(400 -2.34832e-14 0)
(400 -1.06294e-14 0)
(400 9.69783e-15 0)
(400 1.50233e-14 0)
(400 3.07442e-14 0)
(400 4.19438e-14 0)
(400 4.10444e-14 0)
(400 3.27363e-14 0)
(400 2.87638e-14 0)
(400 3.18496e-14 0)
(400 2.5412e-14 0)
(400 3.28172e-14 0)
(400 4.15951e-14 0)
(400 3.64317e-14 0)
(400 3.1953e-14 0)
(400 4.87026e-14 0)
(400 4.61273e-14 0)
(400 5.61556e-14 0)
(400 6.31905e-14 0)
(400 4.88791e-14 0)
(400 1.75888e-14 0)
(400 6.95169e-15 0)
(400 1.46358e-14 0)
(400 2.06898e-14 0)
(400 -2.54864e-15 0)
(400 -9.8448e-15 0)
(400 -1.6774e-14 0)
(400 -3.13862e-14 0)
(400 -3.30423e-14 0)
(400 -4.10861e-14 0)
(400 -5.97106e-14 0)
(400 -5.143e-14 0)
(400 -3.44398e-14 0)
(400 -2.22935e-14 0)
(400 -2.47454e-14 0)
(400 -4.14456e-14 0)
(400 -4.43999e-14 0)
(400 -4.1707e-14 0)
(400 -4.36186e-14 0)
(400 -6.01124e-14 0)
(400 -6.15928e-14 0)
(400 -4.36459e-14 0)
(400 -5.44992e-14 0)
(400 -4.02221e-14 0)
(400 -3.14177e-14 0)
(400 -4.04115e-14 0)
(400 -2.85332e-14 0)
(400 -2.31793e-14 0)
(400 -6.20725e-15 0)
(400 -5.35953e-15 0)
(400 -5.42024e-15 0)
(400 -3.15522e-15 0)
(400 -5.58001e-15 0)
(400 3.6198e-15 0)
(400 7.56201e-15 0)
(400 -1.70118e-15 0)
(400 4.9418e-15 0)
(400 1.09327e-14 0)
(400 1.9615e-14 0)
(400 3.95479e-14 0)
(400 4.48836e-14 0)
(400 4.16656e-14 0)
(400 4.25331e-14 0)
(400 5.06882e-14 0)
(400 4.75643e-14 0)
(400 3.84964e-14 0)
(400 4.50263e-14 0)
(400 4.32912e-14 0)
(400 3.98483e-14 0)
(400 4.92741e-14 0)
(400 3.12864e-14 0)
(400 1.82406e-14 0)
(400 6.98398e-15 0)
(400 -3.87488e-15 0)
(400 -1.33986e-14 0)
(400 -3.26446e-14 0)
(400 -5.14378e-14 0)
(400 -5.83095e-14 0)
(400 -5.41618e-14 0)
(400 -6.44591e-14 0)
(400 -1.02448e-13 0)
(400 -1.10723e-13 0)
(400 -1.06811e-13 0)
(400 -9.62969e-14 0)
(400 -7.10097e-14 0)
(400 -6.15309e-14 0)
(400 -5.66094e-14 0)
(400 -4.65016e-14 0)
(400 -3.42173e-14 0)
(400 -1.29766e-14 0)
(400 1.32497e-14 0)
(400 4.03991e-14 0)
(400 5.67726e-14 0)
(400 6.8339e-14 0)
(400 5.67401e-14 0)
(400 3.98923e-14 0)
(400 3.7271e-14 0)
(400 3.6626e-14 0)
(400 2.21448e-14 0)
(400 2.62737e-15 0)
(400 1.44121e-15 0)
(400 2.59156e-15 0)
(400 1.49063e-14 0)
(400 2.36998e-14 0)
(400 4.51546e-14 0)
(400 5.07596e-14 0)
(400 5.10813e-14 0)
(400 5.38644e-14 0)
(400 6.08378e-14 0)
(400 5.27145e-14 0)
(400 4.91398e-14 0)
(400 5.20191e-14 0)
(400 3.60518e-14 0)
(400 2.60908e-14 0)
(400 2.0549e-14 0)
(400 -8.3936e-16 0)
(400 -2.67732e-15 0)
(400 -2.71913e-14 0)
(400 -3.96171e-14 0)
(400 -4.27392e-14 0)
(400 -4.50487e-14 0)
(400 -2.7542e-14 0)
(400 -3.16735e-14 0)
(400 -3.45915e-14 0)
(400 -1.79545e-14 0)
(400 -2.96722e-14 0)
(400 -3.10184e-14 0)
(400 -3.27769e-14 0)
(400 -2.98577e-14 0)
(400 -2.25122e-14 0)
(400 -3.88017e-15 0)
(400 1.96916e-15 0)
(400 -3.84866e-15 0)
(400 -3.10395e-15 0)
(400 1.01787e-14 0)
(400 2.25454e-14 0)
(400 4.62099e-14 0)
(400 -2.65304e-14 0)
(400 -4.23872e-14 0)
(400 -3.30166e-14 0)
(400 -2.90807e-14 0)
(400 -4.22276e-14 0)
(400 -2.77491e-14 0)
(400 -1.50706e-14 0)
(400 -2.80488e-14 0)
(400 -3.7531e-14 0)
(400 -4.75392e-14 0)
(400 -4.24906e-14 0)
(400 -3.9863e-14 0)
(400 -3.46548e-14 0)
(400 -5.16051e-14 0)
(400 -6.16376e-14 0)
(400 -2.29063e-14 0)
(400 -2.06444e-14 0)
(400 -1.88239e-14 0)
(400 -4.66591e-15 0)
(400 -9.16895e-15 0)
(400 -5.10304e-15 0)
(400 7.51335e-15 0)
(400 2.30954e-14 0)
(400 4.2444e-14 0)
(400 4.46607e-14 0)
(400 4.20341e-14 0)
(400 3.54461e-14 0)
(400 3.42554e-14 0)
(400 2.76651e-14 0)
(400 2.54675e-14 0)
(400 4.57804e-15 0)
(400 5.073e-15 0)
(400 6.05591e-15 0)
(400 1.61938e-14 0)
(400 2.30799e-14 0)
(400 2.6678e-14 0)
(400 3.59019e-14 0)
(400 3.42499e-14 0)
(400 2.7948e-14 0)
(400 2.96081e-14 0)
(400 2.0424e-14 0)
(400 9.42e-15 0)
(400 1.10847e-14 0)
(400 6.77163e-15 0)
(400 1.20622e-14 0)
(400 3.32571e-14 0)
(400 3.32841e-14 0)
(400 3.56591e-14 0)
(400 2.96687e-14 0)
(400 3.27972e-14 0)
(400 2.89278e-14 0)
(400 3.06444e-14 0)
(400 2.50224e-14 0)
(400 2.71425e-14 0)
(400 9.88711e-15 0)
(400 2.20381e-15 0)
(400 -1.11401e-14 0)
(400 -2.14818e-14 0)
(400 -2.11454e-14 0)
(400 -8.53507e-15 0)
(400 -1.12028e-15 0)
(400 5.47322e-15 0)
(400 2.00715e-15 0)
(400 -1.57962e-15 0)
(400 -1.47858e-15 0)
(400 1.13821e-15 0)
(400 1.08459e-14 0)
(400 1.71194e-14 0)
(400 1.61981e-14 0)
(400 6.05519e-15 0)
(400 8.1865e-16 0)
(400 -2.07617e-16 0)
(400 1.36794e-14 0)
(400 2.96246e-14 0)
(400 3.09953e-14 0)
(400 3.24372e-14 0)
(400 2.98784e-14 0)
(400 2.59288e-14 0)
(400 4.14237e-14 0)
(400 5.3364e-14 0)
(400 6.82029e-14 0)
(400 7.98186e-14 0)
(400 6.16731e-14 0)
(400 3.83337e-14 0)
(400 2.97595e-14 0)
(400 3.14732e-14 0)
(400 3.82013e-14 0)
(400 2.67091e-14 0)
(400 1.00868e-14 0)
(400 1.52327e-14 0)
(400 1.81046e-14 0)
(400 1.48813e-14 0)
(400 7.85542e-16 0)
(400 -2.59647e-14 0)
(400 -1.96428e-14 0)
(400 3.48101e-15 0)
(400 2.43991e-14 0)
(400 1.25025e-14 0)
(400 -6.87744e-15 0)
(400 -2.53483e-14 0)
(400 -1.73746e-14 0)
(400 -1.03038e-14 0)
(400 -2.65289e-14 0)
(400 -3.03753e-14 0)
(400 -1.40677e-14 0)
(400 -7.18993e-15 0)
(400 3.63149e-15 0)
(400 2.77476e-14 0)
(400 2.19727e-14 0)
(400 7.19405e-15 0)
(400 6.12591e-16 0)
(400 1.29341e-14 0)
(400 2.0058e-14 0)
(400 8.17311e-15 0)
(400 3.96242e-15 0)
(400 -1.0919e-14 0)
(400 -1.19763e-14 0)
(400 1.34499e-14 0)
(400 3.53079e-14 0)
(400 3.2043e-14 0)
(400 2.745e-14 0)
(400 2.90615e-14 0)
(400 4.72998e-14 0)
(400 4.01341e-14 0)
(400 2.14151e-14 0)
(400 1.71949e-14 0)
(400 3.43403e-14 0)
(400 3.36516e-14 0)
(400 3.45248e-14 0)
(400 3.99335e-14 0)
(400 3.62864e-14 0)
(400 4.10711e-14 0)
(400 3.96353e-14 0)
(400 3.81529e-14 0)
(400 9.56531e-15 0)
(400 -2.03363e-14 0)
(400 -4.05962e-14 0)
(400 -6.65995e-14 0)
(400 -8.66379e-14 0)
(400 -1.0342e-13 0)
(400 -1.11181e-13 0)
(400 -1.14929e-13 0)
(400 -1.15126e-13 0)
(400 -1.12023e-13 0)
(400 -9.9027e-14 0)
(400 -9.08872e-14 0)
(400 -8.78309e-14 0)
(400 -7.49457e-14 0)
(400 -4.5746e-14 0)
(400 -3.08068e-14 0)
(400 -2.8743e-14 0)
(400 -2.14565e-14 0)
(400 5.93609e-16 0)
(400 2.84857e-14 0)
(400 4.41935e-14 0)
(400 5.56029e-14 0)
(400 6.01569e-14 0)
(400 5.28358e-14 0)
(400 3.5116e-14 0)
(400 1.94203e-14 0)
(400 6.28462e-15 0)
(400 -2.11544e-14 0)
(400 -4.29938e-14 0)
(400 -6.05133e-14 0)
(400 -4.79689e-14 0)
(400 -2.26363e-14 0)
(400 -1.50802e-14 0)
(400 -3.93041e-15 0)
(400 1.85923e-14 0)
(400 3.41035e-14 0)
(400 4.22435e-14 0)
(400 4.40312e-14 0)
(400 3.49437e-14 0)
(400 4.21912e-14 0)
(400 4.39961e-14 0)
(400 4.99349e-14 0)
(400 4.38475e-14 0)
(400 3.71314e-14 0)
(400 3.66697e-14 0)
(400 3.46149e-14 0)
(400 2.00066e-14 0)
(400 -8.31484e-15 0)
(400 -4.4753e-14 0)
(400 -6.43181e-14 0)
(400 -7.64508e-14 0)
(400 -9.24392e-14 0)
(400 -8.89349e-14 0)
(400 -8.72993e-14 0)
(400 -8.7456e-14 0)
(400 -8.28868e-14 0)
(400 -7.70285e-14 0)
(400 -6.80762e-14 0)
(400 -6.16464e-14 0)
(400 -4.07009e-14 0)
(400 -1.8046e-14 0)
(400 -5.3175e-16 0)
(400 -1.84501e-15 0)
(400 6.96887e-15 0)
(400 3.04605e-14 0)
(400 5.91515e-14 0)
(400 -2.04656e-14 0)
(400 -3.65588e-14 0)
(400 -4.82576e-14 0)
(400 -2.85765e-14 0)
(400 -2.73131e-14 0)
(400 -2.69504e-14 0)
(400 -3.70588e-14 0)
(400 -4.4669e-14 0)
(400 -5.86029e-14 0)
(400 -7.8431e-14 0)
(400 -5.85039e-14 0)
(400 -4.90035e-14 0)
(400 -4.1901e-14 0)
(400 -3.76314e-14 0)
(400 -3.01425e-14 0)
(400 -1.7289e-14 0)
(400 -1.92887e-14 0)
(400 -2.32476e-14 0)
(400 -1.10332e-14 0)
(400 -7.01372e-16 0)
(400 1.31221e-14 0)
(400 2.78065e-14 0)
(400 2.9486e-14 0)
(400 4.19602e-14 0)
(400 6.14004e-14 0)
(400 7.17514e-14 0)
(400 4.60635e-14 0)
(400 2.41046e-14 0)
(400 2.7336e-14 0)
(400 4.10298e-14 0)
(400 3.0656e-14 0)
(400 1.81256e-14 0)
(400 1.19836e-14 0)
(400 9.26234e-15 0)
(400 1.09589e-14 0)
(400 2.43855e-14 0)
(400 2.79924e-14 0)
(400 1.18719e-14 0)
(400 -7.23634e-15 0)
(400 -7.45461e-15 0)
(400 -1.33086e-14 0)
(400 -4.60956e-14 0)
(400 -5.43701e-14 0)
(400 -5.78742e-14 0)
(400 -4.95404e-14 0)
(400 -3.92396e-14 0)
(400 -3.70153e-14 0)
(400 -3.29319e-14 0)
(400 -2.87338e-14 0)
(400 -2.42056e-14 0)
(400 -8.56113e-15 0)
(400 3.9122e-15 0)
(400 3.61035e-15 0)
(400 1.68288e-14 0)
(400 1.78696e-14 0)
(400 2.90763e-14 0)
(400 3.84316e-14 0)
(400 4.85745e-14 0)
(400 5.87748e-14 0)
(400 6.25712e-14 0)
(400 5.49796e-14 0)
(400 5.41406e-14 0)
(400 5.53817e-14 0)
(400 6.41349e-14 0)
(400 5.86388e-14 0)
(400 4.72095e-14 0)
(400 6.19826e-14 0)
(400 6.26546e-14 0)
(400 5.10241e-14 0)
(400 2.88619e-14 0)
(400 1.50619e-14 0)
(400 1.86366e-14 0)
(400 4.07003e-14 0)
(400 7.02072e-14 0)
(400 6.32098e-14 0)
(400 3.97525e-14 0)
(400 3.35341e-14 0)
(400 3.14838e-14 0)
(400 2.33244e-14 0)
(400 2.27924e-14 0)
(400 2.58162e-14 0)
(400 2.98632e-14 0)
(400 2.00483e-14 0)
(400 2.42642e-14 0)
(400 1.29276e-14 0)
(400 -1.79051e-14 0)
(400 -3.0467e-14 0)
(400 -2.46e-14 0)
(400 -4.24562e-14 0)
(400 -3.92618e-14 0)
(400 -2.86386e-14 0)
(400 -2.91628e-14 0)
(400 -5.48862e-14 0)
(400 -7.40399e-14 0)
(400 -7.18772e-14 0)
(400 -7.18281e-14 0)
(400 -6.29733e-14 0)
(400 -5.16214e-14 0)
(400 -5.22279e-14 0)
(400 -5.37781e-14 0)
(400 -5.02428e-14 0)
(400 -4.57082e-14 0)
(400 -3.84069e-14 0)
(400 -3.09417e-14 0)
(400 -1.84949e-14 0)
(400 -1.03393e-14 0)
(400 -9.9708e-15 0)
(400 -1.70151e-14 0)
(400 -1.2852e-14 0)
(400 -2.27333e-14 0)
(400 -2.34499e-14 0)
(400 -1.43691e-14 0)
(400 -8.78472e-15 0)
(400 -9.84162e-15 0)
(400 5.12423e-16 0)
(400 6.9104e-15 0)
(400 2.90092e-15 0)
(400 2.00786e-14 0)
(400 3.57461e-14 0)
(400 4.02517e-14 0)
(400 3.79147e-14 0)
(400 4.12778e-14 0)
(400 4.62003e-14 0)
(400 4.28991e-14 0)
(400 3.36586e-14 0)
(400 3.82539e-14 0)
(400 5.29526e-14 0)
(400 4.93566e-14 0)
(400 3.80318e-14 0)
(400 2.91563e-14 0)
(400 2.72931e-14 0)
(400 2.81658e-14 0)
(400 7.78244e-15 0)
(400 -7.24146e-15 0)
(400 -8.98439e-15 0)
(400 -3.31634e-14 0)
(400 -6.1076e-14 0)
(400 -7.7757e-14 0)
(400 -9.07091e-14 0)
(400 -9.51211e-14 0)
(400 -1.02372e-13 0)
(400 -1.14888e-13 0)
(400 -1.15598e-13 0)
(400 -9.80334e-14 0)
(400 -8.08011e-14 0)
(400 -6.78459e-14 0)
(400 -6.55972e-14 0)
(400 -6.07318e-14 0)
(400 -4.00612e-14 0)
(400 -1.70481e-14 0)
(400 -1.5846e-14 0)
(400 -1.94586e-14 0)
(400 -1.70512e-14 0)
(400 -7.47193e-15 0)
(400 5.15244e-16 0)
(400 5.60055e-15 0)
(400 1.07744e-14 0)
(400 5.34746e-15 0)
(400 -9.52606e-15 0)
(400 -2.24183e-14 0)
(400 -3.77437e-14 0)
(400 -3.87289e-14 0)
(400 -3.40954e-14 0)
(400 -2.77895e-14 0)
(400 -2.18802e-14 0)
(400 -1.53169e-14 0)
(400 -1.47624e-14 0)
(400 -8.73056e-15 0)
(400 1.67119e-14 0)
(400 4.62061e-14 0)
(400 5.12074e-14 0)
(400 4.80643e-14 0)
(400 6.00265e-14 0)
(400 6.81549e-14 0)
(400 5.74657e-14 0)
(400 5.59005e-14 0)
(400 5.52147e-14 0)
(400 5.75246e-14 0)
(400 6.67329e-14 0)
(400 7.27743e-14 0)
(400 6.62999e-14 0)
(400 2.46492e-14 0)
(400 -5.76589e-15 0)
(400 -1.64583e-14 0)
(400 -4.86047e-14 0)
(400 -6.1459e-14 0)
(400 -6.67275e-14 0)
(400 -7.97061e-14 0)
(400 -8.52811e-14 0)
(400 -9.6144e-14 0)
(400 -8.91261e-14 0)
(400 -5.97538e-14 0)
(400 -4.48807e-14 0)
(400 -4.31051e-14 0)
(400 -3.76138e-14 0)
(400 -2.51039e-14 0)
(400 -2.18061e-14 0)
(400 -2.27921e-14 0)
(400 -8.07802e-15 0)
(400 3.58333e-17 0)
(400 -1.4085e-14 0)
(400 -2.38619e-14 0)
(400 -3.69506e-14 0)
(400 -3.57912e-14 0)
(400 -3.14055e-14 0)
(400 -4.54551e-14 0)
(400 -5.40037e-14 0)
(400 -6.77086e-14 0)
(400 -8.08643e-14 0)
(400 -8.87452e-14 0)
(400 -8.46765e-14 0)
(400 -7.47549e-14 0)
(400 -5.4819e-14 0)
(400 -3.20194e-14 0)
(400 -5.68601e-15 0)
(400 -1.42069e-14 0)
(400 -6.66141e-15 0)
(400 3.43648e-15 0)
(400 9.72116e-16 0)
(400 -1.00631e-14 0)
(400 9.7205e-15 0)
(400 1.70435e-14 0)
(400 1.97172e-14 0)
(400 3.92467e-14 0)
(400 4.03183e-14 0)
(400 4.74318e-14 0)
(400 4.26601e-14 0)
(400 3.7355e-14 0)
(400 5.00232e-14 0)
(400 4.91284e-14 0)
(400 4.43652e-14 0)
(400 3.55013e-14 0)
(400 4.05868e-14 0)
(400 4.17382e-14 0)
(400 4.11975e-14 0)
(400 3.94427e-14 0)
(400 1.8119e-14 0)
(400 -2.41962e-15 0)
(400 -1.6501e-14 0)
(400 -3.30268e-14 0)
(400 -3.58895e-14 0)
(400 -4.05289e-14 0)
(400 -5.29239e-14 0)
(400 -4.9334e-14 0)
(400 -4.43952e-14 0)
(400 -4.84567e-14 0)
(400 -5.07375e-14 0)
(400 -5.58314e-14 0)
(400 -5.77588e-14 0)
(400 -4.85615e-14 0)
(400 -3.2891e-14 0)
(400 -1.78813e-14 0)
(400 -1.05747e-14 0)
(400 -8.22456e-16 0)
(400 1.98113e-14 0)
(400 4.32557e-14 0)
(400 5.24475e-14 0)
(400 6.75798e-14 0)
(400 7.27052e-14 0)
(400 6.27056e-14 0)
(400 5.0492e-14 0)
(400 4.47662e-14 0)
(400 4.26156e-14 0)
(400 4.03801e-14 0)
(400 3.7017e-14 0)
(400 4.63549e-14 0)
(400 4.21498e-14 0)
(400 3.3236e-14 0)
(400 3.29535e-14 0)
(400 3.13542e-14 0)
(400 1.46173e-14 0)
(400 1.79139e-14 0)
(400 2.75785e-14 0)
(400 2.8944e-14 0)
(400 2.97518e-14 0)
(400 2.2715e-14 0)
(400 1.3679e-14 0)
(400 1.98349e-14 0)
(400 1.10122e-14 0)
(400 2.14254e-14 0)
(400 2.6372e-14 0)
(400 2.66326e-14 0)
(400 1.79587e-14 0)
(400 2.83105e-14 0)
(400 3.15607e-15 0)
(400 -1.90655e-14 0)
(400 -3.04916e-14 0)
(400 -3.61506e-14 0)
(400 -3.61323e-14 0)
(400 -4.58752e-14 0)
(400 -4.90584e-14 0)
(400 -3.78629e-14 0)
(400 -5.83521e-14 0)
(400 -6.06234e-14 0)
(400 -7.25389e-14 0)
(400 -6.89028e-14 0)
(400 -7.69306e-14 0)
(400 -7.15516e-14 0)
(400 -6.62829e-14 0)
(400 -5.99843e-14 0)
(400 -6.14807e-14 0)
(400 -5.74529e-14 0)
(400 -3.7898e-14 0)
(400 -2.48484e-14 0)
(400 -1.97096e-14 0)
(400 -6.37084e-15 0)
(400 1.44317e-14 0)
(400 -4.7013e-15 0)
(400 -4.26116e-15 0)
(400 -8.11656e-15 0)
(400 -5.59242e-15 0)
(400 4.96111e-16 0)
(400 2.4711e-15 0)
(400 5.18852e-15 0)
(400 2.07168e-14 0)
(400 4.30561e-14 0)
(400 5.76958e-14 0)
(400 5.65195e-14 0)
(400 4.75136e-14 0)
(400 5.08062e-14 0)
(400 5.1642e-14 0)
(400 5.40384e-14 0)
(400 5.60697e-14 0)
(400 5.63591e-14 0)
(400 4.84269e-14 0)
(400 5.11962e-14 0)
(400 4.82822e-14 0)
(400 3.01171e-14 0)
(400 4.08643e-14 0)
(400 2.6605e-14 0)
(400 9.32597e-15 0)
(400 -5.50133e-15 0)
(400 -1.42255e-14 0)
(400 -3.48228e-14 0)
(400 -4.2242e-14 0)
(400 -5.1451e-14 0)
(400 -6.22052e-14 0)
(400 -5.16093e-14 0)
(400 -5.22244e-14 0)
(400 -5.75774e-14 0)
(400 -6.10624e-14 0)
(400 -5.17337e-14 0)
(400 -3.73147e-14 0)
(400 -4.2356e-14 0)
(400 -4.27846e-14 0)
(400 -2.8517e-14 0)
(400 -2.38684e-14 0)
(400 -3.37626e-14 0)
(400 -3.46224e-14 0)
(400 -2.22788e-14 0)
(400 -2.1829e-14 0)
(400 -2.10877e-14 0)
(400 -2.2167e-14 0)
(400 -2.46321e-14 0)
(400 -1.86066e-14 0)
(400 -7.71734e-15 0)
(400 -3.83673e-15 0)
(400 -2.70545e-15 0)
(400 3.9847e-15 0)
(400 -1.12148e-15 0)
(400 -1.86781e-14 0)
(400 -1.63113e-14 0)
(400 -4.86789e-15 0)
(400 2.23043e-15 0)
(400 -4.41132e-16 0)
(400 -1.77076e-14 0)
(400 -1.25595e-14 0)
(400 1.22954e-14 0)
(400 1.59068e-14 0)
(400 2.24258e-14 0)
(400 1.90513e-14 0)
(400 1.77391e-14 0)
(400 3.77654e-14 0)
(400 3.6041e-14 0)
(400 2.36902e-14 0)
(400 3.02362e-15 0)
(400 6.97738e-16 0)
(400 1.24679e-14 0)
(400 1.8367e-14 0)
(400 2.10917e-14 0)
(400 4.92381e-15 0)
(400 -1.0909e-14 0)
(400 -1.36467e-14 0)
(400 -3.59966e-14 0)
(400 -5.19879e-14 0)
(400 -6.76266e-14 0)
(400 -7.8877e-14 0)
(400 -7.87494e-14 0)
(400 -8.21967e-14 0)
(400 -8.37e-14 0)
(400 -8.3136e-14 0)
(400 -6.28117e-14 0)
(400 -4.72867e-14 0)
(400 -4.91871e-14 0)
(400 -3.53768e-14 0)
(400 -2.55167e-14 0)
(400 1.34146e-15 0)
(400 1.56541e-14 0)
(400 2.36358e-14 0)
(400 2.49527e-14 0)
(400 -1.8202e-14 0)
(400 -2.6205e-14 0)
(400 -3.34128e-14 0)
(400 -4.48666e-14 0)
(400 -5.10596e-14 0)
(400 -4.13486e-14 0)
(400 -2.50699e-14 0)
(400 -3.89446e-14 0)
(400 -3.2792e-14 0)
(400 -3.70448e-14 0)
(400 -6.73663e-14 0)
(400 -7.63614e-14 0)
(400 -5.23617e-14 0)
(400 -1.99909e-14 0)
(400 -5.54432e-15 0)
(400 -2.42549e-15 0)
(400 7.91768e-15 0)
(400 1.09745e-14 0)
(400 1.48198e-14 0)
(400 5.56211e-15 0)
(400 -1.13676e-14 0)
(400 -1.06288e-14 0)
(400 -8.67426e-15 0)
(400 -1.19976e-14 0)
(400 -1.462e-14 0)
(400 -7.98555e-15 0)
(400 1.67674e-14 0)
(400 2.8522e-14 0)
(400 3.24802e-14 0)
(400 4.00734e-14 0)
(400 4.97292e-14 0)
(400 5.79037e-14 0)
(400 5.72494e-14 0)
(400 4.7089e-14 0)
(400 4.3004e-14 0)
(400 2.65858e-14 0)
(400 4.02389e-15 0)
(400 -4.57368e-15 0)
(400 -1.16558e-14 0)
(400 -3.41409e-14 0)
(400 -3.76817e-14 0)
(400 -3.87071e-14 0)
(400 -4.28366e-14 0)
(400 -4.5901e-14 0)
(400 -4.2983e-14 0)
(400 -2.1192e-14 0)
(400 -1.78191e-14 0)
(400 -2.04035e-14 0)
(400 -6.17631e-15 0)
(400 2.56955e-15 0)
(400 -1.23949e-14 0)
(400 -6.6973e-15 0)
(400 6.25146e-15 0)
(400 1.77819e-14 0)
(400 4.54938e-14 0)
(400 6.87716e-14 0)
(400 5.54918e-14 0)
(400 6.20585e-14 0)
(400 7.56391e-14 0)
(400 6.91248e-14 0)
(400 5.1055e-14 0)
(400 3.82122e-14 0)
(400 4.48287e-14 0)
(400 4.77617e-14 0)
(400 4.74686e-14 0)
(400 5.78108e-14 0)
(400 5.39353e-14 0)
(400 4.64588e-14 0)
(400 5.29112e-14 0)
(400 6.7498e-14 0)
(400 6.75378e-14 0)
(400 7.88134e-14 0)
(400 8.57087e-14 0)
(400 6.79967e-14 0)
(400 7.08352e-14 0)
(400 6.10065e-14 0)
(400 5.81485e-14 0)
(400 4.59773e-14 0)
(400 2.61216e-14 0)
(400 2.85561e-14 0)
(400 1.69179e-14 0)
(400 2.61547e-16 0)
(400 2.93195e-16 0)
(400 2.16726e-15 0)
(400 3.51135e-15 0)
(400 2.50342e-15 0)
(400 -6.94399e-15 0)
(400 -3.2558e-14 0)
(400 -1.26134e-14 0)
(400 -9.76518e-15 0)
(400 -1.56945e-14 0)
(400 -1.8119e-14 0)
(400 -1.89737e-14 0)
(400 -4.58847e-15 0)
(400 -1.12718e-14 0)
(400 -1.53863e-14 0)
(400 -1.88804e-14 0)
(400 -3.5398e-14 0)
(400 -3.14354e-14 0)
(400 -4.04934e-14 0)
(400 -5.7007e-14 0)
(400 -6.67015e-14 0)
(400 -5.90375e-14 0)
(400 -4.42555e-14 0)
(400 -2.90144e-14 0)
(400 1.24092e-15 0)
(400 1.63591e-14 0)
(400 5.24233e-15 0)
(400 -1.31956e-14 0)
(400 -8.87963e-15 0)
(400 -2.73642e-15 0)
(400 -1.4762e-14 0)
(400 -2.52084e-14 0)
(400 -2.43681e-14 0)
(400 -1.27443e-14 0)
(400 4.04837e-15 0)
(400 2.61917e-14 0)
(400 4.36563e-14 0)
(400 4.56365e-14 0)
(400 4.037e-14 0)
(400 3.87614e-14 0)
(400 2.36236e-14 0)
(400 1.82044e-14 0)
(400 2.21079e-14 0)
(400 1.6639e-14 0)
(400 7.94568e-15 0)
(400 -1.65853e-14 0)
(400 -1.67273e-14 0)
(400 -4.07939e-15 0)
(400 9.50873e-16 0)
(400 -8.77833e-15 0)
(400 -2.50071e-14 0)
(400 -3.10804e-14 0)
(400 -3.73725e-14 0)
(400 -4.44261e-14 0)
(400 -4.58471e-14 0)
(400 -5.07282e-14 0)
(400 -4.06544e-14 0)
(400 -2.80331e-14 0)
(400 -2.05642e-14 0)
(400 -1.36561e-14 0)
(400 2.37201e-15 0)
(400 1.77146e-14 0)
(400 1.00347e-14 0)
(400 5.50252e-15 0)
(400 1.67973e-14 0)
(400 2.26154e-14 0)
(400 1.17501e-14 0)
(400 -5.91144e-15 0)
(400 -1.1509e-14 0)
(400 -1.90015e-14 0)
(400 -1.58659e-14 0)
(400 -2.02963e-14 0)
(400 -3.23191e-14 0)
(400 -3.35253e-14 0)
(400 -3.43916e-14 0)
(400 -3.83881e-14 0)
(400 -2.95984e-14 0)
(400 -1.92045e-14 0)
(400 -4.17784e-15 0)
(400 -6.34303e-15 0)
(400 -1.7338e-14 0)
(400 -1.33206e-14 0)
(400 -2.46972e-14 0)
(400 -2.0694e-14 0)
(400 -2.02545e-14 0)
(400 -5.70584e-15 0)
(400 7.56542e-15 0)
(400 1.39024e-14 0)
(400 3.01232e-14 0)
(400 3.33037e-14 0)
(400 2.91067e-14 0)
(400 2.73171e-14 0)
(400 2.71534e-14 0)
(400 2.27615e-14 0)
(400 3.6337e-15 0)
(400 -5.73669e-15 0)
(400 -9.05485e-16 0)
(400 5.89724e-15 0)
(400 7.75362e-15 0)
(400 -1.26684e-14 0)
(400 -1.95507e-14 0)
(400 -2.57905e-14 0)
(400 -3.11641e-14 0)
(400 -2.76265e-14 0)
(400 -5.35531e-14 0)
(400 -6.2228e-14 0)
(400 -6.2407e-14 0)
(400 -6.34868e-14 0)
(400 -6.18744e-14 0)
(400 -6.45574e-14 0)
(400 -6.45989e-14 0)
(400 -6.14186e-14 0)
(400 -5.74694e-14 0)
(400 -3.48102e-14 0)
(400 -2.08162e-14 0)
(400 -1.01117e-14 0)
(400 8.57274e-15 0)
(400 2.10359e-14 0)
(400 2.5862e-14 0)
(400 -3.03535e-15 0)
(400 -1.27488e-14 0)
(400 -4.21846e-14 0)
(400 -6.71994e-14 0)
(400 -6.98426e-14 0)
(400 -6.03164e-14 0)
(400 -4.95707e-14 0)
(400 -4.63951e-14 0)
(400 -4.23026e-14 0)
(400 -4.10289e-14 0)
(400 -5.55101e-14 0)
(400 -6.04694e-14 0)
(400 -6.15923e-14 0)
(400 -4.33382e-14 0)
(400 -3.82089e-14 0)
(400 -4.2714e-14 0)
(400 -2.88472e-14 0)
(400 -1.99514e-14 0)
(400 -5.26639e-15 0)
(400 1.94648e-14 0)
(400 -1.10401e-14 0)
(400 -2.11989e-14 0)
(400 -1.88678e-14 0)
(400 -1.01279e-14 0)
(400 -7.6543e-15 0)
(400 -7.91652e-15 0)
(400 2.26485e-14 0)
(400 4.04852e-14 0)
(400 3.24314e-14 0)
(400 3.94074e-14 0)
(400 6.02123e-14 0)
(400 7.82208e-14 0)
(400 6.9397e-14 0)
(400 5.69827e-14 0)
(400 2.95076e-14 0)
(400 -2.07777e-15 0)
(400 -7.17331e-15 0)
(400 9.85807e-16 0)
(400 4.0175e-15 0)
(400 -1.5665e-14 0)
(400 -4.17611e-14 0)
(400 -6.37958e-14 0)
(400 -6.31097e-14 0)
(400 -5.54477e-14 0)
(400 -5.33632e-14 0)
(400 -4.7216e-14 0)
(400 -3.74762e-14 0)
(400 -1.66392e-14 0)
(400 -7.25535e-15 0)
(400 -8.66691e-15 0)
(400 -2.1109e-14 0)
(400 -3.74107e-14 0)
(400 -3.09432e-14 0)
(400 1.72026e-15 0)
(400 1.33857e-14 0)
(400 1.60708e-14 0)
(400 2.79844e-14 0)
(400 3.35123e-14 0)
(400 3.14611e-14 0)
(400 2.76439e-14 0)
(400 2.59845e-14 0)
(400 1.05162e-14 0)
(400 1.52523e-14 0)
(400 2.8514e-14 0)
(400 2.60256e-14 0)
(400 1.42668e-14 0)
(400 1.1835e-14 0)
(400 1.92523e-14 0)
(400 1.91175e-14 0)
(400 2.40335e-14 0)
(400 4.06245e-14 0)
(400 5.39855e-14 0)
(400 7.37978e-14 0)
(400 8.07713e-14 0)
(400 7.86881e-14 0)
(400 8.13682e-14 0)
(400 6.65839e-14 0)
(400 3.70323e-14 0)
(400 2.30019e-14 0)
(400 -2.36689e-16 0)
(400 -2.10532e-14 0)
(400 -3.51565e-14 0)
(400 -3.55264e-14 0)
(400 -4.43169e-14 0)
(400 -3.07389e-14 0)
(400 -1.19938e-14 0)
(400 -1.54653e-14 0)
(400 -3.53999e-14 0)
(400 -4.37534e-14 0)
(400 -3.82624e-14 0)
(400 -2.64507e-14 0)
(400 -3.91252e-14 0)
(400 -3.32382e-14 0)
(400 -2.91801e-14 0)
(400 -2.22782e-14 0)
(400 -9.87594e-15 0)
(400 -2.62394e-15 0)
(400 -5.16868e-15 0)
(400 -2.70704e-14 0)
(400 -3.89325e-14 0)
(400 -3.02283e-14 0)
(400 -1.1743e-14 0)
(400 2.18084e-15 0)
(400 1.24686e-14 0)
(400 2.58521e-14 0)
(400 3.67338e-14 0)
(400 2.86298e-14 0)
(400 2.68473e-14 0)
(400 1.07116e-14 0)
(400 1.77379e-14 0)
(400 2.02833e-14 0)
(400 -5.99092e-16 0)
(400 -5.88563e-15 0)
(400 -5.68918e-15 0)
(400 -9.54731e-15 0)
(400 2.51798e-15 0)
(400 2.52303e-14 0)
(400 5.15464e-14 0)
(400 5.37241e-14 0)
(400 6.12899e-14 0)
(400 6.83907e-14 0)
(400 5.8206e-14 0)
(400 4.2954e-14 0)
(400 3.95174e-14 0)
(400 3.56073e-14 0)
(400 2.90134e-14 0)
(400 1.49831e-14 0)
(400 4.86073e-15 0)
(400 -1.17702e-14 0)
(400 -1.11013e-14 0)
(400 -3.21244e-15 0)
(400 1.67487e-15 0)
(400 -6.1993e-15 0)
(400 -2.2658e-14 0)
(400 -2.82489e-14 0)
(400 -3.40928e-14 0)
(400 -2.54092e-14 0)
(400 -2.85053e-14 0)
(400 -9.2878e-15 0)
(400 7.26512e-15 0)
(400 2.41627e-14 0)
(400 3.99444e-14 0)
(400 3.43998e-14 0)
(400 3.56366e-14 0)
(400 2.90609e-14 0)
(400 4.78636e-14 0)
(400 7.71987e-14 0)
(400 6.29569e-14 0)
(400 3.25999e-14 0)
(400 8.41172e-15 0)
(400 -1.10083e-15 0)
(400 4.72688e-15 0)
(400 6.09579e-15 0)
(400 -3.97692e-15 0)
(400 -2.56922e-14 0)
(400 -3.56777e-14 0)
(400 -3.15408e-14 0)
(400 -2.71554e-14 0)
(400 -2.78777e-14 0)
(400 -1.94564e-14 0)
(400 -6.22525e-15 0)
(400 -8.95988e-15 0)
(400 -1.07318e-14 0)
(400 -9.49892e-15 0)
(400 -1.26095e-15 0)
(400 2.01417e-14 0)
(400 2.0467e-14 0)
(400 1.2249e-14 0)
(400 9.62255e-15 0)
(400 1.91414e-15 0)
(400 1.53866e-14 0)
(400 2.3111e-14 0)
(400 1.41761e-14 0)
(400 1.61262e-14 0)
(400 1.79984e-14 0)
(400 1.73642e-14 0)
(400 9.67568e-15 0)
(400 -3.60366e-15 0)
(400 -1.55154e-14 0)
(400 -2.45445e-14 0)
(400 -3.03857e-14 0)
(400 -3.68184e-14 0)
(400 -3.77257e-14 0)
(400 -3.0968e-14 0)
(400 -4.22905e-14 0)
(400 -4.64393e-14 0)
(400 -5.18466e-14 0)
(400 -4.67194e-14 0)
(400 -5.61975e-14 0)
(400 -7.39495e-14 0)
(400 -7.79377e-14 0)
(400 -8.16224e-14 0)
(400 -8.13615e-14 0)
(400 -7.46539e-14 0)
(400 -4.82472e-14 0)
(400 -2.64901e-14 0)
(400 -1.61387e-14 0)
(400 -7.22241e-15 0)
(400 -7.06221e-15 0)
(400 -1.13664e-14 0)
(400 7.05365e-16 0)
(400 -7.03899e-15 0)
(400 -3.40394e-14 0)
(400 -6.86639e-14 0)
(400 -7.0635e-14 0)
(400 -7.28439e-14 0)
(400 -7.11171e-14 0)
(400 -5.66141e-14 0)
(400 -7.33119e-14 0)
(400 -4.95444e-14 0)
(400 -2.4504e-14 0)
(400 -2.85898e-14 0)
(400 -4.65304e-14 0)
(400 -5.09889e-14 0)
(400 -3.63718e-14 0)
(400 -1.68797e-14 0)
(400 -1.34409e-14 0)
(400 3.52048e-15 0)
(400 1.44883e-14 0)
(400 2.28902e-14 0)
(400 3.08618e-14 0)
(400 3.65659e-14 0)
(400 3.74489e-14 0)
(400 3.38508e-14 0)
(400 3.48509e-14 0)
(400 4.8031e-14 0)
(400 5.92794e-14 0)
(400 6.58252e-14 0)
(400 7.01296e-14 0)
(400 6.27863e-14 0)
(400 6.56128e-14 0)
(400 7.02567e-14 0)
(400 6.06039e-14 0)
(400 5.87936e-14 0)
(400 3.68362e-14 0)
(400 2.83031e-14 0)
(400 2.29132e-14 0)
(400 1.28384e-14 0)
(400 6.07157e-16 0)
(400 -1.72577e-14 0)
(400 -3.4448e-14 0)
(400 -4.67117e-14 0)
(400 -4.83653e-14 0)
(400 -2.6306e-14 0)
(400 -1.6844e-14 0)
(400 -3.24738e-14 0)
(400 -3.7785e-14 0)
(400 -1.23215e-14 0)
(400 4.19308e-16 0)
(400 1.41208e-14 0)
(400 1.21208e-15 0)
(400 -1.08935e-14 0)
(400 -8.62945e-15 0)
(400 8.60826e-15 0)
(400 1.04131e-14 0)
(400 -4.90738e-15 0)
(400 7.09819e-15 0)
(400 1.22256e-14 0)
(400 1.228e-14 0)
(400 -4.54913e-15 0)
(400 -2.31427e-14 0)
(400 -4.96615e-14 0)
(400 -5.06724e-14 0)
(400 -5.35013e-14 0)
(400 -5.30566e-14 0)
(400 -5.26786e-14 0)
(400 -5.33256e-14 0)
(400 -3.78054e-14 0)
(400 -2.96775e-14 0)
(400 -2.55129e-14 0)
(400 -7.5913e-15 0)
(400 8.79795e-15 0)
(400 2.30265e-14 0)
(400 4.75779e-14 0)
(400 3.28522e-14 0)
(400 4.0932e-14 0)
(400 3.59817e-14 0)
(400 2.0358e-14 0)
(400 2.02318e-14 0)
(400 -2.6706e-15 0)
(400 -1.85642e-14 0)
(400 -2.67236e-14 0)
(400 -3.05101e-14 0)
(400 -4.12077e-14 0)
(400 -4.71432e-14 0)
(400 -3.30041e-14 0)
(400 -1.91202e-14 0)
(400 -2.0633e-14 0)
(400 -4.09687e-14 0)
(400 -4.00134e-14 0)
(400 -1.03029e-14 0)
(400 -7.77522e-15 0)
(400 1.29612e-14 0)
(400 1.77133e-14 0)
(400 3.76287e-14 0)
(400 5.9006e-14 0)
(400 7.03809e-14 0)
(400 7.63782e-14 0)
(400 5.80516e-14 0)
(400 4.84176e-14 0)
(400 6.82384e-14 0)
(400 9.75187e-14 0)
(400 1.05771e-13 0)
(400 9.32512e-14 0)
(400 7.01194e-14 0)
(400 5.18116e-14 0)
(400 4.08067e-14 0)
(400 2.31047e-14 0)
(400 2.0222e-14 0)
(400 3.05298e-14 0)
(400 3.40312e-14 0)
(400 2.94112e-14 0)
(400 2.26933e-14 0)
(400 1.2342e-14 0)
(400 1.04023e-14 0)
(400 2.2221e-14 0)
(400 4.0811e-14 0)
(400 4.46403e-14 0)
(400 4.51801e-14 0)
(400 5.27438e-14 0)
(400 6.82413e-14 0)
(400 8.09063e-14 0)
(400 6.46646e-14 0)
(400 4.66427e-14 0)
(400 5.40546e-14 0)
(400 5.30977e-14 0)
(400 4.62336e-14 0)
(400 2.71266e-14 0)
(400 2.41782e-14 0)
(400 1.84612e-15 0)
(400 -7.04915e-15 0)
(400 1.59547e-15 0)
(400 -4.78759e-15 0)
(400 -9.03377e-15 0)
(400 -3.46424e-14 0)
(400 -3.56817e-14 0)
(400 -1.34753e-14 0)
(400 -6.62527e-15 0)
(400 1.41901e-14 0)
(400 1.18492e-14 0)
(400 2.04844e-14 0)
(400 4.70406e-14 0)
(400 4.56126e-14 0)
(400 5.847e-14 0)
(400 4.51215e-14 0)
(400 5.38103e-14 0)
(400 7.61604e-14 0)
(400 6.9506e-14 0)
(400 5.34788e-14 0)
(400 2.53371e-14 0)
(400 2.40939e-14 0)
(400 1.83626e-14 0)
(400 -1.99946e-15 0)
(400 -2.85131e-14 0)
(400 -4.64952e-14 0)
(400 -3.66835e-14 0)
(400 -1.77307e-14 0)
(400 -2.14136e-14 0)
(400 -1.66959e-14 0)
(400 -3.24513e-14 0)
(400 -2.84782e-14 0)
(400 -2.26449e-14 0)
(400 -2.33594e-14 0)
(400 3.95242e-15 0)
(400 2.36775e-14 0)
(400 3.6145e-14 0)
(400 2.50223e-14 0)
(400 7.14986e-15 0)
(400 -2.10648e-14 0)
(400 -5.59059e-14 0)
(400 -4.64719e-14 0)
(400 -2.59313e-14 0)
(400 -3.53682e-15 0)
(400 6.08836e-15 0)
(400 2.57681e-14 0)
(400 4.77416e-14 0)
(400 5.1237e-14 0)
(400 4.33015e-14 0)
(400 1.34074e-14 0)
(400 -6.62392e-15 0)
(400 1.98095e-14 0)
(400 3.24417e-14 0)
(400 2.8236e-14 0)
(400 1.5251e-14 0)
(400 -2.4724e-15 0)
(400 1.48914e-14 0)
(400 1.72773e-14 0)
(400 1.70715e-14 0)
(400 1.72979e-15 0)
(400 -1.33791e-14 0)
(400 -1.9489e-14 0)
(400 -3.43191e-14 0)
(400 -5.00723e-14 0)
(400 -5.32979e-14 0)
(400 -5.36134e-14 0)
(400 -3.97321e-14 0)
(400 -2.30076e-14 0)
(400 -3.7877e-14 0)
(400 -6.7356e-14 0)
(400 -8.68761e-14 0)
(400 7.85903e-15 0)
(400 -5.99211e-15 0)
(400 -1.34932e-14 0)
(400 -1.98984e-14 0)
(400 -3.84186e-14 0)
(400 -5.45461e-14 0)
(400 -6.00914e-14 0)
(400 -4.4686e-14 0)
(400 -4.71968e-14 0)
(400 -3.19413e-14 0)
(400 -1.21022e-14 0)
(400 -1.94847e-15 0)
(400 -1.22636e-14 0)
(400 -2.3681e-14 0)
(400 -3.08411e-14 0)
(400 -2.30301e-14 0)
(400 -1.10894e-14 0)
(400 5.37447e-15 0)
(400 3.06897e-15 0)
(400 -4.67755e-15 0)
(400 6.87816e-15 0)
(400 1.07681e-14 0)
(400 1.32242e-14 0)
(400 6.97127e-15 0)
(400 1.17644e-14 0)
(400 2.52501e-14 0)
(400 3.14893e-14 0)
(400 4.57021e-14 0)
(400 6.57806e-14 0)
(400 6.07862e-14 0)
(400 4.7998e-14 0)
(400 4.43198e-14 0)
(400 3.79161e-14 0)
(400 2.13608e-14 0)
(400 2.47861e-14 0)
(400 2.26123e-14 0)
(400 1.64855e-14 0)
(400 1.75187e-14 0)
(400 -1.95786e-15 0)
(400 -1.57574e-14 0)
(400 -2.92355e-14 0)
(400 -4.35338e-14 0)
(400 -5.46951e-14 0)
(400 -6.11004e-14 0)
(400 -5.66014e-14 0)
(400 -5.13608e-14 0)
(400 -4.63495e-14 0)
(400 -3.29222e-14 0)
(400 -1.46398e-14 0)
(400 -8.41663e-15 0)
(400 -9.82307e-15 0)
(400 9.77921e-15 0)
(400 3.02612e-14 0)
(400 3.07437e-14 0)
(400 3.6152e-14 0)
(400 2.68592e-14 0)
(400 2.48039e-14 0)
(400 3.18838e-14 0)
(400 3.4743e-14 0)
(400 1.97116e-14 0)
(400 -3.57203e-15 0)
(400 -1.24897e-14 0)
(400 -1.91941e-14 0)
(400 -3.86381e-14 0)
(400 -3.41355e-14 0)
(400 -1.70783e-14 0)
(400 -1.23279e-14 0)
(400 -1.28723e-14 0)
(400 -1.2247e-14 0)
(400 -2.81746e-15 0)
(400 1.88194e-15 0)
(400 1.55028e-14 0)
(400 2.47181e-14 0)
(400 3.73339e-14 0)
(400 2.77199e-14 0)
(400 9.36733e-15 0)
(400 6.4742e-15 0)
(400 -1.46402e-15 0)
(400 -2.05192e-14 0)
(400 -3.01547e-14 0)
(400 -4.46821e-14 0)
(400 -6.30365e-14 0)
(400 -7.72886e-14 0)
(400 -6.8628e-14 0)
(400 -5.98592e-14 0)
(400 -6.6772e-14 0)
(400 -7.04195e-14 0)
(400 -5.94172e-14 0)
(400 -4.02152e-14 0)
(400 -2.47512e-14 0)
(400 -1.74315e-14 0)
(400 -4.15199e-15 0)
(400 1.66451e-14 0)
(400 3.67949e-14 0)
(400 4.04939e-14 0)
(400 3.67648e-14 0)
(400 2.88218e-14 0)
(400 3.53642e-14 0)
(400 5.28361e-14 0)
(400 5.75577e-14 0)
(400 6.05154e-14 0)
(400 5.52241e-14 0)
(400 3.77759e-14 0)
(400 3.18972e-14 0)
(400 3.56294e-14 0)
(400 3.68854e-14 0)
(400 2.08726e-14 0)
(400 1.26623e-14 0)
(400 3.03077e-14 0)
(400 4.69931e-14 0)
(400 4.84972e-14 0)
(400 3.50803e-14 0)
(400 1.74621e-14 0)
(400 2.46254e-14 0)
(400 3.42747e-14 0)
(400 3.40164e-14 0)
(400 1.75615e-14 0)
(400 1.23706e-14 0)
(400 2.62758e-14 0)
(400 1.88141e-14 0)
(400 1.20809e-14 0)
(400 1.6623e-14 0)
(400 1.90096e-14 0)
(400 6.14949e-15 0)
(400 8.60734e-15 0)
(400 1.78819e-14 0)
(400 2.11818e-14 0)
(400 3.31019e-14 0)
(400 4.25169e-14 0)
(400 3.01548e-14 0)
(400 2.07449e-14 0)
(400 5.31719e-15 0)
(400 -1.94009e-15 0)
(400 1.31746e-14 0)
(400 9.91927e-15 0)
(400 2.5097e-14 0)
(400 2.83357e-14 0)
(400 2.74687e-14 0)
(400 2.25543e-14 0)
(400 2.46848e-14 0)
(400 3.04705e-14 0)
(400 3.7629e-14 0)
(400 5.22262e-14 0)
(400 6.51831e-14 0)
(400 7.16465e-14 0)
(400 6.32132e-14 0)
(400 5.19101e-14 0)
(400 6.37492e-14 0)
(400 5.85694e-14 0)
(400 4.54006e-14 0)
(400 4.09816e-14 0)
(400 1.81855e-14 0)
(400 -3.13212e-14 0)
(400 -5.59533e-14 0)
(400 -5.82054e-14 0)
(400 -5.10703e-14 0)
(400 -4.06194e-14 0)
(400 -3.0457e-14 0)
(400 -3.35166e-14 0)
(400 -3.87925e-14 0)
(400 -2.68688e-14 0)
(400 -2.57916e-14 0)
(400 -1.95874e-14 0)
(400 -1.07226e-14 0)
(400 4.00257e-15 0)
(400 2.62134e-15 0)
(400 -2.39694e-15 0)
(400 -2.05401e-14 0)
(400 -3.85219e-14 0)
(400 -4.68011e-14 0)
(400 -6.36746e-14 0)
(400 -6.72526e-14 0)
(400 -6.19667e-14 0)
(400 -5.98476e-14 0)
(400 -4.9111e-14 0)
(400 -3.61733e-14 0)
(400 -2.86332e-14 0)
(400 -1.7869e-14 0)
(400 -3.03814e-14 0)
(400 -4.32181e-14 0)
(400 -2.87826e-14 0)
(400 -2.10304e-14 0)
(400 -2.1727e-14 0)
(400 -2.41958e-14 0)
(400 -1.63162e-14 0)
(400 -1.44041e-14 0)
(400 -1.96573e-14 0)
(400 -3.05265e-14 0)
(400 -3.03815e-14 0)
(400 -2.20096e-14 0)
(400 -1.4157e-14 0)
(400 -2.40153e-14 0)
(400 -3.6086e-14 0)
(400 -2.94881e-14 0)
(400 -3.3289e-14 0)
(400 -3.44078e-14 0)
(400 -2.25797e-14 0)
(400 -1.22151e-14 0)
(400 -2.11013e-14 0)
(400 -2.71586e-14 0)
(400 3.16548e-14 0)
(400 1.17447e-14 0)
(400 -6.26503e-15 0)
(400 -1.0708e-14 0)
(400 -3.54912e-14 0)
(400 -7.12033e-14 0)
(400 -8.52787e-14 0)
(400 -8.40739e-14 0)
(400 -6.21635e-14 0)
(400 -4.24817e-14 0)
(400 -2.39871e-14 0)
(400 1.69189e-15 0)
(400 3.71689e-15 0)
(400 -1.11861e-14 0)
(400 -2.76758e-14 0)
(400 -3.74066e-14 0)
(400 -3.14158e-14 0)
(400 -3.30479e-14 0)
(400 -3.92111e-14 0)
(400 -4.16452e-14 0)
(400 -5.94724e-14 0)
(400 -7.18043e-14 0)
(400 -6.48487e-14 0)
(400 -6.28458e-14 0)
(400 -5.17631e-14 0)
(400 -4.97153e-14 0)
(400 -4.38666e-14 0)
(400 -2.45933e-14 0)
(400 6.54548e-15 0)
(400 3.79448e-14 0)
(400 3.99845e-14 0)
(400 2.40795e-14 0)
(400 2.10988e-14 0)
(400 1.67729e-14 0)
(400 2.78229e-14 0)
(400 3.10867e-14 0)
(400 2.87928e-14 0)
(400 3.44171e-14 0)
(400 3.94848e-14 0)
(400 3.73253e-14 0)
(400 2.66421e-14 0)
(400 2.53434e-14 0)
(400 1.05141e-14 0)
(400 -2.20155e-14 0)
(400 -3.30962e-14 0)
(400 -2.48591e-14 0)
(400 -1.22628e-14 0)
(400 -1.81613e-14 0)
(400 -2.35733e-14 0)
(400 -3.67077e-14 0)
(400 -3.54843e-14 0)
(400 -2.77737e-14 0)
(400 -1.82382e-14 0)
(400 -9.33044e-15 0)
(400 -8.32079e-15 0)
(400 -2.20056e-14 0)
(400 -1.95178e-14 0)
(400 -2.02926e-14 0)
(400 -3.4383e-14 0)
(400 -4.42698e-14 0)
(400 -5.60338e-14 0)
(400 -4.18344e-14 0)
(400 -5.60827e-14 0)
(400 -6.70794e-14 0)
(400 -6.94578e-14 0)
(400 -7.49894e-14 0)
(400 -6.21921e-14 0)
(400 -5.76253e-14 0)
(400 -5.58673e-14 0)
(400 -5.40798e-14 0)
(400 -4.96953e-14 0)
(400 -4.67823e-14 0)
(400 -2.57795e-14 0)
(400 -8.73537e-15 0)
(400 8.38456e-15 0)
(400 -1.74263e-15 0)
(400 -6.82821e-15 0)
(400 -6.3926e-15 0)
(400 -1.6295e-14 0)
(400 -1.63255e-14 0)
(400 -3.39039e-14 0)
(400 -5.5228e-14 0)
(400 -6.79721e-14 0)
(400 -5.85174e-14 0)
(400 -4.40582e-14 0)
(400 -3.9318e-14 0)
(400 -3.83532e-14 0)
(400 -3.26079e-14 0)
(400 -1.8786e-14 0)
(400 -1.03843e-14 0)
(400 -1.83808e-14 0)
(400 1.0346e-15 0)
(400 2.29727e-14 0)
(400 5.6321e-14 0)
(400 5.97483e-14 0)
(400 5.07291e-14 0)
(400 3.95494e-14 0)
(400 4.87246e-14 0)
(400 6.63669e-14 0)
(400 7.14973e-14 0)
(400 5.47787e-14 0)
(400 2.09299e-14 0)
(400 2.68934e-15 0)
(400 5.57848e-15 0)
(400 1.54353e-14 0)
(400 2.24517e-14 0)
(400 2.51676e-14 0)
(400 5.41017e-14 0)
(400 6.42653e-14 0)
(400 5.4689e-14 0)
(400 4.53312e-14 0)
(400 3.95739e-14 0)
(400 4.099e-14 0)
(400 6.15956e-14 0)
(400 6.97443e-14 0)
(400 5.22693e-14 0)
(400 2.33508e-14 0)
(400 1.33355e-14 0)
(400 1.85536e-14 0)
(400 9.12896e-15 0)
(400 -1.08038e-14 0)
(400 -1.95105e-14 0)
(400 -7.86624e-15 0)
(400 4.17958e-15 0)
(400 9.31694e-16 0)
(400 1.1001e-14 0)
(400 2.84707e-14 0)
(400 5.39718e-14 0)
(400 4.15994e-14 0)
(400 2.73511e-14 0)
(400 3.40049e-14 0)
(400 1.66963e-14 0)
(400 -1.68987e-14 0)
(400 -3.64533e-14 0)
(400 -2.46574e-14 0)
(400 -1.79913e-14 0)
(400 -1.66423e-14 0)
(400 -1.44105e-14 0)
(400 -3.98151e-14 0)
(400 -3.58155e-14 0)
(400 -1.40379e-14 0)
(400 -9.97108e-15 0)
(400 1.50616e-15 0)
(400 -1.27807e-15 0)
(400 1.95143e-14 0)
(400 3.68186e-14 0)
(400 4.48787e-14 0)
(400 6.76281e-14 0)
(400 6.32231e-14 0)
(400 5.65957e-14 0)
(400 5.62155e-14 0)
(400 2.89455e-14 0)
(400 -8.83557e-15 0)
(400 -1.85427e-14 0)
(400 -2.93996e-14 0)
(400 -3.84685e-14 0)
(400 -4.7783e-14 0)
(400 -4.02495e-14 0)
(400 -4.32982e-14 0)
(400 -3.02986e-14 0)
(400 -3.52474e-14 0)
(400 -3.45939e-14 0)
(400 -3.87831e-14 0)
(400 -4.41236e-14 0)
(400 -3.77673e-14 0)
(400 -5.36013e-14 0)
(400 -5.1301e-14 0)
(400 -5.99166e-14 0)
(400 -6.65955e-14 0)
(400 -5.91446e-14 0)
(400 -7.27965e-14 0)
(400 -7.65027e-14 0)
(400 -8.23656e-14 0)
(400 -7.59174e-14 0)
(400 -7.07123e-14 0)
(400 -7.38987e-14 0)
(400 -5.2079e-14 0)
(400 -2.38949e-14 0)
(400 -4.77354e-15 0)
(400 4.98258e-15 0)
(400 -7.61043e-15 0)
(400 8.10973e-15 0)
(400 3.09689e-14 0)
(400 3.3602e-14 0)
(400 3.53918e-14 0)
(400 1.99109e-14 0)
(400 -4.91208e-15 0)
(400 -1.09849e-14 0)
(400 2.60731e-15 0)
(400 1.19989e-14 0)
(400 6.32095e-15 0)
(400 4.85975e-15 0)
(400 2.83638e-15 0)
(400 -9.35301e-15 0)
(400 -1.61487e-14 0)
(400 -2.81172e-14 0)
(400 -3.46745e-14 0)
(400 -2.44753e-14 0)
(400 -1.13008e-14 0)
(400 -2.67716e-15 0)
(400 4.57026e-14 0)
(400 5.29014e-14 0)
(400 3.53614e-14 0)
(400 2.60709e-14 0)
(400 1.94165e-14 0)
(400 8.19069e-15 0)
(400 -6.54212e-16 0)
(400 -2.87571e-15 0)
(400 -8.66629e-16 0)
(400 -5.96587e-15 0)
(400 -7.82686e-15 0)
(400 -3.18013e-15 0)
(400 -1.43452e-15 0)
(400 7.73874e-15 0)
(400 2.65513e-14 0)
(400 3.76665e-14 0)
(400 2.49311e-14 0)
(400 -1.22947e-14 0)
(400 -2.63128e-14 0)
(400 -3.53628e-14 0)
(400 -3.46279e-14 0)
(400 -1.95717e-14 0)
(400 -1.35034e-14 0)
(400 -2.47037e-14 0)
(400 -1.26132e-14 0)
(400 -6.16256e-15 0)
(400 -8.42601e-15 0)
(400 -1.60033e-14 0)
(400 -1.19465e-14 0)
(400 2.18508e-14 0)
(400 2.21696e-14 0)
(400 -1.47064e-15 0)
(400 -1.32999e-14 0)
(400 -1.65295e-14 0)
(400 -1.45249e-14 0)
(400 -2.83106e-15 0)
(400 -1.21495e-15 0)
(400 -1.41594e-14 0)
(400 -2.33143e-14 0)
(400 -3.31663e-14 0)
(400 -4.08484e-14 0)
(400 -3.52659e-14 0)
(400 -4.96907e-14 0)
(400 -6.44364e-14 0)
(400 -6.19457e-14 0)
(400 -6.24255e-14 0)
(400 -5.654e-14 0)
(400 -5.41873e-14 0)
(400 -4.45966e-14 0)
(400 -4.01035e-14 0)
(400 -3.63374e-14 0)
(400 -2.52726e-14 0)
(400 -1.22208e-14 0)
(400 -7.79646e-15 0)
(400 -3.96804e-15 0)
(400 3.66623e-15 0)
(400 1.54375e-14 0)
(400 1.52041e-14 0)
(400 1.28598e-14 0)
(400 1.59703e-14 0)
(400 9.54462e-15 0)
(400 1.1216e-14 0)
(400 1.59579e-14 0)
(400 3.77762e-14 0)
(400 2.71042e-14 0)
(400 1.22672e-14 0)
(400 5.41173e-15 0)
(400 5.76658e-15 0)
(400 7.98272e-15 0)
(400 -1.12237e-14 0)
(400 -2.61548e-14 0)
(400 -4.67041e-14 0)
(400 -6.52032e-14 0)
(400 -7.23802e-14 0)
(400 -6.36417e-14 0)
(400 -6.05019e-14 0)
(400 -5.41352e-14 0)
(400 -5.40408e-14 0)
(400 -4.83237e-14 0)
(400 -5.36959e-14 0)
(400 -5.8552e-14 0)
(400 -5.29487e-14 0)
(400 -4.75765e-14 0)
(400 -5.41454e-14 0)
(400 -5.02489e-14 0)
(400 -3.39231e-14 0)
(400 -1.62817e-14 0)
(400 -9.95278e-15 0)
(400 -1.56425e-14 0)
(400 -1.65155e-14 0)
(400 -1.11793e-14 0)
(400 -1.73914e-15 0)
(400 -1.84569e-15 0)
(400 1.01684e-14 0)
(400 2.43437e-14 0)
(400 2.97258e-14 0)
(400 3.25809e-14 0)
(400 3.71394e-14 0)
(400 4.57359e-14 0)
(400 5.35336e-14 0)
(400 3.73295e-14 0)
(400 2.39491e-14 0)
(400 1.66293e-14 0)
(400 1.21029e-14 0)
(400 7.06385e-15 0)
(400 1.39352e-14 0)
(400 4.02175e-14 0)
(400 6.38282e-14 0)
(400 5.2087e-14 0)
(400 3.71174e-14 0)
(400 2.87918e-14 0)
(400 2.9444e-14 0)
(400 3.86875e-14 0)
(400 2.95759e-14 0)
(400 1.2824e-14 0)
(400 -1.06161e-14 0)
(400 -2.66454e-14 0)
(400 -3.32152e-14 0)
(400 -4.3919e-14 0)
(400 -4.43117e-14 0)
(400 -5.07279e-14 0)
(400 -4.80534e-14 0)
(400 -4.48468e-14 0)
(400 -3.06135e-14 0)
(400 -2.06072e-14 0)
(400 -2.21296e-14 0)
(400 -1.59431e-14 0)
(400 -6.99595e-15 0)
(400 -2.19746e-14 0)
(400 -1.59306e-14 0)
(400 -5.45617e-15 0)
(400 -1.04606e-14 0)
(400 -4.14409e-14 0)
(400 -4.40708e-14 0)
(400 -3.68777e-14 0)
(400 -3.97334e-14 0)
(400 -3.50641e-14 0)
(400 -3.17101e-14 0)
(400 -3.77573e-14 0)
(400 -4.22198e-14 0)
(400 -4.53964e-14 0)
(400 -2.67235e-14 0)
(400 -9.20851e-15 0)
(400 -2.44824e-15 0)
(400 9.43506e-15 0)
(400 1.20614e-14 0)
(400 3.81731e-14 0)
(400 6.2461e-14 0)
(400 6.38307e-14 0)
(400 6.84163e-14 0)
(400 6.55923e-14 0)
(400 4.24409e-14 0)
(400 2.35298e-14 0)
(400 1.12658e-14 0)
(400 -1.45041e-14 0)
(400 -4.43635e-14 0)
(400 -6.13013e-14 0)
(400 -6.55473e-14 0)
(400 -5.08744e-14 0)
(400 -3.98832e-14 0)
(400 -4.84742e-14 0)
(400 -3.19745e-14 0)
(400 -2.66861e-14 0)
(400 -2.72333e-14 0)
(400 -2.30012e-14 0)
(400 -1.69261e-14 0)
(400 -1.51602e-14 0)
(400 -1.35862e-14 0)
(400 -1.38672e-14 0)
(400 -1.9439e-14 0)
(400 -2.14746e-14 0)
(400 -2.13072e-14 0)
(400 -2.7287e-14 0)
(400 -2.69012e-14 0)
(400 -1.88586e-14 0)
(400 -6.98137e-15 0)
(400 6.31102e-15 0)
(400 9.9912e-15 0)
(400 2.61763e-14 0)
(400 3.60386e-14 0)
(400 3.72261e-14 0)
(400 6.20374e-14 0)
(400 8.00103e-14 0)
(400 7.29e-14 0)
(400 6.52103e-14 0)
(400 5.00245e-14 0)
(400 3.31669e-14 0)
(400 3.25364e-14 0)
(400 3.64663e-14 0)
(400 3.57183e-14 0)
(400 2.71704e-14 0)
(400 3.67784e-14 0)
(400 4.18871e-14 0)
(400 1.80184e-14 0)
(400 -5.57932e-15 0)
(400 -2.0494e-14 0)
(400 -4.16197e-14 0)
(400 -5.96978e-14 0)
(400 -5.2086e-14 0)
(400 -3.80058e-14 0)
)
;

boundaryField
{
    cyclic1
    {
        type            cyclic;
    }
    cyclic2
    {
        type            cyclic;
    }
    frontAndBack
    {
        type            empty;
    }
    outlet
    {
        type            zeroGradient;
    }
    inlet
    {
        type            fixedValue;
        value           uniform (400 0 0);
    }
}


// ************************************************************************* //
