/*--------------------------------*- C++ -*----------------------------------*\
  =========                 |
  \\      /  F ield         | OpenFOAM: The Open Source CFD Toolbox
   \\    /   O peration     | Website:  https://openfoam.org
    \\  /    A nd           | Version:  6
     \\/     M anipulation  |
\*---------------------------------------------------------------------------*/
FoamFile
{
    version     2.0;
    format      ascii;
    class       surfaceScalarField;
    location    "90";
    object      phi;
}
// * * * * * * * * * * * * * * * * * * * * * * * * * * * * * * * * * * * * * //

dimensions      [0 3 -1 0 0 0 0];

internalField   nonuniform List<scalar> 
7780
(
2
1.07343e-16
2
1.0087e-16
2
1.64399e-16
2
1.89075e-16
2
1.74336e-16
2
2.08263e-16
2
2.26583e-16
2
2.79506e-16
2
1.84044e-16
2
2.88442e-16
2
3.82824e-16
2
2.88312e-16
2
5.0428e-17
2
1.9139e-16
2
3.27946e-16
2
4.39242e-16
2
2.54468e-16
2
1.05629e-16
2
2.74778e-17
2
2.01108e-16
2
1.79683e-16
2
8.41484e-17
2
-3.23609e-18
2
-7.27479e-17
2
2.82736e-17
2
1.4958e-16
2
7.99767e-17
2
1.47651e-16
2
1.65198e-16
2
8.27415e-17
2
8.21238e-17
2
1.27021e-16
2
2.60832e-16
2
-7.14519e-17
2
-1.17756e-16
2
-1.9011e-16
2
-1.85466e-16
2
-4.71204e-17
2
-1.19328e-16
2
-2.59561e-16
2
-7.40618e-17
2
6.58613e-17
2
3.47405e-17
2
-1.46732e-16
2
-4.5902e-18
2
1.78305e-16
2
4.02059e-16
2
3.13131e-16
2
2.34604e-16
2
2.81335e-16
2
4.15333e-16
2
1.57565e-16
2
4.30667e-17
2
-1.70912e-16
2
-2.66871e-17
2
1.10583e-16
2
1.97142e-16
2
6.74096e-17
2
-1.249e-17
2
1.51879e-16
2
7.76998e-17
2
-1.48692e-18
2
-2.08882e-16
2
-2.87136e-16
2
-2.76419e-16
2
-1.86793e-17
2
-5.37392e-17
2
-3.47271e-17
2
-6.49845e-17
2
-1.76729e-18
2
-9.50215e-17
2
-1.70162e-17
2
-8.2323e-17
2
-1.04721e-16
2
9.53083e-17
2
2.00738e-16
2
2.6434e-16
2
4.246e-16
2
3.03053e-16
2
1.23521e-16
2
1.60324e-16
2
1.36025e-16
2
4.25582e-17
2
2.64385e-17
2
2.38325e-16
2
2.78902e-16
2
2.60793e-16
2
2.40682e-16
2
6.91637e-17
2
2.47787e-16
2
9.90442e-17
2
8.42482e-18
2
-1.12229e-16
2
-1.72387e-16
2
1.76689e-17
2
1.37593e-16
2
1.97213e-17
2
1.15405e-16
2
-1.44444e-17
2
4.86091e-17
2
9.7171e-17
2
1.57128e-16
2
2.29999e-16
2
2.00557e-16
2
-1.66087e-16
2
-3.85021e-16
2
-1.18834e-16
2
4.50519e-17
2
4.80627e-17
2
4.41334e-17
2
1.65391e-16
2
3.81473e-16
2
2.39121e-16
2
2.08258e-16
2
1.80847e-16
2
2.37317e-16
2
1.03697e-16
2
1.49899e-16
2
4.24166e-17
2
1.33071e-16
2
1.21426e-16
2
-3.24513e-17
2
1.68884e-16
2
3.38862e-17
2
6.51503e-17
2
2.47786e-16
2
3.7002e-16
2
3.51624e-16
2
4.37586e-16
2
3.57092e-16
2
3.38293e-16
2
4.27324e-16
2
3.95819e-16
2
3.51486e-16
2
3.45574e-16
2
4.27695e-16
2
1.57196e-16
2
4.28867e-16
2
2.19427e-16
2
1.92993e-16
2
-4.71364e-18
2
6.60883e-17
2
1.3848e-16
2
1.07735e-16
2
2.47806e-17
2
5.23902e-17
2
1.03743e-16
2
6.48377e-17
2
-3.41684e-16
2
-1.37269e-16
2
-1.47699e-16
2
-1.3992e-16
2
-1.73167e-16
2
-1.61748e-16
2
-1.78505e-16
2
-2.54744e-16
2
-2.32519e-16
2
-1.41869e-16
2
-1.64017e-16
2
-1.52135e-16
2
-1.30886e-16
2
-5.82533e-17
2
-6.48007e-17
2
9.66605e-17
2
-1.57265e-16
2
-7.98694e-17
2
2.05477e-16
2
3.54453e-16
2
2.62827e-16
2
1.8847e-17
2
-4.86616e-17
2
6.26186e-17
2
-7.1472e-17
2
-1.07785e-16
2
-1.80459e-16
2
-1.433e-16
2
-1.00538e-16
2
-1.77136e-16
2
-1.97045e-16
2
-1.89174e-16
2
-3.53189e-16
2
-3.11199e-16
2
-2.42423e-16
2
-4.06044e-16
2
-3.79384e-16
2
-1.54248e-16
2
-1.0383e-16
2
-1.97012e-16
2
-1.96092e-18
2
2.079e-17
2
1.34217e-16
2
1.84096e-16
2
8.37262e-17
2
7.26163e-17
2
-2.79653e-16
2
-9.81511e-17
2
-1.67552e-16
2
-1.86129e-16
2
-3.82494e-16
-2.5603e-16
2
-1.7041e-16
2
8.16145e-17
2
1.83857e-16
2
7.24805e-17
2
2.28755e-16
2
2.52473e-16
2
2.59507e-16
2
1.30735e-16
2
3.34168e-16
2
2.50823e-16
2
3.10902e-16
2
4.56326e-16
2
3.6087e-16
2
2.16609e-16
2
3.63285e-16
2
2.31594e-16
2
2.64955e-16
2
4.18592e-16
2
2.32836e-16
2
5.74601e-17
2
2.13846e-16
2
2.39785e-16
2
1.73873e-16
2
5.64272e-17
2
1.00153e-16
2
1.35972e-16
2
1.24362e-16
2
1.15038e-16
2
3.8012e-17
2
1.80734e-16
2
1.23082e-16
2
5.34201e-17
2
-5.29535e-17
2
-5.51755e-17
2
-1.01088e-16
2
-1.67179e-16
2
-1.87773e-16
2
-9.77384e-17
2
-2.64966e-17
2
2.06139e-17
2
-1.48038e-16
2
-1.09073e-17
2
-1.30223e-17
2
1.89982e-16
2
1.12156e-16
2
4.3833e-17
2
1.27241e-16
2
2.62081e-16
2
1.72208e-16
2
2.53007e-16
2
4.49752e-17
2
3.55485e-17
2
-3.25448e-18
2
-5.19447e-17
2
-1.03136e-16
2
-5.31052e-17
2
7.01129e-17
2
-4.10441e-17
2
7.65378e-17
2
1.76583e-16
2
1.41622e-16
2
-7.02823e-17
2
-9.41434e-17
2
2.30251e-17
2
-8.40993e-18
2
-1.96955e-17
2
-3.45885e-16
2
-3.70571e-16
2
-2.53165e-16
2
-3.3149e-16
2
-1.91235e-16
2
-2.17432e-16
2
-2.84861e-16
2
-8.42578e-17
2
-7.44565e-17
2
-2.06451e-17
2
3.43901e-16
2
3.71044e-16
2
3.35173e-16
2
3.64919e-16
2
1.78692e-16
2
2.04243e-16
2
7.83369e-17
2
2.18103e-16
2
1.40132e-16
2
3.64883e-16
2
3.21072e-16
2
1.19254e-17
2
-5.17554e-17
2
6.49703e-17
2
1.73726e-16
2
3.61271e-16
2
4.69201e-17
2
-2.22428e-17
2
2.57934e-17
2
-5.71786e-17
2
3.05571e-17
2
-1.09066e-16
2
6.47342e-17
2
2.04295e-16
2
2.67073e-16
2
3.33132e-16
2
6.0008e-17
2
-3.71893e-17
2
5.13695e-17
2
-3.58211e-17
2
1.4532e-17
2
-1.66567e-16
2
1.56382e-16
2
3.75028e-16
2
1.87608e-16
2
2.56496e-16
2
2.86047e-16
2
2.71867e-16
2
2.06483e-16
2
2.44857e-16
2
3.64453e-16
2
2.01573e-16
2
1.9483e-16
2
1.4206e-16
2
-9.91995e-18
2
-1.53987e-17
2
-1.69295e-16
2
-1.32095e-16
2
4.71888e-17
2
1.99151e-16
2
3.45292e-16
2
5.81972e-16
2
8.4911e-16
2
6.68162e-16
2
3.94362e-16
2
5.26541e-16
2
3.40157e-16
2
3.14851e-16
2
2.65998e-16
2
3.30196e-16
2
4.22561e-16
2
2.64434e-16
2
5.31898e-16
2
2.21832e-16
2
3.68308e-16
2
1.6184e-16
2
6.14587e-17
2
2.14707e-16
2
2.29176e-16
2
-7.66081e-18
2
-2.53558e-16
2
-1.38574e-16
2
9.25249e-17
2
-1.80609e-17
2
-9.75953e-17
2
-2.67242e-16
2
-3.6681e-16
2
-1.98374e-16
2
-1.72132e-16
2
-3.26914e-16
2
-5.02165e-17
2
-3.89276e-17
2
5.33149e-17
2
-3.09455e-17
2
-1.38477e-16
2
-1.08935e-16
2
1.432e-16
2
-4.01473e-18
2
4.66386e-17
2
2.17358e-17
2
1.80602e-17
2
1.28524e-16
2
8.4344e-17
2
2.21939e-16
2
4.54716e-16
2
1.51213e-16
2
8.01908e-18
2
-2.14691e-17
2
-4.33409e-17
2
-1.92391e-16
2
-3.56148e-16
2
-2.0688e-16
2
-2.37924e-16
2
-1.16027e-16
2
-8.27027e-17
2
-2.98854e-16
2
-3.20866e-16
2
-2.72682e-16
2
-1.7831e-16
2
-2.36532e-16
2
6.98526e-18
2
8.39729e-17
2
-1.9542e-16
2
4.76707e-17
2
-9.72933e-17
2
-1.14719e-16
2
-1.24641e-17
2
1.32862e-16
2
-1.07572e-17
2
-1.46773e-16
2
-6.5519e-17
2
-1.77736e-17
2
-2.17589e-16
-2.7552e-16
2
-1.79094e-16
2
-2.30581e-16
2
4.10351e-17
2
3.99633e-16
2
2.06425e-16
2
1.18071e-16
2
6.15249e-17
2
1.69305e-16
2
3.49303e-16
2
3.63299e-16
2
3.02373e-16
2
3.59114e-16
2
3.3728e-16
2
3.31262e-16
2
1.58805e-16
2
1.8517e-16
2
6.02819e-17
2
1.57574e-16
2
2.37439e-16
2
2.30483e-16
2
1.02177e-16
2
-1.40781e-16
2
-1.21832e-16
2
9.7632e-17
2
1.08763e-16
2
1.35596e-16
2
1.39601e-16
2
1.28121e-16
2
1.72435e-16
2
2.73367e-17
2
1.81541e-16
2
-1.9516e-18
2
-2.8806e-17
2
1.16408e-16
2
-3.51427e-17
2
-8.95069e-17
2
-1.74557e-16
2
-3.53002e-17
2
1.82407e-16
2
-3.93128e-17
2
3.93518e-17
2
1.37202e-16
2
9.68613e-17
2
1.34823e-16
2
2.86274e-17
2
-2.72614e-17
2
5.51604e-17
2
-1.01009e-16
2
-1.21388e-16
2
-7.16015e-17
2
-6.13827e-18
2
-1.19566e-17
2
-5.65571e-17
2
-3.21038e-16
2
-2.43915e-16
2
-1.7808e-16
2
-2.33263e-16
2
7.33592e-17
2
1.06655e-16
2
1.60279e-16
2
1.79974e-16
2
-4.53663e-18
2
-2.69953e-17
2
5.88356e-18
2
2.32416e-16
2
-1.48831e-16
2
-3.47964e-16
2
-2.80109e-16
2
-1.60816e-16
2
-3.38443e-16
2
-5.01957e-16
2
-2.83017e-16
2
-1.36433e-16
2
-1.95913e-16
2
-1.84189e-16
2
-1.48347e-16
2
-1.48159e-16
2
-1.76753e-16
2
9.29716e-17
2
2.25483e-16
2
3.38825e-16
2
2.89966e-16
2
2.65866e-16
2
1.31462e-16
2
3.29131e-17
2
1.51825e-17
2
2.79795e-17
2
-9.10868e-17
2
5.56271e-17
2
2.39407e-16
2
5.05043e-16
2
3.82032e-16
2
2.82856e-16
2
3.70421e-16
2
9.41749e-17
2
1.45099e-17
2
-1.66552e-16
2
-8.37611e-17
2
-1.36572e-16
2
-4.4307e-17
2
5.22433e-18
2
-1.32037e-16
2
1.37022e-16
2
6.08401e-18
2
1.21112e-17
2
1.79273e-16
2
-6.6728e-17
2
1.81061e-17
2
-2.72682e-17
2
1.61551e-16
2
2.96655e-16
2
1.4195e-16
2
3.05735e-16
2
2.75644e-16
2
6.53663e-17
2
9.76576e-17
2
3.64706e-16
2
4.14067e-16
2
2.37003e-16
2
4.26967e-17
2
-2.85414e-18
2
4.52162e-17
2
8.66517e-17
2
2.54119e-16
2
2.70139e-16
2
3.18728e-16
2
2.74117e-16
2
4.25627e-16
2
4.4368e-16
2
6.51074e-16
2
6.83209e-16
2
3.00166e-16
2
3.57787e-16
2
1.58003e-16
2
1.18119e-16
2
-5.80161e-17
2
1.25072e-16
2
2.45037e-16
2
1.47413e-16
2
3.64967e-16
2
2.04907e-16
2
2.47822e-16
2
1.73979e-16
2
1.40479e-16
2
-1.14625e-16
2
3.66195e-17
2
1.41466e-16
2
9.96765e-17
2
7.0366e-17
2
1.38569e-16
2
7.62712e-17
2
-1.5858e-17
2
4.4996e-17
2
-9.38338e-17
2
4.35655e-17
2
6.30749e-17
2
-1.14998e-16
2
-5.39236e-17
2
-1.13633e-16
2
-8.85223e-18
2
1.79213e-18
2
-2.46799e-17
2
-1.86318e-16
2
9.03547e-17
2
2.39192e-16
2
-6.769e-17
2
2.03057e-18
2
-3.66538e-17
2
2.1649e-17
2
1.90452e-16
2
3.20195e-17
2
-8.56075e-17
2
-4.25255e-17
2
4.16344e-18
2
1.40978e-16
2
7.67391e-17
2
-1.11254e-16
2
-1.13573e-16
2
2.58135e-17
2
-1.02193e-17
2
-1.05941e-16
2
-1.80794e-16
2
-4.13144e-17
2
-1.17739e-16
2
-1.43893e-16
2
-1.43333e-16
2
-6.72943e-17
2
-1.09585e-16
2
2.02e-18
2
6.94413e-17
2
1.30252e-17
2
-2.03357e-17
2
-1.30769e-16
2
-1.05693e-16
2
4.31842e-17
2
-1.33575e-16
2
8.73038e-18
2
-9.42596e-17
2
-2.16911e-16
-4.66202e-17
2
-1.15419e-16
2
-9.42603e-17
2
1.69077e-17
2
1.81148e-16
2
1.85905e-16
2
1.41275e-16
2
1.93252e-16
2
2.29827e-16
2
2.73378e-16
2
4.26689e-16
2
3.55667e-16
2
3.51152e-16
2
3.60687e-16
2
2.17629e-16
2
1.46173e-16
2
-1.44437e-16
2
7.40484e-17
2
-4.97319e-17
2
-6.34098e-17
2
5.60946e-17
2
5.19252e-17
2
1.36188e-16
2
-9.13732e-17
2
-6.52942e-17
2
3.14894e-17
2
1.39357e-16
2
1.31015e-16
2
1.86043e-17
2
5.7206e-18
2
1.03519e-17
2
1.08181e-16
2
1.64763e-16
2
9.25104e-18
2
-9.26755e-17
2
8.60863e-18
2
1.01912e-16
2
1.48785e-16
2
6.0361e-17
2
5.60524e-17
2
2.51204e-16
2
1.76746e-16
2
1.86316e-17
2
2.6765e-17
2
6.40977e-17
2
6.50981e-17
2
4.07762e-17
2
8.79323e-17
2
1.12651e-16
2
2.35629e-16
2
-4.43526e-17
2
1.1372e-17
2
1.40483e-17
2
-2.77422e-16
2
-3.5681e-16
2
-2.05609e-16
2
-9.2369e-17
2
1.30427e-16
2
1.2883e-16
2
1.41078e-16
2
1.94228e-16
2
-1.75511e-17
2
-3.50155e-17
2
1.19861e-16
2
3.28777e-16
2
1.98089e-16
2
-1.52256e-18
2
-7.67084e-17
2
-1.33184e-16
2
-1.11838e-16
2
-3.05799e-16
2
-2.59597e-16
2
-1.6382e-16
2
-2.64573e-17
2
-1.0457e-16
2
-7.98676e-17
2
-5.70117e-17
2
-5.42748e-17
2
-6.09397e-17
2
-1.28109e-17
2
-1.01259e-17
2
6.18374e-17
2
2.17892e-16
2
3.54127e-16
2
3.5173e-16
2
1.07784e-16
2
-1.3647e-16
2
1.84474e-16
2
3.33858e-16
2
5.09013e-16
2
2.84613e-16
2
3.6421e-16
2
2.94872e-16
2
4.17354e-16
2
1.69155e-16
2
6.00661e-18
2
-1.94104e-16
2
-1.70846e-16
2
-2.58744e-16
2
-2.14572e-17
2
-1.36453e-16
2
-1.33239e-16
2
-1.34291e-16
2
-3.06041e-16
2
-1.21279e-16
2
-1.61865e-16
2
-3.98269e-17
2
-4.20232e-17
2
-5.37343e-17
2
-4.45008e-17
2
-2.71079e-17
2
2.16317e-16
2
1.02048e-16
2
6.18999e-17
2
4.0391e-17
2
1.38574e-16
2
5.94008e-16
2
3.45318e-16
2
1.26652e-16
2
8.46168e-17
2
9.93931e-17
2
-1.40128e-16
2
1.1155e-16
2
2.19972e-16
2
3.12675e-16
2
3.73106e-16
2
3.8945e-16
2
3.52178e-16
2
3.54547e-16
2
3.25923e-16
2
3.14127e-16
2
4.95e-16
2
5.15563e-16
2
1.91968e-16
2
2.69083e-16
2
2.44822e-16
2
2.56449e-16
2
1.89754e-16
2
1.89371e-16
2
2.43309e-16
2
1.78322e-16
2
3.69555e-17
2
1.80106e-16
2
-3.31107e-18
2
-2.83292e-17
2
1.14453e-16
2
2.01584e-16
2
1.53727e-16
2
1.49385e-16
2
1.96799e-16
2
2.82233e-16
2
1.57581e-16
2
-1.26135e-16
2
7.79871e-17
2
1.39941e-16
2
3.23296e-16
2
7.64155e-17
2
-6.74053e-17
2
-4.89956e-17
2
-3.77306e-17
2
1.11365e-16
2
1.50176e-16
2
5.62986e-17
2
-2.69627e-17
2
-9.8976e-18
2
-2.20722e-17
2
-1.38423e-16
2
-2.54486e-16
2
-2.34662e-16
2
-7.89567e-17
2
-6.2145e-18
2
-8.00184e-17
2
-2.95808e-17
2
-1.63507e-16
2
-7.09205e-17
2
2.4856e-17
2
-1.20815e-17
2
-1.35453e-16
2
-1.20049e-16
2
1.06845e-17
2
8.8007e-17
2
2.21909e-16
2
1.0114e-16
2
-3.28994e-17
2
3.25533e-17
2
-6.68794e-17
2
6.62281e-17
2
3.79618e-17
2
3.98623e-18
2
-1.06003e-16
2
-1.79013e-16
2
2.41348e-17
2
3.82534e-17
2
-3.16084e-17
2
-8.45071e-17
2
-1.62361e-16
2
-9.73435e-17
2
-1.65058e-16
2
-2.34054e-16
2
-1.44677e-16
-2.82955e-16
2
-5.18043e-17
2
-3.85359e-17
2
-4.28629e-17
2
8.81642e-17
2
8.57437e-17
2
1.48699e-16
2
9.6288e-17
2
9.64882e-17
2
1.07682e-16
2
2.92912e-16
2
2.5649e-16
2
-1.30072e-17
2
1.86502e-16
2
4.74269e-17
2
-1.32768e-16
2
-1.22582e-16
2
-3.09723e-17
2
7.90502e-17
2
2.81777e-17
2
6.97786e-17
2
-4.19036e-17
2
-8.99212e-17
2
6.97875e-17
2
-3.33323e-17
2
-9.56388e-17
2
-1.93718e-16
2
-1.67621e-16
2
-9.64208e-17
2
-8.29339e-17
2
1.0544e-17
2
6.6315e-17
2
7.86712e-17
2
1.72976e-17
2
2.47263e-17
2
8.15273e-17
2
2.80753e-16
2
4.46988e-16
2
3.95365e-16
2
1.38246e-16
2
1.36837e-16
2
1.68778e-16
2
-6.36887e-17
2
-1.32107e-16
2
-1.28864e-16
2
-6.60508e-18
2
-3.0955e-17
2
7.77045e-17
2
1.83502e-16
2
1.06138e-17
2
6.27476e-17
2
3.91952e-17
2
-1.70856e-16
2
-1.37816e-16
2
5.04755e-17
2
-3.43952e-18
2
-2.05333e-17
2
-1.23686e-17
2
-6.657e-17
2
-1.1154e-16
2
-1.86684e-16
2
-1.02559e-16
2
2.95658e-17
2
-3.72261e-17
2
-1.13006e-16
2
-1.16705e-16
2
9.30077e-17
2
1.69871e-16
2
-3.15566e-17
2
-3.00903e-16
2
-8.45707e-17
2
-2.00209e-17
2
-7.4986e-17
2
-4.03645e-17
2
-5.3588e-17
2
1.68753e-17
2
1.44238e-16
2
-7.58368e-19
2
-4.69012e-17
2
-1.06816e-16
2
-6.04094e-17
2
-1.62997e-17
2
1.41406e-16
2
1.54435e-16
2
-1.37719e-16
2
2.07167e-16
2
1.37209e-16
2
8.80848e-17
2
3.30701e-16
2
9.2925e-17
2
8.3603e-17
2
-9.03391e-18
2
1.19707e-16
2
1.65653e-16
2
1.99091e-16
2
-1.58618e-16
2
-2.8009e-16
2
-1.36608e-16
2
-1.52924e-17
2
-1.61829e-16
2
-1.9631e-16
2
-5.13816e-17
2
-2.83927e-16
2
-9.97905e-17
2
-1.33182e-18
2
3.73617e-17
2
-7.33099e-17
2
-1.51896e-17
2
-1.24166e-16
2
-1.76809e-16
2
-1.88167e-16
2
-1.21765e-16
2
-1.31594e-16
2
-2.28777e-16
2
-1.96233e-16
2
7.34866e-17
2
2.72345e-17
2
2.3689e-16
2
6.01341e-17
2
-7.58879e-17
2
-3.29573e-17
2
2.55716e-16
2
3.29504e-16
2
3.59351e-16
2
3.68943e-16
2
5.56928e-16
2
4.44929e-16
2
3.07966e-16
2
3.37729e-16
2
1.55304e-16
2
1.2838e-16
2
3.15965e-16
2
4.92591e-16
2
4.69535e-16
2
4.12957e-16
2
2.58855e-16
2
2.13948e-16
2
1.83929e-16
2
1.01083e-16
2
7.94674e-17
2
5.6132e-17
2
1.19127e-16
2
5.90574e-17
2
1.76571e-16
2
1.48747e-16
2
1.41455e-16
2
2.59262e-17
2
6.61918e-17
2
-3.4767e-17
2
4.29867e-17
2
1.54499e-17
2
4.86077e-17
2
2.76138e-16
2
4.15503e-17
2
5.33942e-17
2
-1.80795e-16
2
-1.54609e-16
2
-2.21057e-16
2
-1.34288e-16
2
-1.00545e-16
2
-1.32987e-16
2
-2.64405e-17
2
-1.49298e-17
2
-6.59096e-17
2
-1.70328e-17
2
-1.2376e-16
2
-1.21738e-16
2
-6.77213e-17
2
1.05007e-16
2
1.25311e-16
2
8.12958e-17
2
-6.73337e-17
2
-7.83662e-17
2
1.67836e-16
2
6.71689e-17
2
1.57852e-16
2
-1.91152e-17
2
1.84365e-16
2
2.043e-16
2
1.36748e-16
2
1.79136e-16
2
4.44392e-16
2
4.61184e-16
2
2.29814e-16
2
2.10844e-16
2
2.39168e-16
2
5.45842e-17
2
5.5912e-17
2
1.40916e-16
2
1.8725e-16
2
2.36951e-16
2
1.53806e-16
2
9.26452e-17
2
9.93759e-17
2
1.84626e-16
2
1.54035e-16
2
2.82811e-16
2
1.42591e-16
2
4.48776e-17
2
-1.21381e-16
-1.56951e-16
2
-3.05351e-17
2
-1.27096e-16
2
-2.81919e-16
2
-1.88348e-16
2
-8.31816e-18
2
7.25028e-17
2
1.35907e-16
2
1.64273e-16
2
1.46878e-16
2
-4.20065e-17
2
2.2042e-16
2
1.67472e-16
2
-3.03664e-17
2
-1.06147e-16
2
-1.40406e-16
2
-1.32137e-16
2
-1.37424e-16
2
-1.2164e-16
2
1.12575e-17
2
-4.96463e-17
2
-2.34277e-17
2
1.21394e-17
2
3.51183e-17
2
7.96716e-18
2
-4.49203e-17
2
-1.65175e-16
2
3.13831e-17
2
-1.66374e-17
2
-1.01043e-16
2
8.4473e-17
2
1.58847e-16
2
7.36975e-17
2
-3.19401e-17
2
7.89605e-17
2
4.22472e-16
2
3.40417e-16
2
3.44471e-16
2
2.80553e-16
2
1.97895e-16
2
-8.86112e-17
2
-1.02791e-16
2
-1.3714e-17
2
-4.40502e-18
2
-2.11704e-17
2
4.52385e-17
2
1.77545e-16
2
1.31791e-16
2
1.20625e-16
2
2.14293e-17
2
-1.15275e-16
2
-9.71549e-17
2
-9.51872e-17
2
1.80608e-17
2
3.03764e-16
2
1.50462e-16
2
3.26846e-17
2
-5.71111e-17
2
-2.77593e-16
2
-3.27201e-16
2
-1.60452e-16
2
-1.61594e-16
2
-1.15155e-16
2
-9.91096e-17
2
-1.11421e-16
2
-1.55179e-16
2
4.10327e-17
2
-1.07526e-16
2
7.8204e-17
2
-1.07608e-16
2
-6.60317e-17
2
-9.71296e-18
2
-1.65983e-17
2
-2.91476e-17
2
2.30332e-16
2
-8.92151e-17
2
-4.30507e-16
2
-1.61438e-16
2
-6.03312e-17
2
9.17928e-17
2
2.3605e-16
2
1.90122e-16
2
-1.15679e-16
2
-1.73724e-16
2
6.00033e-17
2
5.09616e-17
2
7.79239e-17
2
2.21359e-16
2
8.61045e-18
2
4.0313e-17
2
4.09093e-17
2
-1.49563e-16
2
5.92134e-17
2
2.13741e-17
2
-2.02402e-16
2
1.17694e-16
2
-5.54687e-17
2
-2.09066e-16
2
-1.29197e-16
2
-1.62348e-16
2
-8.86532e-17
2
-2.4533e-16
2
-1.65738e-16
2
-1.43202e-16
2
-8.14739e-17
2
5.95582e-18
2
2.00019e-16
2
1.73818e-16
2
7.68119e-17
2
-9.3222e-17
2
-1.32793e-16
2
-8.46798e-17
2
-6.78562e-17
2
-2.17301e-16
2
-5.45563e-17
2
-2.52098e-18
2
-2.0885e-16
2
-1.2828e-16
2
-1.9578e-16
2
-1.31294e-16
2
-3.51227e-17
2
1.5141e-16
2
2.85621e-16
2
5.06714e-16
2
4.08431e-16
2
2.0774e-16
2
2.25552e-16
2
2.44033e-16
2
1.59566e-16
2
2.66638e-16
2
2.22945e-16
2
1.65479e-16
2
1.77579e-16
2
2.7665e-16
2
1.75187e-16
2
1.4452e-16
2
1.42683e-16
2
2.32883e-16
2
3.72361e-16
2
3.21438e-16
2
3.98425e-16
2
4.19891e-16
2
2.44314e-16
2
4.43552e-16
2
3.71981e-16
2
3.74644e-16
2
1.94868e-16
2
8.53255e-17
2
2.32765e-17
2
-8.9559e-18
2
-3.26199e-17
2
5.50137e-17
2
1.26572e-16
2
9.14015e-18
2
9.02092e-18
2
-3.62577e-17
2
-9.31831e-17
2
9.30222e-17
2
-2.09103e-17
2
5.67206e-17
2
1.57468e-16
2
3.59059e-17
2
1.22014e-16
2
-5.73975e-17
2
-1.8851e-16
2
-1.34151e-16
2
-4.41632e-17
2
3.42917e-17
2
1.67684e-16
2
-2.72674e-17
2
-1.18238e-16
2
2.57379e-16
2
1.54432e-16
2
8.6021e-17
2
1.04307e-16
2
9.02993e-17
2
2.91559e-16
2
5.02094e-16
2
4.36294e-16
2
4.81218e-16
2
4.87228e-16
2
3.81506e-16
2
4.66752e-16
2
5.36406e-16
2
2.82833e-16
2
1.14122e-16
2
2.90051e-17
2
-1.49047e-16
2
-2.45116e-16
2
-1.58017e-18
2
1.04263e-16
2
7.99356e-17
2
-4.67224e-18
2
1.99996e-17
2
3.22951e-18
2
2.43131e-16
2
3.33168e-16
2
2.93112e-16
2
3.15375e-16
2
1.72146e-16
-2.81631e-17
2
-1.40106e-16
2
-2.87802e-16
2
-3.19226e-17
2
-3.31912e-16
2
-1.6891e-16
2
-2.15954e-16
2
-9.76368e-17
2
-1.48381e-16
2
-5.1467e-17
2
-2.88066e-18
2
-4.09753e-17
2
-3.78018e-17
2
1.85448e-17
2
5.36452e-17
2
1.46699e-16
2
2.3055e-16
2
2.22735e-16
2
6.43951e-18
2
4.63104e-17
2
4.58778e-17
2
1.88205e-16
2
1.39032e-17
2
-5.15649e-17
2
-3.5054e-18
2
3.9708e-17
2
8.56545e-17
2
-9.05651e-17
2
3.68078e-17
2
-6.5517e-17
2
-1.95876e-16
2
-2.2877e-16
2
1.25367e-16
2
1.03762e-16
2
1.12631e-16
2
7.7246e-17
2
2.00781e-16
2
2.03805e-16
2
8.41287e-17
2
-1.08798e-18
2
-1.41276e-16
2
-1.90444e-17
2
5.34825e-17
2
4.89727e-17
2
-2.59415e-17
2
5.78252e-17
2
1.98442e-16
2
1.17835e-16
2
1.8499e-16
2
1.44678e-16
2
9.98337e-17
2
-6.87843e-17
2
4.59187e-18
2
7.7316e-17
2
4.17676e-17
2
1.81033e-16
2
5.6526e-17
2
-8.12776e-17
2
-2.33964e-17
2
-5.25649e-17
2
-1.66081e-16
2
-7.50397e-17
2
-2.51927e-18
2
4.57036e-17
2
1.77018e-16
2
-8.62833e-18
2
-1.5969e-16
2
1.92778e-16
2
-9.76776e-18
2
-1.70406e-16
2
-1.43807e-16
2
-1.08374e-17
2
3.61577e-17
2
-1.11713e-16
2
-3.50145e-17
2
5.69263e-17
2
-3.95993e-17
2
-1.94142e-16
2
-9.65576e-17
2
-8.18627e-17
2
-8.97259e-18
2
2.15573e-16
2
2.18156e-16
2
5.06679e-17
2
2.17642e-17
2
-2.28944e-16
2
3.82885e-18
2
-1.30721e-16
2
-5.43229e-17
2
8.47543e-17
2
-1.50793e-16
2
-1.33463e-16
2
-1.68511e-16
2
5.29239e-17
2
1.18982e-16
2
-1.7377e-16
2
6.72792e-17
2
-5.87098e-17
2
-1.20144e-16
2
-1.21903e-16
2
-3.5563e-16
2
-4.19178e-16
2
-2.61015e-16
2
-9.87203e-17
2
-1.29263e-16
2
-9.62862e-17
2
-1.39174e-16
2
-2.99006e-17
2
-8.46699e-17
2
-6.76661e-17
2
-1.29409e-16
2
-7.97547e-17
2
1.54792e-16
2
-8.18047e-17
2
-1.871e-16
2
-3.06029e-16
2
-1.2449e-16
2
-1.95941e-16
2
3.08719e-17
2
3.90865e-17
2
1.12229e-16
2
2.9381e-16
2
2.73041e-16
2
2.00889e-16
2
2.69311e-16
2
2.53677e-16
2
2.84496e-16
2
5.41071e-16
2
4.10409e-16
2
2.04359e-16
2
1.57526e-16
2
1.54639e-16
2
2.43784e-16
2
2.1528e-16
2
1.99415e-16
2
2.09773e-16
2
2.64734e-16
2
1.02726e-16
2
1.01331e-16
2
2.03263e-16
2
1.8925e-16
2
3.70633e-16
2
3.23426e-16
2
3.22638e-16
2
2.79541e-16
2
1.25549e-16
2
1.52712e-16
2
2.58975e-16
2
3.57789e-16
2
2.17615e-16
2
3.22864e-16
2
1.80591e-16
2
2.63805e-16
2
2.89218e-16
2
3.14596e-17
2
-1.47088e-16
2
8.28646e-18
2
2.57959e-18
2
3.81759e-17
2
1.56541e-17
2
-9.89174e-17
2
4.25466e-17
2
-1.92115e-16
2
-6.2536e-17
2
-6.34571e-17
2
-1.59708e-16
2
6.11034e-17
2
1.58294e-17
2
-5.53295e-17
2
4.08432e-17
2
7.39112e-17
2
7.5105e-17
2
2.43806e-16
2
2.53978e-16
2
1.72094e-16
2
8.63358e-17
2
3.75073e-16
2
3.64478e-16
2
3.01704e-16
2
2.05058e-16
2
3.04446e-16
2
3.28476e-16
2
2.76133e-16
2
2.14919e-16
2
1.77507e-16
2
3.04748e-16
2
-1.50304e-17
2
-3.12786e-17
2
5.55451e-17
2
-1.0346e-16
2
4.84217e-17
2
4.82401e-17
2
2.25486e-16
2
3.64903e-16
2
2.744e-16
2
3.12575e-16
2
3.97797e-16
2
3.4565e-16
2
2.41462e-16
2
1.35952e-16
-1.27202e-16
2
5.23902e-17
2
1.31365e-16
2
1.41866e-17
2
9.26277e-17
2
7.84173e-17
2
2.07668e-18
2
3.65665e-18
2
-7.69024e-17
2
-9.60047e-17
2
-3.03225e-16
2
-2.77093e-16
2
-3.33946e-16
2
-3.27571e-16
2
-1.84999e-16
2
2.01531e-17
2
1.73512e-16
2
2.49814e-18
2
-8.80657e-17
2
-6.8522e-17
2
1.61275e-16
2
6.48158e-17
2
4.01064e-16
2
3.26909e-16
2
1.17598e-16
2
-4.36943e-17
2
1.2742e-17
2
-9.22067e-17
2
-1.75775e-16
2
-9.4287e-18
2
-9.40527e-17
2
-1.22507e-16
2
-1.51307e-16
2
2.61907e-16
2
3.47658e-16
2
2.46376e-16
2
1.33207e-16
2
1.14297e-16
2
-1.33721e-16
2
-1.04259e-16
2
4.08216e-17
2
1.23028e-16
2
1.38257e-16
2
1.51292e-16
2
2.31766e-16
2
1.78531e-16
2
1.65232e-16
2
9.72783e-17
2
-2.67678e-17
2
-2.18189e-17
2
1.28672e-16
2
1.22579e-16
2
1.69269e-16
2
2.84219e-16
2
9.39838e-17
2
1.38499e-16
2
1.08319e-16
2
9.42915e-17
2
2.1257e-16
2
1.79123e-16
2
-4.33703e-17
2
-1.84273e-17
2
9.20125e-18
2
-1.74714e-16
2
-3.30859e-16
2
-3.41924e-19
2
1.63523e-18
2
1.24826e-17
2
-1.21171e-16
2
-1.24371e-17
2
8.15578e-17
2
-5.0651e-17
2
-2.16226e-16
2
-1.36452e-16
2
-3.75337e-16
2
-4.20971e-16
2
-4.45533e-16
2
-3.72326e-16
2
-4.17232e-16
2
-1.15361e-16
2
-1.92398e-16
2
-2.44299e-16
2
-8.32956e-17
2
-2.72776e-16
2
-2.12448e-16
2
-1.17697e-16
2
-2.26399e-16
2
-1.94429e-16
2
-1.17191e-16
2
-3.70741e-16
2
-4.3469e-17
2
7.75998e-17
2
-2.26568e-17
2
-1.47913e-16
2
-1.1212e-16
2
1.80561e-16
2
5.1904e-17
2
-6.81156e-17
2
-3.5012e-16
2
-3.4778e-16
2
-3.82388e-16
2
-2.65917e-16
2
-3.38642e-16
2
-2.83576e-16
2
-2.92055e-16
2
-1.95956e-16
2
-1.66734e-16
2
-3.9265e-16
2
-2.22112e-16
2
-1.62283e-16
2
-1.31779e-16
2
-4.43353e-17
2
-3.20658e-16
2
9.25786e-19
2
5.73583e-17
2
-9.24058e-17
2
-3.28222e-16
2
-2.00871e-16
2
-1.22268e-16
2
-5.71471e-17
2
1.43848e-17
2
1.02421e-16
2
2.08372e-16
2
2.31447e-16
2
2.9208e-16
2
4.28619e-16
2
2.24494e-16
2
6.07904e-17
2
6.9201e-18
2
1.61916e-16
2
2.07261e-16
2
2.04256e-16
2
1.12966e-16
2
1.92118e-16
2
1.32765e-16
2
1.07751e-16
2
5.587e-17
2
9.77947e-17
2
7.48171e-17
2
4.21432e-17
2
9.11167e-17
2
-1.73857e-18
2
2.14036e-16
2
2.0376e-16
2
1.58995e-16
2
4.18179e-16
2
3.96625e-16
2
3.8748e-16
2
3.63518e-16
2
2.05696e-16
2
1.10684e-16
2
2.42457e-16
2
1.89189e-16
2
7.18013e-17
2
1.23484e-16
2
-1.77429e-17
2
-8.53427e-17
2
-6.15306e-17
2
-1.23898e-16
2
-3.35527e-16
2
-1.45613e-16
2
-7.67731e-17
2
-7.33588e-17
2
-4.29639e-17
2
-6.03211e-17
2
-1.79981e-16
2
-1.19029e-16
2
-5.2104e-17
2
-7.87846e-17
2
9.55517e-17
2
1.93543e-16
2
-3.52759e-17
2
-2.08435e-16
2
-2.60018e-17
2
8.10918e-17
2
1.3222e-16
2
2.74232e-16
2
2.02155e-16
2
1.62054e-16
2
1.76512e-16
2
1.12444e-16
2
-2.62898e-17
2
1.5617e-16
2
2.76603e-16
2
3.08833e-16
2
-1.46094e-17
2
4.8682e-17
2
-6.63609e-19
2
-1.25096e-17
2
1.78664e-16
2
-5.08781e-18
2
2.41456e-16
2
3.27432e-16
2
3.27987e-16
2
3.32907e-16
2
2.88069e-16
2
5.10787e-17
2
2.37151e-16
2
3.99888e-16
2
3.87086e-16
2.64423e-16
2
8.63564e-17
2
9.55854e-17
2
-6.19773e-17
2
-5.02715e-17
2
-1.65573e-16
2
-1.57971e-16
2
-3.27855e-16
2
-3.18372e-16
2
-2.77819e-16
2
-5.59262e-17
2
-1.70162e-16
2
5.1988e-18
2
-1.65959e-16
2
-1.50688e-16
2
-1.74833e-16
2
-1.73174e-16
2
-7.72765e-17
2
2.86719e-16
2
5.17819e-17
2
-3.03158e-17
2
1.47309e-16
2
5.18248e-17
2
1.93566e-16
2
8.68363e-17
2
-7.33728e-18
2
4.0243e-17
2
9.13172e-18
2
-7.025e-18
2
4.89777e-17
2
1.32348e-16
2
9.81515e-17
2
1.18261e-16
2
2.14533e-16
2
2.49249e-16
2
2.33079e-16
2
2.5881e-16
2
3.74155e-17
2
6.24649e-17
2
2.27137e-17
2
2.02681e-16
2
1.41085e-16
2
1.68602e-16
2
1.16997e-16
2
2.41482e-16
2
3.23118e-16
2
2.32727e-16
2
2.27365e-16
2
1.72666e-16
2
1.0959e-16
2
1.99869e-16
2
1.37503e-16
2
1.57355e-16
2
1.92562e-16
2
2.81528e-16
2
1.6806e-16
2
1.82985e-16
2
1.06999e-16
2
1.13541e-16
2
1.17683e-16
2
1.79107e-16
2
1.34775e-16
2
-1.4297e-16
2
2.84431e-17
2
3.0607e-17
2
-4.6817e-17
2
1.15104e-16
2
-1.27316e-17
2
1.01846e-16
2
3.60621e-16
2
2.07541e-16
2
5.85588e-17
2
-1.34345e-16
2
-1.39187e-16
2
-1.83949e-16
2
-1.73193e-16
2
-1.55211e-16
2
-2.00596e-16
2
-3.36467e-16
2
-3.52711e-16
2
-7.66321e-17
2
-1.78143e-16
2
-2.9906e-16
2
-1.47743e-16
2
-2.88824e-16
2
-1.90173e-16
2
-1.19921e-16
2
-1.87992e-16
2
-2.40173e-16
2
-8.05543e-17
2
-5.51523e-17
2
-1.48362e-16
2
-1.43862e-16
2
9.91701e-17
2
-6.7531e-17
2
1.25184e-16
2
5.4629e-17
2
1.14086e-18
2
1.25183e-17
2
-2.22669e-16
2
-2.5062e-16
2
-4.02991e-16
2
-4.71363e-16
2
-4.05013e-16
2
-7.78906e-17
2
-1.89354e-16
2
-3.29592e-16
2
-2.3719e-16
2
-7.89064e-17
2
-6.20859e-17
2
-3.09069e-17
2
1.95808e-17
2
9.75609e-17
2
-2.03078e-17
2
-3.77421e-17
2
4.62238e-17
2
1.82105e-16
2
4.39715e-17
2
1.103e-18
2
7.63671e-17
2
6.03737e-17
2
1.15106e-16
2
1.16878e-16
2
1.52942e-16
2
1.7217e-16
2
6.07518e-17
2
1.37894e-16
2
-8.76245e-17
2
-5.9981e-17
2
-6.46012e-17
2
-4.30311e-17
2
-5.28152e-17
2
-2.81399e-17
2
3.786e-17
2
1.99145e-16
2
1.40397e-16
2
1.23262e-16
2
1.27219e-16
2
1.15044e-16
2
2.2912e-16
2
1.62195e-16
2
1.54398e-16
2
3.0471e-16
2
1.79716e-16
2
2.72026e-16
2
1.31295e-16
2
2.33991e-16
2
2.56331e-16
2
2.29328e-16
2
2.6786e-16
2
1.68242e-16
2
1.80671e-16
2
2.44292e-16
2
3.5901e-16
2
1.68129e-16
2
1.9991e-16
2
1.65774e-16
2
1.76256e-17
2
-5.53238e-17
2
-7.42338e-17
2
-2.25144e-16
2
-1.48597e-16
2
1.43998e-17
2
1.18281e-16
2
1.46334e-16
2
9.56532e-17
2
1.95824e-16
2
1.3217e-16
2
1.17016e-16
2
3.41035e-17
2
1.19186e-16
2
2.29149e-16
2
2.73482e-16
2
9.42534e-17
2
3.16325e-16
2
1.89211e-16
2
1.58084e-16
2
8.11944e-17
2
9.31243e-17
2
2.14571e-16
2
1.60015e-16
2
1.84368e-16
2
1.58518e-16
2
4.02997e-17
2
6.81137e-18
2
2.40016e-16
2
2.00936e-16
2
1.28235e-16
2
2.26088e-16
2
2.7613e-16
2
2.37435e-16
2
4.58192e-17
2
1.17984e-16
2
2.06519e-16
2
2.30871e-16
2
2.5049e-16
2
2.74272e-16
2
1.81246e-16
2
1.88182e-16
2
3.17295e-16
1.85831e-16
2
2.06582e-17
2
9.24308e-17
2
-2.47621e-17
2
-3.46589e-16
2
-4.21533e-16
2
-4.19934e-16
2
-3.7544e-16
2
-3.8167e-16
2
-3.03815e-16
2
-3.8651e-16
2
-1.5027e-16
2
-5.42694e-17
2
-8.92051e-17
2
-3.07104e-17
2
1.20045e-16
2
-8.05207e-17
2
-1.7479e-16
2
-3.68329e-16
2
-4.92385e-17
2
2.77377e-18
2
1.30137e-16
2
-3.37191e-17
2
-1.56845e-16
2
5.88238e-18
2
2.86e-16
2
5.06125e-17
2
1.17485e-16
2
1.45499e-16
2
1.28338e-16
2
2.74885e-17
2
2.09316e-16
2
1.15884e-16
2
8.58941e-17
2
7.6865e-17
2
1.26942e-16
2
1.1541e-16
2
1.97933e-16
2
3.79603e-16
2
3.89489e-16
2
1.38408e-16
2
2.07983e-17
2
2.53198e-16
2
4.16165e-16
2
3.70914e-16
2
2.92465e-16
2
2.05577e-16
2
5.35197e-17
2
-7.17151e-17
2
9.7566e-18
2
-5.06057e-17
2
-1.94576e-18
2
-1.86157e-18
2
-5.20525e-17
2
9.73941e-17
2
4.30169e-16
2
2.79817e-16
2
-6.21079e-18
2
7.35815e-17
2
5.04138e-17
2
4.26135e-17
2
6.43933e-18
2
1.39533e-16
2
9.52043e-17
2
6.65276e-17
2
6.52017e-17
2
1.57688e-17
2
1.10674e-16
2
2.10537e-16
2
1.93158e-16
2
2.42083e-16
2
1.9221e-16
2
1.42182e-16
2
1.44447e-17
2
-5.01787e-17
2
9.08343e-17
2
1.13933e-16
2
2.38205e-17
2
1.33007e-17
2
-3.32879e-17
2
-4.55448e-17
2
-2.12863e-16
2
-3.52473e-16
2
-1.83722e-16
2
-2.50099e-16
2
-2.68522e-16
2
-3.05932e-16
2
-2.11574e-16
2
-9.65942e-17
2
-9.76497e-17
2
-2.59085e-17
2
-8.86942e-17
2
-5.65896e-17
2
-8.6975e-17
2
2.96169e-17
2
-1.36012e-16
2
-6.34224e-17
2
-7.48765e-17
2
1.57877e-16
2
9.40842e-17
2
1.69104e-16
2
4.47564e-17
2
-1.54901e-17
2
-2.5732e-16
2
-2.99724e-16
2
-8.75846e-17
2
3.77027e-17
2
-1.49547e-16
2
-1.27988e-16
2
1.31922e-16
2
1.57978e-16
2
1.18026e-16
2
-1.00238e-16
2
-8.78868e-17
2
3.01879e-17
2
1.35271e-17
2
-6.12923e-17
2
-2.38361e-18
2
-4.76308e-17
2
-1.03773e-16
2
4.31696e-17
2
1.51177e-16
2
-2.6626e-17
2
-1.59601e-17
2
3.3997e-17
2
-8.81489e-17
2
-1.05058e-16
2
-7.2408e-17
2
-1.53166e-16
2
-3.47709e-16
2
-2.64288e-16
2
-3.39221e-16
2
-1.08866e-16
2
-3.72319e-17
2
1.40136e-16
2
2.36786e-16
2
1.63569e-16
2
1.65639e-16
2
7.8048e-17
2
-1.78191e-16
2
-1.43903e-16
2
-2.05576e-16
2
-1.4596e-16
2
2.90676e-17
2
1.92114e-16
2
4.07566e-17
2
2.14619e-16
2
2.52783e-16
2
1.53496e-16
2
7.08166e-17
2
2.03471e-16
2
9.8737e-17
2
3.34948e-16
2
4.35475e-16
2
3.65804e-16
2
3.58925e-16
2
3.02081e-16
2
2.22117e-16
2
1.76727e-16
2
1.09904e-16
2
1.70977e-17
2
3.67263e-18
2
1.15588e-16
2
-8.18256e-17
2
-9.28545e-18
2
1.4197e-16
2
1.72537e-16
2
2.93771e-16
2
1.17062e-16
2
1.5267e-17
2
-1.13682e-17
2
2.97883e-16
2
1.68142e-16
2
2.33646e-16
2
1.13974e-16
2
1.53892e-16
2
1.52202e-16
2
1.57749e-16
2
3.20745e-16
2
1.82246e-16
2
1.62072e-16
2
2.32259e-16
2
1.20941e-16
2
5.50182e-17
2
-1.37747e-17
2
-1.10908e-17
2
1.44855e-16
2
1.31705e-16
2
1.12732e-16
2
7.07347e-17
2
1.98801e-17
2
-1.86395e-17
2
1.43188e-17
2
1.05765e-16
2
2.35576e-16
2
2.68289e-16
2
2.825e-16
2
1.18314e-16
2
-2.76274e-17
2
-7.90711e-17
1.40795e-16
2
1.87296e-16
2
-2.7235e-17
2
-9.7057e-17
2
-6.1088e-17
2
-1.20682e-16
2
-1.3896e-16
2
-3.15817e-16
2
-3.60825e-16
2
-4.95886e-16
2
-3.14439e-16
2
-4.02054e-16
2
-3.43676e-16
2
-1.23349e-16
2
-8.07658e-17
2
-2.37226e-16
2
-6.38778e-17
2
-5.35506e-17
2
-5.31957e-17
2
-1.72775e-16
2
-1.67338e-16
2
-2.16302e-16
2
1.65785e-17
2
2.35767e-16
2
2.64351e-16
2
1.00645e-16
2
1.58403e-16
2
1.92744e-16
2
1.9288e-16
2
1.55188e-17
2
-2.21187e-17
2
-2.40578e-17
2
3.2055e-16
2
2.66727e-16
2
1.79312e-16
2
8.49548e-17
2
-5.46774e-17
2
1.16211e-16
2
2.05833e-16
2
2.56562e-16
2
-4.85763e-17
2
1.28828e-16
2
1.44998e-16
2
1.37791e-16
2
1.67103e-16
2
-1.31032e-16
2
-1.42435e-16
2
-1.73175e-16
2
-7.60127e-17
2
-2.62425e-16
2
-3.21072e-16
2
5.58593e-17
2
-1.84762e-17
2
-2.64827e-18
2
3.38223e-16
2
3.00325e-16
2
3.56765e-16
2
4.88508e-16
2
2.47693e-16
2
1.0744e-16
2
1.04697e-16
2
8.93576e-17
2
6.12113e-17
2
7.35919e-17
2
9.00887e-17
2
1.06039e-16
2
7.0674e-17
2
1.49803e-16
2
2.60643e-16
2
1.60498e-16
2
1.26209e-16
2
7.39653e-17
2
-4.91645e-17
2
-9.448e-18
2
2.46467e-16
2
-9.96135e-17
2
-7.7698e-17
2
4.09611e-18
2
1.79528e-16
2
4.98095e-17
2
-1.72646e-16
2
4.45645e-17
2
1.19546e-17
2
-1.25348e-16
2
-2.70834e-16
2
-2.01669e-16
2
-9.30869e-17
2
-1.75021e-16
2
-2.5473e-16
2
-1.5e-16
2
-3.09828e-16
2
-2.12131e-16
2
4.36666e-17
2
-1.31787e-16
2
-6.17055e-17
2
-1.31645e-16
2
-2.84134e-17
2
5.96234e-17
2
5.81933e-17
2
1.64579e-16
2
2.38948e-16
2
1.79039e-16
2
6.00942e-17
2
-4.81492e-17
2
5.67244e-17
2
-1.57747e-17
2
1.59154e-16
2
1.57327e-16
2
3.81709e-17
2
-2.82751e-16
2
-2.42307e-16
2
-3.55304e-16
2
-2.99416e-16
2
-1.23454e-16
2
-1.26164e-16
2
-2.26155e-16
2
-2.12433e-16
2
-1.87996e-16
2
-3.55051e-16
2
-2.83149e-16
2
-7.19599e-17
2
-2.00096e-16
2
-2.54523e-16
2
-1.69117e-16
2
-3.27135e-16
2
-3.30399e-16
2
-3.08199e-16
2
-2.65246e-16
2
-1.95413e-16
2
-2.30082e-17
2
-2.68156e-16
2
-3.24013e-16
2
-3.24046e-16
2
-1.59436e-16
2
-1.77621e-16
2
-2.28744e-16
2
-1.1907e-16
2
-1.00052e-16
2
-8.9983e-17
2
-2.08842e-16
2
-1.90534e-16
2
-3.12866e-17
2
-1.63461e-16
2
-8.59829e-17
2
-7.73974e-17
2
1.1557e-16
2
-7.26061e-17
2
-8.74433e-17
2
7.85193e-17
2
2.30567e-16
2
1.42629e-16
2
3.04459e-16
2
1.75105e-16
2
2.00782e-16
2
3.00897e-16
2
3.94202e-16
2
2.76209e-16
2
2.47499e-16
2
1.52405e-16
2
9.60584e-17
2
2.12825e-18
2
2.58129e-17
2
3.18412e-17
2
2.28466e-16
2
9.25371e-18
2
1.15441e-16
2
-1.59401e-16
2
-3.30177e-16
2
-1.47246e-16
2
-1.12217e-16
2
6.15078e-17
2
8.37908e-18
2
1.10636e-16
2
2.73897e-16
2
1.83604e-16
2
1.40156e-16
2
1.01172e-16
2
1.0735e-16
2
-6.193e-17
2
-6.74705e-17
2
6.27951e-17
2
2.92873e-17
2
-4.77275e-18
2
1.05162e-16
2
2.39237e-17
2
1.03147e-16
2
2.31709e-16
2
8.65609e-17
2
1.42972e-16
2
4.87681e-17
2
-3.48163e-17
2
-8.13784e-17
2
1.06388e-17
2
3.36255e-17
2
1.74512e-16
2
1.09167e-16
2
-4.59609e-17
2
2.33793e-17
2
9.8285e-17
2
1.49266e-16
2.13978e-16
2
2.01211e-16
2
4.90465e-17
2
-5.64042e-17
2
2.40378e-17
2
-1.71937e-16
2
-1.66046e-16
2
-2.4189e-16
2
-1.09896e-16
2
-3.55871e-16
2
-3.37339e-16
2
-5.79934e-16
2
-5.10898e-16
2
-4.31866e-16
2
-2.73903e-16
2
-5.65894e-17
2
1.2532e-16
2
1.70005e-17
2
-1.66898e-17
2
-1.3774e-17
2
-8.16336e-17
2
-1.84353e-16
2
8.88333e-17
2
8.849e-17
2
9.56137e-17
2
1.1377e-16
2
5.60538e-17
2
1.28394e-16
2
7.77099e-17
2
2.90489e-16
2
4.07488e-16
2
4.52901e-16
2
1.93464e-16
2
1.75378e-16
2
3.91623e-17
2
7.2651e-17
2
2.40844e-16
2
1.96142e-16
2
1.36412e-16
2
4.19854e-17
2
2.2447e-16
2
5.77394e-17
2
-4.74401e-17
2
-3.6059e-17
2
-9.87951e-17
2
8.56281e-18
2
-7.03981e-17
2
6.63e-17
2
-2.42481e-16
2
-2.5712e-16
2
-1.50259e-16
2
-1.15668e-16
2
7.30419e-18
2
1.76317e-16
2
4.69366e-17
2
1.82299e-16
2
2.4289e-16
2
3.45462e-16
2
2.67099e-16
2
2.05613e-16
2
2.22174e-16
2
-6.8588e-18
2
1.28147e-16
2
9.02794e-17
2
2.86916e-17
2
7.42513e-17
2
-2.67152e-18
2
1.96961e-16
2
6.11656e-17
2
1.04537e-16
2
1.03911e-16
2
9.86727e-17
2
4.72392e-16
2
3.06699e-16
2
1.61902e-16
2
1.44655e-16
2
9.28535e-17
2
5.12552e-17
2
1.90815e-16
2
4.37533e-18
2
8.17341e-17
2
-1.16282e-16
2
-2.39054e-16
2
-1.31075e-16
2
3.90513e-17
2
-1.41574e-16
2
-1.81521e-16
2
-3.38857e-16
2
-3.20244e-16
2
-2.85622e-16
2
-2.5299e-16
2
-1.46596e-16
2
-3.25571e-16
2
-2.02232e-16
2
-1.37253e-16
2
-1.14478e-16
2
-1.79554e-16
2
-1.21262e-16
2
5.87052e-17
2
-5.48107e-18
2
6.44648e-17
2
1.5908e-16
2
2.60406e-16
2
3.2205e-16
2
6.20199e-17
2
2.07142e-16
2
-1.47842e-17
2
-5.18268e-17
2
-1.19323e-16
2
-1.69099e-16
2
2.35371e-17
2
-1.27177e-17
2
-5.8611e-17
2
-2.68935e-16
2
-1.89099e-16
2
-1.63341e-16
2
-1.5949e-16
2
-3.12834e-16
2
-2.94336e-16
2
-6.23519e-17
2
-1.21682e-16
2
-1.12115e-16
2
-1.11567e-16
2
-3.91054e-16
2
-2.95164e-16
2
-3.58156e-16
2
-3.41536e-16
2
-2.20628e-16
2
-1.97896e-16
2
-2.13824e-17
2
-1.63174e-16
2
-3.1172e-16
2
-5.255e-16
2
-5.82699e-16
2
-4.7633e-16
2
-3.79539e-16
2
-3.98285e-16
2
-2.09699e-16
2
-2.41208e-16
2
-1.33819e-16
2
-6.00011e-17
2
-1.62006e-18
2
9.47736e-17
2
5.8039e-17
2
8.00922e-18
2
-1.47801e-17
2
-1.48686e-16
2
2.39743e-18
2
7.87229e-17
2
1.6595e-16
2
3.13305e-16
2
3.02782e-16
2
2.706e-16
2
3.21615e-16
2
2.58711e-16
2
-1.38694e-16
2
1.55647e-16
2
2.40792e-16
2
2.70669e-16
2
1.97265e-16
2
1.94517e-16
2
2.10344e-16
2
1.58145e-16
2
9.65909e-17
2
-5.19986e-17
2
-2.03118e-16
2
-1.79821e-16
2
-1.53397e-16
2
-1.58466e-16
2
3.91276e-17
2
8.36872e-17
2
-1.55806e-16
2
-5.59991e-17
2
-1.267e-16
2
1.56194e-16
2
2.01602e-16
2
8.85891e-17
2
1.13506e-16
2
-8.61243e-17
2
-7.01417e-17
2
2.7068e-17
2
7.90304e-17
2
9.11841e-18
2
5.30998e-17
2
1.58685e-16
2
2.07496e-16
2
3.43684e-17
2
8.82491e-17
2
4.26882e-17
2
6.96395e-17
2
2.19165e-16
2
2.18957e-16
2
6.9349e-17
2
-1.88457e-17
2
-9.60685e-17
2
-3.01022e-17
2
1.53325e-16
2
1.45642e-16
2
2.95735e-17
2
-4.29144e-17
1.28213e-16
2
3.38526e-17
2
-4.58438e-18
2
4.37236e-17
2
6.20205e-17
2
5.39279e-18
2
-2.52795e-16
2
-1.99621e-16
2
-2.20676e-16
2
-2.69072e-16
2
-5.10752e-16
2
-3.26374e-16
2
-4.53976e-16
2
-3.18437e-16
2
-2.71328e-16
2
-2.41941e-16
2
-2.83542e-16
2
-1.70088e-16
2
-6.4621e-17
2
9.84392e-18
2
-7.21603e-17
2
-5.81217e-17
2
-2.29421e-16
2
-2.36208e-17
2
1.73883e-16
2
1.65265e-16
2
8.97218e-17
2
-9.25932e-17
2
2.47816e-17
2
7.85088e-17
2
2.17941e-16
2
1.14587e-16
2
1.20153e-16
2
-3.9655e-18
2
-1.07672e-17
2
6.93633e-17
2
1.58295e-16
2
2.37513e-16
2
1.50843e-16
2
6.37167e-17
2
1.38896e-16
2
8.04389e-18
2
-9.70874e-17
2
-9.05882e-17
2
-9.17684e-17
2
-1.03679e-16
2
-2.50263e-16
2
-3.87628e-16
2
-2.83367e-16
2
-3.93428e-16
2
-4.08001e-16
2
-2.50845e-16
2
-2.22084e-16
2
-3.64763e-16
2
-1.14515e-16
2
-1.30666e-16
2
8.26531e-17
2
3.19814e-16
2
1.95953e-16
2
1.74449e-17
2
-1.35908e-17
2
2.50727e-16
2
2.24083e-16
2
2.14709e-16
2
2.38902e-16
2
3.62172e-17
2
1.74459e-16
2
1.5814e-16
2
1.67951e-16
2
1.39277e-16
2
1.86471e-16
2
2.93885e-16
2
2.43317e-16
2
2.09888e-16
2
1.79042e-16
2
2.63162e-16
2
6.53548e-17
2
9.80447e-17
2
-1.03952e-16
2
6.37035e-17
2
-2.71948e-16
2
-1.03886e-16
2
-1.80482e-17
2
-1.00899e-16
2
-9.92092e-17
2
-1.01869e-17
2
1.39084e-17
2
4.55043e-17
2
-1.27808e-16
2
-4.31907e-16
2
-2.02343e-16
2
-7.0447e-17
2
-1.54302e-16
2
-7.67832e-17
2
3.21934e-17
2
5.04701e-18
2
-7.77125e-17
2
1.26216e-16
2
4.18511e-17
2
2.98424e-16
2
2.75267e-16
2
2.86009e-16
2
1.85833e-16
2
-3.76088e-17
2
8.0098e-17
2
1.88537e-16
2
3.57992e-16
2
3.0053e-16
2
1.53088e-16
2
1.47613e-16
2
-2.80931e-17
2
-1.22508e-16
2
-8.83814e-17
2
-1.42799e-16
2
-3.31258e-16
2
-3.0021e-16
2
-4.34086e-16
2
-4.59903e-16
2
-2.48309e-16
2
-3.80136e-16
2
-3.13934e-16
2
-5.50388e-17
2
-2.03055e-16
2
-4.43572e-16
2
-5.01758e-16
2
-3.50434e-16
2
-3.48046e-16
2
-4.29345e-16
2
-2.89768e-16
2
-4.49184e-16
2
-3.7954e-16
2
-3.21523e-16
2
-3.77257e-16
2
-4.37245e-16
2
-4.38173e-16
2
-2.29735e-16
2
-1.95663e-16
2
-4.05196e-16
2
-2.45703e-16
2
-2.19738e-16
2
-2.08984e-16
2
-7.01125e-17
2
-1.59302e-17
2
3.48822e-18
2
-2.39375e-16
2
-2.30961e-16
2
-7.05935e-17
2
-3.34068e-17
2
1.75759e-17
2
-5.72629e-17
2
2.08356e-17
2
8.75469e-17
2
1.52402e-16
2
4.56984e-17
2
-3.17203e-17
2
1.92018e-16
2
1.84e-16
2
2.89577e-16
2
2.1823e-16
2
3.32672e-16
2
2.32199e-16
2
1.44975e-16
2
1.71982e-16
2
1.637e-16
2
2.51953e-16
2
1.7675e-16
2
-2.59956e-17
2
-1.80365e-17
2
-8.84702e-17
2
-1.22521e-16
2
-2.61338e-16
2
-3.29074e-16
2
-1.55668e-16
2
-2.6194e-16
2
-1.88027e-16
2
2.78431e-17
2
-8.58724e-18
2
-2.98441e-16
2
-3.15798e-16
2
-1.91076e-16
2
-1.32896e-16
2
1.87659e-17
2
1.00119e-16
2
4.35645e-17
2
1.15844e-16
2
2.84774e-17
2
8.6124e-17
2
4.02256e-17
2
3.9779e-18
2
-5.37836e-17
2
1.72599e-17
2
-1.31364e-16
2
-4.56259e-17
2
3.63302e-17
2
2.36178e-17
2
2.40159e-16
2
1.32988e-16
2
3.343e-17
2
1.03366e-16
2
5.16126e-17
-1.03541e-16
2
4.96583e-17
2
-8.06143e-17
2
-5.86909e-17
2
-1.35078e-16
2
-1.59432e-17
2
-1.28343e-16
2
-1.67217e-16
2
-3.16329e-16
2
-3.66782e-16
2
-2.57371e-16
2
-2.8712e-16
2
-1.54486e-16
2
-2.54842e-16
2
-3.86614e-16
2
-6.41175e-16
2
-3.36248e-16
2
-1.07859e-16
2
-4.54994e-17
2
-1.20354e-16
2
-1.51105e-16
2
-2.57595e-16
2
-3.21617e-16
2
-2.70358e-16
2
-4.13448e-17
2
7.76096e-17
2
1.66906e-16
2
1.94384e-16
2
3.02945e-16
2
2.99924e-16
2
1.67189e-17
2
1.07736e-16
2
2.44229e-16
2
1.93397e-16
2
2.63276e-16
2
1.74917e-16
2
1.11758e-16
2
2.50682e-17
2
1.51848e-16
2
3.9701e-16
2
2.7842e-16
2
1.64223e-16
2
2.69466e-17
2
-1.11385e-16
2
-2.25399e-16
2
-2.49588e-16
2
-1.78902e-16
2
-1.33796e-16
2
-2.21928e-16
2
-4.41452e-17
2
-8.98056e-18
2
-2.67847e-16
2
-1.50644e-16
2
-8.11061e-17
2
-1.39631e-16
2
-5.87555e-17
2
6.50434e-17
2
1.08039e-16
2
1.91797e-17
2
4.91769e-17
2
3.34666e-17
2
1.15001e-16
2
3.88173e-16
2
9.44506e-17
2
-6.86522e-17
2
1.0581e-16
2
2.35822e-16
2
1.64667e-16
2
1.85924e-16
2
1.40052e-16
2
1.71714e-16
2
1.94102e-16
2
2.97397e-16
2
2.72816e-16
2
6.94033e-17
2
-1.39884e-18
2
9.91269e-17
2
1.67342e-16
2
-1.70494e-17
2
-1.95207e-16
2
-1.594e-16
2
-3.11133e-16
2
-2.06851e-16
2
-5.33654e-17
2
-8.52632e-17
2
-1.11244e-16
2
-5.79397e-17
2
-3.61298e-17
2
-2.91864e-16
2
-7.17004e-17
2
-1.10804e-16
2
-2.49323e-17
2
-9.3068e-17
2
-5.71192e-17
2
5.18871e-17
2
8.04674e-17
2
1.24903e-16
2
1.56331e-16
2
1.31546e-16
2
1.39407e-16
2
1.38487e-16
2
2.20009e-16
2
2.06125e-16
2
1.49208e-16
2
2.11058e-16
2
8.46582e-17
2
2.46182e-16
2
2.89843e-16
2
2.05682e-16
2
6.85317e-17
2
-3.80392e-17
2
-2.34809e-16
2
-2.50496e-16
2
-1.44119e-16
2
1.61391e-17
2
-4.50415e-17
2
-4.10314e-17
2
-2.42728e-16
2
-3.35842e-16
2
-3.21338e-16
2
-5.43958e-16
2
-5.38142e-16
2
-4.3235e-16
2
-3.21547e-16
2
-3.47977e-16
2
-3.9431e-16
2
-2.81695e-16
2
-2.42065e-16
2
-3.99045e-16
2
-3.24343e-16
2
-3.22487e-16
2
-3.75846e-16
2
-2.86685e-16
2
-4.33469e-16
2
-1.96479e-16
2
-3.4695e-16
2
-3.1721e-16
2
-3.72554e-16
2
-2.98411e-16
2
-2.7415e-16
2
-1.96763e-16
2
5.46086e-18
2
-2.03312e-17
2
7.01228e-17
2
-4.24048e-17
2
-7.41668e-17
2
-1.33409e-17
2
-3.9648e-17
2
5.51285e-19
2
1.14337e-16
2
-1.69638e-16
2
-1.73156e-17
2
8.46443e-17
2
-1.01038e-17
2
9.78139e-17
2
1.30835e-16
2
3.00677e-16
2
3.97309e-16
2
2.96327e-16
2
2.70254e-16
2
3.17039e-16
2
3.00065e-16
2
8.85417e-17
2
1.07785e-16
2
7.94173e-17
2
1.79263e-17
2
-8.96377e-18
2
2.02536e-17
2
5.10888e-18
2
-1.16129e-16
2
-1.40584e-16
2
-8.71724e-17
2
-1.94259e-16
2
-3.42542e-17
2
-1.31404e-16
2
-2.16535e-16
2
-2.48537e-16
2
-1.17998e-16
2
-3.25566e-16
2
-2.48472e-16
2
-3.53322e-17
2
-3.73892e-17
2
-1.85954e-17
2
2.98647e-17
2
9.35552e-17
2
1.06357e-17
2
-9.50529e-17
2
-1.03923e-16
2
-1.73995e-16
2
-7.03617e-17
2
9.834e-17
2
2.05583e-16
2
1.21952e-16
2
-6.98468e-17
2
-2.56102e-17
2
-2.32893e-16
2
-1.31619e-16
2
1.59274e-16
2
2.50605e-16
2
-1.67027e-16
-1.4064e-16
2
-6.53257e-17
2
1.41987e-16
2
1.78167e-16
2
1.95618e-17
2
-6.18283e-17
2
1.02242e-16
2
-9.71785e-18
2
-2.42575e-16
2
-1.94901e-17
2
-6.45894e-17
2
-1.43525e-17
2
-1.03072e-16
2
2.22986e-18
2
-1.96401e-16
2
-2.70621e-16
2
-2.61514e-16
2
-7.72311e-17
2
-5.79943e-17
2
-4.29986e-17
2
-1.08845e-16
2
6.20213e-17
2
-1.39571e-16
2
-2.94899e-16
2
-2.32774e-16
2
-6.89496e-17
2
-5.28263e-17
2
-5.01647e-17
2
-1.01863e-16
2
-1.24271e-16
2
-3.13345e-16
2
-2.73988e-16
2
-3.1362e-16
2
-1.89956e-16
2
5.26614e-17
2
2.79388e-16
2
-2.96872e-17
2
-3.71524e-17
2
1.42192e-18
2
3.08806e-17
2
1.49478e-16
2
3.2203e-17
2
-5.2228e-17
2
-1.47706e-16
2
-2.01329e-16
2
-2.01939e-16
2
-1.62196e-16
2
-7.15033e-17
2
-1.05133e-16
2
1.3319e-16
2
1.24553e-16
2
7.88338e-17
2
3.40423e-17
2
1.28919e-16
2
-5.08142e-18
2
-4.09594e-17
2
6.94023e-17
2
-2.86491e-16
2
-1.07193e-16
2
7.71908e-17
2
1.01299e-16
2
9.16801e-17
2
-1.42805e-16
2
6.52286e-17
2
-1.70833e-17
2
2.04635e-16
2
3.37282e-16
2
1.65992e-16
2
2.32847e-16
2
2.50387e-16
2
1.93203e-16
2
1.47061e-16
2
-6.80197e-17
2
-2.91096e-17
2
-6.34325e-17
2
-5.17151e-17
2
8.08691e-17
2
-6.09641e-17
2
-7.15208e-17
2
-7.18986e-17
2
-1.74464e-16
2
-3.05676e-16
2
-2.10539e-16
2
-1.96386e-16
2
-2.82677e-16
2
-5.53306e-17
2
1.95156e-16
2
-9.08701e-17
2
-8.61449e-17
2
-1.74597e-16
2
-9.63088e-17
2
-7.65905e-17
2
1.39407e-16
2
9.78447e-18
2
-1.46532e-17
2
6.52511e-17
2
2.39384e-16
2
1.81773e-16
2
1.32316e-16
2
1.71331e-16
2
7.4191e-17
2
3.66545e-17
2
5.26191e-17
2
3.8818e-16
2
4.46254e-16
2
3.36567e-16
2
2.96586e-16
2
2.22716e-16
2
1.61966e-16
2
-2.93741e-17
2
-1.96317e-16
2
1.17167e-16
2
1.36227e-17
2
-7.8601e-17
2
-1.56549e-16
2
8.94172e-18
2
-2.26118e-17
2
1.68528e-16
2
-8.92275e-18
2
-1.10424e-16
2
-1.83339e-16
2
-3.21562e-16
2
-5.59388e-16
2
-4.86198e-16
2
-5.07449e-16
2
-3.47087e-16
2
-4.24319e-16
2
-5.80495e-16
2
-5.45111e-16
2
-6.04846e-16
2
-4.61748e-16
2
-3.03569e-16
2
-4.53668e-16
2
-3.90645e-16
2
-3.76481e-16
2
-2.79955e-16
2
-1.68842e-16
2
-9.19433e-17
2
-3.36696e-16
2
-2.37071e-16
2
-9.88002e-17
2
-2.40956e-16
2
-1.66671e-16
2
-3.63191e-16
2
-2.31142e-16
2
-1.20482e-16
2
-1.58388e-16
2
-1.95663e-16
2
-2.07938e-16
2
-1.12928e-16
2
1.26176e-16
2
3.04625e-17
2
4.75615e-17
2
6.6715e-17
2
1.12044e-16
2
2.48994e-16
2
1.22057e-16
2
4.12361e-17
2
1.29807e-16
2
1.92293e-16
2
1.34061e-16
2
7.2434e-17
2
1.90258e-16
2
8.38479e-17
2
1.54048e-16
2
7.3037e-17
2
1.89937e-17
2
-5.79362e-17
2
-1.81451e-16
2
-1.6371e-16
2
3.66748e-18
2
5.23256e-17
2
-3.75124e-17
2
5.2659e-18
2
-9.22459e-17
2
-7.70806e-17
2
-1.38703e-16
2
-1.61273e-16
2
1.08478e-16
2
-1.08759e-16
2
-1.61763e-16
2
-1.71662e-16
2
4.09775e-17
2
1.6637e-16
2
1.21408e-17
2
-6.20263e-17
2
4.92148e-17
2
7.15258e-17
2
7.70794e-17
2
-3.8482e-17
2
-1.74104e-16
2
-3.53353e-17
2
-2.07024e-16
2
-8.57093e-17
2
-1.86692e-16
2
-2.06186e-16
2
-1.79116e-16
2
-2.36578e-16
2
6.39483e-17
2
1.32373e-16
-4.94932e-17
2
6.67849e-17
2
5.19626e-17
2
-7.8586e-17
2
-5.068e-17
2
4.34871e-17
2
1.15879e-16
2
1.5547e-16
2
1.99451e-16
2
1.35561e-16
2
3.96481e-17
2
-5.75802e-17
2
-1.54571e-16
2
-2.76449e-16
2
-1.40084e-16
2
8.34097e-17
2
-2.83302e-16
2
-2.86307e-16
2
-5.34676e-17
2
4.52743e-17
2
1.67447e-16
2
-1.30808e-16
2
-3.80367e-18
2
-1.24954e-16
2
-1.14091e-16
2
2.98934e-18
2
-6.85701e-17
2
-9.75622e-17
2
-8.01069e-17
2
-3.69729e-16
2
-2.23786e-16
2
-4.05053e-16
2
-4.84618e-16
2
-1.8147e-16
2
-5.61046e-17
2
-3.56882e-16
2
-3.9088e-16
2
-4.27946e-16
2
-2.28409e-17
2
2.9699e-17
2
-2.43772e-16
2
-8.07469e-17
2
-7.16727e-17
2
-1.97006e-16
2
-2.43214e-16
2
-1.49063e-16
2
-2.21333e-17
2
-1.50849e-16
2
-1.03529e-16
2
-1.99867e-16
2
-1.01473e-16
2
-3.18869e-17
2
4.84341e-17
2
1.22846e-16
2
-6.63036e-18
2
-1.71312e-16
2
-4.68222e-16
2
-3.8181e-16
2
-2.20616e-16
2
-1.93832e-16
2
-1.49168e-16
2
-1.01713e-16
2
-8.43213e-17
2
1.38642e-17
2
1.9559e-16
2
3.10305e-17
2
-6.09302e-17
2
1.26428e-17
2
-4.96825e-17
2
1.52746e-16
2
2.1817e-17
2
-2.75448e-19
2
4.05699e-17
2
2.7579e-17
2
2.86647e-17
2
-5.7682e-18
2
6.81067e-17
2
8.98869e-17
2
-3.1627e-17
2
-1.42319e-16
2
-5.72049e-17
2
-1.74832e-17
2
-4.5172e-17
2
-1.65755e-16
2
-2.69492e-16
2
-2.37527e-16
2
-1.81069e-16
2
6.79171e-17
2
2.10239e-16
2
5.35555e-17
2
-3.71482e-17
2
-1.57032e-16
2
-4.99779e-17
2
1.07611e-16
2
-8.70195e-17
2
4.26292e-17
2
1.49055e-16
2
1.04136e-16
2
6.19236e-18
2
-9.0182e-17
2
-5.75884e-17
2
-1.72664e-16
2
9.21516e-17
2
1.0559e-16
2
8.97596e-17
2
1.68387e-16
2
8.24376e-17
2
1.80574e-16
2
1.90238e-16
2
2.39602e-16
2
1.58694e-16
2
7.7458e-17
2
1.98792e-16
2
3.1175e-16
2
3.51005e-16
2
2.13216e-16
2
1.3831e-16
2
3.95555e-16
2
4.48556e-16
2
4.185e-16
2
2.1658e-16
2
-5.28121e-17
2
3.52574e-17
2
-1.94703e-17
2
-1.76856e-16
2
-1.78799e-16
2
-2.55031e-16
2
-4.54264e-16
2
-4.45532e-16
2
-4.5079e-16
2
-3.74403e-16
2
-2.66826e-16
2
-2.2222e-16
2
-1.17015e-16
2
-4.27955e-16
2
-4.53171e-16
2
-2.72507e-16
2
-2.68137e-16
2
-3.07431e-16
2
-1.64832e-16
2
-8.2545e-17
2
-1.43041e-16
2
-6.69258e-18
2
-1.35742e-16
2
-2.91409e-16
2
-2.61515e-16
2
-1.00099e-16
2
-1.53581e-16
2
-2.52686e-16
2
-2.8969e-16
2
-3.65896e-16
2
-3.53606e-16
2
-2.55319e-16
2
-2.11833e-16
2
-2.29647e-16
2
-1.37762e-16
2
-1.35715e-16
2
-1.06285e-16
2
-4.83078e-17
2
-9.98216e-17
2
7.39901e-17
2
1.29324e-16
2
1.01023e-16
2
-3.9939e-17
2
4.31338e-17
2
2.20458e-16
2
2.22495e-16
2
1.51227e-16
2
1.76673e-16
2
-4.69205e-17
2
-2.77385e-16
2
-3.6486e-17
2
-1.59452e-18
2
-1.63855e-16
2
-1.29546e-16
2
-2.39603e-16
2
-1.05608e-16
2
-6.49562e-17
2
3.98688e-17
2
2.2076e-16
2
1.10328e-16
2
-5.27407e-17
2
-1.45239e-16
2
-2.43312e-16
2
-1.12465e-16
2
1.23282e-16
2
-1.21487e-16
2
-1.97488e-16
2
1.96522e-17
2
-9.47743e-17
2
-2.48796e-16
2
-3.29631e-16
2
-3.64836e-16
2
-2.96743e-16
2
-2.7431e-16
2
-8.91107e-17
2
-5.82049e-17
2
-6.94437e-17
2
-2.18644e-16
2
1.85389e-16
2.12044e-16
2
-1.7147e-16
2
-8.59002e-17
2
9.78438e-18
2
-2.57085e-16
2
-8.44481e-17
2
7.46898e-17
2
1.83493e-16
2
3.47423e-16
2
1.71836e-16
2
1.2619e-16
2
2.13347e-16
2
4.73957e-17
2
9.90444e-17
2
1.68962e-16
2
-7.68865e-18
2
9.18338e-17
2
-6.38453e-17
2
-1.28442e-16
2
3.20597e-17
2
-2.54131e-16
2
-1.26035e-16
2
-3.01761e-17
2
-1.39223e-16
2
-2.41109e-16
2
-2.44439e-16
2
-3.24956e-16
2
-3.08589e-16
2
-2.1133e-16
2
-1.18491e-16
2
-1.56952e-16
2
-1.70511e-16
2
-2.96003e-16
2
-2.10366e-16
2
-3.70435e-16
2
-3.10416e-16
2
-1.90794e-16
2
-2.34286e-16
2
-3.27106e-16
2
-2.5807e-16
2
-1.20264e-16
2
1.20934e-16
2
4.67889e-17
2
-4.8304e-17
2
5.3541e-17
2
3.40101e-17
2
-8.25419e-17
2
-1.71838e-16
2
-1.39209e-16
2
-1.13225e-16
2
-7.64183e-17
2
-1.13987e-16
2
8.4118e-17
2
-7.22553e-17
2
-1.65989e-16
2
-1.91323e-16
2
-3.77431e-16
2
-3.15242e-16
2
-1.36286e-16
2
-9.71795e-17
2
-3.14905e-17
2
-1.39266e-16
2
-1.50277e-16
2
4.48233e-17
2
1.01994e-16
2
3.8365e-17
2
-6.7372e-17
2
6.71021e-17
2
-9.95148e-18
2
-2.049e-16
2
1.25425e-16
2
1.25167e-16
2
-2.18311e-17
2
9.8981e-17
2
1.22104e-16
2
1.42853e-17
2
5.71233e-18
2
7.43707e-18
2
-6.86408e-17
2
-1.12846e-16
2
-1.52288e-16
2
-5.58921e-17
2
5.84433e-17
2
-1.74281e-17
2
7.15048e-17
2
-8.88749e-18
2
-1.86642e-16
2
8.80692e-17
2
8.84817e-17
2
4.36425e-17
2
-2.85227e-17
2
-9.48535e-17
2
3.94016e-17
2
2.83265e-18
2
-1.19294e-16
2
4.95405e-17
2
1.53783e-16
2
1.51882e-16
2
-9.4269e-17
2
-1.95915e-16
2
-9.9694e-17
2
3.68071e-17
2
1.86834e-16
2
5.8289e-17
2
7.15399e-17
2
2.16823e-16
2
2.57956e-16
2
2.54629e-16
2
1.725e-16
2
1.21091e-16
2
1.00682e-16
2
8.906e-17
2
1.98558e-16
2
1.15625e-16
2
3.02371e-16
2
3.56637e-16
2
2.17599e-16
2
1.23118e-16
2
3.68168e-16
2
6.45274e-17
2
1.37532e-16
2
7.51337e-17
2
3.24767e-18
2
1.1581e-16
2
-9.32548e-17
2
-2.96582e-16
2
-3.63296e-16
2
-2.45347e-16
2
-3.89906e-17
2
-7.39949e-17
2
-9.25939e-17
2
-1.43783e-16
2
-1.51554e-16
2
-2.3038e-16
2
-1.20511e-16
2
-5.92033e-17
2
-5.07949e-17
2
-9.20767e-17
2
5.79904e-17
2
3.59334e-18
2
-1.0308e-16
2
-3.14968e-16
2
-4.99661e-16
2
-3.98195e-16
2
-1.71547e-16
2
-2.64606e-16
2
-3.69427e-16
2
-1.85924e-16
2
-1.12093e-16
2
-8.70081e-17
2
-3.54353e-16
2
-2.42993e-16
2
-3.96979e-16
2
-3.50059e-16
2
-1.5447e-16
2
2.11473e-17
2
-5.89977e-17
2
-1.0119e-16
2
-1.47207e-16
2
-1.54673e-16
2
6.96404e-17
2
1.54287e-16
2
-1.12476e-16
2
-1.27733e-16
2
7.13685e-17
2
8.15704e-17
2
1.15849e-16
2
2.30301e-16
2
1.71465e-16
2
-1.16353e-16
2
-9.19652e-17
2
4.25212e-17
2
-1.74262e-16
2
-7.49035e-17
2
-1.14999e-16
2
-3.62675e-16
2
-1.60666e-16
2
4.27065e-17
2
2.23517e-16
2
1.54414e-16
2
4.51003e-17
2
-1.17308e-16
2
-1.79948e-16
2
-1.73204e-16
2
4.97837e-17
2
1.24475e-16
2
1.24054e-16
2
1.9194e-16
2
-4.01491e-17
2
3.82214e-17
2
-7.40987e-17
2
-1.80152e-16
2
-8.55474e-17
2
-2.8454e-16
2
-2.05724e-16
2
-6.85132e-17
2
-2.45743e-16
2
-2.19406e-16
2
-1.95753e-16
2
4.56154e-17
1.33576e-16
2
1.44637e-17
2
-1.64468e-16
2
-2.06584e-16
2
1.76834e-17
2
-6.15723e-17
2
3.5988e-17
2
1.03579e-16
2
2.48833e-16
2
4.43983e-17
2
-1.48207e-17
2
-1.5034e-16
2
5.37258e-17
2
2.45246e-16
2
2.49023e-16
2
1.42329e-16
2
4.65981e-17
2
1.00702e-16
2
2.58895e-16
2
-6.94516e-18
2
4.69157e-17
2
-5.36368e-17
2
-9.18848e-17
2
4.23812e-17
2
-1.50909e-16
2
-4.25325e-16
2
-4.89021e-16
2
-4.06094e-16
2
-3.76821e-16
2
-1.14913e-16
2
-2.17172e-16
2
-2.99854e-16
2
-8.42789e-17
2
-3.0889e-16
2
-3.04532e-16
2
-3.37294e-16
2
-3.28945e-16
2
-1.85702e-16
2
-3.94181e-16
2
-5.56147e-16
2
-2.13863e-16
2
-2.55604e-16
2
-1.71046e-17
2
1.97176e-17
2
-6.09782e-17
2
3.05691e-17
2
1.80087e-17
2
-2.33015e-16
2
-5.65306e-17
2
-4.70329e-18
2
-2.87552e-17
2
-3.53367e-17
2
-8.11019e-17
2
-6.54535e-19
2
8.9037e-17
2
-2.4086e-16
2
-2.0445e-16
2
-3.44782e-16
2
-3.35433e-16
2
-1.00121e-16
2
-2.42631e-16
2
-2.03371e-16
2
-8.96931e-17
2
-1.86908e-16
2
-5.92911e-17
2
-8.75887e-17
2
-1.97144e-16
2
-3.65435e-16
2
-2.71386e-16
2
7.12827e-18
2
-8.19509e-17
2
-3.38734e-17
2
9.16416e-17
2
5.32596e-18
2
1.23714e-16
2
2.24002e-16
2
1.16619e-16
2
7.0772e-17
2
6.9751e-17
2
3.15468e-17
2
1.40124e-16
2
1.3936e-16
2
-3.84347e-17
2
1.0461e-17
2
4.30147e-16
2
2.55957e-16
2
4.30848e-17
2
-6.60145e-18
2
1.48162e-16
2
2.78802e-16
2
1.08469e-16
2
-1.45569e-16
2
-4.27214e-16
2
-2.32952e-16
2
1.28131e-16
2
2.31648e-16
2
-1.21695e-18
2
-3.43034e-17
2
6.86606e-17
2
1.23621e-16
2
9.63321e-17
2
7.26757e-17
2
-1.78205e-17
2
7.57865e-17
2
-3.32315e-17
2
-7.33569e-17
2
-1.13579e-16
2
-2.52151e-16
2
-4.02902e-17
2
2.33835e-16
2
1.39611e-16
2
-6.89815e-17
2
-5.04518e-19
2
1.28447e-16
2
5.24713e-18
2
6.32413e-17
2
1.80079e-16
2
-4.1809e-17
2
-1.38123e-17
2
2.03505e-16
2
2.15855e-16
2
8.44481e-17
2
1.18713e-16
2
-1.56108e-17
2
6.37182e-17
2
-9.38268e-17
2
-1.89794e-16
2
-9.37023e-17
2
-2.03661e-16
2
-1.37557e-16
2
-8.71353e-17
2
-1.41357e-16
2
-1.25805e-16
2
-8.26023e-17
2
-1.66136e-16
2
-3.16703e-17
2
-3.23347e-16
2
-3.69865e-16
2
-3.25324e-16
2
-2.88892e-16
2
-2.40404e-16
2
-2.3358e-16
2
-4.36152e-16
2
-3.90994e-16
2
-2.60732e-16
2
-3.37858e-16
2
-4.71702e-16
2
-5.63004e-16
2
-4.34461e-16
2
-4.73923e-16
2
-4.32838e-16
2
-3.71426e-16
2
-4.51157e-16
2
-3.04925e-16
2
-1.20912e-16
2
-1.31291e-16
2
-1.14253e-16
2
-2.68066e-16
2
-1.8018e-16
2
-5.43276e-18
2
-2.38266e-16
2
-3.78419e-16
2
-1.71274e-16
2
-4.31277e-17
2
-2.49347e-16
2
4.89721e-17
2
3.98261e-17
2
-1.43515e-16
2
-5.55724e-17
2
2.47542e-16
2
2.2549e-16
2
-5.53346e-18
2
2.2734e-16
2
1.49199e-16
2
-1.38743e-16
2
-1.87995e-16
2
-3.07679e-16
2
-1.03035e-16
2
7.8085e-17
2
-3.07068e-17
2
-3.13084e-16
2
-3.1235e-16
2
-1.88946e-16
2
-1.24328e-16
2
-1.55353e-16
2
-1.02769e-16
2
-7.46401e-17
2
-6.38754e-17
2
2.14752e-17
2
-1.1107e-17
2
-1.69695e-16
2
-2.36797e-16
2
-2.84e-16
2
-6.38247e-17
2
-3.06576e-16
2
-5.09439e-16
2
-4.08052e-16
2
-3.85927e-16
2
-3.93168e-16
2
-4.10403e-17
9.40137e-17
2
2.67695e-17
2
1.49693e-16
2
1.11967e-17
2
-1.45171e-16
2
8.27928e-18
2
-9.98115e-17
2
5.49944e-17
2
1.22282e-16
2
1.35526e-16
2
1.7382e-16
2
9.10409e-17
2
8.7571e-17
2
3.10243e-16
2
3.0247e-16
2
1.81157e-16
2
8.3279e-17
2
1.34113e-17
2
-1.09961e-16
2
-6.79663e-17
2
-2.93821e-17
2
-1.61629e-16
2
2.7187e-17
2
1.44258e-16
2
2.22185e-16
2
-6.63337e-17
2
-6.90168e-17
2
-6.63854e-17
2
-2.20491e-16
2
-2.64241e-16
2
-7.53508e-18
2
-2.19185e-16
2
-2.29387e-16
2
-3.35562e-16
2
-2.82346e-16
2
-3.22233e-16
2
-2.34922e-16
2
-3.23702e-16
2
-3.85678e-16
2
-3.33444e-16
2
-4.03526e-16
2
-2.80244e-16
2
-1.92023e-16
2
-7.72366e-17
2
-1.65008e-16
2
-1.7792e-16
2
-1.91664e-16
2
-3.19009e-16
2
-9.39258e-17
2
1.00038e-16
2
3.51155e-17
2
-5.47586e-17
2
-2.44951e-17
2
-4.11641e-17
2
-8.81619e-17
2
-8.49081e-17
2
-2.22848e-16
2
-1.25704e-16
2
-1.83288e-16
2
-1.93022e-16
2
-2.03535e-16
2
-1.92343e-16
2
-1.51124e-16
2
-7.04411e-17
2
-1.42168e-16
2
-1.88255e-16
2
-3.19338e-16
2
-1.62144e-16
2
-1.66694e-17
2
-1.35291e-16
2
-7.78389e-17
2
-6.1843e-17
2
-1.08837e-16
2
-9.82119e-17
2
-1.01977e-16
2
1.7911e-17
2
5.0284e-17
2
5.29188e-17
2
2.13261e-17
2
-4.42344e-17
2
6.84458e-18
2
7.29609e-17
2
3.31259e-17
2
3.27758e-16
2
3.03236e-16
2
1.93538e-16
2
4.26087e-17
2
4.8249e-17
2
1.56747e-16
2
3.05957e-16
2
1.08192e-16
2
-4.03484e-18
2
-7.85562e-17
2
-2.51004e-16
2
-1.23873e-16
2
-1.61534e-16
2
-7.65094e-17
2
2.68334e-17
2
3.21201e-17
2
6.64983e-17
2
-1.46075e-17
2
-1.18245e-17
2
-1.24109e-16
2
-4.85383e-17
2
-1.45928e-16
2
-2.2373e-16
2
-2.93773e-16
2
-7.39781e-17
2
6.20266e-18
2
-6.7309e-17
2
5.58964e-17
2
-3.69215e-17
2
-1.93088e-16
2
-2.56961e-17
2
-9.87172e-17
2
-6.29119e-17
2
-1.36617e-16
2
-1.65703e-16
2
-8.91446e-17
2
1.37588e-16
2
6.44073e-17
2
1.82958e-16
2
1.3564e-16
2
-7.89287e-17
2
8.64278e-17
2
2.51068e-16
2
1.87547e-16
2
1.20434e-16
2
-1.26439e-16
2
-2.17445e-16
2
-1.92089e-16
2
-1.02649e-16
2
-4.70137e-17
2
-5.49608e-17
2
-7.92796e-17
2
-1.48819e-16
2
-6.68967e-17
2
6.97738e-17
2
-4.89196e-17
2
-1.26188e-16
2
-2.48905e-16
2
-1.57834e-16
2
-1.96615e-16
2
-3.70514e-16
2
-5.21026e-16
2
-2.4044e-16
2
-1.03307e-16
2
-1.60209e-16
2
-2.5887e-16
2
-2.83277e-16
2
-2.55308e-16
2
-5.3867e-16
2
-4.26277e-16
2
-3.80453e-16
2
-4.3928e-16
2
-4.59878e-16
2
-3.31172e-16
2
-2.355e-16
2
-1.16807e-16
2
-2.00635e-16
2
-3.38405e-16
2
-1.40887e-16
2
-9.63876e-17
2
-7.96654e-17
2
-7.84289e-17
2
-1.4325e-16
2
7.08381e-17
2
-7.65078e-17
2
-2.06804e-16
2
-1.59258e-16
2
-2.63428e-16
2
-4.02931e-16
2
-1.40104e-16
2
-6.97443e-17
2
9.88579e-18
2
1.37307e-16
2
-6.56831e-17
2
-1.69553e-16
2
-3.22412e-16
2
-3.60654e-16
2
-3.84026e-16
2
-4.54694e-16
2
-4.15244e-16
2
-3.25383e-16
2
-2.2902e-16
2
-3.05891e-16
2
-1.74998e-16
2
-2.48838e-16
2
-2.57181e-16
2
-2.77103e-16
2
-3.25034e-16
2
-2.88075e-16
2
-2.06645e-16
2
-1.47987e-16
2
-2.81348e-16
2
-2.77339e-16
2
-3.05577e-16
2
-3.17146e-16
2
-2.98326e-16
2
-1.98574e-16
-1.27405e-17
2
2
2
2
2
2
2
2
2
2
2
2
2
2
2
2
2
2
2
2
2
2
2
2
2
2
2
2
2
2
2
2
2
2
2
2
2
2
2
2
2
2
2
2
2
2
2
2
2
2
2
2
2
2
2
2
2
2
2
2
2
2
2
2
2
2
2
2
2
2
2
2
2
2
2
2
2
2
2
2
2
2
2
2
2
2
2
2
2
2
2
2
2
2
2
2
2
2
2
2
2
2
2
2
2
2
2
2
2
2
2
2
2
2
2
2
2
2
2
2
2
2
2
2
2
2
2
2
2
2
2
2
2
2
2
2
2
2
2
2
2
2
2
2
2
2
2
2
2
2
2
2
2
2
2
2
2
2
2
2
2
2
2
2
2
2
2
2
2
2
2
2
2
2
2
2
2
2
2
2
2
2
2
2
2
2
2
2
2
2
2
2
2
2
2
2
2
2
2
)
;

boundaryField
{
    cyclic1
    {
        type            cyclic;
        value           nonuniform List<scalar> 
200
(
7.73802e-17
2.46524e-16
2.77509e-16
4.1979e-16
2.64004e-16
3.07656e-16
2.6094e-16
1.87502e-16
3.53431e-16
3.28035e-16
3.23188e-16
3.43436e-16
4.69681e-17
4.32203e-17
2.13246e-16
2.74235e-16
1.69244e-16
-1.55261e-16
-1.16475e-16
-9.4656e-17
1.13694e-16
9.24341e-18
-3.22438e-17
-1.73268e-16
-5.80277e-17
1.42442e-16
2.23305e-16
9.64314e-17
7.44513e-18
3.26715e-17
4.11439e-17
-1.74316e-16
-2.4507e-16
-2.97422e-16
-2.96715e-16
-2.65485e-16
-3.12045e-16
-4.65147e-16
-4.07823e-16
-2.30681e-17
-1.95967e-16
-4.47618e-16
-1.3555e-16
2.49073e-17
-7.10107e-17
-2.39813e-17
2.62559e-16
2.24607e-16
2.86456e-16
2.17205e-16
1.50225e-16
6.30853e-17
3.39188e-17
5.58971e-17
-7.81954e-17
-4.76141e-18
-5.40058e-17
-4.69377e-17
-7.97973e-17
-2.07813e-16
-1.05268e-16
-2.40548e-17
-1.93126e-17
-1.8615e-16
-2.2949e-16
-1.11985e-16
5.0363e-17
1.10461e-17
-3.05368e-18
-4.40807e-17
3.6233e-17
3.26689e-17
1.72756e-16
1.75405e-16
2.39438e-16
3.18278e-16
-1.37205e-18
1.95328e-16
2.72342e-16
1.76256e-16
1.29918e-16
2.6481e-16
2.48534e-16
2.04704e-16
3.03597e-16
2.71969e-16
-2.85231e-17
1.0072e-16
1.28036e-16
8.00016e-17
1.83941e-16
1.23219e-17
3.04607e-17
-4.29145e-17
-2.31179e-16
-4.63724e-17
1.13911e-16
2.76004e-16
2.8793e-16
2.46029e-16
2.27157e-16
3.39095e-16
1.30857e-16
-7.5477e-17
-1.69285e-16
-2.95523e-16
-2.33123e-16
-1.18451e-16
-3.21836e-17
-1.38736e-16
-1.90992e-16
-9.88653e-17
-9.31534e-17
-2.43174e-16
-2.28879e-16
-2.4982e-16
-2.66395e-16
-1.47385e-16
-2.92716e-17
-3.40404e-17
-1.55128e-16
-8.08652e-17
1.58699e-17
3.46131e-17
-1.27087e-16
-9.27087e-17
2.6315e-17
-2.15985e-17
-1.77212e-16
-1.04876e-16
-1.14277e-16
-1.91637e-16
3.11201e-18
6.09913e-17
4.06646e-17
-5.19043e-17
-8.77737e-18
-1.78099e-16
-2.32389e-16
-3.24013e-16
-3.16617e-16
-2.86731e-16
-1.54643e-16
-7.23434e-17
-9.7467e-17
-3.42378e-17
-7.63661e-17
-2.17341e-16
-6.05165e-17
-1.17878e-16
-3.49629e-17
-1.25149e-16
-2.05122e-16
-2.68917e-16
-3.5069e-16
-1.36996e-16
-1.30481e-16
-2.09004e-16
-7.50334e-17
2.4741e-17
-2.67788e-16
-2.34561e-16
-9.95546e-17
-2.47116e-16
-1.71251e-16
-1.11496e-17
1.32937e-17
-1.36895e-16
-6.07736e-17
-1.40773e-16
-2.39199e-16
-2.68567e-16
-2.75782e-16
-2.52534e-16
-2.1403e-16
-1.54763e-16
-1.76705e-16
-2.78738e-16
-3.36075e-16
-4.36649e-16
-2.46464e-16
-1.88365e-16
-2.88424e-16
-2.07349e-16
-2.71855e-16
-9.55541e-17
8.59109e-17
6.35846e-17
4.19419e-17
5.06426e-17
1.93453e-16
9.16281e-17
-1.7503e-16
-1.37272e-16
-8.07107e-17
-9.51092e-17
-9.84314e-17
-1.05562e-16
6.88217e-20
7.30164e-17
)
;
    }
    cyclic2
    {
        type            cyclic;
        value           nonuniform List<scalar> 
200
(
-7.73802e-17
-2.46524e-16
-2.77509e-16
-4.1979e-16
-2.64004e-16
-3.07656e-16
-2.6094e-16
-1.87502e-16
-3.53431e-16
-3.28035e-16
-3.23188e-16
-3.43436e-16
-4.69681e-17
-4.32203e-17
-2.13246e-16
-2.74235e-16
-1.69244e-16
1.55261e-16
1.16475e-16
9.4656e-17
-1.13694e-16
-9.24341e-18
3.22438e-17
1.73268e-16
5.80277e-17
-1.42442e-16
-2.23305e-16
-9.64314e-17
-7.44513e-18
-3.26715e-17
-4.11439e-17
1.74316e-16
2.4507e-16
2.97422e-16
2.96715e-16
2.65485e-16
3.12045e-16
4.65147e-16
4.07823e-16
2.30681e-17
1.95967e-16
4.47618e-16
1.3555e-16
-2.49073e-17
7.10107e-17
2.39813e-17
-2.62559e-16
-2.24607e-16
-2.86456e-16
-2.17205e-16
-1.50225e-16
-6.30853e-17
-3.39188e-17
-5.58971e-17
7.81954e-17
4.76141e-18
5.40058e-17
4.69377e-17
7.97973e-17
2.07813e-16
1.05268e-16
2.40548e-17
1.93126e-17
1.8615e-16
2.2949e-16
1.11985e-16
-5.0363e-17
-1.10461e-17
3.05368e-18
4.40807e-17
-3.6233e-17
-3.26689e-17
-1.72756e-16
-1.75405e-16
-2.39438e-16
-3.18278e-16
1.37205e-18
-1.95328e-16
-2.72342e-16
-1.76256e-16
-1.29918e-16
-2.6481e-16
-2.48534e-16
-2.04704e-16
-3.03597e-16
-2.71969e-16
2.85231e-17
-1.0072e-16
-1.28036e-16
-8.00016e-17
-1.83941e-16
-1.23219e-17
-3.04607e-17
4.29145e-17
2.31179e-16
4.63724e-17
-1.13911e-16
-2.76004e-16
-2.8793e-16
-2.46029e-16
-2.27157e-16
-3.39095e-16
-1.30857e-16
7.5477e-17
1.69285e-16
2.95523e-16
2.33123e-16
1.18451e-16
3.21836e-17
1.38736e-16
1.90992e-16
9.88653e-17
9.31534e-17
2.43174e-16
2.28879e-16
2.4982e-16
2.66395e-16
1.47385e-16
2.92716e-17
3.40404e-17
1.55128e-16
8.08652e-17
-1.58699e-17
-3.46131e-17
1.27087e-16
9.27087e-17
-2.6315e-17
2.15985e-17
1.77212e-16
1.04876e-16
1.14277e-16
1.91637e-16
-3.11201e-18
-6.09913e-17
-4.06646e-17
5.19043e-17
8.77737e-18
1.78099e-16
2.32389e-16
3.24013e-16
3.16617e-16
2.86731e-16
1.54643e-16
7.23434e-17
9.7467e-17
3.42378e-17
7.63661e-17
2.17341e-16
6.05165e-17
1.17878e-16
3.49629e-17
1.25149e-16
2.05122e-16
2.68917e-16
3.5069e-16
1.36996e-16
1.30481e-16
2.09004e-16
7.50334e-17
-2.4741e-17
2.67788e-16
2.34561e-16
9.95546e-17
2.47116e-16
1.71251e-16
1.11496e-17
-1.32937e-17
1.36895e-16
6.07736e-17
1.40773e-16
2.39199e-16
2.68567e-16
2.75782e-16
2.52534e-16
2.1403e-16
1.54763e-16
1.76705e-16
2.78738e-16
3.36075e-16
4.36649e-16
2.46464e-16
1.88365e-16
2.88424e-16
2.07349e-16
2.71855e-16
9.55541e-17
-8.59109e-17
-6.35846e-17
-4.19419e-17
-5.06426e-17
-1.93453e-16
-9.16281e-17
1.7503e-16
1.37272e-16
8.07107e-17
9.51092e-17
9.84314e-17
1.05562e-16
-6.88217e-20
-7.30164e-17
)
;
    }
    frontAndBack
    {
        type            empty;
        value           nonuniform 0();
    }
    outlet
    {
        type            calculated;
        value           nonuniform List<scalar> 
20
(
2
2
2
2
2
2
2
2
2
2
2
2
2
2
2
2
2
2
2
2
)
;
    }
    inlet
    {
        type            calculated;
        value           nonuniform List<scalar> 
20
(
-2
-2
-2
-2
-2
-2
-2
-2
-2
-2
-2
-2
-2
-2
-2
-2
-2
-2
-2
-2
)
;
    }
}


// ************************************************************************* //
