/*--------------------------------*- C++ -*----------------------------------*\
  =========                 |
  \\      /  F ield         | OpenFOAM: The Open Source CFD Toolbox
   \\    /   O peration     | Website:  https://openfoam.org
    \\  /    A nd           | Version:  6
     \\/     M anipulation  |
\*---------------------------------------------------------------------------*/
FoamFile
{
    version     2.0;
    format      ascii;
    class       volVectorField;
    location    "90";
    object      U;
}
// * * * * * * * * * * * * * * * * * * * * * * * * * * * * * * * * * * * * * //

dimensions      [0 1 -1 0 0 0 0];

internalField   nonuniform List<vector> 
4000
(
(400 3.9349e-14 0)
(400 5.83517e-14 0)
(400 6.31001e-14 0)
(400 6.24671e-14 0)
(400 5.9089e-14 0)
(400 6.83881e-14 0)
(400 7.12784e-14 0)
(400 6.66752e-14 0)
(400 7.19862e-14 0)
(400 6.14489e-14 0)
(400 6.08207e-14 0)
(400 5.06414e-14 0)
(400 1.77414e-14 0)
(400 9.52518e-15 0)
(400 1.7609e-14 0)
(400 1.14912e-14 0)
(400 -1.92965e-14 0)
(400 -6.28922e-14 0)
(400 -6.81063e-14 0)
(400 -5.77204e-14 0)
(400 -4.70816e-14 0)
(400 -4.63346e-14 0)
(400 -4.04855e-14 0)
(400 -4.45789e-14 0)
(400 -1.52727e-14 0)
(400 2.39125e-14 0)
(400 3.97197e-14 0)
(400 4.05925e-14 0)
(400 3.42261e-14 0)
(400 2.8142e-14 0)
(400 1.74594e-14 0)
(400 5.52901e-15 0)
(400 1.16248e-14 0)
(400 -9.82807e-15 0)
(400 -1.85828e-14 0)
(400 -1.91857e-14 0)
(400 -2.40762e-14 0)
(400 -2.72502e-14 0)
(400 -3.58972e-14 0)
(400 -3.8487e-14 0)
(400 -3.77773e-14 0)
(400 -4.31109e-14 0)
(400 -3.85431e-14 0)
(400 -3.49119e-14 0)
(400 -2.60541e-14 0)
(400 6.9464e-16 0)
(400 3.85332e-14 0)
(400 3.88411e-14 0)
(400 3.43431e-14 0)
(400 3.76004e-14 0)
(400 4.19694e-14 0)
(400 3.23972e-14 0)
(400 3.38137e-14 0)
(400 2.53685e-14 0)
(400 2.03461e-14 0)
(400 3.30039e-14 0)
(400 3.13191e-14 0)
(400 6.43709e-15 0)
(400 -1.88455e-14 0)
(400 -2.4837e-14 0)
(400 -1.29431e-14 0)
(400 -9.85696e-16 0)
(400 -8.32316e-15 0)
(400 -2.61541e-14 0)
(400 -2.73077e-14 0)
(400 1.18971e-14 0)
(400 2.8291e-14 0)
(400 2.3051e-14 0)
(400 1.47299e-14 0)
(400 1.02428e-14 0)
(400 1.16738e-14 0)
(400 1.21803e-14 0)
(400 1.4434e-14 0)
(400 1.06594e-14 0)
(400 1.70202e-14 0)
(400 1.79859e-14 0)
(400 7.57869e-15 0)
(400 7.8699e-15 0)
(400 -5.29962e-15 0)
(400 -1.51131e-14 0)
(400 -8.1186e-15 0)
(400 1.17094e-15 0)
(400 3.69583e-15 0)
(400 7.06028e-15 0)
(400 1.93248e-14 0)
(400 2.61164e-14 0)
(400 2.65992e-14 0)
(400 4.16148e-14 0)
(400 4.08171e-14 0)
(400 4.78672e-14 0)
(400 5.76526e-14 0)
(400 5.91109e-14 0)
(400 5.54865e-14 0)
(400 5.76414e-14 0)
(400 6.43116e-14 0)
(400 7.94616e-14 0)
(400 7.79096e-14 0)
(400 8.25205e-14 0)
(400 7.66022e-14 0)
(400 6.78146e-14 0)
(400 4.49509e-14 0)
(400 2.79741e-14 0)
(400 1.82369e-14 0)
(400 1.55479e-14 0)
(400 -3.36694e-15 0)
(400 -2.21299e-14 0)
(400 -1.38975e-15 0)
(400 4.25045e-15 0)
(400 -4.00693e-15 0)
(400 -1.38633e-14 0)
(400 -1.66993e-15 0)
(400 2.338e-14 0)
(400 1.83878e-14 0)
(400 5.08488e-15 0)
(400 -3.78038e-15 0)
(400 -1.46178e-14 0)
(400 -2.62459e-14 0)
(400 -2.13359e-14 0)
(400 -1.86272e-14 0)
(400 -8.77123e-15 0)
(400 -5.95977e-15 0)
(400 -7.50318e-15 0)
(400 4.83921e-15 0)
(400 -1.38218e-14 0)
(400 -3.36818e-14 0)
(400 -3.29995e-14 0)
(400 -2.14613e-14 0)
(400 -8.15346e-15 0)
(400 -9.69514e-15 0)
(400 -9.56668e-15 0)
(400 -1.0352e-14 0)
(400 -1.08612e-14 0)
(400 -1.02208e-14 0)
(400 -1.86198e-15 0)
(400 1.12149e-14 0)
(400 1.85288e-14 0)
(400 1.00816e-14 0)
(400 2.12107e-14 0)
(400 1.843e-14 0)
(400 1.23113e-14 0)
(400 -1.15e-15 0)
(400 7.04588e-15 0)
(400 2.32186e-14 0)
(400 3.00167e-14 0)
(400 2.09293e-14 0)
(400 1.66319e-14 0)
(400 8.43643e-15 0)
(400 -1.16945e-14 0)
(400 -2.77882e-14 0)
(400 -2.80751e-14 0)
(400 -3.3437e-14 0)
(400 -4.31778e-14 0)
(400 -4.84805e-14 0)
(400 -4.63119e-14 0)
(400 -4.5142e-14 0)
(400 -3.67658e-14 0)
(400 -3.88052e-14 0)
(400 -4.25824e-14 0)
(400 -4.19775e-14 0)
(400 -4.06231e-14 0)
(400 -5.42231e-14 0)
(400 -4.28507e-14 0)
(400 -2.73819e-14 0)
(400 -3.1374e-14 0)
(400 -3.35406e-14 0)
(400 -1.72206e-15 0)
(400 2.20848e-14 0)
(400 2.0172e-14 0)
(400 1.46695e-14 0)
(400 4.18295e-15 0)
(400 7.83261e-15 0)
(400 1.00057e-14 0)
(400 -1.1405e-14 0)
(400 -3.01684e-14 0)
(400 -5.92194e-14 0)
(400 -6.8685e-14 0)
(400 -5.66152e-14 0)
(400 -4.39464e-14 0)
(400 -3.8599e-14 0)
(400 -3.77375e-14 0)
(400 -2.59171e-14 0)
(400 -8.4679e-15 0)
(400 1.94926e-15 0)
(400 4.78605e-15 0)
(400 1.08031e-14 0)
(400 3.32116e-14 0)
(400 4.3753e-14 0)
(400 4.50639e-14 0)
(400 5.1487e-14 0)
(400 5.63414e-14 0)
(400 7.5578e-14 0)
(400 7.46099e-14 0)
(400 4.66869e-14 0)
(400 2.29746e-14 0)
(400 -5.2216e-16 0)
(400 4.44119e-15 0)
(400 7.10074e-15 0)
(400 1.0658e-14 0)
(400 1.49887e-14 0)
(400 3.1902e-14 0)
(400 6.91971e-15 0)
(400 3.63925e-14 0)
(400 5.43329e-14 0)
(400 5.09934e-14 0)
(400 6.26369e-14 0)
(400 6.51375e-14 0)
(400 6.99709e-14 0)
(400 7.0611e-14 0)
(400 6.77047e-14 0)
(400 6.27884e-14 0)
(400 5.74737e-14 0)
(400 4.57725e-14 0)
(400 3.7766e-14 0)
(400 3.55688e-14 0)
(400 4.99456e-14 0)
(400 3.28726e-14 0)
(400 8.68373e-15 0)
(400 7.30815e-15 0)
(400 2.95673e-15 0)
(400 1.20413e-14 0)
(400 1.85021e-14 0)
(400 1.44197e-14 0)
(400 -2.37577e-15 0)
(400 -3.68635e-15 0)
(400 6.78106e-15 0)
(400 1.8893e-14 0)
(400 1.77936e-14 0)
(400 2.20765e-14 0)
(400 2.08859e-14 0)
(400 2.80503e-14 0)
(400 2.73275e-14 0)
(400 3.3249e-14 0)
(400 3.3609e-14 0)
(400 1.05447e-14 0)
(400 -1.92734e-15 0)
(400 -9.4713e-15 0)
(400 -8.70588e-15 0)
(400 -3.25529e-15 0)
(400 -1.85884e-14 0)
(400 -2.7818e-14 0)
(400 -1.58368e-14 0)
(400 6.02751e-15 0)
(400 1.07289e-14 0)
(400 1.95941e-14 0)
(400 2.87553e-14 0)
(400 4.04668e-14 0)
(400 5.01e-14 0)
(400 4.71897e-14 0)
(400 3.96723e-14 0)
(400 4.04273e-14 0)
(400 4.00756e-14 0)
(400 2.85308e-14 0)
(400 2.32836e-14 0)
(400 1.65506e-14 0)
(400 1.19474e-14 0)
(400 1.77626e-14 0)
(400 2.69727e-14 0)
(400 1.59446e-14 0)
(400 1.65709e-14 0)
(400 2.19493e-14 0)
(400 1.40538e-14 0)
(400 -1.07149e-14 0)
(400 -2.3061e-14 0)
(400 -2.68489e-14 0)
(400 -2.39099e-14 0)
(400 -3.50292e-15 0)
(400 -7.54668e-15 0)
(400 -9.15744e-15 0)
(400 -4.77748e-15 0)
(400 -4.57421e-15 0)
(400 -4.28178e-15 0)
(400 4.15602e-16 0)
(400 6.62995e-15 0)
(400 1.76961e-14 0)
(400 3.18396e-14 0)
(400 3.14968e-14 0)
(400 4.2333e-14 0)
(400 4.53346e-14 0)
(400 2.76188e-14 0)
(400 3.2681e-15 0)
(400 -9.88048e-15 0)
(400 -1.15349e-14 0)
(400 -2.08533e-14 0)
(400 -9.48437e-16 0)
(400 1.60176e-14 0)
(400 2.87981e-14 0)
(400 3.28978e-14 0)
(400 3.18125e-14 0)
(400 3.54591e-14 0)
(400 4.59042e-14 0)
(400 3.71733e-14 0)
(400 4.95343e-14 0)
(400 4.05152e-14 0)
(400 3.22632e-14 0)
(400 3.34243e-14 0)
(400 2.43944e-14 0)
(400 8.68662e-15 0)
(400 5.20398e-15 0)
(400 1.47232e-14 0)
(400 1.93397e-14 0)
(400 8.62342e-15 0)
(400 -3.92787e-15 0)
(400 -1.6863e-14 0)
(400 -1.00766e-14 0)
(400 -1.16493e-14 0)
(400 -2.76392e-14 0)
(400 -4.54086e-15 0)
(400 3.40936e-16 0)
(400 1.54529e-14 0)
(400 3.98284e-14 0)
(400 4.53459e-14 0)
(400 6.32576e-14 0)
(400 6.47555e-14 0)
(400 5.85373e-14 0)
(400 3.74032e-14 0)
(400 2.14058e-14 0)
(400 1.77642e-14 0)
(400 1.5609e-14 0)
(400 2.85558e-14 0)
(400 4.32897e-14 0)
(400 4.4219e-14 0)
(400 4.92268e-14 0)
(400 6.06106e-14 0)
(400 5.22218e-14 0)
(400 5.99239e-14 0)
(400 7.98495e-14 0)
(400 1.09761e-13 0)
(400 1.35272e-13 0)
(400 1.52365e-13 0)
(400 1.3707e-13 0)
(400 1.12013e-13 0)
(400 1.16348e-13 0)
(400 9.42952e-14 0)
(400 8.13369e-14 0)
(400 7.99309e-14 0)
(400 9.58925e-14 0)
(400 1.01552e-13 0)
(400 1.18855e-13 0)
(400 1.23501e-13 0)
(400 1.17802e-13 0)
(400 1.02933e-13 0)
(400 9.12997e-14 0)
(400 7.66519e-14 0)
(400 6.54251e-14 0)
(400 3.87242e-14 0)
(400 3.11952e-15 0)
(400 -2.00613e-14 0)
(400 -3.46507e-14 0)
(400 -4.27327e-14 0)
(400 -3.53461e-14 0)
(400 -4.54894e-14 0)
(400 -5.18564e-14 0)
(400 -5.33626e-14 0)
(400 -4.71864e-14 0)
(400 -4.09394e-14 0)
(400 -4.78155e-14 0)
(400 -4.06975e-14 0)
(400 -3.07181e-14 0)
(400 -1.80751e-14 0)
(400 -1.28876e-14 0)
(400 -1.95979e-14 0)
(400 -1.57904e-14 0)
(400 -8.86073e-15 0)
(400 5.15874e-16 0)
(400 2.52684e-15 0)
(400 1.71536e-14 0)
(400 2.62557e-14 0)
(400 2.63926e-14 0)
(400 1.42402e-14 0)
(400 2.61527e-15 0)
(400 6.53073e-15 0)
(400 -1.04708e-14 0)
(400 -3.53489e-14 0)
(400 -4.6833e-14 0)
(400 -5.42813e-14 0)
(400 -6.28717e-14 0)
(400 -6.563e-14 0)
(400 -5.69821e-14 0)
(400 -6.30037e-14 0)
(400 -4.64686e-14 0)
(400 -4.10349e-14 0)
(400 -4.64647e-14 0)
(400 -4.79404e-14 0)
(400 -4.86579e-14 0)
(400 -3.62594e-14 0)
(400 -3.55202e-14 0)
(400 -2.55164e-14 0)
(400 -2.33809e-14 0)
(400 -2.86187e-14 0)
(400 -2.52965e-14 0)
(400 -3.78933e-14 0)
(400 -4.17332e-14 0)
(400 -4.30244e-14 0)
(400 -4.62451e-14 0)
(400 -6.69721e-14 0)
(400 -7.9691e-14 0)
(400 -7.5377e-14 0)
(400 -8.14839e-14 0)
(400 -1.00215e-13 0)
(400 -9.81311e-14 0)
(400 -1.49883e-14 0)
(400 5.776e-16 0)
(400 3.21972e-14 0)
(400 5.23677e-14 0)
(400 5.03286e-14 0)
(400 4.7927e-14 0)
(400 4.5335e-14 0)
(400 4.22985e-14 0)
(400 5.8953e-14 0)
(400 6.4038e-14 0)
(400 6.76858e-14 0)
(400 6.05386e-14 0)
(400 5.46472e-14 0)
(400 4.87135e-14 0)
(400 3.76392e-14 0)
(400 2.45037e-14 0)
(400 8.55071e-15 0)
(400 2.11518e-14 0)
(400 2.42631e-14 0)
(400 1.79313e-14 0)
(400 7.34474e-15 0)
(400 -1.51933e-14 0)
(400 -3.18472e-14 0)
(400 -1.48345e-14 0)
(400 -5.31633e-16 0)
(400 1.89244e-14 0)
(400 2.9054e-14 0)
(400 2.9364e-14 0)
(400 2.54774e-14 0)
(400 2.01173e-14 0)
(400 1.63167e-14 0)
(400 -3.24323e-15 0)
(400 -2.60677e-14 0)
(400 -2.15024e-14 0)
(400 -3.44405e-14 0)
(400 -5.09225e-14 0)
(400 -6.09143e-14 0)
(400 -5.53495e-14 0)
(400 -4.55556e-14 0)
(400 -5.41522e-14 0)
(400 -5.20905e-14 0)
(400 -1.63659e-14 0)
(400 1.30576e-14 0)
(400 4.21393e-14 0)
(400 4.35241e-14 0)
(400 4.25488e-14 0)
(400 4.63557e-14 0)
(400 4.03792e-14 0)
(400 3.52682e-14 0)
(400 2.19024e-14 0)
(400 3.13888e-15 0)
(400 1.21504e-14 0)
(400 1.07599e-14 0)
(400 -6.21414e-15 0)
(400 -1.06054e-14 0)
(400 -6.31207e-15 0)
(400 3.35133e-15 0)
(400 1.55489e-14 0)
(400 2.88847e-14 0)
(400 4.1318e-14 0)
(400 3.8264e-14 0)
(400 4.30494e-15 0)
(400 -3.24182e-15 0)
(400 -1.85084e-15 0)
(400 4.22614e-15 0)
(400 -2.13237e-14 0)
(400 -4.49493e-14 0)
(400 -4.3934e-14 0)
(400 -3.35322e-14 0)
(400 -3.91474e-14 0)
(400 -3.99635e-14 0)
(400 -3.72385e-14 0)
(400 -3.32034e-14 0)
(400 -2.37549e-14 0)
(400 -8.22873e-15 0)
(400 6.49348e-15 0)
(400 3.09031e-14 0)
(400 4.10238e-14 0)
(400 4.66056e-14 0)
(400 4.05284e-14 0)
(400 4.00185e-14 0)
(400 3.58532e-14 0)
(400 3.12791e-14 0)
(400 4.76309e-14 0)
(400 5.87196e-14 0)
(400 6.96348e-14 0)
(400 6.648e-14 0)
(400 4.97142e-14 0)
(400 5.51501e-14 0)
(400 7.07139e-14 0)
(400 8.40937e-14 0)
(400 9.03181e-14 0)
(400 8.72598e-14 0)
(400 8.79371e-14 0)
(400 7.03757e-14 0)
(400 5.97699e-14 0)
(400 4.10766e-14 0)
(400 3.32179e-14 0)
(400 3.42048e-14 0)
(400 4.00015e-14 0)
(400 3.88883e-14 0)
(400 2.5372e-14 0)
(400 1.58619e-14 0)
(400 -1.65843e-15 0)
(400 2.22229e-15 0)
(400 1.07749e-14 0)
(400 6.17225e-15 0)
(400 -4.09327e-16 0)
(400 1.04687e-14 0)
(400 3.42736e-14 0)
(400 3.60804e-14 0)
(400 3.78863e-14 0)
(400 5.0514e-14 0)
(400 4.41581e-14 0)
(400 2.83542e-14 0)
(400 3.39471e-14 0)
(400 5.21291e-14 0)
(400 5.21453e-14 0)
(400 5.56844e-14 0)
(400 4.64608e-14 0)
(400 4.05078e-14 0)
(400 3.73338e-14 0)
(400 3.82461e-14 0)
(400 5.34254e-14 0)
(400 6.79668e-14 0)
(400 8.55802e-14 0)
(400 9.73077e-14 0)
(400 1.1151e-13 0)
(400 1.22413e-13 0)
(400 1.06514e-13 0)
(400 8.12836e-14 0)
(400 6.01399e-14 0)
(400 3.94505e-14 0)
(400 2.90343e-15 0)
(400 -2.19197e-14 0)
(400 -3.30108e-14 0)
(400 -1.7757e-14 0)
(400 -1.61681e-14 0)
(400 -3.36472e-15 0)
(400 2.69467e-15 0)
(400 5.99597e-15 0)
(400 2.90917e-15 0)
(400 -5.75751e-15 0)
(400 -7.2503e-15 0)
(400 -1.66756e-14 0)
(400 -2.89699e-14 0)
(400 -3.39225e-14 0)
(400 -2.83613e-14 0)
(400 -2.05896e-14 0)
(400 -1.76305e-14 0)
(400 -1.96613e-14 0)
(400 -2.13181e-14 0)
(400 -3.1705e-14 0)
(400 -3.80345e-14 0)
(400 -2.98731e-14 0)
(400 -2.36962e-14 0)
(400 -1.46163e-14 0)
(400 -7.74287e-15 0)
(400 -6.2336e-15 0)
(400 -6.09746e-15 0)
(400 -1.25055e-14 0)
(400 -2.28874e-14 0)
(400 -2.12631e-14 0)
(400 1.46311e-15 0)
(400 2.78651e-14 0)
(400 2.87722e-14 0)
(400 3.63037e-14 0)
(400 4.31835e-14 0)
(400 4.8709e-14 0)
(400 6.10229e-14 0)
(400 5.91116e-14 0)
(400 3.03828e-14 0)
(400 1.28028e-14 0)
(400 4.92448e-15 0)
(400 1.5603e-15 0)
(400 -1.28031e-14 0)
(400 -3.10817e-14 0)
(400 -2.90789e-14 0)
(400 -1.70061e-14 0)
(400 5.04435e-15 0)
(400 1.61351e-14 0)
(400 5.71361e-15 0)
(400 -9.58036e-16 0)
(400 -5.70465e-15 0)
(400 1.85921e-15 0)
(400 5.41256e-15 0)
(400 2.16394e-14 0)
(400 2.95072e-14 0)
(400 2.89712e-14 0)
(400 4.39222e-14 0)
(400 4.10936e-14 0)
(400 4.30668e-14 0)
(400 5.37541e-14 0)
(400 7.24926e-14 0)
(400 6.57388e-14 0)
(400 3.68956e-14 0)
(400 4.02243e-14 0)
(400 3.64724e-14 0)
(400 2.26786e-14 0)
(400 2.30833e-14 0)
(400 -9.23578e-15 0)
(400 -9.01418e-15 0)
(400 2.03376e-14 0)
(400 6.60647e-14 0)
(400 6.65573e-14 0)
(400 4.97408e-14 0)
(400 3.64304e-14 0)
(400 3.11249e-14 0)
(400 3.86761e-14 0)
(400 5.27708e-14 0)
(400 5.2698e-14 0)
(400 4.65826e-14 0)
(400 3.78559e-14 0)
(400 3.70284e-14 0)
(400 2.22321e-14 0)
(400 9.03485e-15 0)
(400 2.0511e-17 0)
(400 -1.20649e-14 0)
(400 -8.8989e-15 0)
(400 3.79141e-16 0)
(400 -1.04396e-14 0)
(400 -1.36399e-14 0)
(400 -1.20751e-14 0)
(400 9.76177e-16 0)
(400 1.18347e-14 0)
(400 1.97403e-14 0)
(400 3.00368e-14 0)
(400 3.00241e-14 0)
(400 3.31817e-14 0)
(400 2.86713e-14 0)
(400 3.68854e-14 0)
(400 9.17521e-15 0)
(400 -1.66306e-14 0)
(400 -1.27574e-14 0)
(400 -1.66675e-14 0)
(400 -1.51694e-14 0)
(400 -2.05064e-14 0)
(400 -2.67841e-14 0)
(400 -2.62762e-15 0)
(400 9.30633e-15 0)
(400 1.60532e-14 0)
(400 2.88112e-14 0)
(400 5.37535e-14 0)
(400 7.34377e-14 0)
(400 7.43791e-14 0)
(400 6.87759e-14 0)
(400 6.69171e-14 0)
(400 5.47475e-14 0)
(400 4.11395e-14 0)
(400 1.74648e-14 0)
(400 1.22163e-14 0)
(400 -2.30646e-15 0)
(400 -3.47472e-14 0)
(400 -5.49543e-14 0)
(400 -4.69195e-14 0)
(400 -4.4792e-14 0)
(400 -4.0844e-14 0)
(400 -2.2478e-14 0)
(400 -1.47282e-14 0)
(400 -1.44912e-14 0)
(400 -2.46637e-14 0)
(400 -4.5267e-14 0)
(400 -4.36588e-14 0)
(400 -2.42015e-14 0)
(400 -1.53302e-14 0)
(400 -3.24561e-14 0)
(400 -4.75271e-14 0)
(400 -4.28978e-14 0)
(400 -3.27334e-14 0)
(400 -4.46225e-14 0)
(400 -4.77415e-14 0)
(400 -5.40873e-14 0)
(400 -5.72131e-14 0)
(400 -5.93064e-14 0)
(400 -4.94195e-14 0)
(400 -3.07279e-14 0)
(400 -1.5918e-14 0)
(400 -4.56407e-15 0)
(400 2.04856e-14 0)
(400 3.02007e-14 0)
(400 3.43583e-14 0)
(400 4.25245e-14 0)
(400 5.1701e-14 0)
(400 5.10851e-14 0)
(400 4.68812e-14 0)
(400 3.8473e-14 0)
(400 4.32139e-14 0)
(400 3.89653e-14 0)
(400 4.75978e-14 0)
(400 3.87754e-14 0)
(400 5.49884e-14 0)
(400 4.54896e-14 0)
(400 4.7529e-14 0)
(400 3.81026e-14 0)
(400 1.7266e-14 0)
(400 8.76356e-15 0)
(400 -4.57056e-15 0)
(400 -7.73117e-15 0)
(400 3.90766e-16 0)
(400 2.94754e-15 0)
(400 6.02007e-15 0)
(400 -8.1629e-16 0)
(400 2.73494e-15 0)
(400 -3.07225e-15 0)
(400 -1.09101e-14 0)
(400 1.53626e-15 0)
(400 -1.03724e-14 0)
(400 1.28612e-15 0)
(400 1.42181e-14 0)
(400 2.21437e-14 0)
(400 3.94566e-14 0)
(400 3.71403e-14 0)
(400 3.7565e-14 0)
(400 3.3199e-14 0)
(400 4.18195e-14 0)
(400 8.76577e-14 0)
(400 1.11394e-13 0)
(400 1.08118e-13 0)
(400 9.7522e-14 0)
(400 7.84528e-14 0)
(400 6.5662e-14 0)
(400 6.76155e-14 0)
(400 8.29683e-14 0)
(400 9.92578e-14 0)
(400 1.14505e-13 0)
(400 1.26768e-13 0)
(400 1.19871e-13 0)
(400 1.14768e-13 0)
(400 1.16763e-13 0)
(400 1.15682e-13 0)
(400 1.11558e-13 0)
(400 8.43403e-14 0)
(400 6.7818e-14 0)
(400 4.3462e-14 0)
(400 2.31841e-14 0)
(400 8.96271e-15 0)
(400 1.62532e-14 0)
(400 1.79615e-14 0)
(400 3.17557e-14 0)
(400 4.25176e-14 0)
(400 3.11922e-14 0)
(400 3.51978e-14 0)
(400 2.8248e-14 0)
(400 2.32709e-14 0)
(400 2.31545e-14 0)
(400 3.42183e-14 0)
(400 4.86397e-14 0)
(400 4.91715e-14 0)
(400 3.66562e-14 0)
(400 3.45678e-14 0)
(400 3.05928e-14 0)
(400 5.67995e-15 0)
(400 2.55118e-16 0)
(400 6.20999e-15 0)
(400 2.24335e-14 0)
(400 1.33218e-14 0)
(400 4.00441e-15 0)
(400 2.70912e-17 0)
(400 -6.05893e-15 0)
(400 -1.31113e-15 0)
(400 7.85807e-15 0)
(400 -5.47648e-15 0)
(400 -2.86427e-14 0)
(400 -1.56566e-14 0)
(400 -1.51447e-15 0)
(400 -2.00275e-14 0)
(400 -2.57983e-14 0)
(400 -2.50877e-14 0)
(400 -7.38418e-15 0)
(400 3.59406e-15 0)
(400 -5.35456e-15 0)
(400 -1.17953e-14 0)
(400 -2.25853e-14 0)
(400 -2.13468e-14 0)
(400 -1.94094e-14 0)
(400 -2.60766e-14 0)
(400 -4.05213e-14 0)
(400 -4.58256e-14 0)
(400 -2.19608e-14 0)
(400 -1.7678e-14 0)
(400 -1.58947e-14 0)
(400 -2.43684e-14 0)
(400 -3.25867e-14 0)
(400 -4.88401e-14 0)
(400 -7.20673e-14 0)
(400 -5.8102e-14 0)
(400 -4.47144e-14 0)
(400 -4.60471e-14 0)
(400 -4.37253e-14 0)
(400 -2.83884e-14 0)
(400 -1.50456e-14 0)
(400 -2.04287e-14 0)
(400 -3.42889e-14 0)
(400 -3.44049e-14 0)
(400 -3.87123e-14 0)
(400 -4.15372e-14 0)
(400 -4.84875e-14 0)
(400 -5.72092e-14 0)
(400 -5.92533e-14 0)
(400 -6.73786e-14 0)
(400 -3.02892e-16 0)
(400 1.7158e-14 0)
(400 3.30243e-14 0)
(400 5.73839e-14 0)
(400 6.73175e-14 0)
(400 6.13003e-14 0)
(400 5.06824e-14 0)
(400 5.08277e-14 0)
(400 4.46122e-14 0)
(400 4.6567e-14 0)
(400 3.20125e-14 0)
(400 2.24568e-14 0)
(400 4.13494e-14 0)
(400 3.86657e-14 0)
(400 2.98456e-14 0)
(400 7.73214e-15 0)
(400 1.0639e-14 0)
(400 1.17568e-15 0)
(400 -1.13355e-14 0)
(400 -3.49614e-15 0)
(400 -4.6275e-15 0)
(400 4.76311e-15 0)
(400 9.68961e-15 0)
(400 3.98951e-15 0)
(400 4.46309e-15 0)
(400 -4.02607e-15 0)
(400 -7.40934e-15 0)
(400 -9.21275e-15 0)
(400 -1.10948e-14 0)
(400 -6.40624e-15 0)
(400 -1.70038e-16 0)
(400 -2.15699e-15 0)
(400 -1.35589e-14 0)
(400 -1.87224e-14 0)
(400 -5.50704e-15 0)
(400 1.09223e-14 0)
(400 2.2582e-14 0)
(400 1.65674e-14 0)
(400 1.74437e-14 0)
(400 3.51173e-14 0)
(400 4.94556e-14 0)
(400 3.62341e-14 0)
(400 3.80658e-14 0)
(400 4.81161e-14 0)
(400 4.97519e-14 0)
(400 3.98327e-14 0)
(400 3.93824e-14 0)
(400 4.41646e-14 0)
(400 2.96892e-14 0)
(400 8.25153e-15 0)
(400 6.24668e-15 0)
(400 -2.81112e-14 0)
(400 -5.54106e-14 0)
(400 -5.56586e-14 0)
(400 -5.09682e-14 0)
(400 -4.99164e-14 0)
(400 -5.20365e-14 0)
(400 -5.61981e-14 0)
(400 -6.37016e-14 0)
(400 -7.24386e-14 0)
(400 -8.09235e-14 0)
(400 -6.92999e-14 0)
(400 -6.17535e-14 0)
(400 -4.2063e-14 0)
(400 -3.71591e-14 0)
(400 -2.40075e-14 0)
(400 -1.07686e-14 0)
(400 -1.69128e-14 0)
(400 -2.72027e-14 0)
(400 -3.18068e-14 0)
(400 -2.96613e-14 0)
(400 -3.73286e-14 0)
(400 -2.79208e-14 0)
(400 -1.20175e-14 0)
(400 -3.14691e-15 0)
(400 2.37008e-14 0)
(400 3.89755e-14 0)
(400 4.53174e-14 0)
(400 5.47186e-14 0)
(400 5.48732e-14 0)
(400 3.3207e-14 0)
(400 3.9927e-14 0)
(400 4.81793e-14 0)
(400 3.57992e-14 0)
(400 3.85013e-14 0)
(400 2.53137e-14 0)
(400 2.95355e-14 0)
(400 3.55651e-14 0)
(400 4.12134e-14 0)
(400 3.51733e-14 0)
(400 3.16987e-14 0)
(400 2.1053e-14 0)
(400 1.23264e-14 0)
(400 -1.45635e-14 0)
(400 -3.52841e-14 0)
(400 -6.0834e-14 0)
(400 -5.68061e-14 0)
(400 -4.67712e-14 0)
(400 -3.31096e-14 0)
(400 -2.73508e-14 0)
(400 -1.66711e-14 0)
(400 -1.87403e-14 0)
(400 -2.00874e-14 0)
(400 -1.51237e-14 0)
(400 -2.16856e-14 0)
(400 -1.23928e-14 0)
(400 -1.24905e-15 0)
(400 1.3385e-14 0)
(400 2.35229e-14 0)
(400 2.57507e-14 0)
(400 3.33041e-14 0)
(400 1.55348e-14 0)
(400 -1.06379e-14 0)
(400 -1.89795e-14 0)
(400 9.96161e-15 0)
(400 4.08504e-14 0)
(400 4.7347e-14 0)
(400 3.61611e-14 0)
(400 3.00209e-14 0)
(400 3.09792e-14 0)
(400 2.99904e-14 0)
(400 5.77417e-14 0)
(400 6.4409e-14 0)
(400 7.36259e-14 0)
(400 9.73165e-14 0)
(400 1.07109e-13 0)
(400 1.01586e-13 0)
(400 1.08267e-13 0)
(400 1.07971e-13 0)
(400 1.04786e-13 0)
(400 1.07338e-13 0)
(400 9.22509e-14 0)
(400 5.8989e-14 0)
(400 3.75126e-14 0)
(400 1.32174e-14 0)
(400 -1.37917e-15 0)
(400 -1.08676e-14 0)
(400 -2.18828e-14 0)
(400 -1.86489e-14 0)
(400 -2.28452e-14 0)
(400 -1.91121e-14 0)
(400 -1.12535e-14 0)
(400 -1.6182e-14 0)
(400 -2.49764e-14 0)
(400 -9.5802e-15 0)
(400 8.03271e-15 0)
(400 2.11577e-14 0)
(400 3.1281e-14 0)
(400 4.97504e-14 0)
(400 6.9051e-14 0)
(400 7.53809e-14 0)
(400 6.42754e-14 0)
(400 5.61528e-14 0)
(400 5.7149e-14 0)
(400 3.96612e-14 0)
(400 1.64959e-14 0)
(400 8.18014e-15 0)
(400 5.82737e-15 0)
(400 7.9117e-15 0)
(400 1.27838e-14 0)
(400 2.57528e-14 0)
(400 2.19901e-14 0)
(400 3.01481e-15 0)
(400 -3.50402e-15 0)
(400 -1.10125e-14 0)
(400 -1.96389e-14 0)
(400 -2.98657e-14 0)
(400 -2.84395e-14 0)
(400 -1.92367e-14 0)
(400 -2.72726e-14 0)
(400 -4.48672e-14 0)
(400 -5.12343e-14 0)
(400 -5.36494e-14 0)
(400 -4.56274e-14 0)
(400 -2.33034e-14 0)
(400 -2.60566e-14 0)
(400 -2.32245e-14 0)
(400 -2.36195e-14 0)
(400 -2.22643e-14 0)
(400 -9.45288e-15 0)
(400 1.6518e-14 0)
(400 2.40643e-14 0)
(400 1.98244e-14 0)
(400 2.25105e-14 0)
(400 1.99474e-14 0)
(400 2.94226e-14 0)
(400 4.14124e-14 0)
(400 4.41609e-14 0)
(400 4.56248e-14 0)
(400 5.13784e-14 0)
(400 5.61291e-14 0)
(400 4.72149e-14 0)
(400 2.36432e-14 0)
(400 7.76781e-15 0)
(400 2.71519e-15 0)
(400 1.37548e-14 0)
(400 2.43159e-15 0)
(400 -1.44529e-14 0)
(400 -2.3163e-14 0)
(400 -3.28698e-14 0)
(400 -3.04472e-15 0)
(400 4.82955e-17 0)
(400 -1.23288e-15 0)
(400 1.10516e-14 0)
(400 3.03717e-14 0)
(400 4.75082e-14 0)
(400 5.0151e-14 0)
(400 4.5433e-14 0)
(400 3.89085e-14 0)
(400 2.16153e-14 0)
(400 1.91746e-14 0)
(400 7.31569e-15 0)
(400 1.60584e-14 0)
(400 8.01424e-15 0)
(400 -6.40618e-15 0)
(400 -7.72654e-15 0)
(400 -6.03215e-15 0)
(400 -1.18562e-14 0)
(400 -2.28666e-14 0)
(400 -3.98602e-14 0)
(400 -3.67777e-14 0)
(400 -2.85554e-14 0)
(400 -2.06699e-14 0)
(400 -3.37729e-14 0)
(400 -3.53958e-14 0)
(400 -2.47948e-14 0)
(400 -2.1137e-14 0)
(400 -1.91035e-14 0)
(400 -1.35011e-14 0)
(400 5.36674e-16 0)
(400 6.66053e-15 0)
(400 4.2924e-15 0)
(400 -2.31837e-15 0)
(400 6.0739e-15 0)
(400 3.88538e-14 0)
(400 5.11587e-14 0)
(400 6.54657e-14 0)
(400 6.60785e-14 0)
(400 5.29716e-14 0)
(400 3.8155e-14 0)
(400 4.77222e-14 0)
(400 4.91386e-14 0)
(400 4.97552e-14 0)
(400 5.01954e-14 0)
(400 5.0189e-14 0)
(400 4.67192e-14 0)
(400 3.76958e-14 0)
(400 3.02524e-14 0)
(400 7.33376e-15 0)
(400 -1.55725e-14 0)
(400 -3.04656e-14 0)
(400 -4.8883e-14 0)
(400 -3.58764e-14 0)
(400 -1.9143e-14 0)
(400 -2.85736e-14 0)
(400 -3.23313e-14 0)
(400 -2.39047e-14 0)
(400 -3.4104e-14 0)
(400 -5.03843e-14 0)
(400 -5.1213e-14 0)
(400 -5.53118e-14 0)
(400 -5.44109e-14 0)
(400 -6.14879e-14 0)
(400 -6.0468e-14 0)
(400 -6.0531e-14 0)
(400 -4.29591e-14 0)
(400 -2.58636e-14 0)
(400 -2.41143e-14 0)
(400 -4.32056e-14 0)
(400 -4.28231e-14 0)
(400 -4.78068e-14 0)
(400 -3.32818e-14 0)
(400 -1.34508e-14 0)
(400 7.63507e-15 0)
(400 1.11671e-14 0)
(400 7.05298e-15 0)
(400 3.85433e-15 0)
(400 8.00023e-15 0)
(400 1.74182e-14 0)
(400 3.13003e-14 0)
(400 2.39131e-14 0)
(400 1.45593e-14 0)
(400 1.38586e-14 0)
(400 -3.18345e-15 0)
(400 -6.20077e-15 0)
(400 2.84773e-15 0)
(400 1.14309e-14 0)
(400 1.09896e-14 0)
(400 3.52934e-15 0)
(400 1.52901e-14 0)
(400 1.08225e-14 0)
(400 1.79627e-14 0)
(400 9.32896e-15 0)
(400 -1.84222e-14 0)
(400 -3.06708e-14 0)
(400 -6.82152e-14 0)
(400 -8.00496e-14 0)
(400 -8.24171e-14 0)
(400 -9.7852e-14 0)
(400 -8.49748e-14 0)
(400 -7.1477e-14 0)
(400 -5.88861e-14 0)
(400 -4.67861e-14 0)
(400 -3.61272e-14 0)
(400 -2.03664e-14 0)
(400 9.8091e-16 0)
(400 2.42022e-14 0)
(400 4.28849e-14 0)
(400 4.15455e-14 0)
(400 4.5282e-14 0)
(400 5.06901e-14 0)
(400 2.48568e-14 0)
(400 -1.49539e-14 0)
(400 -1.83163e-14 0)
(400 -1.5086e-14 0)
(400 -2.99034e-14 0)
(400 -2.5869e-14 0)
(400 -3.44002e-14 0)
(400 -3.56877e-14 0)
(400 -1.3269e-14 0)
(400 2.07734e-14 0)
(400 5.17557e-14 0)
(400 6.1809e-14 0)
(400 7.55085e-14 0)
(400 7.87643e-14 0)
(400 8.14514e-14 0)
(400 8.83401e-14 0)
(400 1.05668e-13 0)
(400 9.82829e-14 0)
(400 9.59275e-14 0)
(400 1.05626e-13 0)
(400 1.02965e-13 0)
(400 8.88253e-14 0)
(400 7.04708e-14 0)
(400 4.663e-14 0)
(400 2.697e-14 0)
(400 2.71364e-14 0)
(400 2.36875e-14 0)
(400 1.43088e-14 0)
(400 1.10392e-14 0)
(400 2.51661e-14 0)
(400 2.9125e-14 0)
(400 4.015e-14 0)
(400 2.74189e-14 0)
(400 2.77953e-14 0)
(400 3.35901e-14 0)
(400 3.51023e-14 0)
(400 3.91581e-14 0)
(400 4.38378e-14 0)
(400 5.06479e-14 0)
(400 4.56344e-14 0)
(400 5.23679e-14 0)
(400 3.17758e-14 0)
(400 -3.63677e-15 0)
(400 -4.74246e-14 0)
(400 -6.13439e-14 0)
(400 -5.84485e-14 0)
(400 -6.71987e-14 0)
(400 -6.72492e-14 0)
(400 -6.04376e-14 0)
(400 -6.14134e-14 0)
(400 -5.55708e-14 0)
(400 -6.27256e-14 0)
(400 -6.68178e-14 0)
(400 -6.06925e-14 0)
(400 -4.48533e-14 0)
(400 -2.65658e-14 0)
(400 -1.41533e-14 0)
(400 -2.36408e-14 0)
(400 -2.82017e-14 0)
(400 -2.34229e-14 0)
(400 -3.38502e-14 0)
(400 -2.78817e-14 0)
(400 -1.47672e-14 0)
(400 1.33005e-14 0)
(400 2.30332e-14 0)
(400 3.42572e-14 0)
(400 2.90243e-14 0)
(400 1.74149e-14 0)
(400 3.07633e-14 0)
(400 4.56649e-14 0)
(400 4.74106e-14 0)
(400 3.26803e-14 0)
(400 2.1602e-14 0)
(400 2.93285e-14 0)
(400 1.76835e-14 0)
(400 -2.72717e-15 0)
(400 -4.59222e-15 0)
(400 2.38944e-14 0)
(400 4.05654e-14 0)
(400 3.09689e-14 0)
(400 2.62667e-14 0)
(400 2.82669e-14 0)
(400 2.60496e-14 0)
(400 2.89346e-14 0)
(400 2.1716e-14 0)
(400 5.80088e-15 0)
(400 -8.82153e-15 0)
(400 -2.46444e-14 0)
(400 -3.24262e-14 0)
(400 -2.17984e-14 0)
(400 -5.18477e-14 0)
(400 -5.37748e-14 0)
(400 -5.44417e-14 0)
(400 -3.39823e-14 0)
(400 -1.47539e-14 0)
(400 1.11992e-14 0)
(400 1.81047e-14 0)
(400 3.25582e-14 0)
(400 3.97327e-14 0)
(400 5.38355e-14 0)
(400 5.39296e-14 0)
(400 5.36315e-14 0)
(400 6.68093e-14 0)
(400 7.16633e-14 0)
(400 7.94193e-14 0)
(400 7.78751e-14 0)
(400 5.71956e-14 0)
(400 5.06315e-14 0)
(400 3.75447e-14 0)
(400 3.90721e-14 0)
(400 3.05359e-14 0)
(400 2.89628e-14 0)
(400 2.208e-14 0)
(400 7.85882e-15 0)
(400 1.06742e-14 0)
(400 1.82287e-14 0)
(400 2.14857e-14 0)
(400 8.20749e-15 0)
(400 -7.95883e-15 0)
(400 -7.9236e-15 0)
(400 4.75405e-15 0)
(400 5.41141e-15 0)
(400 6.79129e-15 0)
(400 2.68959e-14 0)
(400 4.12769e-14 0)
(400 4.40535e-14 0)
(400 3.54987e-14 0)
(400 3.02785e-14 0)
(400 2.51365e-14 0)
(400 4.20854e-14 0)
(400 5.54864e-14 0)
(400 5.40594e-14 0)
(400 3.29758e-14 0)
(400 2.67429e-14 0)
(400 3.61351e-14 0)
(400 2.97533e-14 0)
(400 1.83169e-14 0)
(400 -2.5986e-15 0)
(400 -1.88415e-14 0)
(400 -3.89504e-14 0)
(400 -4.00248e-14 0)
(400 -3.21989e-14 0)
(400 -1.57598e-14 0)
(400 -1.08953e-14 0)
(400 -8.47627e-15 0)
(400 9.65241e-16 0)
(400 -2.68352e-15 0)
(400 -8.05376e-15 0)
(400 -4.31088e-15 0)
(400 3.42414e-15 0)
(400 8.82744e-15 0)
(400 6.80487e-15 0)
(400 -4.8178e-15 0)
(400 -2.20086e-14 0)
(400 -1.93238e-14 0)
(400 -3.73361e-15 0)
(400 2.58006e-15 0)
(400 -7.45637e-15 0)
(400 1.75987e-15 0)
(400 6.63585e-15 0)
(400 3.38334e-14 0)
(400 4.3954e-14 0)
(400 5.71137e-14 0)
(400 6.04313e-14 0)
(400 3.24041e-14 0)
(400 2.56262e-14 0)
(400 2.75293e-14 0)
(400 2.73605e-14 0)
(400 4.37277e-14 0)
(400 6.41516e-14 0)
(400 5.73477e-14 0)
(400 4.62195e-14 0)
(400 4.8705e-14 0)
(400 2.54657e-14 0)
(400 2.1838e-14 0)
(400 1.44382e-14 0)
(400 9.81594e-15 0)
(400 1.40926e-14 0)
(400 3.90912e-15 0)
(400 -3.60429e-15 0)
(400 5.22772e-15 0)
(400 1.27775e-14 0)
(400 1.27631e-14 0)
(400 -4.42528e-15 0)
(400 -2.31841e-14 0)
(400 -4.51037e-14 0)
(400 -6.53465e-14 0)
(400 -8.21151e-14 0)
(400 -8.88197e-14 0)
(400 -8.36939e-14 0)
(400 -6.36999e-14 0)
(400 -4.7916e-14 0)
(400 -3.19759e-14 0)
(400 -2.19824e-14 0)
(400 -1.30852e-14 0)
(400 8.40226e-15 0)
(400 5.25811e-15 0)
(400 1.72723e-14 0)
(400 1.91502e-14 0)
(400 1.55269e-14 0)
(400 1.45477e-14 0)
(400 -1.61203e-14 0)
(400 -2.18579e-14 0)
(400 -4.34725e-14 0)
(400 -5.31498e-14 0)
(400 -4.90523e-14 0)
(400 -4.53978e-14 0)
(400 -4.56808e-14 0)
(400 -3.49267e-14 0)
(400 -8.54234e-15 0)
(400 2.7688e-16 0)
(400 9.52309e-15 0)
(400 1.52664e-14 0)
(400 9.7458e-15 0)
(400 1.91544e-14 0)
(400 4.79502e-14 0)
(400 5.19529e-14 0)
(400 4.45428e-14 0)
(400 4.46132e-14 0)
(400 5.33605e-14 0)
(400 7.26125e-14 0)
(400 8.03115e-14 0)
(400 8.2749e-14 0)
(400 6.84565e-14 0)
(400 5.81028e-14 0)
(400 5.34083e-14 0)
(400 5.93672e-14 0)
(400 5.23704e-14 0)
(400 4.86988e-14 0)
(400 5.60625e-14 0)
(400 5.33135e-14 0)
(400 6.36132e-14 0)
(400 6.90239e-14 0)
(400 6.37553e-14 0)
(400 6.91324e-14 0)
(400 7.89517e-14 0)
(400 7.58575e-14 0)
(400 5.33851e-14 0)
(400 3.70342e-14 0)
(400 2.78915e-14 0)
(400 3.89538e-14 0)
(400 2.70941e-14 0)
(400 -2.90804e-16 0)
(400 -3.01739e-14 0)
(400 -3.2015e-14 0)
(400 -2.83465e-14 0)
(400 -3.75852e-14 0)
(400 -3.1989e-14 0)
(400 -2.5452e-14 0)
(400 -2.23484e-14 0)
(400 -1.82551e-14 0)
(400 -6.69112e-15 0)
(400 -1.13068e-14 0)
(400 -1.5378e-14 0)
(400 1.96055e-15 0)
(400 1.21506e-14 0)
(400 1.17118e-14 0)
(400 -3.79387e-15 0)
(400 -8.20226e-15 0)
(400 1.73752e-15 0)
(400 1.39105e-15 0)
(400 3.44994e-15 0)
(400 1.47954e-14 0)
(400 2.65356e-14 0)
(400 5.72539e-14 0)
(400 7.07676e-14 0)
(400 6.21641e-14 0)
(400 6.37754e-14 0)
(400 6.77548e-14 0)
(400 6.84824e-14 0)
(400 6.41549e-14 0)
(400 6.09016e-14 0)
(400 4.84634e-14 0)
(400 4.90358e-14 0)
(400 3.1493e-14 0)
(400 1.86171e-14 0)
(400 2.02657e-14 0)
(400 2.98871e-14 0)
(400 3.90793e-14 0)
(400 4.35211e-14 0)
(400 5.14749e-14 0)
(400 6.35719e-14 0)
(400 5.59608e-14 0)
(400 5.17163e-14 0)
(400 4.36226e-14 0)
(400 2.28808e-14 0)
(400 5.35355e-16 0)
(400 -2.70416e-14 0)
(400 -5.75719e-14 0)
(400 -1.64187e-14 0)
(400 -2.74475e-14 0)
(400 -3.22862e-14 0)
(400 -4.6179e-14 0)
(400 -4.02011e-14 0)
(400 -3.56685e-14 0)
(400 -1.83876e-14 0)
(400 -9.62891e-15 0)
(400 -4.50316e-15 0)
(400 -4.75168e-15 0)
(400 6.55871e-16 0)
(400 4.29272e-15 0)
(400 -2.29616e-15 0)
(400 8.04281e-15 0)
(400 3.37129e-14 0)
(400 6.05894e-14 0)
(400 6.98021e-14 0)
(400 6.2104e-14 0)
(400 7.51317e-14 0)
(400 9.57731e-14 0)
(400 9.64138e-14 0)
(400 8.88523e-14 0)
(400 7.01062e-14 0)
(400 5.01918e-14 0)
(400 2.83294e-14 0)
(400 7.61107e-15 0)
(400 -1.00055e-14 0)
(400 -1.63928e-14 0)
(400 -2.17027e-14 0)
(400 -4.22153e-14 0)
(400 -5.03441e-14 0)
(400 -2.23238e-14 0)
(400 1.0933e-14 0)
(400 3.37003e-14 0)
(400 4.35429e-14 0)
(400 5.84848e-14 0)
(400 5.62204e-14 0)
(400 4.0144e-14 0)
(400 3.46338e-14 0)
(400 4.12766e-14 0)
(400 5.23936e-14 0)
(400 5.71864e-14 0)
(400 5.11748e-14 0)
(400 3.57844e-14 0)
(400 1.79808e-14 0)
(400 1.0569e-14 0)
(400 2.41758e-15 0)
(400 -7.76469e-15 0)
(400 -1.83732e-14 0)
(400 -1.42319e-14 0)
(400 -3.13839e-14 0)
(400 -4.20482e-14 0)
(400 -4.51362e-14 0)
(400 -5.81062e-14 0)
(400 -4.51764e-14 0)
(400 -2.88813e-14 0)
(400 -1.86734e-14 0)
(400 -7.99948e-15 0)
(400 -4.76975e-15 0)
(400 -2.46265e-14 0)
(400 -1.64726e-14 0)
(400 1.23151e-14 0)
(400 1.0908e-14 0)
(400 -1.36671e-14 0)
(400 -2.03775e-14 0)
(400 -2.18412e-14 0)
(400 -1.57689e-14 0)
(400 -2.74904e-14 0)
(400 -2.08911e-14 0)
(400 -3.09234e-15 0)
(400 -9.47528e-16 0)
(400 2.87025e-15 0)
(400 -1.69999e-15 0)
(400 -1.45526e-14 0)
(400 -2.02498e-14 0)
(400 -2.51585e-14 0)
(400 -2.93991e-14 0)
(400 -3.49167e-14 0)
(400 -3.05349e-14 0)
(400 -2.81512e-14 0)
(400 -1.22179e-14 0)
(400 1.01291e-15 0)
(400 -1.19777e-14 0)
(400 -5.06074e-15 0)
(400 -2.03249e-15 0)
(400 -8.89668e-15 0)
(400 -1.75741e-14 0)
(400 -8.86226e-15 0)
(400 -2.29339e-14 0)
(400 -3.19901e-14 0)
(400 -2.42063e-14 0)
(400 -1.93949e-14 0)
(400 -7.57187e-15 0)
(400 4.02947e-15 0)
(400 -4.688e-15 0)
(400 -6.81043e-15 0)
(400 -1.89967e-14 0)
(400 -4.07642e-14 0)
(400 -5.56288e-14 0)
(400 -8.61303e-14 0)
(400 -8.42761e-14 0)
(400 -6.80926e-14 0)
(400 -4.26213e-14 0)
(400 -3.17173e-14 0)
(400 -2.88462e-14 0)
(400 -2.59051e-14 0)
(400 -2.24583e-14 0)
(400 -2.32731e-14 0)
(400 -8.19569e-15 0)
(400 -5.66725e-15 0)
(400 -3.46607e-15 0)
(400 -1.54407e-15 0)
(400 1.27206e-14 0)
(400 1.3208e-14 0)
(400 8.44072e-15 0)
(400 6.96577e-15 0)
(400 1.10977e-14 0)
(400 3.35035e-14 0)
(400 4.16676e-14 0)
(400 4.05232e-14 0)
(400 4.5872e-14 0)
(400 3.87764e-14 0)
(400 2.88035e-14 0)
(400 1.90178e-14 0)
(400 3.40726e-14 0)
(400 3.74285e-14 0)
(400 3.74404e-14 0)
(400 3.11412e-14 0)
(400 3.68196e-14 0)
(400 4.39108e-14 0)
(400 5.16639e-14 0)
(400 6.42974e-14 0)
(400 7.90487e-14 0)
(400 8.3601e-14 0)
(400 8.19005e-14 0)
(400 7.58726e-14 0)
(400 5.91102e-14 0)
(400 5.91489e-14 0)
(400 5.46915e-14 0)
(400 5.26246e-14 0)
(400 5.51176e-14 0)
(400 4.92298e-14 0)
(400 4.73124e-14 0)
(400 5.0409e-14 0)
(400 5.11642e-14 0)
(400 4.90674e-14 0)
(400 5.6994e-14 0)
(400 5.52994e-14 0)
(400 3.72111e-14 0)
(400 1.93932e-14 0)
(400 1.41412e-14 0)
(400 4.12244e-15 0)
(400 -1.18358e-14 0)
(400 -2.68282e-14 0)
(400 -4.37505e-14 0)
(400 -5.05506e-14 0)
(400 -6.35497e-14 0)
(400 -6.0862e-14 0)
(400 -5.58253e-14 0)
(400 -4.18058e-14 0)
(400 -2.17953e-14 0)
(400 -1.71355e-14 0)
(400 -8.99134e-16 0)
(400 2.46208e-15 0)
(400 -3.29886e-16 0)
(400 5.46901e-15 0)
(400 9.62088e-16 0)
(400 6.1246e-15 0)
(400 2.07556e-14 0)
(400 3.99619e-14 0)
(400 3.50921e-14 0)
(400 2.33056e-14 0)
(400 1.74708e-14 0)
(400 1.41562e-14 0)
(400 1.038e-14 0)
(400 2.63768e-14 0)
(400 2.45177e-14 0)
(400 1.76632e-14 0)
(400 1.99937e-14 0)
(400 1.18053e-14 0)
(400 2.303e-15 0)
(400 1.37969e-14 0)
(400 3.25692e-14 0)
(400 4.08703e-14 0)
(400 2.96637e-14 0)
(400 2.03856e-14 0)
(400 3.25605e-14 0)
(400 5.53958e-14 0)
(400 5.41935e-14 0)
(400 4.2635e-14 0)
(400 6.55886e-14 0)
(400 7.82253e-14 0)
(400 7.50439e-14 0)
(400 6.12976e-14 0)
(400 6.47793e-14 0)
(400 6.85724e-14 0)
(400 7.95226e-14 0)
(400 8.66789e-14 0)
(400 7.1967e-14 0)
(400 5.04938e-14 0)
(400 -3.19612e-15 0)
(400 3.30656e-15 0)
(400 -1.85745e-14 0)
(400 -3.78347e-14 0)
(400 -4.33066e-14 0)
(400 -4.69516e-14 0)
(400 -4.80381e-14 0)
(400 -4.65075e-14 0)
(400 -4.84469e-14 0)
(400 -4.84815e-14 0)
(400 -4.37423e-14 0)
(400 -3.35744e-14 0)
(400 -4.0777e-14 0)
(400 -3.84391e-14 0)
(400 -2.00815e-14 0)
(400 1.05028e-15 0)
(400 2.05892e-14 0)
(400 6.38219e-14 0)
(400 7.81567e-14 0)
(400 9.04586e-14 0)
(400 9.29221e-14 0)
(400 9.44969e-14 0)
(400 8.23987e-14 0)
(400 4.92887e-14 0)
(400 2.46983e-14 0)
(400 -6.12886e-16 0)
(400 -3.08639e-14 0)
(400 -4.59835e-14 0)
(400 -3.93607e-14 0)
(400 -2.76983e-14 0)
(400 -1.69174e-14 0)
(400 4.05395e-15 0)
(400 3.61399e-14 0)
(400 6.17118e-14 0)
(400 7.93407e-14 0)
(400 8.5579e-14 0)
(400 8.44199e-14 0)
(400 7.46843e-14 0)
(400 6.77548e-14 0)
(400 8.46713e-14 0)
(400 7.98862e-14 0)
(400 6.73828e-14 0)
(400 4.77892e-14 0)
(400 3.85496e-14 0)
(400 4.22077e-14 0)
(400 2.77466e-14 0)
(400 1.94683e-14 0)
(400 1.77482e-14 0)
(400 2.18018e-14 0)
(400 3.08389e-14 0)
(400 2.35876e-14 0)
(400 2.1666e-14 0)
(400 1.91037e-14 0)
(400 1.15828e-16 0)
(400 -6.91947e-15 0)
(400 -3.30506e-16 0)
(400 7.85233e-15 0)
(400 2.07214e-14 0)
(400 3.12685e-14 0)
(400 1.49146e-14 0)
(400 7.36685e-15 0)
(400 -1.12617e-14 0)
(400 -1.6633e-14 0)
(400 -2.35207e-14 0)
(400 -1.66116e-14 0)
(400 -1.16598e-14 0)
(400 -3.18362e-14 0)
(400 -3.42101e-14 0)
(400 -1.58924e-14 0)
(400 -1.39876e-14 0)
(400 -1.8814e-14 0)
(400 -3.21257e-14 0)
(400 -3.75155e-14 0)
(400 -5.70292e-14 0)
(400 -6.27874e-14 0)
(400 -6.23635e-14 0)
(400 -6.91564e-14 0)
(400 -8.52279e-14 0)
(400 -7.83194e-14 0)
(400 -6.23402e-14 0)
(400 -5.43791e-14 0)
(400 -4.55834e-14 0)
(400 -3.26237e-14 0)
(400 -2.50566e-14 0)
(400 -1.79391e-14 0)
(400 -2.43594e-14 0)
(400 -2.69679e-14 0)
(400 -2.49338e-14 0)
(400 -3.68252e-14 0)
(400 -4.09676e-14 0)
(400 -4.36316e-14 0)
(400 -4.20696e-14 0)
(400 -2.75262e-14 0)
(400 -2.68682e-14 0)
(400 -5.0297e-15 0)
(400 -8.43486e-15 0)
(400 -2.45454e-14 0)
(400 -4.46761e-14 0)
(400 -5.06348e-14 0)
(400 -6.73795e-14 0)
(400 -7.75815e-14 0)
(400 -8.79681e-14 0)
(400 -7.7787e-14 0)
(400 -6.45843e-14 0)
(400 -5.16582e-14 0)
(400 -4.74657e-14 0)
(400 -6.10542e-14 0)
(400 -4.19321e-14 0)
(400 -2.97118e-14 0)
(400 -1.96418e-14 0)
(400 -8.02035e-15 0)
(400 -1.07919e-14 0)
(400 2.04061e-14 0)
(400 3.32927e-14 0)
(400 4.3445e-14 0)
(400 4.34944e-14 0)
(400 3.15871e-14 0)
(400 2.44387e-14 0)
(400 3.2757e-14 0)
(400 3.35945e-14 0)
(400 2.67267e-14 0)
(400 1.89058e-14 0)
(400 2.10183e-14 0)
(400 1.32696e-14 0)
(400 1.04144e-14 0)
(400 4.30128e-15 0)
(400 -1.13607e-14 0)
(400 -1.56059e-14 0)
(400 -8.10628e-15 0)
(400 5.60555e-15 0)
(400 8.44817e-15 0)
(400 4.34339e-15 0)
(400 2.10584e-14 0)
(400 3.57188e-14 0)
(400 5.53755e-14 0)
(400 5.86408e-14 0)
(400 5.11563e-14 0)
(400 4.70778e-14 0)
(400 4.54323e-14 0)
(400 4.18858e-14 0)
(400 3.78688e-14 0)
(400 3.58253e-14 0)
(400 2.41561e-14 0)
(400 2.35234e-14 0)
(400 2.77595e-14 0)
(400 2.02046e-14 0)
(400 1.65378e-14 0)
(400 1.75699e-14 0)
(400 2.04637e-14 0)
(400 1.07152e-14 0)
(400 6.07603e-15 0)
(400 -8.65964e-15 0)
(400 -1.9458e-14 0)
(400 -3.34589e-14 0)
(400 -2.82432e-14 0)
(400 -3.62456e-14 0)
(400 -4.89938e-14 0)
(400 -5.85545e-14 0)
(400 -6.48501e-14 0)
(400 -4.80538e-14 0)
(400 -3.37545e-14 0)
(400 -3.25953e-14 0)
(400 -2.31621e-14 0)
(400 -1.38572e-14 0)
(400 -1.71638e-14 0)
(400 -2.49299e-14 0)
(400 -2.48361e-14 0)
(400 -8.6892e-15 0)
(400 1.7603e-14 0)
(400 4.8868e-14 0)
(400 6.46832e-14 0)
(400 6.96516e-14 0)
(400 6.24435e-14 0)
(400 5.33539e-14 0)
(400 3.60205e-14 0)
(400 2.37508e-14 0)
(400 2.45868e-15 0)
(400 -1.25316e-14 0)
(400 -1.22508e-14 0)
(400 -2.01865e-14 0)
(400 -3.4701e-14 0)
(400 -3.07761e-14 0)
(400 -1.58995e-14 0)
(400 -3.17046e-15 0)
(400 -2.8581e-15 0)
(400 -5.40669e-16 0)
(400 4.56948e-15 0)
(400 2.60131e-14 0)
(400 3.74707e-14 0)
(400 2.22719e-14 0)
(400 2.06102e-14 0)
(400 1.51501e-14 0)
(400 6.99685e-15 0)
(400 3.37526e-15 0)
(400 1.05206e-14 0)
(400 1.38192e-14 0)
(400 2.38048e-14 0)
(400 3.95041e-14 0)
(400 4.98568e-14 0)
(400 3.83059e-14 0)
(400 -2.79881e-14 0)
(400 -4.28884e-14 0)
(400 -6.9213e-14 0)
(400 -9.94697e-14 0)
(400 -1.02061e-13 0)
(400 -9.72953e-14 0)
(400 -1.00897e-13 0)
(400 -1.00921e-13 0)
(400 -8.37131e-14 0)
(400 -6.1145e-14 0)
(400 -4.85466e-14 0)
(400 -2.76025e-14 0)
(400 -1.79609e-14 0)
(400 -2.29293e-15 0)
(400 1.02368e-14 0)
(400 2.30112e-15 0)
(400 1.64922e-14 0)
(400 4.98672e-14 0)
(400 5.38286e-14 0)
(400 5.70848e-14 0)
(400 7.01141e-14 0)
(400 6.68325e-14 0)
(400 6.55806e-14 0)
(400 5.83612e-14 0)
(400 4.91065e-14 0)
(400 2.15937e-14 0)
(400 4.0245e-15 0)
(400 1.55892e-15 0)
(400 -2.74156e-15 0)
(400 1.46236e-15 0)
(400 2.32718e-14 0)
(400 3.02574e-14 0)
(400 3.96463e-14 0)
(400 3.50971e-14 0)
(400 3.45521e-14 0)
(400 2.12161e-14 0)
(400 1.19137e-14 0)
(400 1.96148e-14 0)
(400 3.33833e-14 0)
(400 3.91639e-14 0)
(400 3.08448e-14 0)
(400 3.35362e-14 0)
(400 2.64156e-14 0)
(400 1.54976e-14 0)
(400 1.62475e-14 0)
(400 6.72484e-15 0)
(400 4.33908e-15 0)
(400 -5.00575e-16 0)
(400 2.94297e-15 0)
(400 3.0266e-15 0)
(400 5.26441e-15 0)
(400 9.46142e-15 0)
(400 2.14811e-16 0)
(400 4.5903e-15 0)
(400 1.55865e-14 0)
(400 4.86663e-15 0)
(400 -1.3072e-14 0)
(400 -1.17691e-14 0)
(400 -2.94236e-15 0)
(400 1.24061e-14 0)
(400 8.05966e-15 0)
(400 -8.70866e-15 0)
(400 -6.18156e-15 0)
(400 2.36278e-15 0)
(400 1.05791e-15 0)
(400 -1.34898e-15 0)
(400 -1.56102e-15 0)
(400 1.32092e-14 0)
(400 2.74399e-14 0)
(400 2.29657e-14 0)
(400 1.42425e-14 0)
(400 -4.31387e-16 0)
(400 -5.16012e-15 0)
(400 -3.97009e-15 0)
(400 1.05942e-14 0)
(400 1.30402e-14 0)
(400 6.64001e-15 0)
(400 -4.50946e-15 0)
(400 -9.17872e-15 0)
(400 -2.78772e-15 0)
(400 -6.0611e-15 0)
(400 -1.63592e-14 0)
(400 1.69142e-15 0)
(400 -8.37994e-16 0)
(400 -5.04413e-15 0)
(400 -1.35776e-14 0)
(400 -2.03381e-14 0)
(400 -2.27672e-14 0)
(400 -1.04073e-14 0)
(400 -6.84863e-16 0)
(400 -1.09094e-14 0)
(400 -1.51861e-14 0)
(400 -5.36837e-15 0)
(400 1.38933e-15 0)
(400 7.98399e-15 0)
(400 9.78567e-15 0)
(400 -2.34068e-15 0)
(400 2.82094e-15 0)
(400 6.86491e-15 0)
(400 1.50276e-14 0)
(400 -8.43352e-15 0)
(400 -3.52187e-14 0)
(400 -4.87879e-14 0)
(400 -3.88571e-14 0)
(400 -2.17541e-14 0)
(400 -2.41743e-14 0)
(400 -3.94987e-14 0)
(400 -3.72219e-14 0)
(400 -3.0619e-14 0)
(400 -1.10548e-14 0)
(400 -3.64538e-15 0)
(400 7.14844e-15 0)
(400 3.66963e-14 0)
(400 5.58914e-14 0)
(400 6.16425e-14 0)
(400 6.6302e-14 0)
(400 5.46742e-14 0)
(400 3.68751e-14 0)
(400 3.13816e-14 0)
(400 3.9049e-14 0)
(400 4.68034e-14 0)
(400 5.16467e-14 0)
(400 5.18265e-14 0)
(400 4.58693e-14 0)
(400 2.68805e-14 0)
(400 2.71827e-14 0)
(400 3.64929e-14 0)
(400 3.66184e-14 0)
(400 2.6519e-14 0)
(400 2.29006e-14 0)
(400 1.07301e-14 0)
(400 1.83093e-14 0)
(400 2.91557e-14 0)
(400 4.87626e-14 0)
(400 5.63678e-14 0)
(400 6.01652e-14 0)
(400 5.09655e-14 0)
(400 3.27263e-14 0)
(400 1.89214e-14 0)
(400 1.56258e-14 0)
(400 1.33567e-14 0)
(400 1.9094e-14 0)
(400 2.58397e-14 0)
(400 3.76348e-14 0)
(400 1.89993e-14 0)
(400 2.34944e-14 0)
(400 2.25373e-14 0)
(400 1.93837e-14 0)
(400 1.37246e-14 0)
(400 5.01701e-15 0)
(400 9.60818e-16 0)
(400 2.08432e-14 0)
(400 3.95262e-14 0)
(400 3.27972e-14 0)
(400 3.81048e-14 0)
(400 3.20333e-14 0)
(400 2.92535e-14 0)
(400 2.34779e-14 0)
(400 1.31842e-14 0)
(400 -7.80643e-16 0)
(400 -1.36236e-15 0)
(400 7.56492e-15 0)
(400 1.01975e-14 0)
(400 2.30478e-14 0)
(400 2.65825e-14 0)
(400 2.9474e-14 0)
(400 4.02509e-14 0)
(400 3.27675e-14 0)
(400 3.46605e-14 0)
(400 4.65546e-14 0)
(400 7.37679e-14 0)
(400 9.44524e-14 0)
(400 1.07966e-13 0)
(400 1.00573e-13 0)
(400 7.97337e-14 0)
(400 6.27984e-14 0)
(400 4.16029e-14 0)
(400 3.28807e-14 0)
(400 1.32018e-14 0)
(400 -9.20994e-16 0)
(400 -1.85553e-15 0)
(400 -1.13929e-14 0)
(400 -1.43496e-14 0)
(400 -6.83637e-15 0)
(400 1.93686e-14 0)
(400 3.66488e-14 0)
(400 3.96727e-14 0)
(400 4.72559e-14 0)
(400 4.71502e-14 0)
(400 3.65037e-14 0)
(400 2.8986e-14 0)
(400 2.97295e-14 0)
(400 3.69631e-14 0)
(400 4.60651e-14 0)
(400 3.73129e-14 0)
(400 3.96571e-14 0)
(400 3.59092e-14 0)
(400 3.14656e-14 0)
(400 4.08384e-14 0)
(400 4.53696e-14 0)
(400 -1.72463e-14 0)
(400 -4.18284e-14 0)
(400 -5.7539e-14 0)
(400 -7.85947e-14 0)
(400 -8.68638e-14 0)
(400 -8.2576e-14 0)
(400 -8.62219e-14 0)
(400 -8.67586e-14 0)
(400 -7.95218e-14 0)
(400 -6.82394e-14 0)
(400 -6.12011e-14 0)
(400 -4.06906e-14 0)
(400 -2.03126e-14 0)
(400 -7.99537e-15 0)
(400 -1.08128e-14 0)
(400 -1.67869e-14 0)
(400 -1.61916e-14 0)
(400 -2.20802e-14 0)
(400 -1.40631e-14 0)
(400 -2.07746e-15 0)
(400 1.9313e-14 0)
(400 3.26673e-14 0)
(400 4.33801e-14 0)
(400 5.72583e-14 0)
(400 5.03805e-14 0)
(400 2.97264e-14 0)
(400 3.48605e-14 0)
(400 4.05991e-14 0)
(400 2.64583e-14 0)
(400 2.08994e-14 0)
(400 3.41023e-14 0)
(400 4.60002e-14 0)
(400 4.80279e-14 0)
(400 3.78111e-14 0)
(400 1.96222e-14 0)
(400 -9.60402e-15 0)
(400 -5.59693e-15 0)
(400 2.04036e-14 0)
(400 4.13092e-14 0)
(400 1.74527e-14 0)
(400 1.05383e-14 0)
(400 1.39481e-14 0)
(400 2.04754e-14 0)
(400 2.75407e-14 0)
(400 1.0688e-14 0)
(400 1.1433e-14 0)
(400 3.89876e-15 0)
(400 -8.18222e-15 0)
(400 -2.18606e-14 0)
(400 -3.12197e-14 0)
(400 -5.67719e-15 0)
(400 -1.10245e-14 0)
(400 -1.94913e-14 0)
(400 6.7959e-15 0)
(400 2.82436e-14 0)
(400 1.57882e-14 0)
(400 3.28829e-16 0)
(400 -1.42423e-15 0)
(400 -1.43574e-14 0)
(400 5.45437e-15 0)
(400 1.46756e-14 0)
(400 1.95753e-14 0)
(400 1.0605e-14 0)
(400 1.89628e-14 0)
(400 2.78609e-14 0)
(400 2.0873e-14 0)
(400 3.25159e-14 0)
(400 4.16875e-14 0)
(400 4.20626e-14 0)
(400 4.23141e-14 0)
(400 3.52058e-14 0)
(400 1.40547e-14 0)
(400 5.26673e-15 0)
(400 9.08675e-15 0)
(400 2.1079e-15 0)
(400 8.44101e-15 0)
(400 1.17936e-14 0)
(400 2.13911e-14 0)
(400 1.92522e-14 0)
(400 2.80858e-15 0)
(400 9.76626e-16 0)
(400 -5.63254e-16 0)
(400 -1.2795e-14 0)
(400 -4.99525e-14 0)
(400 -5.39048e-14 0)
(400 -4.07856e-14 0)
(400 -3.48969e-14 0)
(400 -3.26918e-14 0)
(400 -3.11582e-14 0)
(400 -2.81739e-14 0)
(400 -1.98666e-14 0)
(400 -1.78057e-15 0)
(400 -1.61711e-14 0)
(400 -2.54263e-14 0)
(400 -4.08092e-14 0)
(400 -2.47337e-14 0)
(400 -3.41224e-15 0)
(400 1.63792e-14 0)
(400 1.38107e-14 0)
(400 2.69561e-14 0)
(400 1.87596e-14 0)
(400 1.43449e-14 0)
(400 -2.82901e-15 0)
(400 -7.54817e-15 0)
(400 -5.62972e-15 0)
(400 -1.44512e-14 0)
(400 -2.51753e-14 0)
(400 -3.85108e-14 0)
(400 -6.68991e-14 0)
(400 -6.89931e-14 0)
(400 -7.14652e-14 0)
(400 -6.0392e-14 0)
(400 -3.62169e-14 0)
(400 -3.13056e-14 0)
(400 -4.11819e-14 0)
(400 -4.55122e-14 0)
(400 -3.91374e-14 0)
(400 -4.81885e-14 0)
(400 -6.55595e-14 0)
(400 -4.99324e-14 0)
(400 -3.43808e-14 0)
(400 -3.12253e-14 0)
(400 -2.25323e-14 0)
(400 -2.15179e-14 0)
(400 -2.6456e-14 0)
(400 -3.02868e-14 0)
(400 -2.1407e-14 0)
(400 -1.38705e-14 0)
(400 -2.16455e-14 0)
(400 -3.49335e-14 0)
(400 -4.17826e-14 0)
(400 -2.8947e-14 0)
(400 -1.89696e-14 0)
(400 -1.95432e-14 0)
(400 -1.77463e-14 0)
(400 -6.10703e-15 0)
(400 -9.10969e-15 0)
(400 -2.00024e-14 0)
(400 -3.59859e-14 0)
(400 -3.29488e-14 0)
(400 -2.34412e-14 0)
(400 -1.02218e-14 0)
(400 9.03923e-15 0)
(400 1.07936e-14 0)
(400 7.42093e-15 0)
(400 1.21417e-14 0)
(400 2.72371e-15 0)
(400 -6.45033e-15 0)
(400 -1.68249e-14 0)
(400 -1.75068e-14 0)
(400 -1.16378e-14 0)
(400 5.71298e-15 0)
(400 2.50288e-14 0)
(400 3.82999e-14 0)
(400 4.06388e-14 0)
(400 3.50312e-14 0)
(400 3.50064e-14 0)
(400 3.01313e-14 0)
(400 1.78788e-14 0)
(400 -5.86299e-15 0)
(400 -1.35919e-14 0)
(400 5.15807e-15 0)
(400 2.28686e-14 0)
(400 2.65412e-14 0)
(400 4.58638e-14 0)
(400 3.29418e-14 0)
(400 2.7395e-14 0)
(400 1.77139e-14 0)
(400 3.53572e-15 0)
(400 1.26282e-14 0)
(400 2.0914e-14 0)
(400 2.5732e-14 0)
(400 4.70398e-14 0)
(400 4.36348e-14 0)
(400 3.54587e-14 0)
(400 2.17291e-14 0)
(400 8.53147e-15 0)
(400 7.62202e-15 0)
(400 -1.44492e-14 0)
(400 -2.41915e-14 0)
(400 -3.30533e-14 0)
(400 -4.25306e-14 0)
(400 -4.38089e-14 0)
(400 -4.47043e-14 0)
(400 -2.20982e-14 0)
(400 -4.21002e-15 0)
(400 -1.64585e-14 0)
(400 -2.00187e-14 0)
(400 -2.30308e-14 0)
(400 -1.78345e-14 0)
(400 -2.38261e-14 0)
(400 -1.60783e-14 0)
(400 1.24846e-14 0)
(400 3.65212e-14 0)
(400 3.74441e-14 0)
(400 2.2822e-14 0)
(400 1.99526e-14 0)
(400 2.07634e-14 0)
(400 1.94924e-14 0)
(400 3.10295e-14 0)
(400 8.06027e-15 0)
(400 -2.52747e-14 0)
(400 -4.10408e-14 0)
(400 -4.10227e-14 0)
(400 -6.65959e-14 0)
(400 -6.96781e-14 0)
(400 -7.5266e-14 0)
(400 -7.31451e-14 0)
(400 -9.18593e-14 0)
(400 -7.48972e-14 0)
(400 -6.86104e-14 0)
(400 -5.14387e-14 0)
(400 -2.15682e-14 0)
(400 -6.81669e-15 0)
(400 -7.59349e-15 0)
(400 2.16219e-14 0)
(400 1.14611e-14 0)
(400 -7.77824e-17 0)
(400 -4.98628e-15 0)
(400 -1.35969e-14 0)
(400 -1.51916e-14 0)
(400 9.22336e-15 0)
(400 3.18925e-14 0)
(400 4.04307e-14 0)
(400 2.78134e-14 0)
(400 2.23378e-14 0)
(400 2.50538e-14 0)
(400 2.59403e-14 0)
(400 2.83218e-14 0)
(400 2.96005e-14 0)
(400 3.31718e-14 0)
(400 4.57759e-14 0)
(400 3.96718e-14 0)
(400 2.08935e-14 0)
(400 2.37981e-15 0)
(400 3.34492e-15 0)
(400 1.10682e-14 0)
(400 1.92069e-14 0)
(400 1.16398e-14 0)
(400 8.62082e-15 0)
(400 8.92252e-15 0)
(400 -4.41279e-16 0)
(400 1.82138e-15 0)
(400 6.95809e-15 0)
(400 6.88888e-15 0)
(400 1.21985e-14 0)
(400 1.42061e-14 0)
(400 8.30691e-15 0)
(400 7.67732e-15 0)
(400 1.741e-14 0)
(400 2.37384e-14 0)
(400 2.56725e-14 0)
(400 3.12327e-14 0)
(400 4.02977e-14 0)
(400 4.6201e-14 0)
(400 4.80935e-14 0)
(400 4.82607e-14 0)
(400 3.46836e-14 0)
(400 3.0783e-14 0)
(400 5.49109e-14 0)
(400 6.30458e-14 0)
(400 6.62944e-14 0)
(400 5.55195e-14 0)
(400 5.30565e-14 0)
(400 6.94252e-14 0)
(400 6.86461e-14 0)
(400 7.48657e-14 0)
(400 6.96215e-14 0)
(400 5.50459e-14 0)
(400 5.35938e-14 0)
(400 5.82463e-14 0)
(400 6.29384e-14 0)
(400 5.56353e-14 0)
(400 5.3416e-14 0)
(400 3.68382e-14 0)
(400 2.67904e-14 0)
(400 2.80028e-14 0)
(400 4.13181e-14 0)
(400 2.45517e-14 0)
(400 1.37021e-14 0)
(400 1.28313e-14 0)
(400 4.04021e-16 0)
(400 -2.05004e-14 0)
(400 -3.81687e-14 0)
(400 -4.28079e-14 0)
(400 -3.70693e-14 0)
(400 -4.11103e-14 0)
(400 -4.46546e-14 0)
(400 -4.7231e-14 0)
(400 -5.04511e-14 0)
(400 -3.82678e-14 0)
(400 -3.10973e-14 0)
(400 -4.04812e-14 0)
(400 -4.38634e-14 0)
(400 -4.23326e-14 0)
(400 -2.94412e-14 0)
(400 -7.47296e-15 0)
(400 9.51089e-15 0)
(400 8.80492e-15 0)
(400 1.38786e-14 0)
(400 1.39027e-14 0)
(400 1.0333e-14 0)
(400 -1.21124e-15 0)
(400 -2.44979e-15 0)
(400 -4.61113e-15 0)
(400 -1.3156e-14 0)
(400 -1.90786e-14 0)
(400 -3.42799e-14 0)
(400 -5.27231e-14 0)
(400 -5.07806e-14 0)
(400 -5.01634e-14 0)
(400 -4.32232e-14 0)
(400 -4.13436e-14 0)
(400 -2.75552e-14 0)
(400 -1.9067e-14 0)
(400 -2.60357e-14 0)
(400 -2.72511e-14 0)
(400 -2.01247e-14 0)
(400 -5.54979e-15 0)
(400 5.99988e-15 0)
(400 6.73668e-15 0)
(400 -4.35439e-15 0)
(400 -4.41538e-15 0)
(400 7.8999e-15 0)
(400 8.72773e-15 0)
(400 3.83595e-15 0)
(400 -9.79063e-15 0)
(400 -2.40923e-14 0)
(400 -2.89665e-14 0)
(400 -5.03297e-14 0)
(400 -5.10862e-14 0)
(400 -5.79742e-14 0)
(400 -6.33388e-14 0)
(400 -5.83586e-14 0)
(400 -4.23679e-14 0)
(400 -3.37452e-14 0)
(400 -1.62465e-14 0)
(400 -9.0773e-15 0)
(400 -5.88845e-15 0)
(400 -3.20286e-15 0)
(400 5.16526e-15 0)
(400 6.97414e-15 0)
(400 7.48462e-16 0)
(400 2.5519e-15 0)
(400 2.21409e-14 0)
(400 1.22714e-14 0)
(400 3.6527e-15 0)
(400 9.47461e-15 0)
(400 1.8167e-14 0)
(400 2.50698e-14 0)
(400 3.03898e-14 0)
(400 2.38859e-14 0)
(400 2.80536e-14 0)
(400 3.99799e-14 0)
(400 3.52578e-14 0)
(400 4.85497e-14 0)
(400 5.13689e-14 0)
(400 5.63559e-14 0)
(400 5.40728e-14 0)
(400 4.54179e-14 0)
(400 4.85169e-14 0)
(400 5.97072e-14 0)
(400 7.98501e-14 0)
(400 7.70069e-14 0)
(400 7.87124e-14 0)
(400 6.49205e-14 0)
(400 4.20625e-14 0)
(400 3.5253e-14 0)
(400 3.70334e-14 0)
(400 4.2035e-14 0)
(400 2.84542e-14 0)
(400 3.29468e-14 0)
(400 3.87274e-14 0)
(400 5.01e-14 0)
(400 4.93051e-14 0)
(400 3.50009e-14 0)
(400 3.05736e-14 0)
(400 2.09403e-14 0)
(400 2.61732e-14 0)
(400 3.62969e-14 0)
(400 3.21474e-14 0)
(400 9.6187e-15 0)
(400 -5.49309e-15 0)
(400 -4.89855e-15 0)
(400 1.44281e-14 0)
(400 1.09737e-14 0)
(400 -6.02411e-15 0)
(400 -2.36592e-14 0)
(400 -1.91478e-14 0)
(400 -7.36928e-15 0)
(400 -2.0159e-14 0)
(400 -2.10623e-14 0)
(400 -6.0076e-15 0)
(400 1.2868e-14 0)
(400 3.1078e-14 0)
(400 3.3741e-14 0)
(400 3.08314e-14 0)
(400 2.32608e-14 0)
(400 2.89434e-14 0)
(400 4.26369e-14 0)
(400 -4.51332e-15 0)
(400 -2.25228e-14 0)
(400 -2.90331e-14 0)
(400 -1.65204e-14 0)
(400 -2.71127e-14 0)
(400 -4.63143e-14 0)
(400 -6.09166e-14 0)
(400 -5.71008e-14 0)
(400 -7.19954e-14 0)
(400 -7.71436e-14 0)
(400 -7.36e-14 0)
(400 -7.07988e-14 0)
(400 -5.36823e-14 0)
(400 -3.99806e-14 0)
(400 -1.78963e-14 0)
(400 2.57595e-15 0)
(400 -8.9697e-16 0)
(400 -1.15991e-15 0)
(400 8.43208e-15 0)
(400 1.19695e-14 0)
(400 1.46185e-14 0)
(400 2.15292e-14 0)
(400 2.23403e-14 0)
(400 3.86013e-14 0)
(400 3.59108e-14 0)
(400 2.97952e-14 0)
(400 7.51133e-15 0)
(400 -6.93976e-16 0)
(400 2.07996e-14 0)
(400 3.5085e-14 0)
(400 2.99133e-14 0)
(400 2.31279e-14 0)
(400 1.44467e-14 0)
(400 -4.35827e-16 0)
(400 -3.76356e-15 0)
(400 1.54983e-14 0)
(400 1.40695e-14 0)
(400 3.96228e-15 0)
(400 -9.80016e-15 0)
(400 3.64657e-15 0)
(400 4.32587e-18 0)
(400 2.54071e-16 0)
(400 7.33497e-15 0)
(400 8.71318e-15 0)
(400 1.78026e-14 0)
(400 8.16489e-15 0)
(400 6.35755e-15 0)
(400 -1.38409e-15 0)
(400 -8.37835e-15 0)
(400 -6.32795e-15 0)
(400 -1.56931e-15 0)
(400 1.25962e-14 0)
(400 1.26136e-14 0)
(400 1.39686e-14 0)
(400 6.83328e-15 0)
(400 1.42168e-14 0)
(400 2.99581e-14 0)
(400 2.45307e-14 0)
(400 3.77485e-14 0)
(400 5.29611e-14 0)
(400 5.73195e-14 0)
(400 6.37712e-14 0)
(400 6.52848e-14 0)
(400 6.43872e-14 0)
(400 6.45073e-14 0)
(400 6.70902e-14 0)
(400 7.76021e-14 0)
(400 7.80921e-14 0)
(400 7.96099e-14 0)
(400 7.69314e-14 0)
(400 7.98737e-14 0)
(400 9.348e-14 0)
(400 8.58805e-14 0)
(400 7.92054e-14 0)
(400 7.62202e-14 0)
(400 5.77371e-14 0)
(400 5.02382e-14 0)
(400 4.40355e-14 0)
(400 3.13833e-14 0)
(400 5.72461e-15 0)
(400 -9.77836e-15 0)
(400 -2.58663e-14 0)
(400 -3.48409e-14 0)
(400 -2.66957e-14 0)
(400 -2.76824e-14 0)
(400 -3.30797e-14 0)
(400 -4.20811e-14 0)
(400 -3.81305e-14 0)
(400 -5.04022e-14 0)
(400 -2.96465e-14 0)
(400 -8.62511e-15 0)
(400 -1.62523e-14 0)
(400 -1.37225e-14 0)
(400 -1.26976e-14 0)
(400 -1.36968e-14 0)
(400 -2.0778e-14 0)
(400 -4.26561e-15 0)
(400 1.22224e-14 0)
(400 2.37228e-14 0)
(400 2.83209e-14 0)
(400 3.95201e-14 0)
(400 3.91635e-14 0)
(400 2.98601e-14 0)
(400 2.5676e-14 0)
(400 3.60501e-14 0)
(400 2.74838e-14 0)
(400 -5.93199e-15 0)
(400 -3.44361e-14 0)
(400 -4.18796e-14 0)
(400 -4.90904e-14 0)
(400 -5.90105e-14 0)
(400 -6.11431e-14 0)
(400 -6.37174e-14 0)
(400 -5.5193e-14 0)
(400 -4.4848e-14 0)
(400 -6.42611e-14 0)
(400 -8.03613e-14 0)
(400 -6.19138e-14 0)
(400 -4.20247e-14 0)
(400 -3.18231e-14 0)
(400 -1.43045e-14 0)
(400 -1.65476e-14 0)
(400 -3.48906e-14 0)
(400 -2.32328e-14 0)
(400 -1.45596e-14 0)
(400 -2.04542e-14 0)
(400 -3.55968e-14 0)
(400 -4.79287e-14 0)
(400 -5.37964e-14 0)
(400 -5.87396e-14 0)
(400 -5.3437e-14 0)
(400 -5.75487e-14 0)
(400 -5.79157e-14 0)
(400 -4.84932e-14 0)
(400 -3.63847e-14 0)
(400 -4.62029e-14 0)
(400 -4.81819e-14 0)
(400 -3.48549e-14 0)
(400 -1.82195e-14 0)
(400 -4.27446e-15 0)
(400 3.45228e-15 0)
(400 7.94971e-15 0)
(400 -7.9775e-16 0)
(400 -1.07853e-14 0)
(400 -5.6265e-15 0)
(400 -7.51343e-15 0)
(400 3.37287e-15 0)
(400 1.5583e-14 0)
(400 2.0348e-14 0)
(400 3.30969e-14 0)
(400 3.14932e-14 0)
(400 3.44748e-14 0)
(400 4.13922e-14 0)
(400 3.14991e-14 0)
(400 2.1431e-14 0)
(400 3.30561e-14 0)
(400 4.49553e-14 0)
(400 5.45669e-14 0)
(400 5.90419e-14 0)
(400 5.16388e-14 0)
(400 5.19007e-14 0)
(400 5.41448e-14 0)
(400 4.98539e-14 0)
(400 5.00673e-14 0)
(400 3.6584e-14 0)
(400 3.09662e-14 0)
(400 1.60635e-14 0)
(400 -2.79374e-15 0)
(400 -5.74869e-15 0)
(400 -2.66574e-14 0)
(400 -4.22813e-14 0)
(400 -2.94533e-14 0)
(400 -2.66936e-14 0)
(400 -2.34659e-15 0)
(400 1.2149e-14 0)
(400 1.25563e-14 0)
(400 6.62959e-15 0)
(400 6.42177e-16 0)
(400 1.54101e-14 0)
(400 1.68563e-14 0)
(400 1.90177e-14 0)
(400 8.83743e-16 0)
(400 -2.04173e-14 0)
(400 -2.12771e-14 0)
(400 -3.87626e-14 0)
(400 -5.28314e-14 0)
(400 -5.59057e-14 0)
(400 -6.82325e-14 0)
(400 -6.31221e-14 0)
(400 -5.15871e-14 0)
(400 -5.32504e-14 0)
(400 -4.1586e-14 0)
(400 -3.33444e-14 0)
(400 -1.99725e-14 0)
(400 3.8828e-15 0)
(400 2.61035e-14 0)
(400 2.69428e-14 0)
(400 1.36227e-14 0)
(400 4.87856e-16 0)
(400 -4.76219e-15 0)
(400 -8.88019e-15 0)
(400 -2.18435e-14 0)
(400 -1.29833e-14 0)
(400 -1.19137e-14 0)
(400 -9.63705e-15 0)
(400 -3.49493e-14 0)
(400 -3.67606e-14 0)
(400 -4.12219e-14 0)
(400 -4.20955e-14 0)
(400 -4.96108e-14 0)
(400 -5.13863e-14 0)
(400 -4.88636e-14 0)
(400 -4.48041e-14 0)
(400 -4.97237e-14 0)
(400 -5.14975e-14 0)
(400 -3.37142e-14 0)
(400 -1.24534e-14 0)
(400 -2.09742e-15 0)
(400 1.85814e-15 0)
(400 -4.59405e-15 0)
(400 -6.11329e-15 0)
(400 -2.2479e-14 0)
(400 -2.18738e-14 0)
(400 8.00615e-15 0)
(400 2.35912e-14 0)
(400 3.22787e-14 0)
(400 2.59819e-14 0)
(400 2.46913e-14 0)
(400 3.03971e-14 0)
(400 2.63755e-14 0)
(400 2.43471e-14 0)
(400 2.54845e-14 0)
(400 3.22678e-14 0)
(400 3.90646e-14 0)
(400 2.56002e-14 0)
(400 1.51381e-14 0)
(400 1.02475e-14 0)
(400 1.59425e-14 0)
(400 2.43696e-14 0)
(400 1.5621e-14 0)
(400 -3.82001e-15 0)
(400 -1.36837e-14 0)
(400 -1.8452e-14 0)
(400 -1.88128e-14 0)
(400 -1.85315e-14 0)
(400 -2.17332e-14 0)
(400 -2.97594e-14 0)
(400 -3.65678e-14 0)
(400 -3.94318e-14 0)
(400 -4.39673e-14 0)
(400 -4.07541e-14 0)
(400 -3.01249e-14 0)
(400 -3.42868e-14 0)
(400 -3.04375e-14 0)
(400 -3.02463e-14 0)
(400 -1.48482e-14 0)
(400 9.254e-15 0)
(400 2.60684e-14 0)
(400 4.2427e-14 0)
(400 3.94988e-14 0)
(400 4.64196e-14 0)
(400 6.21993e-14 0)
(400 5.93518e-14 0)
(400 5.92966e-14 0)
(400 5.21596e-14 0)
(400 5.16251e-14 0)
(400 3.97001e-14 0)
(400 4.21237e-14 0)
(400 5.91035e-14 0)
(400 5.92419e-14 0)
(400 5.35087e-14 0)
(400 5.85198e-14 0)
(400 5.71774e-14 0)
(400 3.76263e-14 0)
(400 2.41275e-14 0)
(400 1.2046e-14 0)
(400 1.31e-14 0)
(400 -3.4992e-15 0)
(400 -8.36609e-15 0)
(400 -2.67072e-14 0)
(400 -2.93106e-14 0)
(400 -3.32824e-14 0)
(400 -3.10909e-14 0)
(400 -2.38197e-14 0)
(400 -2.29534e-14 0)
(400 -2.0218e-14 0)
(400 -1.65899e-14 0)
(400 -2.69771e-14 0)
(400 -3.08607e-14 0)
(400 -2.34017e-14 0)
(400 -9.50074e-15 0)
(400 -1.32338e-14 0)
(400 -1.29953e-14 0)
(400 -5.23274e-15 0)
(400 -5.25881e-15 0)
(400 -5.96163e-15 0)
(400 1.02295e-14 0)
(400 1.90721e-14 0)
(400 3.54768e-14 0)
(400 3.88177e-14 0)
(400 6.16748e-14 0)
(400 7.7385e-14 0)
(400 8.42601e-14 0)
(400 8.58278e-14 0)
(400 7.72711e-14 0)
(400 7.29503e-14 0)
(400 5.93076e-14 0)
(400 3.55594e-14 0)
(400 2.42359e-14 0)
(400 9.04214e-15 0)
(400 -6.4405e-15 0)
(400 -1.1038e-14 0)
(400 -1.57755e-14 0)
(400 -2.75664e-14 0)
(400 -4.45006e-14 0)
(400 -4.79537e-14 0)
(400 -5.29303e-14 0)
(400 -4.91074e-14 0)
(400 -5.04279e-14 0)
(400 -6.08009e-14 0)
(400 -4.90253e-14 0)
(400 -4.55207e-14 0)
(400 -3.4639e-14 0)
(400 -2.031e-14 0)
(400 -2.32147e-14 0)
(400 -4.28307e-14 0)
(400 -5.83548e-14 0)
(400 -7.04819e-14 0)
(400 -6.88585e-14 0)
(400 -7.15432e-14 0)
(400 -8.49398e-14 0)
(400 -8.29447e-14 0)
(400 -6.8006e-14 0)
(400 -4.58255e-14 0)
(400 -5.5263e-14 0)
(400 -6.19191e-14 0)
(400 -8.19723e-14 0)
(400 -7.62886e-14 0)
(400 -5.84066e-14 0)
(400 -3.78122e-14 0)
(400 -2.34154e-14 0)
(400 -1.85701e-14 0)
(400 -8.54031e-15 0)
(400 -1.45956e-14 0)
(400 -1.47e-14 0)
(400 3.4376e-16 0)
(400 1.76851e-14 0)
(400 2.96966e-14 0)
(400 3.80945e-14 0)
(400 3.23383e-14 0)
(400 4.25563e-14 0)
(400 5.64778e-14 0)
(400 6.0204e-14 0)
(400 6.58203e-14 0)
(400 6.48298e-14 0)
(400 7.38082e-14 0)
(400 9.13116e-14 0)
(400 9.66609e-14 0)
(400 1.00478e-13 0)
(400 9.63799e-14 0)
(400 9.21438e-14 0)
(400 8.24309e-14 0)
(400 8.1013e-14 0)
(400 8.20353e-14 0)
(400 6.86146e-14 0)
(400 4.98481e-14 0)
(400 3.47333e-14 0)
(400 2.46141e-14 0)
(400 4.90913e-15 0)
(400 -2.20369e-14 0)
(400 -2.93569e-14 0)
(400 -2.28141e-14 0)
(400 -1.10267e-14 0)
(400 -3.9188e-15 0)
(400 6.49142e-15 0)
(400 1.92119e-14 0)
(400 2.81177e-14 0)
(400 1.94274e-14 0)
(400 2.57737e-14 0)
(400 3.7945e-14 0)
(400 4.33898e-14 0)
(400 4.08428e-14 0)
(400 3.6593e-14 0)
(400 2.73369e-14 0)
(400 -7.21729e-15 0)
(400 -3.12047e-14 0)
(400 -3.97152e-14 0)
(400 -3.94158e-14 0)
(400 -4.23814e-14 0)
(400 -3.44257e-14 0)
(400 -2.97239e-14 0)
(400 -1.7811e-14 0)
(400 -8.76953e-15 0)
(400 6.76392e-15 0)
(400 1.92489e-14 0)
(400 2.77192e-14 0)
(400 3.58448e-14 0)
(400 2.90871e-14 0)
(400 -1.87608e-14 0)
(400 -4.41451e-14 0)
(400 -9.62432e-15 0)
(400 -1.06313e-14 0)
(400 2.68976e-16 0)
(400 -1.52322e-14 0)
(400 -2.24057e-14 0)
(400 -2.47056e-14 0)
(400 -1.46744e-14 0)
(400 -2.89617e-14 0)
(400 -2.33945e-14 0)
(400 -2.53346e-14 0)
(400 -2.99268e-14 0)
(400 -2.31471e-14 0)
(400 -1.54156e-14 0)
(400 -2.32378e-14 0)
(400 -3.07085e-14 0)
(400 -1.22822e-14 0)
(400 1.18009e-14 0)
(400 7.37074e-15 0)
(400 -1.20185e-14 0)
(400 -2.78977e-14 0)
(400 -3.7205e-14 0)
(400 -5.09135e-14 0)
(400 -4.64753e-14 0)
(400 -3.58131e-14 0)
(400 -1.26217e-14 0)
(400 7.77474e-15 0)
(400 2.55012e-14 0)
(400 2.94901e-14 0)
(400 1.94577e-14 0)
(400 -4.61922e-15 0)
(400 7.97837e-15 0)
(400 2.86739e-14 0)
(400 4.54938e-14 0)
(400 6.10721e-14 0)
(400 6.41209e-14 0)
(400 4.79537e-14 0)
(400 3.75148e-14 0)
(400 4.28087e-14 0)
(400 5.7992e-14 0)
(400 4.27709e-14 0)
(400 2.06895e-14 0)
(400 8.79711e-15 0)
(400 -3.15802e-15 0)
(400 -1.67631e-14 0)
(400 -3.2852e-14 0)
(400 -2.91067e-14 0)
(400 -2.11722e-14 0)
(400 -2.47663e-14 0)
(400 -1.56983e-15 0)
(400 7.96101e-15 0)
(400 -5.14085e-15 0)
(400 -1.13163e-15 0)
(400 8.12587e-15 0)
(400 2.35355e-15 0)
(400 2.09489e-14 0)
(400 4.27425e-14 0)
(400 3.16042e-14 0)
(400 3.60843e-14 0)
(400 4.00705e-14 0)
(400 3.82765e-14 0)
(400 3.61949e-14 0)
(400 4.48511e-14 0)
(400 4.78128e-14 0)
(400 3.44757e-14 0)
(400 4.61324e-14 0)
(400 5.33361e-14 0)
(400 4.57103e-14 0)
(400 4.58628e-14 0)
(400 4.82434e-14 0)
(400 4.96267e-14 0)
(400 4.02126e-14 0)
(400 3.23372e-14 0)
(400 2.95866e-14 0)
(400 1.43275e-14 0)
(400 9.51605e-15 0)
(400 1.94081e-14 0)
(400 1.63161e-14 0)
(400 1.83855e-15 0)
(400 -1.10331e-14 0)
(400 -1.36406e-14 0)
(400 -3.05019e-14 0)
(400 -4.00097e-14 0)
(400 -3.57315e-14 0)
(400 -4.24987e-14 0)
(400 -3.75126e-14 0)
(400 -2.26132e-14 0)
(400 -2.07852e-14 0)
(400 -2.97256e-14 0)
(400 -2.55605e-14 0)
(400 -2.81424e-14 0)
(400 -2.46334e-14 0)
(400 -2.90519e-14 0)
(400 -2.69215e-14 0)
(400 -8.33392e-15 0)
(400 8.23043e-15 0)
(400 2.33118e-14 0)
(400 2.55876e-14 0)
(400 2.30354e-14 0)
(400 3.43961e-14 0)
(400 3.25283e-14 0)
(400 3.54645e-14 0)
(400 3.67384e-14 0)
(400 4.91091e-14 0)
(400 4.68316e-14 0)
(400 2.27814e-14 0)
(400 1.56239e-14 0)
(400 1.96667e-14 0)
(400 6.06454e-15 0)
(400 -1.86058e-14 0)
(400 -3.0203e-14 0)
(400 -1.86063e-14 0)
(400 -1.96344e-14 0)
(400 -3.35947e-14 0)
(400 -3.44894e-14 0)
(400 -3.42481e-14 0)
(400 -1.57575e-14 0)
(400 -4.5134e-16 0)
(400 -1.2334e-14 0)
(400 -2.17067e-14 0)
(400 -4.65094e-14 0)
(400 -6.56518e-14 0)
(400 -7.83834e-14 0)
(400 -6.65519e-14 0)
(400 -5.9287e-14 0)
(400 -5.69703e-14 0)
(400 -6.94626e-14 0)
(400 -8.51431e-14 0)
(400 -9.91936e-14 0)
(400 -8.95385e-14 0)
(400 -7.8296e-14 0)
(400 -8.28825e-14 0)
(400 -8.44861e-14 0)
(400 -7.09365e-14 0)
(400 -3.74699e-14 0)
(400 -2.37337e-14 0)
(400 -7.73111e-15 0)
(400 1.11691e-15 0)
(400 -1.40152e-15 0)
(400 6.27583e-15 0)
(400 1.54418e-14 0)
(400 2.14302e-14 0)
(400 1.59564e-14 0)
(400 1.46109e-14 0)
(400 2.01318e-14 0)
(400 2.72788e-14 0)
(400 3.15777e-14 0)
(400 3.45479e-14 0)
(400 4.59424e-14 0)
(400 6.67515e-14 0)
(400 6.83225e-14 0)
(400 7.21199e-14 0)
(400 7.58819e-14 0)
(400 7.12865e-14 0)
(400 7.50856e-14 0)
(400 8.27309e-14 0)
(400 9.60427e-14 0)
(400 9.39182e-14 0)
(400 8.8857e-14 0)
(400 8.3493e-14 0)
(400 8.22249e-14 0)
(400 7.24666e-14 0)
(400 5.91109e-14 0)
(400 4.58944e-14 0)
(400 3.83068e-14 0)
(400 1.98254e-14 0)
(400 8.6134e-15 0)
(400 4.64029e-15 0)
(400 -7.09771e-15 0)
(400 -2.62336e-14 0)
(400 -3.01882e-14 0)
(400 -2.00986e-14 0)
(400 -1.89071e-14 0)
(400 6.73894e-16 0)
(400 -6.23784e-16 0)
(400 7.20626e-16 0)
(400 1.46087e-14 0)
(400 3.66487e-14 0)
(400 3.98299e-14 0)
(400 2.29989e-14 0)
(400 2.528e-14 0)
(400 2.02888e-14 0)
(400 2.27113e-14 0)
(400 2.4574e-14 0)
(400 4.38945e-15 0)
(400 -2.343e-14 0)
(400 -3.80559e-14 0)
(400 -4.28362e-14 0)
(400 -4.03159e-14 0)
(400 -5.88272e-14 0)
(400 -7.28034e-14 0)
(400 -5.95206e-14 0)
(400 -6.14734e-14 0)
(400 -5.8894e-14 0)
(400 -5.75848e-14 0)
(400 -5.64095e-14 0)
(400 -4.4873e-14 0)
(400 -3.10799e-14 0)
(400 -1.68295e-14 0)
(400 -3.06223e-14 0)
(400 -3.08384e-14 0)
(400 1.10804e-14 0)
(400 3.66765e-14 0)
(400 2.87418e-14 0)
(400 1.32767e-14 0)
(400 7.23528e-15 0)
(400 1.20761e-14 0)
(400 -5.89038e-15 0)
(400 -2.75873e-14 0)
(400 -2.48677e-14 0)
(400 -4.06465e-14 0)
(400 -4.90031e-14 0)
(400 -5.43921e-14 0)
(400 -5.13302e-14 0)
(400 -5.05273e-14 0)
(400 -3.63655e-14 0)
(400 -4.64472e-14 0)
(400 -2.40722e-14 0)
(400 -4.27058e-15 0)
(400 -1.69786e-15 0)
(400 1.11408e-14 0)
(400 2.87399e-15 0)
(400 -2.57909e-15 0)
(400 -1.73508e-14 0)
(400 -2.01844e-14 0)
(400 -2.31591e-14 0)
(400 -2.71035e-14 0)
(400 -1.26946e-14 0)
(400 -5.84122e-15 0)
(400 -2.94373e-14 0)
(400 -3.26734e-14 0)
(400 -2.86607e-14 0)
(400 -2.62232e-14 0)
(400 -1.29187e-14 0)
(400 -5.54675e-16 0)
(400 -9.64185e-15 0)
(400 -3.82692e-14 0)
(400 -4.33155e-14 0)
(400 -2.34842e-14 0)
(400 -1.26837e-14 0)
(400 -1.9388e-14 0)
(400 -2.66004e-14 0)
(400 -2.85562e-14 0)
(400 -3.1828e-14 0)
(400 -3.58699e-14 0)
(400 -4.76099e-14 0)
(400 -5.35475e-14 0)
(400 -5.72456e-14 0)
(400 -4.86679e-14 0)
(400 -3.91619e-14 0)
(400 -2.37799e-14 0)
(400 -9.06437e-15 0)
(400 -7.80867e-15 0)
(400 -2.84746e-15 0)
(400 -1.44627e-15 0)
(400 -5.63122e-16 0)
(400 -1.8984e-15 0)
(400 -2.79359e-15 0)
(400 1.26765e-14 0)
(400 1.20032e-14 0)
(400 3.85294e-15 0)
(400 3.53031e-15 0)
(400 -1.15133e-15 0)
(400 2.20383e-14 0)
(400 2.91525e-14 0)
(400 2.53284e-14 0)
(400 2.31881e-14 0)
(400 1.27297e-14 0)
(400 2.73607e-15 0)
(400 -8.0072e-15 0)
(400 -2.5891e-14 0)
(400 -3.20473e-14 0)
(400 -4.65811e-14 0)
(400 -4.98625e-14 0)
(400 -4.40441e-14 0)
(400 -4.2763e-14 0)
(400 -2.27086e-14 0)
(400 -2.82798e-14 0)
(400 -3.74355e-14 0)
(400 -4.35973e-14 0)
(400 -4.88758e-14 0)
(400 -5.88087e-14 0)
(400 -5.21197e-14 0)
(400 -5.90616e-14 0)
(400 -8.0807e-14 0)
(400 -6.86688e-14 0)
(400 -3.86154e-14 0)
(400 -2.96833e-14 0)
(400 -2.23395e-14 0)
(400 -3.23988e-14 0)
(400 -4.56118e-14 0)
(400 -5.07756e-14 0)
(400 -4.0968e-14 0)
(400 -3.33545e-14 0)
(400 -3.50428e-14 0)
(400 -1.28968e-14 0)
(400 1.81844e-14 0)
(400 2.45087e-14 0)
(400 2.35284e-14 0)
(400 2.47993e-14 0)
(400 3.0508e-14 0)
(400 3.19543e-14 0)
(400 4.21571e-14 0)
(400 4.82804e-14 0)
(400 4.45985e-14 0)
(400 4.19426e-14 0)
(400 3.86889e-14 0)
(400 3.84724e-14 0)
(400 3.19291e-14 0)
(400 7.981e-15 0)
(400 -9.08508e-15 0)
(400 -2.5576e-15 0)
(400 -1.81546e-15 0)
(400 -4.7669e-15 0)
(400 -9.00858e-15 0)
(400 -3.78577e-15 0)
(400 -3.37883e-15 0)
(400 1.15458e-14 0)
(400 -2.61075e-15 0)
(400 -2.06657e-14 0)
(400 -3.776e-14 0)
(400 -6.31442e-14 0)
(400 -7.17267e-14 0)
(400 -8.7278e-14 0)
(400 -1.12688e-13 0)
(400 -1.10005e-13 0)
(400 -1.08164e-13 0)
(400 -1.22562e-13 0)
(400 -1.29323e-13 0)
(400 -1.48323e-13 0)
(400 -1.39893e-13 0)
(400 -1.2757e-13 0)
(400 -1.28584e-13 0)
(400 -1.22572e-13 0)
(400 -1.34799e-13 0)
(400 -1.23626e-13 0)
(400 -1.04749e-13 0)
(400 -8.71822e-14 0)
(400 -8.56557e-14 0)
(400 -7.95564e-14 0)
(400 -7.30814e-14 0)
(400 -7.06105e-14 0)
(400 -5.91127e-14 0)
(400 -6.82083e-14 0)
(400 -8.8105e-14 0)
(400 -9.01489e-14 0)
(400 -8.32536e-14 0)
(400 -7.94624e-14 0)
(400 -7.05096e-14 0)
(400 -5.62503e-14 0)
(400 -3.00108e-14 0)
(400 -2.11891e-14 0)
(400 -3.90838e-15 0)
(400 1.19882e-14 0)
(400 2.14559e-14 0)
(400 5.23674e-14 0)
(400 6.59243e-14 0)
(400 7.12652e-14 0)
(400 6.58874e-14 0)
(400 5.7154e-14 0)
(400 6.40904e-14 0)
(400 6.10772e-14 0)
(400 5.43176e-14 0)
(400 3.32874e-14 0)
(400 1.71745e-14 0)
(400 1.63617e-15 0)
(400 -2.36534e-14 0)
(400 -4.57321e-14 0)
(400 -6.36208e-14 0)
(400 -6.76265e-14 0)
(400 -4.68333e-14 0)
(400 -2.15488e-14 0)
(400 -1.71669e-14 0)
(400 -2.10446e-14 0)
(400 -1.00516e-14 0)
(400 8.38781e-15 0)
(400 2.65112e-14 0)
(400 3.63212e-14 0)
(400 6.0646e-14 0)
(400 5.39451e-14 0)
(400 4.32135e-14 0)
(400 2.30912e-14 0)
(400 1.84482e-14 0)
(400 1.43318e-14 0)
(400 -2.21144e-16 0)
(400 -8.21686e-15 0)
(400 -1.898e-14 0)
(400 -3.2815e-14 0)
(400 -2.5023e-14 0)
(400 -3.6129e-14 0)
(400 -4.54242e-14 0)
(400 -4.17193e-14 0)
(400 -4.63683e-14 0)
(400 -3.83169e-14 0)
(400 -3.85468e-14 0)
(400 -1.80679e-14 0)
(400 -7.15459e-15 0)
(400 -1.11614e-14 0)
(400 2.22235e-15 0)
(400 2.47626e-14 0)
(400 2.55976e-14 0)
(400 5.83815e-15 0)
(400 2.17866e-14 0)
(400 1.42331e-14 0)
(400 -3.06278e-15 0)
(400 -2.27152e-16 0)
(400 7.34577e-15 0)
(400 -2.51181e-15 0)
(400 -5.89623e-15 0)
(400 -1.89768e-14 0)
(400 -2.42015e-14 0)
(400 -2.60329e-14 0)
(400 -3.96715e-14 0)
(400 -4.71003e-14 0)
(400 -4.35377e-14 0)
(400 -3.83791e-14 0)
(400 -4.52003e-14 0)
(400 -3.53095e-14 0)
(400 -8.70386e-15 0)
(400 3.23354e-16 0)
(400 -2.03303e-14 0)
(400 -3.61783e-14 0)
(400 -3.11327e-14 0)
(400 -5.13563e-14 0)
(400 -7.39239e-14 0)
(400 -7.88345e-14 0)
(400 -7.93432e-14 0)
(400 -6.44397e-14 0)
(400 -3.10403e-14 0)
(400 -2.23381e-14 0)
(400 -8.71476e-15 0)
(400 -1.53541e-14 0)
(400 -4.44952e-14 0)
(400 -3.89774e-14 0)
(400 -4.68375e-14 0)
(400 -6.77273e-14 0)
(400 -7.2869e-14 0)
(400 -7.01269e-14 0)
(400 -6.21299e-14 0)
(400 -6.47049e-14 0)
(400 -6.45662e-14 0)
(400 -5.37715e-14 0)
(400 -7.04931e-14 0)
(400 -8.46462e-14 0)
(400 -8.36449e-14 0)
(400 -7.4092e-14 0)
(400 -7.60648e-14 0)
(400 -8.74444e-14 0)
(400 -7.62311e-14 0)
(400 -6.87815e-14 0)
(400 -4.43534e-14 0)
(400 -2.58629e-14 0)
(400 -1.38437e-14 0)
(400 -5.95021e-15 0)
(400 -4.10636e-15 0)
(400 -1.26084e-14 0)
(400 -4.29253e-14 0)
(400 -2.46107e-14 0)
(400 8.14671e-15 0)
(400 1.77764e-14 0)
(400 1.93506e-15 0)
(400 -1.40442e-14 0)
(400 -1.19622e-14 0)
(400 1.2735e-14 0)
(400 2.68207e-14 0)
(400 1.13602e-14 0)
(400 -1.84055e-15 0)
(400 -1.54092e-15 0)
(400 -1.14471e-14 0)
(400 -2.20067e-14 0)
(400 -3.45933e-14 0)
(400 -4.10651e-14 0)
(400 -4.06367e-14 0)
(400 -3.3788e-14 0)
(400 -1.95921e-14 0)
(400 -2.96988e-14 0)
(400 -2.61161e-14 0)
(400 -2.71006e-14 0)
(400 -2.96757e-14 0)
(400 -2.07731e-14 0)
(400 -2.34582e-14 0)
(400 -2.50508e-14 0)
(400 -1.91527e-14 0)
(400 -3.57579e-14 0)
(400 -5.23543e-14 0)
(400 -5.63444e-14 0)
(400 -4.52409e-14 0)
(400 -1.64844e-14 0)
(400 -2.19158e-14 0)
(400 -3.8082e-14 0)
(400 -5.46711e-14 0)
(400 -6.44115e-14 0)
(400 -5.61833e-14 0)
(400 -5.4427e-14 0)
(400 -6.77845e-14 0)
(400 -5.16399e-14 0)
(400 -2.47376e-14 0)
(400 -9.45832e-15 0)
(400 -1.49057e-14 0)
(400 -2.63558e-14 0)
(400 -1.5848e-14 0)
(400 -1.64744e-15 0)
(400 2.83633e-14 0)
(400 2.76706e-14 0)
(400 2.94067e-14 0)
(400 4.20129e-14 0)
(400 5.80313e-14 0)
(400 6.92592e-14 0)
(400 7.03172e-14 0)
(400 6.89618e-14 0)
(400 5.67088e-14 0)
(400 4.72298e-14 0)
(400 5.49917e-14 0)
(400 6.08519e-14 0)
(400 6.4933e-14 0)
(400 6.51485e-14 0)
(400 5.51184e-14 0)
(400 5.58937e-14 0)
(400 6.07154e-14 0)
(400 3.35328e-14 0)
(400 8.89433e-15 0)
(400 -7.23807e-15 0)
(400 2.76541e-15 0)
(400 -1.51923e-15 0)
(400 -2.76199e-14 0)
(400 -4.05187e-14 0)
(400 -3.46214e-14 0)
(400 -3.25334e-14 0)
(400 -2.58318e-14 0)
(400 -4.23834e-14 0)
(400 -5.58969e-14 0)
(400 -5.30555e-14 0)
(400 -3.51879e-14 0)
(400 -3.3424e-14 0)
(400 -4.323e-14 0)
(400 -4.75117e-14 0)
(400 -3.23234e-14 0)
(400 -1.98631e-14 0)
(400 -1.37831e-14 0)
(400 -8.94034e-15 0)
(400 -2.13009e-14 0)
(400 -4.83708e-14 0)
(400 -5.23381e-14 0)
(400 -5.68203e-14 0)
(400 -5.98437e-14 0)
(400 -7.97754e-14 0)
(400 -7.94283e-14 0)
(400 -6.21448e-14 0)
(400 -6.11604e-14 0)
(400 -6.48892e-14 0)
(400 -7.2509e-14 0)
(400 -5.60499e-14 0)
(400 -4.62959e-14 0)
(400 -4.02483e-14 0)
(400 -1.84734e-14 0)
(400 9.22306e-15 0)
(400 6.54934e-15 0)
(400 6.6573e-15 0)
(400 5.76461e-15 0)
(400 9.10026e-15 0)
(400 2.8889e-14 0)
(400 4.53129e-14 0)
(400 3.25288e-14 0)
(400 1.52778e-14 0)
(400 1.43027e-14 0)
(400 3.62909e-15 0)
(400 -1.909e-14 0)
(400 -3.51861e-14 0)
(400 -3.3169e-14 0)
(400 -3.40804e-14 0)
(400 -3.26314e-14 0)
(400 -2.27182e-14 0)
(400 -2.55064e-14 0)
(400 -2.36094e-14 0)
(400 -2.00875e-14 0)
(400 -2.09972e-14 0)
(400 -6.31401e-15 0)
(400 7.46017e-15 0)
(400 2.62122e-14 0)
(400 3.16258e-14 0)
(400 1.69869e-14 0)
(400 5.87889e-16 0)
(400 1.81311e-15 0)
(400 4.06627e-15 0)
(400 1.01855e-14 0)
(400 1.52892e-14 0)
(400 1.18848e-14 0)
(400 2.84905e-15 0)
(400 -1.12387e-14 0)
(400 -1.45043e-14 0)
(400 -2.58085e-14 0)
(400 -3.8586e-14 0)
(400 -3.99008e-14 0)
(400 -4.20834e-14 0)
(400 -3.83343e-14 0)
(400 -2.43888e-14 0)
(400 -2.64199e-14 0)
(400 -2.58115e-14 0)
(400 -1.60872e-14 0)
(400 1.30807e-14 0)
(400 9.78029e-15 0)
(400 -2.31524e-16 0)
(400 -4.94569e-15 0)
(400 3.23319e-15 0)
(400 1.63544e-14 0)
(400 1.3504e-14 0)
(400 1.84358e-14 0)
(400 2.95006e-14 0)
(400 5.73938e-14 0)
(400 3.35771e-14 0)
(400 2.46411e-14 0)
(400 1.97846e-14 0)
(400 2.06932e-14 0)
(400 2.36917e-14 0)
(400 1.82078e-14 0)
(400 -1.14193e-14 0)
(400 -2.52769e-14 0)
(400 -2.80562e-14 0)
(400 -1.53899e-14 0)
(400 -2.50169e-14 0)
(400 -5.09735e-14 0)
(400 -6.00771e-14 0)
(400 -6.06316e-14 0)
(400 -5.347e-14 0)
(400 -6.95722e-14 0)
(400 -7.78783e-14 0)
(400 -8.26517e-14 0)
(400 -7.56996e-14 0)
(400 -5.26413e-14 0)
(400 -1.72902e-14 0)
(400 -2.18981e-14 0)
(400 -3.34396e-14 0)
(400 -4.16278e-14 0)
(400 -5.84611e-14 0)
(400 -7.46088e-14 0)
(400 -6.71753e-14 0)
(400 -5.0671e-14 0)
(400 -3.37038e-14 0)
(400 -4.18014e-14 0)
(400 -5.30402e-14 0)
(400 -3.27402e-14 0)
(400 -2.62741e-14 0)
(400 -3.1839e-14 0)
(400 -4.35137e-14 0)
(400 -5.27049e-14 0)
(400 -4.70758e-14 0)
(400 -5.35998e-14 0)
(400 -6.54192e-14 0)
(400 -4.54759e-14 0)
(400 -2.27514e-14 0)
(400 -7.32596e-15 0)
(400 2.89603e-15 0)
(400 2.14032e-14 0)
(400 3.7812e-14 0)
(400 4.27337e-14 0)
(400 3.52614e-14 0)
(400 1.69431e-14 0)
(400 -8.50164e-16 0)
(400 7.5507e-16 0)
(400 5.67489e-15 0)
(400 -6.29094e-15 0)
(400 -1.688e-14 0)
(400 -9.03336e-15 0)
(400 -3.4209e-15 0)
(400 -5.21541e-15 0)
(400 -1.37626e-14 0)
(400 -2.96894e-14 0)
(400 -2.92479e-14 0)
(400 -2.42387e-14 0)
(400 -2.73934e-14 0)
(400 -2.66541e-14 0)
(400 -2.74663e-14 0)
(400 -2.87119e-14 0)
(400 -3.22918e-14 0)
(400 -2.26336e-14 0)
(400 -2.09151e-14 0)
(400 -3.12001e-14 0)
(400 -2.38603e-14 0)
(400 -5.32932e-15 0)
(400 3.72783e-15 0)
(400 2.22756e-14 0)
(400 2.87852e-14 0)
(400 2.44358e-14 0)
(400 2.26775e-14 0)
(400 4.69863e-14 0)
(400 3.52216e-14 0)
(400 6.96386e-15 0)
(400 5.67009e-15 0)
(400 -2.83655e-15 0)
(400 3.03854e-15 0)
(400 6.70092e-15 0)
(400 -1.17756e-14 0)
(400 -2.85526e-14 0)
(400 -1.67815e-14 0)
(400 6.73681e-15 0)
(400 2.07723e-14 0)
(400 1.57607e-14 0)
(400 1.77989e-14 0)
(400 2.02493e-14 0)
(400 2.37437e-14 0)
(400 2.37826e-14 0)
(400 2.84371e-14 0)
(400 3.5782e-14 0)
(400 3.62609e-14 0)
(400 3.11266e-14 0)
(400 2.73175e-14 0)
(400 2.31801e-14 0)
(400 3.02994e-15 0)
(400 4.12814e-15 0)
(400 1.85988e-14 0)
(400 8.8324e-15 0)
(400 -1.27368e-14 0)
(400 -2.39923e-14 0)
(400 -2.90898e-14 0)
(400 -2.21064e-14 0)
(400 -1.2122e-14 0)
(400 -7.86217e-15 0)
(400 -2.31442e-14 0)
(400 -2.30999e-14 0)
(400 -3.35035e-14 0)
(400 -5.10816e-14 0)
(400 -8.17058e-14 0)
(400 -9.7659e-14 0)
(400 -1.04906e-13 0)
(400 -1.03548e-13 0)
(400 -1.12143e-13 0)
(400 -1.20144e-13 0)
(400 -1.24251e-13 0)
(400 -1.1828e-13 0)
(400 -9.61522e-14 0)
(400 -8.04388e-14 0)
(400 -7.11724e-14 0)
(400 -6.1872e-14 0)
(400 -5.78564e-14 0)
(400 -5.17713e-14 0)
(400 -4.712e-14 0)
(400 -6.17858e-14 0)
(400 -6.812e-14 0)
(400 -6.38899e-14 0)
(400 -7.43617e-14 0)
(400 -8.90346e-14 0)
(400 -1.08723e-13 0)
(400 -1.28725e-13 0)
(400 -1.21696e-13 0)
(400 -7.83999e-14 0)
(400 -7.33832e-14 0)
(400 -7.59312e-14 0)
(400 -6.84095e-14 0)
(400 -5.66512e-14 0)
(400 -5.58899e-14 0)
(400 -6.75238e-14 0)
(400 -5.03277e-14 0)
(400 -4.91074e-14 0)
(400 -3.95205e-14 0)
(400 -1.73624e-14 0)
(400 -5.24731e-15 0)
(400 -1.59527e-14 0)
(400 -3.31091e-14 0)
(400 -3.09748e-14 0)
(400 -1.78544e-14 0)
(400 -2.38946e-14 0)
(400 -2.84057e-14 0)
(400 -3.31226e-14 0)
(400 -3.73184e-14 0)
(400 -3.85595e-14 0)
(400 -3.59909e-14 0)
(400 -2.81216e-14 0)
(400 -1.78537e-14 0)
(400 -6.69204e-15 0)
(400 -1.2623e-15 0)
(400 -1.28139e-14 0)
(400 -2.45826e-14 0)
(400 -2.00238e-14 0)
(400 -6.84561e-15 0)
(400 -1.93871e-14 0)
(400 -2.80106e-14 0)
(400 -2.19034e-14 0)
(400 2.279e-16 0)
(400 2.20944e-14 0)
(400 1.68293e-14 0)
(400 -5.67346e-15 0)
(400 -5.33042e-15 0)
(400 1.56016e-14 0)
(400 2.82494e-14 0)
(400 4.89757e-14 0)
(400 5.64448e-14 0)
(400 6.20297e-14 0)
(400 7.08765e-14 0)
(400 5.3666e-14 0)
(400 5.11947e-14 0)
(400 3.31974e-14 0)
(400 1.16307e-14 0)
(400 6.49719e-15 0)
(400 4.04161e-15 0)
(400 -2.54776e-15 0)
(400 -1.54255e-14 0)
(400 -1.81989e-14 0)
(400 -7.12163e-15 0)
(400 1.04785e-14 0)
(400 5.15652e-14 0)
(400 6.05345e-14 0)
(400 2.64824e-14 0)
(400 2.56496e-14 0)
(400 1.60975e-14 0)
(400 3.34676e-14 0)
(400 3.7163e-14 0)
(400 3.03402e-14 0)
(400 3.38677e-14 0)
(400 4.73187e-14 0)
(400 3.42256e-14 0)
(400 3.16136e-14 0)
(400 2.01483e-14 0)
(400 2.03157e-14 0)
(400 9.91803e-15 0)
(400 -1.05233e-14 0)
(400 -3.88789e-14 0)
(400 -5.25031e-14 0)
(400 -5.77605e-14 0)
(400 -5.58795e-14 0)
(400 -5.62835e-14 0)
(400 -4.63821e-14 0)
(400 -4.81779e-14 0)
(400 -4.04182e-14 0)
(400 -1.66072e-14 0)
(400 -2.06754e-15 0)
(400 -1.60511e-14 0)
(400 -3.68253e-14 0)
(400 -5.21625e-14 0)
(400 -7.46007e-14 0)
(400 -6.18329e-14 0)
(400 -4.88464e-14 0)
(400 -6.5405e-14 0)
(400 -6.22435e-14 0)
(400 -8.25404e-14 0)
(400 -7.00603e-14 0)
(400 -5.99587e-14 0)
(400 -4.86492e-14 0)
(400 -4.19253e-14 0)
(400 -4.91957e-14 0)
(400 -5.88205e-14 0)
(400 -5.15899e-14 0)
(400 -5.47858e-14 0)
(400 -4.50707e-14 0)
(400 -4.50334e-14 0)
(400 -5.13103e-14 0)
(400 -4.44725e-14 0)
(400 -4.84689e-14 0)
(400 -6.42602e-14 0)
(400 -4.00007e-14 0)
(400 -1.06571e-14 0)
(400 -4.72727e-16 0)
(400 5.79356e-15 0)
(400 1.72438e-14 0)
(400 2.91678e-14 0)
(400 3.25439e-14 0)
(400 1.41713e-14 0)
(400 1.51037e-16 0)
(400 -3.11587e-14 0)
(400 -5.37519e-14 0)
(400 -5.33684e-14 0)
(400 -5.57049e-14 0)
(400 -5.15214e-14 0)
(400 -4.96996e-14 0)
(400 -5.48304e-14 0)
(400 -4.74358e-14 0)
(400 -5.18705e-14 0)
(400 -7.5623e-14 0)
(400 -9.16329e-14 0)
(400 -8.49295e-14 0)
(400 -7.85947e-14 0)
(400 -6.13208e-14 0)
(400 -4.40815e-14 0)
(400 -3.85997e-14 0)
(400 -4.68492e-14 0)
(400 -5.83111e-14 0)
(400 -6.19417e-14 0)
(400 -7.84262e-14 0)
(400 -8.6162e-14 0)
(400 -7.53599e-14 0)
(400 -6.54356e-14 0)
(400 -3.494e-14 0)
(400 -1.26455e-14 0)
(400 -5.53217e-15 0)
(400 1.96849e-14 0)
(400 5.44003e-14 0)
(400 4.81504e-14 0)
(400 1.97098e-14 0)
(400 4.6815e-16 0)
(400 6.78247e-15 0)
(400 2.66585e-14 0)
(400 1.967e-14 0)
(400 -1.30921e-14 0)
(400 -3.49228e-14 0)
(400 -3.37438e-14 0)
(400 -7.42054e-15 0)
(400 3.1427e-15 0)
(400 -4.71807e-15 0)
(400 -5.89387e-15 0)
(400 -6.04643e-16 0)
(400 4.54851e-15 0)
(400 -1.13985e-15 0)
(400 -2.87835e-15 0)
(400 -6.39695e-15 0)
(400 3.08303e-15 0)
(400 -1.30814e-15 0)
(400 -3.41056e-15 0)
(400 -6.97839e-15 0)
(400 -1.32062e-14 0)
(400 1.15953e-14 0)
(400 3.65521e-14 0)
(400 4.16779e-14 0)
(400 2.24979e-14 0)
(400 1.58599e-15 0)
(400 6.19087e-15 0)
(400 1.05185e-14 0)
(400 1.68807e-14 0)
(400 1.62432e-14 0)
(400 4.74072e-15 0)
(400 1.22508e-14 0)
(400 3.8235e-14 0)
(400 4.87531e-14 0)
(400 3.56568e-14 0)
(400 1.35235e-14 0)
(400 -1.55732e-14 0)
(400 -1.306e-14 0)
(400 -1.61317e-14 0)
(400 -3.11186e-14 0)
(400 -4.20652e-14 0)
(400 -6.37955e-14 0)
(400 -5.23366e-14 0)
(400 -2.65877e-14 0)
(400 -1.13475e-14 0)
(400 -1.46683e-14 0)
(400 -1.06198e-14 0)
(400 -1.04859e-14 0)
(400 -3.09085e-15 0)
(400 -1.05618e-14 0)
(400 -1.19475e-14 0)
(400 -2.14452e-14 0)
(400 -3.9149e-14 0)
(400 -4.13793e-14 0)
(400 -3.43682e-14 0)
(400 -5.07353e-14 0)
(400 -5.65456e-14 0)
(400 -5.20161e-14 0)
(400 -3.67876e-14 0)
(400 -4.3032e-14 0)
(400 -7.08079e-14 0)
(400 -7.96428e-14 0)
(400 -8.16152e-14 0)
(400 -8.34455e-14 0)
(400 -9.30675e-14 0)
(400 -1.00691e-13 0)
(400 -8.18668e-14 0)
(400 -6.6237e-14 0)
(400 -6.10038e-14 0)
(400 -5.91918e-14 0)
(400 -5.86935e-14 0)
(400 -3.94299e-14 0)
(400 -3.31439e-14 0)
(400 -5.02479e-14 0)
(400 -5.98542e-14 0)
(400 -5.72438e-14 0)
(400 -5.93771e-14 0)
(400 -7.16822e-14 0)
(400 -5.78028e-14 0)
(400 -3.91011e-14 0)
(400 -3.00839e-14 0)
(400 -1.40405e-14 0)
(400 3.00618e-15 0)
(400 -3.44785e-15 0)
(400 -2.6144e-14 0)
(400 -1.40292e-14 0)
(400 -1.31591e-14 0)
(400 -2.0102e-14 0)
(400 -1.13121e-14 0)
(400 -1.85667e-14 0)
(400 -2.42379e-14 0)
(400 -3.00897e-14 0)
(400 -3.21638e-14 0)
(400 -4.33978e-14 0)
(400 -5.05153e-14 0)
(400 -4.08278e-14 0)
(400 -3.35883e-14 0)
(400 -1.89193e-14 0)
(400 -1.33e-14 0)
(400 -1.9362e-14 0)
(400 -2.12643e-14 0)
(400 -2.88652e-14 0)
(400 -3.76393e-14 0)
(400 -4.86521e-14 0)
(400 -6.54373e-14 0)
(400 -7.61494e-14 0)
(400 -7.6457e-14 0)
(400 -8.67989e-14 0)
(400 -9.42404e-14 0)
(400 -9.36423e-14 0)
(400 -8.98441e-14 0)
(400 -7.74959e-14 0)
(400 -4.29695e-14 0)
(400 -1.1163e-14 0)
(400 3.97388e-14 0)
(400 5.82969e-14 0)
(400 5.0111e-14 0)
(400 4.08444e-14 0)
(400 3.819e-14 0)
(400 4.4693e-14 0)
(400 5.11488e-14 0)
(400 4.79418e-14 0)
(400 6.81724e-14 0)
(400 6.92356e-14 0)
(400 6.77599e-14 0)
(400 5.76403e-14 0)
(400 2.25875e-14 0)
(400 2.4986e-15 0)
(400 -2.84549e-15 0)
(400 -1.32549e-14 0)
(400 -3.58457e-14 0)
(400 -7.35225e-14 0)
(400 -7.03084e-14 0)
(400 -6.73945e-14 0)
(400 -5.93048e-14 0)
(400 -5.14428e-14 0)
(400 -3.97638e-14 0)
(400 -3.07501e-14 0)
(400 -1.10229e-14 0)
(400 1.20954e-14 0)
(400 1.66462e-14 0)
(400 -1.03123e-14 0)
(400 -2.81135e-14 0)
(400 -1.79098e-14 0)
(400 -3.92195e-14 0)
(400 -5.80596e-14 0)
(400 -6.5799e-14 0)
(400 -5.7453e-14 0)
(400 -4.95165e-14 0)
(400 -3.57616e-14 0)
(400 -4.86838e-14 0)
(400 -6.56613e-14 0)
(400 -7.00579e-14 0)
(400 -7.21973e-14 0)
(400 -8.2587e-14 0)
(400 -9.91449e-14 0)
(400 -9.80709e-14 0)
(400 -9.16009e-14 0)
(400 -7.83151e-14 0)
(400 -5.39461e-14 0)
(400 -2.09373e-14 0)
(400 1.24294e-16 0)
(400 2.17101e-14 0)
(400 2.6319e-14 0)
(400 2.62466e-14 0)
(400 4.39253e-14 0)
(400 5.73239e-14 0)
(400 5.6166e-14 0)
(400 3.81522e-14 0)
(400 3.03176e-14 0)
(400 1.05832e-14 0)
(400 -1.9017e-14 0)
(400 -3.99345e-14 0)
(400 -4.12628e-14 0)
(400 -2.69367e-14 0)
(400 -1.6509e-14 0)
(400 -1.47823e-14 0)
(400 -1.80041e-14 0)
(400 -1.83452e-14 0)
(400 -1.56941e-14 0)
(400 -3.5692e-15 0)
(400 -3.35431e-15 0)
(400 -7.94148e-15 0)
(400 8.66749e-15 0)
(400 3.12435e-14 0)
(400 3.53998e-14 0)
(400 3.7347e-14 0)
(400 2.52649e-14 0)
(400 1.58911e-14 0)
(400 1.64162e-14 0)
(400 4.71542e-16 0)
(400 -7.59634e-15 0)
(400 -5.50211e-15 0)
(400 2.18464e-15 0)
(400 1.25554e-14 0)
(400 2.62515e-14 0)
(400 4.91503e-14 0)
(400 5.00325e-14 0)
(400 4.45324e-14 0)
(400 3.58957e-14 0)
(400 2.63342e-14 0)
(400 4.05687e-14 0)
(400 4.77555e-14 0)
(400 3.8674e-14 0)
(400 3.53228e-14 0)
(400 2.79985e-14 0)
(400 1.14303e-14 0)
(400 1.2009e-14 0)
(400 8.11095e-15 0)
(400 2.50162e-14 0)
(400 4.34754e-14 0)
(400 4.16151e-14 0)
(400 2.96131e-14 0)
(400 1.76149e-14 0)
(400 4.28928e-15 0)
(400 -8.06936e-15 0)
(400 -2.46632e-14 0)
(400 -4.86663e-14 0)
(400 -5.78006e-14 0)
(400 -5.58399e-14 0)
(400 -3.83918e-14 0)
(400 -3.06143e-14 0)
(400 -3.96712e-14 0)
(400 -5.76194e-14 0)
(400 -6.54511e-14 0)
(400 -5.96381e-14 0)
(400 -5.45278e-14 0)
(400 -6.48694e-14 0)
(400 -6.31938e-14 0)
(400 -7.55074e-14 0)
(400 -8.54518e-14 0)
(400 -7.27953e-14 0)
(400 -6.11901e-14 0)
(400 -5.21704e-14 0)
(400 -4.38336e-14 0)
(400 -4.72845e-14 0)
(400 -6.2193e-14 0)
(400 -7.05399e-14 0)
(400 -8.47284e-14 0)
(400 -9.25106e-14 0)
(400 -8.40044e-14 0)
(400 -8.82832e-14 0)
(400 -9.5386e-14 0)
(400 -8.01761e-14 0)
(400 -6.36749e-14 0)
(400 -6.17081e-14 0)
(400 -5.41726e-14 0)
(400 -4.36682e-14 0)
(400 -2.64187e-14 0)
(400 -1.24464e-14 0)
(400 -8.28252e-15 0)
(400 -2.42636e-14 0)
(400 -3.17736e-14 0)
(400 -4.33019e-14 0)
(400 -3.70219e-14 0)
(400 -3.13705e-14 0)
(400 -2.73816e-14 0)
(400 -3.25023e-14 0)
(400 -1.06536e-14 0)
(400 -3.83997e-15 0)
(400 -2.36073e-14 0)
(400 -4.73076e-14 0)
(400 -3.97551e-14 0)
(400 -4.10869e-14 0)
(400 -5.41945e-14 0)
(400 -6.54169e-14 0)
(400 -7.39768e-14 0)
(400 -7.81176e-14 0)
(400 -8.24691e-14 0)
(400 -6.47762e-14 0)
(400 -5.81587e-14 0)
(400 -5.93683e-14 0)
(400 -6.64863e-14 0)
(400 -7.13743e-14 0)
(400 -8.35629e-14 0)
(400 -8.3401e-14 0)
(400 -7.23081e-14 0)
(400 -8.75426e-14 0)
(400 -8.58034e-14 0)
(400 -5.63904e-14 0)
(400 -3.44159e-14 0)
(400 -2.16181e-14 0)
(400 -1.7623e-14 0)
(400 -3.07306e-14 0)
(400 -4.53518e-14 0)
(400 -4.02735e-14 0)
(400 -4.50395e-14 0)
(400 -5.40506e-14 0)
(400 -7.13429e-14 0)
(400 -8.74471e-14 0)
(400 -9.47551e-14 0)
(400 -1.0508e-13 0)
(400 -9.35036e-14 0)
(400 -9.43456e-14 0)
(400 -8.74713e-14 0)
(400 -6.84124e-14 0)
(400 -4.89039e-14 0)
(400 -3.41124e-14 0)
(400 -3.01869e-14 0)
(400 -8.56187e-15 0)
(400 3.82133e-15 0)
(400 1.2849e-15 0)
(400 -1.08809e-14 0)
(400 -1.63823e-14 0)
(400 3.04786e-15 0)
(400 2.43192e-15 0)
(400 -1.80943e-14 0)
(400 -3.54185e-14 0)
(400 -4.62261e-14 0)
(400 -4.88045e-14 0)
(400 -4.96711e-14 0)
(400 -3.95163e-14 0)
(400 -1.89671e-14 0)
(400 1.37595e-14 0)
)
;

boundaryField
{
    cyclic1
    {
        type            cyclic;
    }
    cyclic2
    {
        type            cyclic;
    }
    frontAndBack
    {
        type            empty;
    }
    outlet
    {
        type            zeroGradient;
    }
    inlet
    {
        type            fixedValue;
        value           uniform (400 0 0);
    }
}


// ************************************************************************* //
