/*--------------------------------*- C++ -*----------------------------------*\
  =========                 |
  \\      /  F ield         | OpenFOAM: The Open Source CFD Toolbox
   \\    /   O peration     | Website:  https://openfoam.org
    \\  /    A nd           | Version:  6
     \\/     M anipulation  |
\*---------------------------------------------------------------------------*/
FoamFile
{
    version     2.0;
    format      ascii;
    class       volVectorField;
    location    "200";
    object      U;
}
// * * * * * * * * * * * * * * * * * * * * * * * * * * * * * * * * * * * * * //

dimensions      [0 1 -1 0 0 0 0];

internalField   nonuniform List<vector> 
4000
(
(400 4.47464e-14 0)
(400 5.98992e-14 0)
(400 5.05958e-14 0)
(400 4.56717e-14 0)
(400 4.90656e-14 0)
(400 6.04796e-14 0)
(400 6.61188e-14 0)
(400 9.07729e-14 0)
(400 1.03344e-13 0)
(400 1.00197e-13 0)
(400 1.04066e-13 0)
(400 1.00646e-13 0)
(400 6.78142e-14 0)
(400 5.24725e-14 0)
(400 4.72619e-14 0)
(400 3.35166e-14 0)
(400 1.10872e-14 0)
(400 -2.89546e-14 0)
(400 -3.22724e-14 0)
(400 -3.21486e-14 0)
(400 -4.06282e-14 0)
(400 -2.90698e-14 0)
(400 -1.35161e-14 0)
(400 -4.83183e-15 0)
(400 1.34375e-14 0)
(400 2.43713e-14 0)
(400 2.90219e-14 0)
(400 1.9704e-14 0)
(400 1.05718e-14 0)
(400 1.22224e-14 0)
(400 7.49643e-15 0)
(400 1.18527e-14 0)
(400 3.19025e-14 0)
(400 3.32953e-14 0)
(400 5.09448e-14 0)
(400 6.99694e-14 0)
(400 5.98376e-14 0)
(400 5.61231e-14 0)
(400 5.27958e-14 0)
(400 2.87247e-14 0)
(400 2.80898e-14 0)
(400 3.61662e-14 0)
(400 4.2118e-14 0)
(400 4.53542e-14 0)
(400 4.11587e-14 0)
(400 4.54757e-14 0)
(400 5.53311e-14 0)
(400 5.08976e-14 0)
(400 3.78671e-14 0)
(400 2.55951e-14 0)
(400 2.43981e-14 0)
(400 1.9533e-14 0)
(400 1.97445e-14 0)
(400 1.21254e-14 0)
(400 5.64854e-15 0)
(400 2.20703e-14 0)
(400 2.67011e-14 0)
(400 1.69372e-14 0)
(400 1.72737e-14 0)
(400 7.08744e-15 0)
(400 2.70993e-15 0)
(400 9.5572e-15 0)
(400 2.04891e-14 0)
(400 2.60105e-14 0)
(400 2.15182e-14 0)
(400 2.63272e-14 0)
(400 1.83086e-14 0)
(400 1.64046e-14 0)
(400 9.97481e-15 0)
(400 -1.35214e-14 0)
(400 -1.94483e-14 0)
(400 -1.63137e-14 0)
(400 -1.65637e-14 0)
(400 -1.0608e-14 0)
(400 -1.34235e-14 0)
(400 -1.55856e-14 0)
(400 -2.22137e-14 0)
(400 -1.48903e-14 0)
(400 -2.66911e-14 0)
(400 -3.77206e-14 0)
(400 -4.5808e-14 0)
(400 -3.37113e-14 0)
(400 -1.7483e-14 0)
(400 -4.21458e-15 0)
(400 7.00918e-15 0)
(400 2.28098e-14 0)
(400 3.43097e-14 0)
(400 4.04235e-14 0)
(400 3.2419e-14 0)
(400 2.40687e-14 0)
(400 1.09363e-14 0)
(400 5.88976e-16 0)
(400 -1.01664e-14 0)
(400 -2.27426e-14 0)
(400 -3.13818e-14 0)
(400 -4.27329e-14 0)
(400 -3.02283e-14 0)
(400 -3.21969e-15 0)
(400 1.89127e-14 0)
(400 2.41061e-14 0)
(400 8.78462e-15 0)
(400 -8.35241e-15 0)
(400 -8.11466e-15 0)
(400 -4.92761e-15 0)
(400 4.15548e-15 0)
(400 4.39319e-15 0)
(400 -5.92563e-15 0)
(400 -1.82218e-14 0)
(400 -1.66125e-14 0)
(400 -2.62367e-14 0)
(400 -5.26633e-14 0)
(400 -5.42911e-14 0)
(400 -4.98384e-14 0)
(400 -4.28004e-14 0)
(400 -3.0328e-14 0)
(400 -1.66325e-14 0)
(400 -1.7309e-14 0)
(400 -1.5287e-14 0)
(400 -3.50204e-15 0)
(400 4.3123e-15 0)
(400 7.59664e-15 0)
(400 2.10631e-15 0)
(400 -6.32101e-15 0)
(400 -1.59572e-14 0)
(400 -1.46332e-14 0)
(400 -2.00115e-14 0)
(400 -1.48236e-14 0)
(400 -3.58719e-15 0)
(400 -5.96022e-15 0)
(400 -4.46119e-15 0)
(400 5.98099e-15 0)
(400 7.90176e-15 0)
(400 3.28469e-15 0)
(400 8.20205e-16 0)
(400 3.07707e-15 0)
(400 -6.76636e-15 0)
(400 -8.14707e-15 0)
(400 -1.19682e-14 0)
(400 -2.05726e-14 0)
(400 -4.10778e-14 0)
(400 -5.20614e-14 0)
(400 -4.7625e-14 0)
(400 -4.97475e-14 0)
(400 -6.26461e-14 0)
(400 -6.67891e-14 0)
(400 -5.23595e-14 0)
(400 -3.59513e-14 0)
(400 -2.66571e-14 0)
(400 -9.28063e-15 0)
(400 -2.62726e-15 0)
(400 5.24817e-15 0)
(400 1.32739e-14 0)
(400 1.87117e-14 0)
(400 1.85093e-14 0)
(400 3.02942e-14 0)
(400 3.01866e-14 0)
(400 3.78868e-14 0)
(400 2.75725e-14 0)
(400 1.49489e-14 0)
(400 1.27853e-14 0)
(400 1.37169e-14 0)
(400 1.28297e-14 0)
(400 -2.68401e-15 0)
(400 -1.74294e-14 0)
(400 -1.52779e-14 0)
(400 -6.40678e-15 0)
(400 -1.23479e-14 0)
(400 -3.07613e-14 0)
(400 -4.98908e-14 0)
(400 -6.56181e-14 0)
(400 -7.23353e-14 0)
(400 -6.96072e-14 0)
(400 -6.22552e-14 0)
(400 -5.49005e-14 0)
(400 -5.21387e-14 0)
(400 -3.58619e-14 0)
(400 -1.08153e-14 0)
(400 1.02589e-15 0)
(400 1.86657e-16 0)
(400 -1.34216e-14 0)
(400 -1.80047e-14 0)
(400 -2.22024e-14 0)
(400 -2.81386e-14 0)
(400 -3.77595e-14 0)
(400 -4.80078e-14 0)
(400 -6.35091e-14 0)
(400 -8.58667e-14 0)
(400 -1.02993e-13 0)
(400 -1.11193e-13 0)
(400 -1.01568e-13 0)
(400 -9.33141e-14 0)
(400 -8.65758e-14 0)
(400 -8.22743e-14 0)
(400 -7.77942e-14 0)
(400 -7.60935e-14 0)
(400 -6.91421e-14 0)
(400 -6.39554e-14 0)
(400 -4.78664e-14 0)
(400 -2.60782e-14 0)
(400 -1.06156e-14 0)
(400 9.98554e-15 0)
(400 1.38433e-14 0)
(400 2.55733e-14 0)
(400 2.74503e-14 0)
(400 3.74421e-14 0)
(400 5.5445e-14 0)
(400 6.77757e-14 0)
(400 7.62024e-14 0)
(400 8.96705e-14 0)
(400 1.06881e-13 0)
(400 1.0024e-13 0)
(400 6.54755e-14 0)
(400 3.66383e-14 0)
(400 2.41028e-14 0)
(400 2.8875e-14 0)
(400 3.86188e-14 0)
(400 3.86738e-14 0)
(400 4.01495e-14 0)
(400 3.66193e-14 0)
(400 4.07792e-14 0)
(400 3.57725e-14 0)
(400 1.6306e-14 0)
(400 -6.13836e-15 0)
(400 -1.97295e-15 0)
(400 -5.298e-15 0)
(400 -4.70189e-15 0)
(400 6.00563e-15 0)
(400 4.13671e-15 0)
(400 8.12192e-15 0)
(400 2.18899e-14 0)
(400 2.29907e-14 0)
(400 4.00786e-14 0)
(400 4.64132e-14 0)
(400 4.70622e-14 0)
(400 4.80743e-14 0)
(400 5.01385e-14 0)
(400 4.09831e-14 0)
(400 2.77579e-14 0)
(400 2.5164e-14 0)
(400 2.10318e-14 0)
(400 2.72906e-14 0)
(400 4.28099e-14 0)
(400 5.10358e-14 0)
(400 6.43138e-14 0)
(400 4.31564e-14 0)
(400 5.11402e-14 0)
(400 4.49482e-14 0)
(400 2.65795e-14 0)
(400 9.85536e-15 0)
(400 -8.43898e-15 0)
(400 -7.74724e-15 0)
(400 -1.3097e-14 0)
(400 -2.17791e-14 0)
(400 -4.14955e-14 0)
(400 -5.48714e-14 0)
(400 -3.92518e-14 0)
(400 -2.35437e-14 0)
(400 -1.23489e-14 0)
(400 -2.22083e-15 0)
(400 9.10053e-15 0)
(400 1.16968e-14 0)
(400 -2.59636e-15 0)
(400 -2.95592e-15 0)
(400 -3.46711e-15 0)
(400 -6.06583e-15 0)
(400 -1.80831e-15 0)
(400 -8.70332e-15 0)
(400 -9.56167e-15 0)
(400 -7.91221e-15 0)
(400 2.27835e-15 0)
(400 5.95659e-15 0)
(400 -9.30867e-15 0)
(400 -1.49953e-14 0)
(400 -1.79925e-14 0)
(400 -3.05182e-14 0)
(400 -3.1556e-14 0)
(400 -3.39876e-14 0)
(400 -1.55083e-14 0)
(400 -8.29293e-15 0)
(400 -1.73464e-14 0)
(400 -2.35822e-14 0)
(400 -2.74445e-14 0)
(400 -4.70579e-14 0)
(400 -3.01292e-14 0)
(400 -2.19118e-14 0)
(400 -2.55099e-14 0)
(400 -2.67882e-14 0)
(400 -3.42225e-14 0)
(400 -2.71203e-14 0)
(400 -2.71723e-14 0)
(400 -3.09369e-14 0)
(400 -2.18331e-14 0)
(400 -2.7572e-14 0)
(400 -2.36978e-14 0)
(400 -2.05523e-14 0)
(400 -1.97125e-14 0)
(400 -4.76539e-15 0)
(400 -1.5178e-14 0)
(400 -3.03504e-14 0)
(400 -2.48341e-14 0)
(400 -2.61352e-14 0)
(400 -4.13201e-14 0)
(400 -5.98091e-14 0)
(400 -4.99757e-14 0)
(400 -2.03279e-14 0)
(400 -5.08024e-15 0)
(400 -1.04871e-14 0)
(400 -1.96314e-14 0)
(400 -8.31909e-15 0)
(400 -8.9199e-15 0)
(400 -2.96169e-14 0)
(400 -2.90974e-14 0)
(400 -2.93001e-14 0)
(400 -1.80022e-14 0)
(400 -2.12204e-14 0)
(400 -2.34575e-14 0)
(400 -5.99648e-15 0)
(400 2.77216e-14 0)
(400 6.15756e-14 0)
(400 6.34766e-14 0)
(400 5.53078e-14 0)
(400 4.6448e-14 0)
(400 4.66391e-14 0)
(400 4.87543e-14 0)
(400 5.7565e-14 0)
(400 6.32596e-14 0)
(400 7.17057e-14 0)
(400 9.03649e-14 0)
(400 9.92179e-14 0)
(400 9.60377e-14 0)
(400 8.74262e-14 0)
(400 9.2312e-14 0)
(400 8.22281e-14 0)
(400 7.79985e-14 0)
(400 8.34838e-14 0)
(400 8.19016e-14 0)
(400 6.88601e-14 0)
(400 5.72151e-14 0)
(400 3.92731e-14 0)
(400 1.4654e-14 0)
(400 -3.61639e-15 0)
(400 -1.44956e-14 0)
(400 -2.12496e-14 0)
(400 -2.5993e-14 0)
(400 -1.63206e-14 0)
(400 5.71599e-16 0)
(400 1.18815e-14 0)
(400 2.92709e-14 0)
(400 3.21015e-14 0)
(400 2.13476e-14 0)
(400 3.06197e-14 0)
(400 2.98945e-14 0)
(400 3.61888e-14 0)
(400 4.36558e-14 0)
(400 5.51769e-14 0)
(400 5.42152e-14 0)
(400 4.29148e-14 0)
(400 3.21376e-14 0)
(400 3.10378e-14 0)
(400 3.85018e-14 0)
(400 2.69627e-14 0)
(400 2.4984e-14 0)
(400 3.0193e-14 0)
(400 2.367e-14 0)
(400 2.12445e-14 0)
(400 1.63732e-14 0)
(400 1.29362e-14 0)
(400 5.0787e-15 0)
(400 -1.15219e-14 0)
(400 -2.86931e-14 0)
(400 -3.93186e-14 0)
(400 -4.97107e-14 0)
(400 -5.85552e-14 0)
(400 -5.92767e-14 0)
(400 -5.8674e-14 0)
(400 -6.77835e-14 0)
(400 -6.33781e-14 0)
(400 -6.34848e-14 0)
(400 -6.24567e-14 0)
(400 -4.35979e-14 0)
(400 -4.44012e-14 0)
(400 -4.97115e-14 0)
(400 -6.3359e-14 0)
(400 -8.6151e-14 0)
(400 -8.9179e-14 0)
(400 -9.44082e-14 0)
(400 -9.9686e-14 0)
(400 -1.04672e-13 0)
(400 -1.05806e-13 0)
(400 -1.14743e-13 0)
(400 -1.09082e-13 0)
(400 -1.00845e-13 0)
(400 -9.65942e-14 0)
(400 -8.17808e-14 0)
(400 -4.86826e-14 0)
(400 -3.90306e-14 0)
(400 -3.23043e-14 0)
(400 -2.04716e-15 0)
(400 1.95387e-14 0)
(400 2.96259e-14 0)
(400 -8.755e-15 0)
(400 -9.36133e-15 0)
(400 7.60431e-15 0)
(400 1.63297e-14 0)
(400 3.66962e-14 0)
(400 5.64296e-14 0)
(400 6.36624e-14 0)
(400 6.19351e-14 0)
(400 6.59965e-14 0)
(400 7.81057e-14 0)
(400 5.13314e-14 0)
(400 3.23134e-14 0)
(400 1.18896e-14 0)
(400 3.64006e-15 0)
(400 -2.16839e-15 0)
(400 4.46186e-15 0)
(400 1.17495e-14 0)
(400 3.26028e-14 0)
(400 3.1517e-14 0)
(400 2.57173e-14 0)
(400 2.83239e-14 0)
(400 1.2156e-14 0)
(400 4.71002e-15 0)
(400 2.52883e-14 0)
(400 2.17475e-14 0)
(400 2.0423e-14 0)
(400 1.20016e-14 0)
(400 1.30207e-14 0)
(400 2.42463e-14 0)
(400 4.03872e-14 0)
(400 4.3744e-14 0)
(400 3.68322e-14 0)
(400 3.90399e-14 0)
(400 7.13569e-14 0)
(400 5.48294e-14 0)
(400 3.66862e-14 0)
(400 3.35794e-14 0)
(400 1.63668e-14 0)
(400 6.3375e-15 0)
(400 9.19145e-15 0)
(400 1.01026e-14 0)
(400 1.98514e-14 0)
(400 1.57016e-14 0)
(400 2.61226e-14 0)
(400 1.64063e-14 0)
(400 6.27575e-15 0)
(400 7.08318e-15 0)
(400 2.96917e-16 0)
(400 -1.694e-14 0)
(400 -2.85514e-14 0)
(400 -1.09912e-14 0)
(400 4.75092e-15 0)
(400 1.2177e-14 0)
(400 -6.9312e-15 0)
(400 -1.59033e-14 0)
(400 -1.64624e-14 0)
(400 -1.84997e-14 0)
(400 6.22478e-15 0)
(400 1.63284e-14 0)
(400 3.0363e-14 0)
(400 3.53511e-14 0)
(400 2.21517e-14 0)
(400 1.22115e-14 0)
(400 1.07991e-14 0)
(400 5.86254e-15 0)
(400 -1.86873e-15 0)
(400 3.71354e-15 0)
(400 6.66289e-15 0)
(400 1.02216e-14 0)
(400 2.95933e-14 0)
(400 2.95559e-14 0)
(400 2.03125e-14 0)
(400 1.10795e-14 0)
(400 -3.49503e-15 0)
(400 -1.57528e-14 0)
(400 -1.87403e-14 0)
(400 -2.06485e-14 0)
(400 -1.70133e-14 0)
(400 -7.9502e-15 0)
(400 6.27071e-15 0)
(400 2.41138e-14 0)
(400 4.67109e-15 0)
(400 -2.34268e-14 0)
(400 -3.39111e-14 0)
(400 -3.65014e-14 0)
(400 -4.1242e-14 0)
(400 -3.74831e-14 0)
(400 -4.18648e-14 0)
(400 -2.16612e-14 0)
(400 -1.06055e-14 0)
(400 -5.95532e-16 0)
(400 9.03896e-15 0)
(400 2.08071e-14 0)
(400 4.39752e-14 0)
(400 5.98968e-14 0)
(400 7.16837e-14 0)
(400 7.95659e-14 0)
(400 8.16999e-14 0)
(400 7.02162e-14 0)
(400 5.20684e-14 0)
(400 3.42849e-14 0)
(400 2.1629e-14 0)
(400 1.08803e-14 0)
(400 2.18655e-14 0)
(400 2.59189e-14 0)
(400 3.27872e-14 0)
(400 3.73001e-14 0)
(400 2.89577e-14 0)
(400 2.65746e-14 0)
(400 2.3294e-14 0)
(400 2.80124e-15 0)
(400 -1.4869e-14 0)
(400 -1.47187e-14 0)
(400 -1.07845e-14 0)
(400 -2.83327e-14 0)
(400 -2.3146e-14 0)
(400 -5.44939e-15 0)
(400 3.08387e-15 0)
(400 2.45261e-14 0)
(400 2.48726e-14 0)
(400 2.21439e-14 0)
(400 2.10053e-14 0)
(400 3.26281e-14 0)
(400 3.59406e-14 0)
(400 2.74865e-14 0)
(400 1.76896e-14 0)
(400 1.83729e-14 0)
(400 1.17156e-14 0)
(400 2.66243e-14 0)
(400 2.0415e-14 0)
(400 -2.8945e-15 0)
(400 -7.38585e-15 0)
(400 -1.36203e-14 0)
(400 -4.76014e-15 0)
(400 1.51254e-14 0)
(400 3.16934e-14 0)
(400 2.559e-14 0)
(400 2.84105e-15 0)
(400 -8.17624e-15 0)
(400 -1.50276e-14 0)
(400 -2.05798e-14 0)
(400 -3.24704e-14 0)
(400 -3.13707e-14 0)
(400 -2.89317e-14 0)
(400 -1.15711e-14 0)
(400 -6.22411e-15 0)
(400 -9.8871e-15 0)
(400 -7.4226e-15 0)
(400 -3.17331e-15 0)
(400 7.48192e-16 0)
(400 1.33346e-16 0)
(400 -8.81342e-15 0)
(400 -2.15832e-14 0)
(400 -2.04143e-14 0)
(400 -2.29357e-14 0)
(400 -1.95705e-14 0)
(400 -2.87509e-14 0)
(400 -3.59678e-14 0)
(400 -2.31405e-14 0)
(400 6.71226e-15 0)
(400 2.90046e-14 0)
(400 4.63355e-14 0)
(400 7.16595e-14 0)
(400 8.64567e-14 0)
(400 8.65902e-14 0)
(400 5.42517e-14 0)
(400 4.92861e-14 0)
(400 5.0764e-14 0)
(400 4.93933e-14 0)
(400 4.79751e-14 0)
(400 2.40854e-14 0)
(400 -7.90033e-15 0)
(400 -2.1104e-14 0)
(400 -3.57022e-14 0)
(400 -4.38994e-14 0)
(400 -5.42652e-14 0)
(400 -6.02671e-14 0)
(400 -5.87898e-14 0)
(400 -4.56866e-14 0)
(400 -3.44106e-14 0)
(400 -3.84231e-14 0)
(400 -4.88971e-14 0)
(400 -6.36934e-14 0)
(400 -8.487e-14 0)
(400 -9.90638e-14 0)
(400 -1.03631e-13 0)
(400 -9.42676e-14 0)
(400 -9.11506e-14 0)
(400 -9.17873e-14 0)
(400 -1.06726e-13 0)
(400 -9.95205e-14 0)
(400 -9.08468e-14 0)
(400 -8.24179e-14 0)
(400 -5.87421e-14 0)
(400 -4.27905e-14 0)
(400 -5.40946e-14 0)
(400 -5.52898e-14 0)
(400 -4.68094e-14 0)
(400 -4.17709e-14 0)
(400 -3.86001e-14 0)
(400 2.70509e-15 0)
(400 8.39632e-15 0)
(400 2.959e-14 0)
(400 5.50943e-14 0)
(400 5.95551e-14 0)
(400 6.4418e-14 0)
(400 6.65044e-14 0)
(400 5.94623e-14 0)
(400 4.99164e-14 0)
(400 3.4436e-14 0)
(400 2.09026e-14 0)
(400 1.23567e-14 0)
(400 -5.20902e-15 0)
(400 -7.47871e-17 0)
(400 9.27393e-15 0)
(400 7.60784e-15 0)
(400 1.87126e-14 0)
(400 3.27672e-14 0)
(400 3.6326e-14 0)
(400 4.59323e-14 0)
(400 4.37354e-14 0)
(400 5.23259e-14 0)
(400 5.43924e-14 0)
(400 4.7534e-14 0)
(400 4.03441e-14 0)
(400 2.58496e-14 0)
(400 1.58266e-14 0)
(400 2.42776e-14 0)
(400 3.49073e-14 0)
(400 4.02605e-14 0)
(400 5.76721e-14 0)
(400 4.66415e-14 0)
(400 4.6657e-14 0)
(400 4.83984e-14 0)
(400 4.90538e-14 0)
(400 3.88997e-14 0)
(400 3.58649e-14 0)
(400 2.06665e-14 0)
(400 1.55088e-14 0)
(400 1.70424e-14 0)
(400 7.26661e-15 0)
(400 -6.00256e-15 0)
(400 -1.39394e-14 0)
(400 -1.91895e-14 0)
(400 -1.1335e-14 0)
(400 -1.92258e-14 0)
(400 -1.74031e-14 0)
(400 -1.1471e-14 0)
(400 -1.4044e-14 0)
(400 -2.09286e-14 0)
(400 -7.47654e-15 0)
(400 2.97616e-15 0)
(400 4.16653e-15 0)
(400 -6.78634e-16 0)
(400 -6.69698e-15 0)
(400 -1.56914e-14 0)
(400 -6.80924e-15 0)
(400 3.10086e-15 0)
(400 9.98399e-15 0)
(400 2.91943e-14 0)
(400 3.89929e-14 0)
(400 2.62306e-14 0)
(400 9.81114e-15 0)
(400 2.55473e-15 0)
(400 -1.08511e-14 0)
(400 -2.07751e-14 0)
(400 -3.56341e-14 0)
(400 -3.09579e-14 0)
(400 -1.91753e-14 0)
(400 -1.70694e-15 0)
(400 1.0278e-14 0)
(400 9.29728e-15 0)
(400 -1.908e-15 0)
(400 -2.01649e-14 0)
(400 -2.08467e-14 0)
(400 -1.88459e-14 0)
(400 -1.25999e-14 0)
(400 -9.6641e-15 0)
(400 1.00876e-14 0)
(400 1.89375e-14 0)
(400 8.30346e-15 0)
(400 -7.8061e-15 0)
(400 -4.57605e-15 0)
(400 -2.54507e-14 0)
(400 -5.16001e-14 0)
(400 -6.68705e-14 0)
(400 -7.75398e-14 0)
(400 -6.42047e-14 0)
(400 -6.92994e-14 0)
(400 -7.63506e-14 0)
(400 -6.46988e-14 0)
(400 -6.06028e-14 0)
(400 -4.81027e-14 0)
(400 -4.07117e-14 0)
(400 -2.78329e-14 0)
(400 -1.60025e-14 0)
(400 -3.36206e-14 0)
(400 -1.70286e-14 0)
(400 -8.72202e-15 0)
(400 -1.25899e-14 0)
(400 -2.1179e-14 0)
(400 -2.54571e-14 0)
(400 -1.9597e-14 0)
(400 -1.53877e-14 0)
(400 -3.0513e-14 0)
(400 -3.99207e-14 0)
(400 -3.04414e-14 0)
(400 -1.00236e-14 0)
(400 -2.53532e-14 0)
(400 -3.17264e-14 0)
(400 -1.70484e-14 0)
(400 -1.65817e-14 0)
(400 9.26326e-15 0)
(400 1.30598e-14 0)
(400 1.98779e-14 0)
(400 3.84278e-14 0)
(400 4.53458e-14 0)
(400 3.58254e-14 0)
(400 3.67138e-14 0)
(400 4.30757e-14 0)
(400 5.97138e-14 0)
(400 8.59849e-14 0)
(400 1.05222e-13 0)
(400 9.85725e-14 0)
(400 8.43266e-14 0)
(400 8.01348e-14 0)
(400 7.30671e-14 0)
(400 5.67319e-14 0)
(400 5.26205e-14 0)
(400 4.36059e-14 0)
(400 3.82866e-14 0)
(400 3.67115e-14 0)
(400 5.58182e-14 0)
(400 8.8482e-14 0)
(400 1.03931e-13 0)
(400 1.07725e-13 0)
(400 1.10663e-13 0)
(400 1.06393e-13 0)
(400 1.01296e-13 0)
(400 1.00971e-13 0)
(400 1.02296e-13 0)
(400 9.02936e-14 0)
(400 7.74962e-14 0)
(400 7.38055e-14 0)
(400 6.89049e-14 0)
(400 5.92864e-14 0)
(400 4.38136e-14 0)
(400 3.2018e-14 0)
(400 2.27731e-14 0)
(400 2.98037e-14 0)
(400 1.61874e-14 0)
(400 4.3116e-15 0)
(400 4.46559e-15 0)
(400 5.08638e-15 0)
(400 -1.29919e-15 0)
(400 -6.79398e-15 0)
(400 -1.07747e-14 0)
(400 -2.2775e-14 0)
(400 -3.19476e-14 0)
(400 -3.27241e-14 0)
(400 -1.25759e-14 0)
(400 -2.01105e-15 0)
(400 7.01826e-15 0)
(400 1.74432e-14 0)
(400 1.99398e-14 0)
(400 4.45113e-15 0)
(400 -5.40778e-15 0)
(400 2.15442e-15 0)
(400 5.35846e-15 0)
(400 1.11733e-14 0)
(400 1.70456e-14 0)
(400 1.8423e-14 0)
(400 1.47774e-14 0)
(400 5.69865e-15 0)
(400 -1.35489e-14 0)
(400 -1.5986e-14 0)
(400 -2.27997e-14 0)
(400 -2.58659e-14 0)
(400 -1.84523e-14 0)
(400 -2.48543e-14 0)
(400 -1.39814e-14 0)
(400 -1.68001e-14 0)
(400 -2.05176e-14 0)
(400 -2.10931e-14 0)
(400 -3.95414e-14 0)
(400 -3.63594e-14 0)
(400 -3.13545e-14 0)
(400 -3.58175e-14 0)
(400 -4.96345e-14 0)
(400 -5.6548e-14 0)
(400 -4.31856e-14 0)
(400 -3.7572e-14 0)
(400 -3.68355e-14 0)
(400 -2.63637e-14 0)
(400 -2.83999e-14 0)
(400 -1.44791e-14 0)
(400 1.16454e-14 0)
(400 -8.62748e-16 0)
(400 -1.51956e-14 0)
(400 -2.08001e-14 0)
(400 1.44809e-14 0)
(400 2.41716e-14 0)
(400 2.96513e-14 0)
(400 5.4693e-14 0)
(400 5.67188e-14 0)
(400 4.57715e-14 0)
(400 4.42073e-14 0)
(400 4.32403e-14 0)
(400 3.00029e-14 0)
(400 1.00926e-14 0)
(400 -3.30994e-15 0)
(400 -9.53766e-15 0)
(400 1.0238e-14 0)
(400 3.33138e-14 0)
(400 4.28918e-14 0)
(400 2.81581e-14 0)
(400 3.67146e-14 0)
(400 4.29317e-14 0)
(400 4.16993e-14 0)
(400 5.14153e-14 0)
(400 5.40334e-14 0)
(400 5.83341e-14 0)
(400 5.78078e-14 0)
(400 3.64377e-14 0)
(400 3.54883e-14 0)
(400 3.1132e-14 0)
(400 2.44602e-14 0)
(400 3.15684e-14 0)
(400 3.53133e-14 0)
(400 2.14517e-14 0)
(400 2.34242e-14 0)
(400 2.40983e-14 0)
(400 2.45761e-14 0)
(400 1.96879e-14 0)
(400 3.95401e-14 0)
(400 4.49698e-14 0)
(400 4.56764e-14 0)
(400 5.37157e-14 0)
(400 5.23317e-14 0)
(400 3.99027e-14 0)
(400 3.35356e-14 0)
(400 1.67628e-14 0)
(400 -7.23274e-15 0)
(400 -2.0155e-14 0)
(400 -2.41084e-14 0)
(400 -2.75889e-14 0)
(400 -3.59805e-14 0)
(400 -4.17876e-14 0)
(400 -3.99687e-14 0)
(400 -3.91277e-14 0)
(400 -2.85148e-14 0)
(400 -2.91224e-14 0)
(400 -4.25634e-14 0)
(400 -4.12027e-14 0)
(400 -4.0416e-14 0)
(400 -3.07943e-14 0)
(400 -1.89779e-14 0)
(400 -2.85234e-14 0)
(400 -2.40552e-14 0)
(400 -2.48412e-14 0)
(400 -3.12489e-14 0)
(400 -3.09083e-14 0)
(400 -3.96487e-14 0)
(400 -4.24023e-14 0)
(400 -4.54005e-14 0)
(400 -4.80054e-14 0)
(400 -4.6175e-14 0)
(400 -4.00879e-14 0)
(400 -2.63117e-14 0)
(400 -3.33751e-15 0)
(400 2.33743e-14 0)
(400 2.34246e-14 0)
(400 1.99223e-14 0)
(400 1.39914e-14 0)
(400 2.25218e-14 0)
(400 2.66153e-14 0)
(400 3.44764e-14 0)
(400 3.39668e-14 0)
(400 4.61082e-14 0)
(400 3.68585e-14 0)
(400 4.16743e-15 0)
(400 4.28409e-15 0)
(400 2.68903e-14 0)
(400 2.13495e-14 0)
(400 4.5835e-15 0)
(400 -1.41202e-14 0)
(400 -3.18344e-14 0)
(400 -3.29469e-14 0)
(400 -4.54625e-14 0)
(400 -5.17857e-14 0)
(400 -4.69653e-14 0)
(400 -4.776e-14 0)
(400 -5.29135e-14 0)
(400 -6.07622e-14 0)
(400 -6.79188e-14 0)
(400 -7.39533e-14 0)
(400 -8.8144e-14 0)
(400 -8.38199e-14 0)
(400 -7.91971e-14 0)
(400 -6.75804e-14 0)
(400 -5.75583e-14 0)
(400 -4.27555e-14 0)
(400 -4.19289e-14 0)
(400 -6.53382e-14 0)
(400 -5.81354e-14 0)
(400 -5.60999e-14 0)
(400 -5.51301e-14 0)
(400 -3.76195e-14 0)
(400 -4.93441e-14 0)
(400 -7.19011e-14 0)
(400 -5.18087e-14 0)
(400 -3.05547e-14 0)
(400 -8.89532e-15 0)
(400 1.34625e-14 0)
(400 4.12907e-14 0)
(400 4.90498e-14 0)
(400 4.53571e-14 0)
(400 4.47954e-14 0)
(400 2.57828e-14 0)
(400 1.17637e-14 0)
(400 2.41599e-14 0)
(400 3.54494e-14 0)
(400 3.30412e-14 0)
(400 3.04485e-14 0)
(400 2.27216e-14 0)
(400 1.33459e-14 0)
(400 3.94723e-15 0)
(400 5.23947e-15 0)
(400 -1.96043e-14 0)
(400 -3.41224e-14 0)
(400 -1.46589e-14 0)
(400 4.22832e-15 0)
(400 3.77424e-14 0)
(400 6.1287e-14 0)
(400 6.30364e-14 0)
(400 6.39803e-14 0)
(400 8.2123e-14 0)
(400 1.09913e-13 0)
(400 1.10763e-13 0)
(400 1.07271e-13 0)
(400 8.55302e-14 0)
(400 8.8094e-14 0)
(400 7.60472e-14 0)
(400 6.7371e-14 0)
(400 4.82439e-14 0)
(400 3.38403e-14 0)
(400 2.71457e-14 0)
(400 2.81313e-14 0)
(400 2.03896e-14 0)
(400 1.6477e-14 0)
(400 9.86756e-15 0)
(400 7.98439e-15 0)
(400 2.36611e-14 0)
(400 3.95078e-14 0)
(400 4.57669e-14 0)
(400 3.80829e-14 0)
(400 3.48898e-14 0)
(400 4.35457e-14 0)
(400 3.59246e-14 0)
(400 2.1844e-14 0)
(400 2.71754e-14 0)
(400 2.94113e-14 0)
(400 2.2248e-14 0)
(400 2.56242e-14 0)
(400 2.7988e-14 0)
(400 2.68731e-14 0)
(400 1.39095e-14 0)
(400 1.32033e-14 0)
(400 2.1797e-14 0)
(400 2.62283e-14 0)
(400 3.48631e-14 0)
(400 5.37101e-14 0)
(400 4.01521e-14 0)
(400 3.22237e-14 0)
(400 1.63036e-14 0)
(400 1.36382e-14 0)
(400 1.51875e-15 0)
(400 -5.1503e-15 0)
(400 -1.69411e-14 0)
(400 -2.3842e-14 0)
(400 -1.43385e-14 0)
(400 -1.31234e-14 0)
(400 -9.20298e-15 0)
(400 -7.0262e-15 0)
(400 -1.55985e-14 0)
(400 -1.31907e-14 0)
(400 -2.54483e-14 0)
(400 -2.8171e-14 0)
(400 -4.19417e-14 0)
(400 -3.88656e-14 0)
(400 -3.1451e-14 0)
(400 -3.15755e-14 0)
(400 -3.64933e-14 0)
(400 -5.02225e-14 0)
(400 -5.45392e-14 0)
(400 -3.68202e-14 0)
(400 -1.68164e-14 0)
(400 -1.9366e-14 0)
(400 -3.18212e-14 0)
(400 -4.07022e-14 0)
(400 6.68784e-15 0)
(400 1.36438e-14 0)
(400 1.02402e-14 0)
(400 2.63066e-14 0)
(400 4.12304e-14 0)
(400 2.45787e-14 0)
(400 2.09645e-14 0)
(400 1.18028e-14 0)
(400 7.45727e-16 0)
(400 -1.16972e-14 0)
(400 -1.08952e-14 0)
(400 -1.41437e-14 0)
(400 1.12478e-14 0)
(400 2.96841e-14 0)
(400 3.48092e-14 0)
(400 3.82812e-14 0)
(400 3.27677e-14 0)
(400 2.89691e-14 0)
(400 2.37053e-14 0)
(400 2.343e-14 0)
(400 3.19696e-14 0)
(400 3.38253e-14 0)
(400 4.35646e-14 0)
(400 4.06527e-14 0)
(400 4.63292e-14 0)
(400 5.26728e-14 0)
(400 2.89498e-14 0)
(400 1.16958e-14 0)
(400 9.04229e-15 0)
(400 -1.73371e-14 0)
(400 -2.30583e-14 0)
(400 -1.70387e-14 0)
(400 -1.61909e-14 0)
(400 -1.01337e-14 0)
(400 2.65819e-15 0)
(400 8.49656e-15 0)
(400 1.41082e-14 0)
(400 3.73607e-14 0)
(400 4.594e-14 0)
(400 3.50473e-14 0)
(400 3.83689e-14 0)
(400 2.62072e-14 0)
(400 1.09319e-14 0)
(400 -2.73948e-15 0)
(400 -1.06044e-14 0)
(400 -2.2905e-14 0)
(400 -3.00469e-14 0)
(400 -4.21725e-14 0)
(400 -4.58356e-14 0)
(400 -4.89555e-14 0)
(400 -4.59483e-14 0)
(400 -5.96747e-14 0)
(400 -5.91481e-14 0)
(400 -5.06219e-14 0)
(400 -5.11153e-14 0)
(400 -3.72672e-14 0)
(400 -2.80057e-14 0)
(400 -3.99259e-14 0)
(400 -6.40477e-14 0)
(400 -8.15047e-14 0)
(400 -8.92883e-14 0)
(400 -9.27014e-14 0)
(400 -8.82288e-14 0)
(400 -7.81192e-14 0)
(400 -6.50194e-14 0)
(400 -7.13273e-14 0)
(400 -5.98086e-14 0)
(400 -5.10373e-14 0)
(400 -2.83143e-14 0)
(400 -1.34631e-14 0)
(400 -2.86166e-16 0)
(400 1.0384e-14 0)
(400 2.4154e-14 0)
(400 4.06194e-14 0)
(400 4.78044e-14 0)
(400 4.92406e-14 0)
(400 4.74611e-14 0)
(400 3.96155e-14 0)
(400 3.41961e-14 0)
(400 3.30547e-14 0)
(400 3.01483e-14 0)
(400 3.20984e-14 0)
(400 3.111e-14 0)
(400 2.60174e-14 0)
(400 3.18816e-14 0)
(400 2.81383e-14 0)
(400 7.61215e-15 0)
(400 -1.93538e-14 0)
(400 -3.39412e-14 0)
(400 -2.37025e-14 0)
(400 -2.5304e-14 0)
(400 -2.32699e-14 0)
(400 -1.52671e-14 0)
(400 -2.64129e-14 0)
(400 -4.0891e-14 0)
(400 -5.9305e-14 0)
(400 -5.17365e-14 0)
(400 -5.0919e-14 0)
(400 -5.48078e-14 0)
(400 -4.37872e-14 0)
(400 -3.18527e-14 0)
(400 -5.92331e-15 0)
(400 8.69833e-15 0)
(400 -1.30726e-14 0)
(400 -7.77055e-15 0)
(400 8.08772e-15 0)
(400 1.32909e-14 0)
(400 4.83508e-15 0)
(400 -1.83433e-15 0)
(400 -1.07108e-15 0)
(400 1.40724e-14 0)
(400 3.30991e-14 0)
(400 3.49345e-14 0)
(400 5.24828e-14 0)
(400 6.73416e-14 0)
(400 6.247e-14 0)
(400 5.59598e-14 0)
(400 4.80002e-14 0)
(400 2.60924e-14 0)
(400 1.76678e-14 0)
(400 1.42907e-14 0)
(400 3.35566e-15 0)
(400 -2.39818e-15 0)
(400 5.19926e-15 0)
(400 4.12001e-15 0)
(400 4.92191e-15 0)
(400 1.37336e-14 0)
(400 2.67466e-14 0)
(400 2.12815e-14 0)
(400 1.49429e-14 0)
(400 3.48806e-14 0)
(400 4.68986e-14 0)
(400 4.98817e-14 0)
(400 4.5277e-14 0)
(400 3.78266e-14 0)
(400 5.03561e-14 0)
(400 7.6858e-14 0)
(400 9.56627e-14 0)
(400 9.60718e-14 0)
(400 9.22544e-14 0)
(400 7.72118e-14 0)
(400 9.4492e-14 0)
(400 9.59495e-14 0)
(400 7.6843e-14 0)
(400 6.04074e-14 0)
(400 4.87438e-14 0)
(400 5.26603e-14 0)
(400 3.95917e-14 0)
(400 2.01577e-14 0)
(400 1.02395e-14 0)
(400 9.19668e-15 0)
(400 9.16481e-15 0)
(400 3.00349e-15 0)
(400 -8.66456e-16 0)
(400 4.00619e-16 0)
(400 -7.88408e-19 0)
(400 4.33406e-15 0)
(400 1.4938e-14 0)
(400 1.56527e-14 0)
(400 2.66524e-14 0)
(400 3.09624e-14 0)
(400 2.84887e-14 0)
(400 1.73538e-14 0)
(400 7.1868e-15 0)
(400 5.11846e-15 0)
(400 -3.99039e-15 0)
(400 -1.06785e-14 0)
(400 -1.22178e-14 0)
(400 -6.59149e-15 0)
(400 5.65554e-15 0)
(400 1.18071e-14 0)
(400 9.55029e-15 0)
(400 1.22025e-14 0)
(400 8.46877e-15 0)
(400 8.42513e-15 0)
(400 6.70868e-15 0)
(400 -4.40567e-15 0)
(400 -6.75095e-16 0)
(400 -9.14034e-15 0)
(400 -9.22476e-15 0)
(400 -2.18341e-14 0)
(400 -2.02123e-14 0)
(400 -1.72662e-14 0)
(400 -1.04697e-14 0)
(400 4.4946e-15 0)
(400 -1.25361e-15 0)
(400 -9.61585e-15 0)
(400 -6.39089e-15 0)
(400 6.77403e-15 0)
(400 1.03655e-14 0)
(400 -4.68752e-15 0)
(400 -6.88375e-15 0)
(400 -6.16187e-15 0)
(400 -1.44995e-14 0)
(400 -1.2526e-14 0)
(400 -1.92336e-14 0)
(400 -1.71432e-14 0)
(400 -2.48778e-15 0)
(400 -2.66567e-15 0)
(400 1.97844e-16 0)
(400 -2.20572e-14 0)
(400 -2.73138e-14 0)
(400 -2.17679e-14 0)
(400 -2.10496e-14 0)
(400 -2.61158e-14 0)
(400 -3.1904e-14 0)
(400 -2.83863e-14 0)
(400 -3.71715e-14 0)
(400 -3.75287e-14 0)
(400 -3.20788e-14 0)
(400 -1.11337e-14 0)
(400 -2.50338e-16 0)
(400 2.80148e-15 0)
(400 1.4021e-14 0)
(400 2.44123e-14 0)
(400 3.56469e-14 0)
(400 2.70377e-14 0)
(400 2.01304e-14 0)
(400 1.59118e-14 0)
(400 1.6081e-15 0)
(400 -1.07304e-15 0)
(400 1.06018e-14 0)
(400 2.39632e-14 0)
(400 2.63621e-14 0)
(400 3.70939e-14 0)
(400 3.46364e-14 0)
(400 2.10306e-14 0)
(400 -6.74194e-15 0)
(400 -3.53263e-14 0)
(400 -5.49562e-14 0)
(400 -5.00732e-14 0)
(400 -4.06083e-14 0)
(400 -3.76488e-14 0)
(400 -3.84046e-14 0)
(400 -2.58713e-14 0)
(400 -1.94941e-14 0)
(400 -1.27744e-14 0)
(400 -3.36607e-15 0)
(400 9.16879e-15 0)
(400 3.72013e-14 0)
(400 4.31842e-14 0)
(400 3.49911e-14 0)
(400 4.66395e-14 0)
(400 3.74311e-14 0)
(400 2.92299e-14 0)
(400 2.1714e-14 0)
(400 1.07343e-14 0)
(400 -3.09336e-15 0)
(400 -1.14562e-14 0)
(400 -5.79414e-15 0)
(400 -2.10509e-14 0)
(400 -1.78121e-14 0)
(400 -1.41373e-14 0)
(400 -8.5114e-15 0)
(400 -4.79891e-15 0)
(400 -1.15617e-14 0)
(400 -1.36254e-14 0)
(400 -2.01816e-14 0)
(400 -3.31672e-14 0)
(400 -3.84505e-14 0)
(400 -3.07136e-14 0)
(400 -3.71618e-14 0)
(400 -4.566e-14 0)
(400 -4.82255e-14 0)
(400 -2.59679e-14 0)
(400 -9.76014e-15 0)
(400 1.74664e-15 0)
(400 1.09649e-14 0)
(400 2.44681e-14 0)
(400 3.27226e-14 0)
(400 2.35901e-14 0)
(400 4.28727e-14 0)
(400 5.60623e-14 0)
(400 7.44452e-14 0)
(400 8.7568e-14 0)
(400 7.69306e-14 0)
(400 7.8726e-14 0)
(400 6.59514e-14 0)
(400 5.79713e-14 0)
(400 5.82603e-14 0)
(400 6.03671e-14 0)
(400 5.69358e-14 0)
(400 3.30695e-14 0)
(400 3.241e-14 0)
(400 3.4227e-14 0)
(400 2.86126e-14 0)
(400 1.87042e-14 0)
(400 -5.98054e-15 0)
(400 -2.07545e-14 0)
(400 -2.72498e-14 0)
(400 -3.5371e-14 0)
(400 -3.56346e-14 0)
(400 -2.61369e-14 0)
(400 -1.56111e-14 0)
(400 -3.18877e-14 0)
(400 -5.80348e-14 0)
(400 -5.66369e-14 0)
(400 -6.2933e-14 0)
(400 -4.92051e-14 0)
(400 -4.60252e-14 0)
(400 -3.88241e-14 0)
(400 -2.27899e-14 0)
(400 4.21474e-15 0)
(400 2.39434e-14 0)
(400 6.35501e-15 0)
(400 1.08556e-14 0)
(400 1.77723e-14 0)
(400 9.34184e-16 0)
(400 4.70225e-16 0)
(400 1.2641e-14 0)
(400 1.84945e-14 0)
(400 2.83689e-14 0)
(400 1.9191e-14 0)
(400 1.96422e-14 0)
(400 1.81412e-14 0)
(400 4.8604e-15 0)
(400 -1.63215e-15 0)
(400 -1.93265e-14 0)
(400 -2.50982e-14 0)
(400 -2.04072e-14 0)
(400 -2.54317e-14 0)
(400 -2.49708e-14 0)
(400 -1.67865e-14 0)
(400 -8.11219e-16 0)
(400 3.42991e-15 0)
(400 1.73636e-14 0)
(400 2.80516e-14 0)
(400 2.60991e-14 0)
(400 3.75369e-14 0)
(400 4.53873e-14 0)
(400 4.37744e-14 0)
(400 4.52336e-14 0)
(400 3.47388e-14 0)
(400 2.17997e-14 0)
(400 5.56308e-15 0)
(400 2.38011e-14 0)
(400 5.36784e-14 0)
(400 4.99763e-14 0)
(400 5.08037e-14 0)
(400 3.88668e-14 0)
(400 6.08242e-14 0)
(400 8.86923e-14 0)
(400 9.44218e-14 0)
(400 8.98622e-14 0)
(400 7.97435e-14 0)
(400 8.27339e-14 0)
(400 9.17612e-14 0)
(400 7.63642e-14 0)
(400 6.0978e-14 0)
(400 4.1064e-14 0)
(400 3.90866e-14 0)
(400 5.85484e-14 0)
(400 4.87553e-14 0)
(400 2.69563e-14 0)
(400 2.36828e-14 0)
(400 3.6827e-14 0)
(400 5.96533e-14 0)
(400 6.54153e-14 0)
(400 6.56682e-14 0)
(400 6.7607e-14 0)
(400 6.09299e-14 0)
(400 4.94761e-14 0)
(400 4.62062e-14 0)
(400 3.93977e-14 0)
(400 3.09052e-14 0)
(400 3.42354e-14 0)
(400 3.5522e-14 0)
(400 3.85856e-14 0)
(400 4.96522e-14 0)
(400 6.46152e-14 0)
(400 8.31354e-14 0)
(400 7.62882e-14 0)
(400 8.18315e-14 0)
(400 6.80734e-14 0)
(400 6.45958e-14 0)
(400 7.02311e-14 0)
(400 6.63061e-14 0)
(400 6.38466e-14 0)
(400 5.1137e-14 0)
(400 4.33531e-14 0)
(400 3.79458e-14 0)
(400 3.73481e-14 0)
(400 2.60043e-14 0)
(400 1.96341e-14 0)
(400 2.94143e-14 0)
(400 2.42678e-14 0)
(400 3.26092e-14 0)
(400 4.24607e-14 0)
(400 5.63685e-14 0)
(400 4.56107e-14 0)
(400 2.86651e-14 0)
(400 2.37963e-14 0)
(400 3.14487e-14 0)
(400 3.13588e-14 0)
(400 3.08565e-14 0)
(400 2.85467e-14 0)
(400 2.42417e-14 0)
(400 2.57548e-14 0)
(400 2.2257e-14 0)
(400 2.02154e-14 0)
(400 -3.00628e-14 0)
(400 -3.23799e-14 0)
(400 -2.19782e-14 0)
(400 -2.54308e-14 0)
(400 -2.73037e-14 0)
(400 -2.83821e-14 0)
(400 -3.00451e-14 0)
(400 -2.26219e-14 0)
(400 -1.60467e-14 0)
(400 -2.1839e-15 0)
(400 -2.78287e-16 0)
(400 -8.49833e-15 0)
(400 -1.51657e-14 0)
(400 -3.81899e-15 0)
(400 1.69293e-14 0)
(400 3.2038e-14 0)
(400 3.51688e-14 0)
(400 2.2958e-14 0)
(400 2.91904e-14 0)
(400 3.85625e-14 0)
(400 5.04955e-14 0)
(400 6.42387e-14 0)
(400 6.51518e-14 0)
(400 4.88734e-14 0)
(400 3.94399e-14 0)
(400 2.96682e-14 0)
(400 2.66898e-14 0)
(400 3.05465e-15 0)
(400 -3.0635e-14 0)
(400 -4.11159e-14 0)
(400 -4.11118e-14 0)
(400 -3.66667e-14 0)
(400 -2.96341e-14 0)
(400 -3.38613e-14 0)
(400 -2.96885e-14 0)
(400 -2.02479e-14 0)
(400 -1.06518e-14 0)
(400 -3.15611e-14 0)
(400 -3.56611e-14 0)
(400 -2.51658e-14 0)
(400 -1.72278e-14 0)
(400 2.43215e-15 0)
(400 2.15502e-14 0)
(400 2.52435e-14 0)
(400 1.45769e-14 0)
(400 2.14884e-14 0)
(400 5.60006e-15 0)
(400 -8.48818e-15 0)
(400 -2.01587e-14 0)
(400 -1.58846e-14 0)
(400 -2.30305e-14 0)
(400 -2.25627e-14 0)
(400 -1.09441e-14 0)
(400 2.61276e-15 0)
(400 2.00624e-14 0)
(400 1.6662e-14 0)
(400 4.858e-15 0)
(400 -3.35036e-15 0)
(400 -9.31035e-15 0)
(400 -3.75735e-14 0)
(400 -4.51251e-14 0)
(400 -1.72477e-14 0)
(400 -3.10156e-14 0)
(400 -5.84834e-14 0)
(400 -4.55886e-14 0)
(400 -1.33863e-14 0)
(400 6.28277e-15 0)
(400 1.13826e-14 0)
(400 1.18329e-14 0)
(400 1.80301e-14 0)
(400 2.4603e-14 0)
(400 5.20258e-14 0)
(400 7.00589e-14 0)
(400 8.92143e-14 0)
(400 8.87091e-14 0)
(400 8.70368e-14 0)
(400 8.9417e-14 0)
(400 8.62298e-14 0)
(400 6.96929e-14 0)
(400 6.13666e-14 0)
(400 5.48258e-14 0)
(400 5.1141e-14 0)
(400 4.27161e-14 0)
(400 2.85936e-14 0)
(400 2.8847e-14 0)
(400 2.95853e-14 0)
(400 3.55827e-14 0)
(400 2.85344e-14 0)
(400 5.96007e-15 0)
(400 -1.01895e-14 0)
(400 -7.10414e-15 0)
(400 -1.46932e-14 0)
(400 -1.29869e-14 0)
(400 -2.84056e-15 0)
(400 -8.59153e-15 0)
(400 -1.67808e-14 0)
(400 -2.37141e-14 0)
(400 -2.92888e-14 0)
(400 -1.6301e-14 0)
(400 -1.23604e-14 0)
(400 2.46923e-15 0)
(400 2.01148e-15 0)
(400 1.64905e-14 0)
(400 4.16494e-14 0)
(400 3.66964e-14 0)
(400 3.89067e-14 0)
(400 3.41408e-14 0)
(400 1.89735e-14 0)
(400 2.60337e-14 0)
(400 2.55953e-14 0)
(400 2.80458e-14 0)
(400 2.5609e-14 0)
(400 1.87334e-14 0)
(400 2.15963e-14 0)
(400 1.35266e-14 0)
(400 -2.29245e-15 0)
(400 -5.41913e-15 0)
(400 -9.27753e-15 0)
(400 -1.93779e-14 0)
(400 -2.14828e-14 0)
(400 -2.6504e-14 0)
(400 -3.29057e-14 0)
(400 -2.94891e-14 0)
(400 -1.971e-14 0)
(400 -1.74859e-14 0)
(400 -1.46374e-14 0)
(400 -2.25022e-14 0)
(400 -2.6557e-14 0)
(400 -1.14984e-14 0)
(400 8.29526e-15 0)
(400 2.0166e-14 0)
(400 3.1467e-14 0)
(400 2.98848e-14 0)
(400 1.94911e-14 0)
(400 2.25473e-14 0)
(400 2.54718e-14 0)
(400 1.63449e-14 0)
(400 7.06819e-16 0)
(400 1.07259e-14 0)
(400 2.44983e-14 0)
(400 4.86804e-14 0)
(400 5.29402e-14 0)
(400 5.48434e-14 0)
(400 6.36925e-14 0)
(400 7.11132e-14 0)
(400 6.54311e-14 0)
(400 6.02855e-14 0)
(400 6.87988e-14 0)
(400 5.30822e-14 0)
(400 3.14799e-14 0)
(400 2.19055e-14 0)
(400 3.05576e-14 0)
(400 3.47558e-14 0)
(400 2.67202e-14 0)
(400 2.51615e-14 0)
(400 3.10792e-14 0)
(400 3.56323e-14 0)
(400 3.60116e-14 0)
(400 3.58846e-14 0)
(400 3.44237e-14 0)
(400 3.50346e-14 0)
(400 2.06129e-14 0)
(400 2.14707e-14 0)
(400 2.99647e-14 0)
(400 1.74631e-14 0)
(400 1.75212e-14 0)
(400 1.81052e-14 0)
(400 2.58359e-14 0)
(400 3.84899e-14 0)
(400 4.95249e-14 0)
(400 6.09276e-14 0)
(400 5.21283e-14 0)
(400 3.47334e-14 0)
(400 2.53237e-14 0)
(400 2.73885e-14 0)
(400 3.15193e-14 0)
(400 4.74504e-14 0)
(400 4.99107e-14 0)
(400 5.15596e-14 0)
(400 5.41649e-14 0)
(400 5.13973e-14 0)
(400 4.91624e-14 0)
(400 5.64926e-14 0)
(400 7.08683e-14 0)
(400 8.43886e-14 0)
(400 9.49621e-14 0)
(400 1.12016e-13 0)
(400 1.16768e-13 0)
(400 1.04091e-13 0)
(400 9.90252e-14 0)
(400 1.02611e-13 0)
(400 8.89146e-14 0)
(400 8.89956e-14 0)
(400 8.96608e-14 0)
(400 8.59871e-14 0)
(400 8.32109e-14 0)
(400 6.9574e-14 0)
(400 5.86459e-14 0)
(400 6.25346e-14 0)
(400 6.48351e-14 0)
(400 -2.33881e-14 0)
(400 -1.08988e-14 0)
(400 -2.83494e-15 0)
(400 -7.39525e-15 0)
(400 8.92219e-15 0)
(400 2.22619e-14 0)
(400 1.14756e-14 0)
(400 1.9744e-14 0)
(400 2.39156e-14 0)
(400 2.37918e-14 0)
(400 -1.50165e-16 0)
(400 -3.89944e-15 0)
(400 -8.62107e-15 0)
(400 -9.02329e-15 0)
(400 8.65329e-15 0)
(400 1.05996e-14 0)
(400 1.42082e-14 0)
(400 2.50591e-14 0)
(400 2.85959e-14 0)
(400 4.48525e-14 0)
(400 6.27859e-14 0)
(400 7.25763e-14 0)
(400 7.88638e-14 0)
(400 6.8234e-14 0)
(400 3.95034e-14 0)
(400 1.41423e-14 0)
(400 -2.81161e-16 0)
(400 -1.26866e-14 0)
(400 -3.65897e-14 0)
(400 -4.45235e-14 0)
(400 -3.46993e-14 0)
(400 -1.77207e-14 0)
(400 -1.77428e-14 0)
(400 -2.30547e-14 0)
(400 -3.88673e-14 0)
(400 -3.10485e-14 0)
(400 -2.22389e-14 0)
(400 -3.94087e-14 0)
(400 -5.10565e-14 0)
(400 -3.61274e-14 0)
(400 -1.32826e-14 0)
(400 7.12153e-15 0)
(400 2.26129e-14 0)
(400 2.36056e-14 0)
(400 3.50906e-14 0)
(400 3.70036e-14 0)
(400 3.89866e-14 0)
(400 3.98751e-14 0)
(400 3.36577e-14 0)
(400 2.60401e-14 0)
(400 3.00457e-14 0)
(400 3.35702e-14 0)
(400 3.8848e-14 0)
(400 5.33674e-14 0)
(400 6.03752e-14 0)
(400 6.09207e-14 0)
(400 4.87365e-14 0)
(400 2.89672e-14 0)
(400 1.12191e-14 0)
(400 -1.19074e-14 0)
(400 -4.48834e-14 0)
(400 -5.63398e-14 0)
(400 -5.57315e-14 0)
(400 -5.41056e-14 0)
(400 -5.38364e-14 0)
(400 -3.81681e-14 0)
(400 -2.51817e-14 0)
(400 -2.48242e-14 0)
(400 -2.54926e-14 0)
(400 -3.10497e-14 0)
(400 -1.8493e-14 0)
(400 4.29584e-15 0)
(400 2.43835e-14 0)
(400 4.94062e-14 0)
(400 6.48916e-14 0)
(400 8.08339e-14 0)
(400 7.20643e-14 0)
(400 6.60491e-14 0)
(400 7.02611e-14 0)
(400 6.9215e-14 0)
(400 6.31072e-14 0)
(400 5.40226e-14 0)
(400 5.32139e-14 0)
(400 3.74413e-14 0)
(400 2.96263e-14 0)
(400 2.29371e-14 0)
(400 2.29275e-14 0)
(400 1.9884e-14 0)
(400 1.92474e-14 0)
(400 9.39241e-15 0)
(400 1.33982e-14 0)
(400 2.46795e-14 0)
(400 2.16328e-14 0)
(400 -3.51426e-15 0)
(400 -1.05724e-14 0)
(400 7.00157e-15 0)
(400 -7.29435e-15 0)
(400 -1.79492e-14 0)
(400 -2.86973e-15 0)
(400 1.77768e-14 0)
(400 2.75644e-14 0)
(400 2.66763e-14 0)
(400 2.18833e-14 0)
(400 3.72808e-14 0)
(400 5.09299e-14 0)
(400 4.10161e-14 0)
(400 2.76025e-14 0)
(400 3.10313e-14 0)
(400 4.30688e-14 0)
(400 5.4059e-14 0)
(400 5.17188e-14 0)
(400 4.39307e-14 0)
(400 5.43384e-14 0)
(400 5.56691e-14 0)
(400 3.64483e-14 0)
(400 2.1243e-14 0)
(400 1.39865e-14 0)
(400 1.82069e-14 0)
(400 2.37182e-14 0)
(400 1.157e-14 0)
(400 -8.40877e-15 0)
(400 -3.00096e-14 0)
(400 -3.19481e-14 0)
(400 -4.77651e-14 0)
(400 -4.25221e-14 0)
(400 -4.41797e-14 0)
(400 -5.04847e-14 0)
(400 -4.97703e-14 0)
(400 -2.62785e-14 0)
(400 -2.45648e-16 0)
(400 9.80267e-15 0)
(400 1.21177e-14 0)
(400 2.0482e-14 0)
(400 2.48469e-14 0)
(400 3.74761e-14 0)
(400 1.98493e-14 0)
(400 -1.2108e-14 0)
(400 -1.99409e-14 0)
(400 1.2567e-16 0)
(400 2.97141e-14 0)
(400 3.43791e-14 0)
(400 2.13236e-14 0)
(400 3.37926e-14 0)
(400 5.08895e-14 0)
(400 6.51023e-14 0)
(400 6.58997e-14 0)
(400 6.91635e-14 0)
(400 7.63716e-14 0)
(400 7.44533e-14 0)
(400 8.05257e-14 0)
(400 7.7253e-14 0)
(400 6.44728e-14 0)
(400 5.93519e-14 0)
(400 6.10247e-14 0)
(400 5.92838e-14 0)
(400 6.75974e-14 0)
(400 7.06901e-14 0)
(400 6.48822e-14 0)
(400 6.35284e-14 0)
(400 6.25049e-14 0)
(400 7.08922e-14 0)
(400 6.27185e-14 0)
(400 5.94643e-14 0)
(400 6.19662e-14 0)
(400 5.11522e-14 0)
(400 4.71529e-14 0)
(400 4.85583e-14 0)
(400 5.22351e-14 0)
(400 5.28946e-14 0)
(400 4.94533e-14 0)
(400 5.69353e-14 0)
(400 4.63433e-14 0)
(400 2.30421e-14 0)
(400 2.48931e-14 0)
(400 2.87672e-14 0)
(400 1.86273e-14 0)
(400 3.12887e-14 0)
(400 4.05605e-14 0)
(400 4.90254e-14 0)
(400 5.8629e-14 0)
(400 5.35272e-14 0)
(400 3.99898e-14 0)
(400 5.18086e-14 0)
(400 5.23293e-14 0)
(400 4.91857e-14 0)
(400 5.53155e-14 0)
(400 5.32789e-14 0)
(400 5.17153e-14 0)
(400 4.77513e-14 0)
(400 4.80149e-14 0)
(400 5.1927e-14 0)
(400 4.837e-14 0)
(400 4.02182e-14 0)
(400 5.00711e-14 0)
(400 4.70235e-14 0)
(400 4.12785e-14 0)
(400 3.80501e-14 0)
(400 4.79987e-14 0)
(400 5.34086e-14 0)
(400 4.9835e-14 0)
(400 -3.71714e-14 0)
(400 -3.01212e-14 0)
(400 -2.73706e-14 0)
(400 -4.98072e-14 0)
(400 -3.69628e-14 0)
(400 -3.37121e-14 0)
(400 -2.89877e-14 0)
(400 -2.30161e-14 0)
(400 -1.82414e-14 0)
(400 -2.08594e-14 0)
(400 -3.1176e-14 0)
(400 -6.12073e-15 0)
(400 -3.92198e-16 0)
(400 -1.46249e-14 0)
(400 -2.5888e-14 0)
(400 -3.24186e-14 0)
(400 -3.08282e-14 0)
(400 -1.07661e-14 0)
(400 -1.6584e-14 0)
(400 -1.16079e-14 0)
(400 -9.01362e-15 0)
(400 -1.56573e-14 0)
(400 -1.17221e-14 0)
(400 -1.21476e-14 0)
(400 -2.68593e-14 0)
(400 -3.8667e-14 0)
(400 -4.42906e-14 0)
(400 -3.80956e-14 0)
(400 -5.1227e-14 0)
(400 -5.45405e-14 0)
(400 -3.57047e-14 0)
(400 -2.18827e-14 0)
(400 -2.30324e-14 0)
(400 -2.92062e-14 0)
(400 -4.22351e-14 0)
(400 -3.83453e-14 0)
(400 -4.23477e-14 0)
(400 -2.40179e-14 0)
(400 -1.6904e-14 0)
(400 6.48243e-15 0)
(400 1.37068e-14 0)
(400 3.06096e-14 0)
(400 3.76769e-14 0)
(400 3.38024e-14 0)
(400 4.40118e-14 0)
(400 3.03286e-14 0)
(400 4.38765e-14 0)
(400 5.02581e-14 0)
(400 4.94419e-14 0)
(400 6.20128e-14 0)
(400 6.35947e-14 0)
(400 7.49982e-14 0)
(400 6.6382e-14 0)
(400 5.95879e-14 0)
(400 5.78392e-14 0)
(400 5.74031e-14 0)
(400 4.93786e-14 0)
(400 3.44743e-14 0)
(400 2.19149e-14 0)
(400 1.94195e-14 0)
(400 2.33152e-15 0)
(400 -2.67667e-14 0)
(400 -2.69089e-14 0)
(400 -2.02675e-14 0)
(400 -3.0016e-14 0)
(400 -3.05653e-14 0)
(400 -1.59392e-14 0)
(400 -1.24924e-14 0)
(400 -1.05671e-14 0)
(400 -6.89109e-15 0)
(400 -7.15197e-15 0)
(400 -4.78439e-15 0)
(400 2.94596e-15 0)
(400 1.16272e-14 0)
(400 2.76078e-14 0)
(400 3.21432e-14 0)
(400 4.14122e-14 0)
(400 4.14198e-14 0)
(400 5.95509e-14 0)
(400 7.52214e-14 0)
(400 7.76666e-14 0)
(400 6.5221e-14 0)
(400 7.31594e-14 0)
(400 7.97819e-14 0)
(400 7.53595e-14 0)
(400 6.37038e-14 0)
(400 5.57523e-14 0)
(400 7.33749e-14 0)
(400 1.06949e-13 0)
(400 1.1249e-13 0)
(400 1.04513e-13 0)
(400 1.02335e-13 0)
(400 9.88585e-14 0)
(400 7.95722e-14 0)
(400 6.86829e-14 0)
(400 6.72348e-14 0)
(400 5.74929e-14 0)
(400 5.10058e-14 0)
(400 5.79649e-14 0)
(400 7.32964e-14 0)
(400 6.78287e-14 0)
(400 6.59335e-14 0)
(400 7.23258e-14 0)
(400 8.70308e-14 0)
(400 1.02473e-13 0)
(400 9.36994e-14 0)
(400 8.02002e-14 0)
(400 6.66151e-14 0)
(400 7.21266e-14 0)
(400 9.39342e-14 0)
(400 7.56742e-14 0)
(400 4.89276e-14 0)
(400 5.12526e-14 0)
(400 4.9932e-14 0)
(400 3.75809e-14 0)
(400 2.45639e-14 0)
(400 8.79818e-15 0)
(400 2.56681e-16 0)
(400 2.5011e-14 0)
(400 2.64885e-14 0)
(400 1.63889e-14 0)
(400 -1.82852e-15 0)
(400 -2.53741e-14 0)
(400 -3.11783e-14 0)
(400 -2.84215e-14 0)
(400 -3.43054e-14 0)
(400 -3.57596e-14 0)
(400 -2.9279e-14 0)
(400 -2.71941e-14 0)
(400 -1.61688e-14 0)
(400 -2.3321e-14 0)
(400 -3.60569e-14 0)
(400 -3.78657e-14 0)
(400 -2.59096e-14 0)
(400 -3.06369e-14 0)
(400 -5.42384e-14 0)
(400 -6.60638e-14 0)
(400 -5.55125e-14 0)
(400 -3.49529e-14 0)
(400 -2.63775e-14 0)
(400 -2.53397e-14 0)
(400 -2.82257e-14 0)
(400 -1.21381e-14 0)
(400 -6.64945e-15 0)
(400 -1.54251e-14 0)
(400 -6.53633e-15 0)
(400 1.09519e-14 0)
(400 1.24785e-14 0)
(400 2.77399e-14 0)
(400 4.09371e-14 0)
(400 4.80575e-14 0)
(400 5.20146e-14 0)
(400 4.59006e-14 0)
(400 3.97637e-14 0)
(400 5.50893e-14 0)
(400 7.38925e-14 0)
(400 7.48687e-14 0)
(400 7.04425e-14 0)
(400 6.68458e-14 0)
(400 5.7996e-14 0)
(400 4.99686e-14 0)
(400 5.51954e-14 0)
(400 4.51526e-14 0)
(400 4.71993e-14 0)
(400 5.15873e-14 0)
(400 4.34811e-14 0)
(400 4.19703e-14 0)
(400 3.48138e-14 0)
(400 1.56876e-14 0)
(400 3.17375e-15 0)
(400 7.11072e-15 0)
(400 3.01623e-15 0)
(400 -4.13735e-15 0)
(400 5.41558e-15 0)
(400 1.93528e-14 0)
(400 1.52132e-14 0)
(400 8.65814e-15 0)
(400 1.35838e-14 0)
(400 2.15107e-14 0)
(400 2.22767e-14 0)
(400 4.17808e-14 0)
(400 4.93749e-14 0)
(400 5.56766e-14 0)
(400 5.18086e-14 0)
(400 3.90642e-14 0)
(400 3.92953e-14 0)
(400 2.64062e-14 0)
(400 2.80596e-14 0)
(400 3.93393e-14 0)
(400 4.61862e-14 0)
(400 3.94983e-14 0)
(400 4.68217e-14 0)
(400 5.76216e-14 0)
(400 6.35474e-14 0)
(400 5.76793e-14 0)
(400 5.17441e-14 0)
(400 6.26408e-14 0)
(400 7.85603e-14 0)
(400 6.37335e-14 0)
(400 4.25162e-14 0)
(400 -2.13263e-14 0)
(400 -2.89478e-14 0)
(400 -3.62056e-14 0)
(400 -5.0827e-14 0)
(400 -4.7321e-14 0)
(400 -4.61134e-14 0)
(400 -2.78226e-14 0)
(400 -2.20373e-14 0)
(400 -4.49545e-15 0)
(400 8.10717e-15 0)
(400 1.46813e-14 0)
(400 2.11027e-14 0)
(400 3.51681e-14 0)
(400 1.75889e-14 0)
(400 -1.49512e-14 0)
(400 -1.53676e-14 0)
(400 -4.2e-15 0)
(400 -4.89478e-15 0)
(400 -9.21333e-15 0)
(400 -1.17546e-14 0)
(400 -2.39011e-14 0)
(400 -4.94638e-14 0)
(400 -5.90061e-14 0)
(400 -5.51575e-14 0)
(400 -6.02645e-14 0)
(400 -6.72812e-14 0)
(400 -5.43378e-14 0)
(400 -3.34092e-14 0)
(400 -2.82223e-14 0)
(400 -4.92119e-14 0)
(400 -5.20893e-14 0)
(400 -4.51674e-14 0)
(400 -3.83562e-14 0)
(400 -4.40286e-14 0)
(400 -3.26589e-14 0)
(400 -3.63857e-14 0)
(400 -4.43648e-14 0)
(400 -2.56418e-14 0)
(400 -5.34514e-16 0)
(400 -7.93102e-15 0)
(400 -8.23905e-15 0)
(400 8.77853e-15 0)
(400 2.85917e-14 0)
(400 3.63732e-14 0)
(400 1.39029e-14 0)
(400 1.61666e-14 0)
(400 3.01913e-14 0)
(400 4.40056e-14 0)
(400 4.29609e-14 0)
(400 4.24439e-14 0)
(400 4.57992e-14 0)
(400 2.73232e-14 0)
(400 1.34339e-14 0)
(400 -2.66823e-15 0)
(400 -1.13081e-14 0)
(400 -6.91473e-15 0)
(400 2.031e-15 0)
(400 4.66025e-16 0)
(400 -9.20519e-15 0)
(400 -1.2598e-14 0)
(400 -4.14994e-15 0)
(400 1.20829e-15 0)
(400 -1.52939e-14 0)
(400 -5.24725e-14 0)
(400 -7.39344e-14 0)
(400 -8.78856e-14 0)
(400 -8.63244e-14 0)
(400 -6.76205e-14 0)
(400 -4.87619e-14 0)
(400 -3.23356e-14 0)
(400 -1.70999e-14 0)
(400 -1.95469e-14 0)
(400 -1.29369e-14 0)
(400 -2.15183e-14 0)
(400 -2.04364e-14 0)
(400 -1.14298e-14 0)
(400 -7.19826e-15 0)
(400 -4.39803e-15 0)
(400 -1.58645e-15 0)
(400 -5.92684e-15 0)
(400 -7.60291e-15 0)
(400 -9.05345e-15 0)
(400 -8.71071e-15 0)
(400 -1.29085e-14 0)
(400 -9.23571e-15 0)
(400 2.69108e-15 0)
(400 1.63293e-14 0)
(400 2.93613e-14 0)
(400 3.68925e-14 0)
(400 5.46853e-14 0)
(400 5.33661e-14 0)
(400 5.63559e-14 0)
(400 6.58401e-14 0)
(400 6.96379e-14 0)
(400 6.46968e-14 0)
(400 6.49794e-14 0)
(400 8.02285e-14 0)
(400 7.72907e-14 0)
(400 4.55491e-14 0)
(400 4.10015e-14 0)
(400 4.52404e-14 0)
(400 5.45278e-14 0)
(400 5.82731e-14 0)
(400 4.22261e-14 0)
(400 3.81188e-14 0)
(400 4.53156e-14 0)
(400 4.54564e-14 0)
(400 3.07215e-14 0)
(400 1.76852e-14 0)
(400 2.32676e-14 0)
(400 1.41307e-14 0)
(400 2.83171e-15 0)
(400 2.44796e-15 0)
(400 -2.08469e-14 0)
(400 -2.94351e-14 0)
(400 -2.9704e-14 0)
(400 -2.72284e-14 0)
(400 -2.38206e-14 0)
(400 -2.702e-14 0)
(400 -2.07794e-14 0)
(400 -5.66501e-15 0)
(400 2.66452e-16 0)
(400 -5.40009e-15 0)
(400 -6.09139e-15 0)
(400 -2.20848e-14 0)
(400 -2.88237e-14 0)
(400 -9.11963e-15 0)
(400 -4.00373e-15 0)
(400 -2.08884e-14 0)
(400 -1.90716e-14 0)
(400 -1.82538e-14 0)
(400 -2.47075e-14 0)
(400 -3.38132e-14 0)
(400 -5.58202e-14 0)
(400 -7.02934e-14 0)
(400 -7.03776e-14 0)
(400 -7.39897e-14 0)
(400 -6.34696e-14 0)
(400 -7.34196e-14 0)
(400 -7.99862e-14 0)
(400 -7.09582e-14 0)
(400 -5.17068e-14 0)
(400 -3.67531e-14 0)
(400 -4.00786e-14 0)
(400 -3.60787e-14 0)
(400 -2.11748e-14 0)
(400 -1.25614e-14 0)
(400 -1.77402e-14 0)
(400 -1.08002e-14 0)
(400 7.84526e-15 0)
(400 1.10366e-14 0)
(400 2.49642e-14 0)
(400 3.74564e-14 0)
(400 3.90855e-14 0)
(400 5.03378e-14 0)
(400 6.8422e-14 0)
(400 8.4617e-14 0)
(400 9.81544e-14 0)
(400 9.08982e-14 0)
(400 8.28599e-14 0)
(400 5.36513e-14 0)
(400 4.38229e-14 0)
(400 2.89678e-14 0)
(400 1.34545e-14 0)
(400 2.51186e-14 0)
(400 1.55862e-14 0)
(400 7.25072e-15 0)
(400 -5.0617e-15 0)
(400 -1.75332e-14 0)
(400 -1.95403e-14 0)
(400 -3.27755e-14 0)
(400 -3.25637e-14 0)
(400 -1.40342e-14 0)
(400 2.28547e-15 0)
(400 1.62069e-14 0)
(400 1.69869e-14 0)
(400 3.59947e-15 0)
(400 -2.87453e-15 0)
(400 4.40295e-15 0)
(400 2.21206e-15 0)
(400 1.27467e-15 0)
(400 1.218e-14 0)
(400 5.25232e-15 0)
(400 8.41749e-15 0)
(400 2.41396e-14 0)
(400 1.41796e-14 0)
(400 6.73587e-15 0)
(400 1.22632e-14 0)
(400 1.07594e-14 0)
(400 1.75956e-14 0)
(400 1.15099e-14 0)
(400 5.99957e-15 0)
(400 1.53836e-14 0)
(400 1.30489e-14 0)
(400 2.2447e-14 0)
(400 1.75278e-14 0)
(400 1.13354e-14 0)
(400 -4.51698e-15 0)
(400 -6.92779e-15 0)
(400 3.33398e-15 0)
(400 -2.83139e-15 0)
(400 -2.56748e-14 0)
(400 -4.3509e-14 0)
(400 -2.88098e-14 0)
(400 -4.76957e-14 0)
(400 -3.60664e-14 0)
(400 -3.25783e-14 0)
(400 -3.57429e-14 0)
(400 -2.12719e-14 0)
(400 -8.73683e-16 0)
(400 2.08271e-14 0)
(400 2.40013e-14 0)
(400 3.64457e-14 0)
(400 1.53633e-14 0)
(400 -7.46063e-15 0)
(400 3.9699e-15 0)
(400 2.86739e-15 0)
(400 -1.90838e-14 0)
(400 -2.2912e-14 0)
(400 -3.73014e-14 0)
(400 -5.26857e-14 0)
(400 -4.86012e-14 0)
(400 -5.42251e-14 0)
(400 -5.45295e-14 0)
(400 -4.72404e-14 0)
(400 -4.41896e-14 0)
(400 -2.81872e-14 0)
(400 -3.69156e-15 0)
(400 7.95534e-15 0)
(400 -2.73063e-15 0)
(400 -2.55887e-14 0)
(400 -2.63608e-14 0)
(400 -2.965e-14 0)
(400 -3.84334e-14 0)
(400 -1.86157e-14 0)
(400 -1.30268e-14 0)
(400 -2.93339e-14 0)
(400 -3.54879e-14 0)
(400 -2.55298e-14 0)
(400 -2.21016e-14 0)
(400 -4.85086e-15 0)
(400 -9.81242e-15 0)
(400 9.2565e-16 0)
(400 -2.31797e-15 0)
(400 -1.83551e-14 0)
(400 3.32328e-15 0)
(400 2.44979e-14 0)
(400 4.14465e-14 0)
(400 4.91124e-14 0)
(400 4.28714e-14 0)
(400 5.2753e-14 0)
(400 5.75195e-14 0)
(400 5.14974e-14 0)
(400 5.61428e-14 0)
(400 4.12916e-14 0)
(400 4.06464e-14 0)
(400 4.99258e-14 0)
(400 6.23709e-14 0)
(400 6.14294e-14 0)
(400 5.46812e-14 0)
(400 4.54711e-14 0)
(400 4.96175e-14 0)
(400 3.35144e-14 0)
(400 2.20208e-15 0)
(400 -2.73132e-14 0)
(400 -4.81532e-14 0)
(400 -5.58201e-14 0)
(400 -4.89944e-14 0)
(400 -4.49137e-14 0)
(400 -3.94039e-14 0)
(400 -2.98313e-14 0)
(400 -3.14986e-14 0)
(400 -2.02657e-14 0)
(400 -1.34185e-14 0)
(400 -1.83726e-15 0)
(400 1.38052e-14 0)
(400 1.53276e-14 0)
(400 2.20626e-14 0)
(400 1.32654e-14 0)
(400 2.00333e-14 0)
(400 2.45515e-14 0)
(400 3.45929e-14 0)
(400 2.05883e-14 0)
(400 6.40776e-15 0)
(400 4.62533e-15 0)
(400 1.52534e-14 0)
(400 3.43056e-14 0)
(400 2.63551e-14 0)
(400 1.08407e-14 0)
(400 2.19108e-14 0)
(400 4.4466e-14 0)
(400 6.6837e-14 0)
(400 7.84564e-14 0)
(400 7.91157e-14 0)
(400 8.971e-14 0)
(400 1.08024e-13 0)
(400 1.08942e-13 0)
(400 1.07239e-13 0)
(400 9.10822e-14 0)
(400 7.02514e-14 0)
(400 7.70805e-14 0)
(400 8.78791e-14 0)
(400 6.64318e-14 0)
(400 2.91997e-14 0)
(400 3.01403e-14 0)
(400 4.35878e-14 0)
(400 4.69942e-14 0)
(400 5.34448e-14 0)
(400 3.53413e-14 0)
(400 2.14968e-14 0)
(400 2.17024e-14 0)
(400 2.56477e-14 0)
(400 5.20634e-15 0)
(400 -2.35192e-14 0)
(400 -2.50398e-14 0)
(400 -2.10428e-14 0)
(400 -1.41386e-14 0)
(400 -3.18018e-15 0)
(400 -1.18508e-14 0)
(400 1.01354e-15 0)
(400 1.72958e-14 0)
(400 2.13672e-14 0)
(400 2.10663e-14 0)
(400 9.70689e-15 0)
(400 2.17753e-15 0)
(400 6.54417e-15 0)
(400 1.50595e-14 0)
(400 1.14447e-14 0)
(400 -3.4744e-15 0)
(400 -1.7443e-14 0)
(400 -3.28742e-14 0)
(400 -5.85943e-14 0)
(400 -6.69208e-14 0)
(400 -8.51497e-14 0)
(400 -9.91619e-14 0)
(400 -1.04966e-13 0)
(400 -1.12139e-13 0)
(400 -1.08464e-13 0)
(400 -1.07317e-13 0)
(400 -1.04448e-13 0)
(400 -1.08645e-13 0)
(400 -1.02201e-13 0)
(400 -9.2211e-14 0)
(400 -7.45289e-14 0)
(400 -4.58305e-14 0)
(400 -4.03052e-14 0)
(400 -4.87651e-14 0)
(400 -5.9983e-14 0)
(400 -4.7401e-14 0)
(400 -2.82889e-14 0)
(400 -2.21433e-14 0)
(400 -1.14322e-14 0)
(400 5.63772e-15 0)
(400 3.33867e-14 0)
(400 4.67836e-14 0)
(400 6.20846e-14 0)
(400 8.05104e-14 0)
(400 9.59571e-14 0)
(400 1.05992e-13 0)
(400 9.66097e-14 0)
(400 8.64783e-14 0)
(400 6.36963e-14 0)
(400 4.4993e-14 0)
(400 2.21362e-14 0)
(400 1.98083e-14 0)
(400 1.43638e-14 0)
(400 2.04693e-15 0)
(400 -2.15983e-16 0)
(400 9.32265e-15 0)
(400 1.98331e-14 0)
(400 1.66463e-14 0)
(400 2.93427e-14 0)
(400 5.09486e-14 0)
(400 6.52489e-14 0)
(400 6.26151e-14 0)
(400 7.22425e-14 0)
(400 6.30828e-14 0)
(400 5.39735e-14 0)
(400 5.01228e-14 0)
(400 4.98263e-14 0)
(400 3.50452e-14 0)
(400 1.96145e-14 0)
(400 1.37133e-15 0)
(400 5.93641e-15 0)
(400 2.25213e-14 0)
(400 1.87772e-14 0)
(400 2.59033e-14 0)
(400 2.93394e-14 0)
(400 3.51033e-14 0)
(400 2.84743e-14 0)
(400 1.82867e-14 0)
(400 1.13487e-14 0)
(400 -2.85164e-15 0)
(400 -1.42832e-15 0)
(400 4.6667e-15 0)
(400 1.39084e-14 0)
(400 8.80001e-15 0)
(400 -1.79721e-14 0)
(400 -4.45333e-15 0)
(400 7.35437e-15 0)
(400 -2.08652e-14 0)
(400 -4.20137e-14 0)
(400 -4.37724e-14 0)
(400 -2.22728e-14 0)
(400 -3.30168e-14 0)
(400 -3.9251e-14 0)
(400 -4.54714e-14 0)
(400 -4.1306e-14 0)
(400 -4.67861e-14 0)
(400 -5.27643e-14 0)
(400 -3.67141e-14 0)
(400 -2.59477e-14 0)
(400 -2.60587e-14 0)
(400 -2.16791e-14 0)
(400 -1.85792e-14 0)
(400 -1.40775e-14 0)
(400 -3.17335e-14 0)
(400 -5.46742e-14 0)
(400 -5.37772e-14 0)
(400 -4.41287e-14 0)
(400 -3.09573e-14 0)
(400 -1.40161e-14 0)
(400 -2.90567e-14 0)
(400 -2.56138e-14 0)
(400 -2.42864e-14 0)
(400 -8.99426e-15 0)
(400 -3.74027e-15 0)
(400 1.34272e-15 0)
(400 2.20536e-14 0)
(400 5.21617e-14 0)
(400 3.66753e-14 0)
(400 1.21167e-14 0)
(400 -1.37127e-14 0)
(400 -2.43104e-14 0)
(400 -2.10994e-14 0)
(400 -1.6028e-14 0)
(400 -2.71798e-14 0)
(400 -4.67032e-14 0)
(400 -6.48662e-14 0)
(400 -5.28679e-14 0)
(400 -4.55194e-14 0)
(400 -5.99667e-14 0)
(400 -6.51961e-14 0)
(400 -6.39957e-14 0)
(400 -5.02644e-14 0)
(400 -3.2939e-14 0)
(400 -1.84696e-14 0)
(400 -1.18665e-14 0)
(400 -9.32627e-15 0)
(400 -8.6472e-15 0)
(400 1.36935e-14 0)
(400 4.75944e-14 0)
(400 5.80596e-14 0)
(400 7.10004e-14 0)
(400 6.01493e-14 0)
(400 5.20038e-14 0)
(400 6.4119e-14 0)
(400 6.91344e-14 0)
(400 6.39201e-14 0)
(400 5.80618e-14 0)
(400 4.14768e-14 0)
(400 2.16438e-14 0)
(400 1.16295e-14 0)
(400 2.90303e-14 0)
(400 1.3675e-14 0)
(400 -1.6074e-14 0)
(400 -1.95107e-14 0)
(400 -3.61779e-14 0)
(400 -5.77356e-14 0)
(400 -6.06014e-14 0)
(400 -7.05547e-14 0)
(400 -7.05879e-14 0)
(400 -6.60178e-14 0)
(400 -5.15436e-14 0)
(400 -3.86815e-14 0)
(400 -2.10296e-14 0)
(400 -9.29673e-15 0)
(400 1.21486e-15 0)
(400 -1.28133e-14 0)
(400 -1.18405e-14 0)
(400 -4.37904e-15 0)
(400 -1.17826e-15 0)
(400 -8.00794e-15 0)
(400 -1.57727e-14 0)
(400 -2.93475e-14 0)
(400 -3.21457e-14 0)
(400 -3.88323e-14 0)
(400 -3.18515e-14 0)
(400 -3.24757e-14 0)
(400 -1.21517e-14 0)
(400 1.81686e-14 0)
(400 4.5648e-14 0)
(400 5.52324e-14 0)
(400 5.88071e-14 0)
(400 8.31648e-14 0)
(400 7.67241e-14 0)
(400 7.22319e-14 0)
(400 8.06432e-14 0)
(400 8.14017e-14 0)
(400 6.24578e-14 0)
(400 5.72351e-14 0)
(400 5.26035e-14 0)
(400 4.58205e-14 0)
(400 3.50743e-14 0)
(400 4.53295e-14 0)
(400 3.5706e-14 0)
(400 3.24231e-14 0)
(400 3.40218e-14 0)
(400 3.60607e-14 0)
(400 1.92347e-14 0)
(400 1.70089e-14 0)
(400 2.58545e-14 0)
(400 8.08458e-15 0)
(400 -7.69867e-15 0)
(400 -1.20259e-14 0)
(400 -1.95064e-14 0)
(400 -3.12262e-14 0)
(400 -2.80758e-14 0)
(400 -2.17592e-14 0)
(400 -7.82343e-15 0)
(400 6.71998e-15 0)
(400 1.74883e-14 0)
(400 4.02432e-15 0)
(400 1.09026e-14 0)
(400 1.82564e-14 0)
(400 2.64365e-14 0)
(400 2.39886e-14 0)
(400 2.76726e-14 0)
(400 1.58067e-14 0)
(400 -8.72423e-15 0)
(400 -2.96205e-14 0)
(400 -4.47102e-14 0)
(400 -4.8861e-14 0)
(400 -5.47883e-14 0)
(400 -4.85624e-14 0)
(400 -7.05858e-14 0)
(400 -9.04026e-14 0)
(400 -9.56491e-14 0)
(400 -6.888e-14 0)
(400 -4.88783e-14 0)
(400 -4.89243e-14 0)
(400 -6.40147e-14 0)
(400 -7.00919e-14 0)
(400 -6.82815e-14 0)
(400 -6.12063e-14 0)
(400 -5.54236e-14 0)
(400 -6.43754e-14 0)
(400 -6.75303e-14 0)
(400 -5.90988e-14 0)
(400 -5.45609e-14 0)
(400 -4.88391e-14 0)
(400 -5.10395e-14 0)
(400 -4.04539e-14 0)
(400 -1.19096e-14 0)
(400 5.40053e-15 0)
(400 1.01237e-15 0)
(400 -4.87508e-15 0)
(400 -5.77923e-15 0)
(400 5.2446e-15 0)
(400 -6.93722e-15 0)
(400 -2.0847e-14 0)
(400 -2.21428e-14 0)
(400 -2.58954e-14 0)
(400 -3.125e-14 0)
(400 -4.46015e-14 0)
(400 -4.17345e-14 0)
(400 -4.63883e-14 0)
(400 -4.00403e-14 0)
(400 -2.88579e-14 0)
(400 -1.22173e-14 0)
(400 8.34898e-15 0)
(400 2.51464e-14 0)
(400 3.48985e-14 0)
(400 4.72424e-14 0)
(400 4.85785e-14 0)
(400 6.0263e-14 0)
(400 6.15542e-14 0)
(400 5.11128e-14 0)
(400 5.1263e-14 0)
(400 4.85492e-14 0)
(400 5.07763e-14 0)
(400 2.64851e-14 0)
(400 2.0907e-14 0)
(400 4.25872e-14 0)
(400 3.30895e-14 0)
(400 4.24491e-14 0)
(400 6.63104e-14 0)
(400 6.9871e-14 0)
(400 8.38342e-14 0)
(400 6.91253e-14 0)
(400 6.04181e-14 0)
(400 4.81426e-14 0)
(400 2.20312e-14 0)
(400 4.21085e-15 0)
(400 -1.35972e-14 0)
(400 -1.24107e-14 0)
(400 -2.14113e-14 0)
(400 -1.62779e-14 0)
(400 2.7046e-15 0)
(400 -1.31822e-15 0)
(400 -1.93035e-14 0)
(400 -4.32562e-14 0)
(400 -3.19449e-14 0)
(400 -3.84716e-14 0)
(400 -4.924e-14 0)
(400 -6.2017e-14 0)
(400 -5.22051e-14 0)
(400 -4.74371e-14 0)
(400 -4.81241e-14 0)
(400 -4.92334e-14 0)
(400 -4.92439e-14 0)
(400 -4.68857e-14 0)
(400 -4.32508e-14 0)
(400 -2.19197e-14 0)
(400 -1.59623e-14 0)
(400 -1.89266e-14 0)
(400 -1.54144e-14 0)
(400 -5.53961e-15 0)
(400 -1.82503e-14 0)
(400 -2.59531e-14 0)
(400 -2.06604e-15 0)
(400 6.65559e-15 0)
(400 3.89537e-15 0)
(400 2.01387e-14 0)
(400 1.958e-14 0)
(400 3.11763e-14 0)
(400 3.1402e-14 0)
(400 2.41577e-14 0)
(400 3.51527e-14 0)
(400 5.00191e-14 0)
(400 5.35959e-14 0)
(400 3.57465e-14 0)
(400 1.24166e-14 0)
(400 1.15676e-14 0)
(400 6.95417e-16 0)
(400 -9.05226e-15 0)
(400 -2.64974e-14 0)
(400 -3.77769e-14 0)
(400 -4.06901e-14 0)
(400 -5.94451e-14 0)
(400 -7.28266e-14 0)
(400 -7.63028e-14 0)
(400 -7.57001e-14 0)
(400 -5.10437e-14 0)
(400 -2.68197e-14 0)
(400 -2.24198e-14 0)
(400 -1.7258e-14 0)
(400 -9.27334e-15 0)
(400 4.49175e-16 0)
(400 2.77222e-14 0)
(400 4.926e-14 0)
(400 5.96175e-14 0)
(400 5.89303e-14 0)
(400 6.04666e-14 0)
(400 6.97636e-14 0)
(400 5.51895e-14 0)
(400 5.35164e-14 0)
(400 6.0166e-14 0)
(400 8.10434e-14 0)
(400 9.30248e-14 0)
(400 8.40208e-14 0)
(400 7.0776e-14 0)
(400 5.55681e-14 0)
(400 6.10645e-14 0)
(400 5.06459e-14 0)
(400 2.33477e-14 0)
(400 1.05369e-14 0)
(400 -2.22651e-15 0)
(400 -1.67931e-14 0)
(400 -3.2504e-14 0)
(400 -5.22753e-14 0)
(400 -5.21471e-14 0)
(400 -4.92728e-14 0)
(400 -5.05672e-14 0)
(400 -4.59989e-14 0)
(400 -4.24113e-14 0)
(400 -3.51093e-14 0)
(400 -3.20463e-14 0)
(400 -4.08581e-14 0)
(400 -4.96078e-14 0)
(400 -4.94888e-14 0)
(400 -6.1421e-14 0)
(400 -6.14103e-14 0)
(400 -5.34264e-14 0)
(400 -6.97271e-14 0)
(400 -7.07742e-14 0)
(400 -6.6473e-14 0)
(400 -5.32156e-14 0)
(400 -3.17407e-14 0)
(400 -1.92485e-14 0)
(400 -7.25118e-15 0)
(400 1.50835e-14 0)
(400 2.8496e-14 0)
(400 4.44015e-14 0)
(400 4.90935e-14 0)
(400 4.37617e-14 0)
(400 5.39138e-14 0)
(400 5.59012e-14 0)
(400 5.46034e-14 0)
(400 4.84077e-14 0)
(400 4.24423e-14 0)
(400 4.57845e-14 0)
(400 5.06402e-14 0)
(400 4.65733e-14 0)
(400 2.53605e-14 0)
(400 1.16444e-14 0)
(400 1.66376e-14 0)
(400 1.40894e-14 0)
(400 2.32873e-14 0)
(400 1.31927e-14 0)
(400 6.32767e-15 0)
(400 1.06865e-14 0)
(400 1.56095e-14 0)
(400 1.21906e-14 0)
(400 -5.7355e-15 0)
(400 -7.90295e-15 0)
(400 -1.15748e-14 0)
(400 -1.64988e-14 0)
(400 -2.32282e-14 0)
(400 -2.70333e-14 0)
(400 -1.82681e-14 0)
(400 -1.10044e-14 0)
(400 -1.3142e-15 0)
(400 5.37907e-15 0)
(400 -1.86793e-15 0)
(400 -6.0891e-15 0)
(400 -1.38386e-14 0)
(400 -1.75033e-14 0)
(400 -9.73095e-15 0)
(400 -2.94434e-14 0)
(400 -4.97408e-14 0)
(400 -5.02787e-14 0)
(400 -4.71952e-14 0)
(400 -4.90341e-14 0)
(400 -6.09892e-14 0)
(400 -5.93592e-14 0)
(400 -7.33768e-14 0)
(400 -7.64617e-14 0)
(400 -7.46013e-14 0)
(400 -7.4276e-14 0)
(400 -7.30204e-14 0)
(400 -7.06035e-14 0)
(400 -6.13373e-14 0)
(400 -7.19242e-14 0)
(400 -8.6388e-14 0)
(400 -7.44489e-14 0)
(400 -7.38189e-14 0)
(400 -6.4713e-14 0)
(400 -5.11529e-14 0)
(400 -4.60656e-14 0)
(400 -3.66521e-14 0)
(400 -4.45027e-14 0)
(400 -4.2971e-14 0)
(400 -4.01364e-14 0)
(400 -3.77981e-14 0)
(400 -4.48501e-14 0)
(400 -4.17032e-14 0)
(400 -2.93136e-14 0)
(400 -2.72506e-14 0)
(400 -2.27716e-14 0)
(400 -2.80902e-14 0)
(400 -1.47973e-14 0)
(400 -2.79621e-15 0)
(400 -2.59185e-15 0)
(400 -1.04364e-14 0)
(400 -5.13132e-16 0)
(400 7.29979e-15 0)
(400 2.59639e-14 0)
(400 3.07526e-14 0)
(400 4.107e-14 0)
(400 5.52505e-14 0)
(400 5.47139e-14 0)
(400 4.50724e-14 0)
(400 3.71914e-14 0)
(400 3.02821e-14 0)
(400 3.79418e-14 0)
(400 4.12342e-14 0)
(400 2.89993e-14 0)
(400 4.18971e-14 0)
(400 4.92225e-14 0)
(400 4.69741e-14 0)
(400 4.26452e-14 0)
(400 4.37638e-14 0)
(400 4.11492e-14 0)
(400 3.37156e-14 0)
(400 3.79294e-14 0)
(400 5.21051e-14 0)
(400 5.83284e-14 0)
(400 5.99982e-14 0)
(400 5.06375e-14 0)
(400 5.02773e-14 0)
(400 3.95976e-14 0)
(400 3.15087e-14 0)
(400 7.10034e-15 0)
(400 -2.15848e-14 0)
(400 -3.96018e-14 0)
(400 -6.73545e-14 0)
(400 -6.36615e-14 0)
(400 -6.59801e-14 0)
(400 -7.0719e-14 0)
(400 -1.18826e-14 0)
(400 -2.17693e-14 0)
(400 -1.61099e-14 0)
(400 -4.21406e-14 0)
(400 -5.46022e-14 0)
(400 -6.52911e-14 0)
(400 -6.47604e-14 0)
(400 -6.61214e-14 0)
(400 -5.2787e-14 0)
(400 -4.13516e-14 0)
(400 -5.73701e-14 0)
(400 -5.86475e-14 0)
(400 -4.51684e-14 0)
(400 -4.58959e-14 0)
(400 -6.06537e-14 0)
(400 -6.38892e-14 0)
(400 -4.47923e-14 0)
(400 -2.22144e-14 0)
(400 -1.41581e-14 0)
(400 -1.87579e-14 0)
(400 -3.30337e-14 0)
(400 -3.84463e-14 0)
(400 -2.71795e-14 0)
(400 -2.11126e-14 0)
(400 -9.93676e-15 0)
(400 3.65618e-15 0)
(400 1.54215e-15 0)
(400 2.96729e-15 0)
(400 9.15631e-15 0)
(400 5.23198e-15 0)
(400 4.4185e-15 0)
(400 -8.48974e-16 0)
(400 -4.36613e-15 0)
(400 -9.3174e-15 0)
(400 -3.21154e-14 0)
(400 -4.59603e-14 0)
(400 -5.37251e-14 0)
(400 -5.15434e-14 0)
(400 -4.84312e-14 0)
(400 -8.20826e-14 0)
(400 -9.25663e-14 0)
(400 -9.65918e-14 0)
(400 -9.40539e-14 0)
(400 -8.1783e-14 0)
(400 -6.43615e-14 0)
(400 -3.6125e-14 0)
(400 -2.73687e-14 0)
(400 -1.81735e-14 0)
(400 1.761e-14 0)
(400 4.56075e-14 0)
(400 5.5203e-14 0)
(400 4.48951e-14 0)
(400 4.11266e-14 0)
(400 4.95008e-14 0)
(400 7.72644e-14 0)
(400 7.985e-14 0)
(400 5.41368e-14 0)
(400 6.09766e-14 0)
(400 9.06974e-14 0)
(400 9.98224e-14 0)
(400 9.46977e-14 0)
(400 9.2108e-14 0)
(400 8.43488e-14 0)
(400 5.79852e-14 0)
(400 5.55805e-14 0)
(400 5.89426e-14 0)
(400 4.00147e-14 0)
(400 2.67296e-14 0)
(400 1.5629e-14 0)
(400 1.58418e-14 0)
(400 -6.34236e-15 0)
(400 -2.20516e-14 0)
(400 -2.24537e-14 0)
(400 -3.37864e-14 0)
(400 -3.1251e-14 0)
(400 -4.9786e-14 0)
(400 -4.39607e-14 0)
(400 -3.60076e-14 0)
(400 -3.39711e-14 0)
(400 -1.83611e-14 0)
(400 -2.29599e-14 0)
(400 -3.20094e-14 0)
(400 -2.75082e-14 0)
(400 -2.2532e-14 0)
(400 -2.6593e-14 0)
(400 -2.38612e-14 0)
(400 -1.04799e-14 0)
(400 1.97408e-15 0)
(400 2.63785e-14 0)
(400 3.71434e-14 0)
(400 4.36579e-14 0)
(400 4.14594e-14 0)
(400 3.41208e-14 0)
(400 3.88803e-14 0)
(400 3.2707e-14 0)
(400 3.54693e-14 0)
(400 3.40212e-14 0)
(400 3.05991e-14 0)
(400 3.72274e-14 0)
(400 4.1958e-14 0)
(400 4.24013e-14 0)
(400 3.80606e-14 0)
(400 2.83471e-14 0)
(400 2.67955e-14 0)
(400 6.76815e-15 0)
(400 7.29789e-15 0)
(400 1.28308e-14 0)
(400 -2.42884e-15 0)
(400 -3.24228e-15 0)
(400 5.19933e-15 0)
(400 -1.42112e-15 0)
(400 -1.80015e-14 0)
(400 -2.29778e-14 0)
(400 -1.74216e-14 0)
(400 -2.1097e-14 0)
(400 -2.18697e-14 0)
(400 -2.17923e-14 0)
(400 -2.4247e-14 0)
(400 -3.46381e-14 0)
(400 -2.91814e-14 0)
(400 -2.89971e-14 0)
(400 -3.37181e-14 0)
(400 -2.00805e-14 0)
(400 -1.34138e-14 0)
(400 -1.02318e-14 0)
(400 -3.00541e-15 0)
(400 -5.47605e-15 0)
(400 -8.95307e-15 0)
(400 -2.70382e-16 0)
(400 -4.02297e-15 0)
(400 4.75036e-15 0)
(400 7.58891e-15 0)
(400 1.45456e-15 0)
(400 4.55325e-15 0)
(400 -9.20572e-15 0)
(400 1.72658e-15 0)
(400 6.23588e-15 0)
(400 3.56011e-15 0)
(400 -2.119e-14 0)
(400 -3.68778e-14 0)
(400 -3.45314e-14 0)
(400 -2.70322e-14 0)
(400 -3.07829e-14 0)
(400 -2.24138e-14 0)
(400 -2.15943e-14 0)
(400 -3.29369e-14 0)
(400 -4.38727e-14 0)
(400 -3.65276e-14 0)
(400 -3.25647e-14 0)
(400 -3.04682e-14 0)
(400 -2.25411e-14 0)
(400 -2.45904e-14 0)
(400 -4.01632e-14 0)
(400 -5.1559e-14 0)
(400 -5.87704e-14 0)
(400 -6.57641e-14 0)
(400 -6.88527e-14 0)
(400 -7.38013e-14 0)
(400 -7.34115e-14 0)
(400 -6.2918e-14 0)
(400 -5.11288e-14 0)
(400 -4.58087e-14 0)
(400 -3.45872e-14 0)
(400 -1.95785e-14 0)
(400 -1.21623e-14 0)
(400 1.34418e-14 0)
(400 2.78159e-14 0)
(400 3.72833e-14 0)
(400 3.45275e-14 0)
(400 1.72901e-14 0)
(400 1.34221e-14 0)
(400 1.37186e-14 0)
(400 1.57756e-14 0)
(400 7.37328e-15 0)
(400 1.51647e-15 0)
(400 1.06623e-14 0)
(400 1.85718e-14 0)
(400 1.8025e-14 0)
(400 1.97679e-14 0)
(400 3.00698e-14 0)
(400 2.4639e-14 0)
(400 3.36222e-14 0)
(400 4.28573e-14 0)
(400 3.71814e-14 0)
(400 4.40589e-14 0)
(400 6.03358e-14 0)
(400 6.03522e-14 0)
(400 6.42212e-14 0)
(400 5.81572e-14 0)
(400 6.00235e-14 0)
(400 6.34419e-14 0)
(400 6.63322e-14 0)
(400 7.56742e-14 0)
(400 7.05468e-14 0)
(400 3.98967e-14 0)
(400 2.29679e-14 0)
(400 1.63276e-14 0)
(400 8.56857e-15 0)
(400 -1.70006e-14 0)
(400 -3.07052e-14 0)
(400 1.303e-14 0)
(400 2.59135e-14 0)
(400 5.72815e-15 0)
(400 -9.72956e-15 0)
(400 -2.10739e-15 0)
(400 -7.64977e-15 0)
(400 -2.82195e-14 0)
(400 -4.84385e-14 0)
(400 -6.06548e-14 0)
(400 -6.34881e-14 0)
(400 -6.97383e-14 0)
(400 -6.76217e-14 0)
(400 -6.65532e-14 0)
(400 -6.58974e-14 0)
(400 -6.41576e-14 0)
(400 -7.72828e-14 0)
(400 -5.93111e-14 0)
(400 -4.49466e-14 0)
(400 -2.00172e-14 0)
(400 4.3916e-16 0)
(400 -2.08167e-14 0)
(400 -4.45893e-14 0)
(400 -4.59056e-14 0)
(400 -4.10201e-14 0)
(400 -3.91897e-14 0)
(400 -4.44494e-14 0)
(400 -2.10006e-14 0)
(400 -1.02821e-14 0)
(400 -1.91123e-14 0)
(400 -1.70257e-14 0)
(400 -1.61939e-14 0)
(400 -1.7254e-14 0)
(400 -2.0237e-15 0)
(400 -1.01585e-14 0)
(400 -2.5587e-14 0)
(400 -4.88617e-14 0)
(400 -2.14668e-14 0)
(400 -5.98516e-15 0)
(400 -6.19077e-15 0)
(400 -1.27736e-14 0)
(400 -4.48439e-14 0)
(400 -5.80093e-14 0)
(400 -6.29072e-14 0)
(400 -5.6866e-14 0)
(400 -6.06096e-14 0)
(400 -5.34714e-14 0)
(400 -4.73181e-14 0)
(400 -1.96053e-14 0)
(400 1.11791e-14 0)
(400 1.11375e-14 0)
(400 -1.1466e-14 0)
(400 -3.43659e-14 0)
(400 -2.39041e-14 0)
(400 -2.15014e-14 0)
(400 -1.00838e-14 0)
(400 2.03956e-15 0)
(400 8.1349e-15 0)
(400 1.35604e-14 0)
(400 1.86117e-14 0)
(400 1.45313e-14 0)
(400 3.08938e-14 0)
(400 3.73711e-14 0)
(400 5.63751e-14 0)
(400 5.65065e-14 0)
(400 7.05354e-14 0)
(400 8.80691e-14 0)
(400 5.91211e-14 0)
(400 4.9244e-14 0)
(400 4.96104e-14 0)
(400 4.06186e-14 0)
(400 2.90978e-14 0)
(400 6.15657e-15 0)
(400 -7.72282e-15 0)
(400 -1.93699e-14 0)
(400 -3.11857e-14 0)
(400 -4.27443e-14 0)
(400 -4.73817e-14 0)
(400 -5.33765e-14 0)
(400 -5.28184e-14 0)
(400 -6.84548e-14 0)
(400 -6.25865e-14 0)
(400 -4.63781e-14 0)
(400 -3.81023e-14 0)
(400 -4.69394e-14 0)
(400 -3.1477e-14 0)
(400 -8.32837e-15 0)
(400 3.86361e-15 0)
(400 2.16589e-14 0)
(400 2.82539e-14 0)
(400 2.57178e-14 0)
(400 2.87843e-14 0)
(400 2.48955e-14 0)
(400 9.28258e-15 0)
(400 -1.47293e-14 0)
(400 -1.65686e-14 0)
(400 -9.82713e-15 0)
(400 -1.54568e-14 0)
(400 9.93818e-16 0)
(400 -3.64435e-15 0)
(400 1.25176e-14 0)
(400 2.83327e-14 0)
(400 1.7203e-14 0)
(400 1.0123e-16 0)
(400 -1.16175e-15 0)
(400 -7.34102e-15 0)
(400 -1.05317e-14 0)
(400 -1.54702e-14 0)
(400 -2.21047e-14 0)
(400 -3.02273e-14 0)
(400 -2.84442e-14 0)
(400 -3.19197e-14 0)
(400 -3.88422e-14 0)
(400 -3.35437e-14 0)
(400 -5.04552e-14 0)
(400 -6.37047e-14 0)
(400 -7.85544e-14 0)
(400 -8.41587e-14 0)
(400 -8.28241e-14 0)
(400 -8.55311e-14 0)
(400 -7.61279e-14 0)
(400 -8.17132e-14 0)
(400 -6.62742e-14 0)
(400 -4.5386e-14 0)
(400 -3.86287e-14 0)
(400 -2.77349e-14 0)
(400 -2.22172e-14 0)
(400 -1.18149e-14 0)
(400 -6.06093e-15 0)
(400 -2.53267e-14 0)
(400 -2.90969e-14 0)
(400 -1.31246e-14 0)
(400 8.35982e-16 0)
(400 -5.76157e-15 0)
(400 -1.93766e-14 0)
(400 -1.595e-14 0)
(400 -1.43549e-14 0)
(400 -3.28816e-15 0)
(400 -5.25054e-15 0)
(400 -1.25467e-14 0)
(400 -2.2565e-14 0)
(400 -1.80172e-14 0)
(400 -1.88292e-14 0)
(400 -3.41607e-14 0)
(400 -3.96506e-14 0)
(400 -4.10905e-14 0)
(400 -3.83267e-14 0)
(400 -3.01314e-14 0)
(400 -2.77598e-14 0)
(400 -3.62351e-14 0)
(400 -4.66772e-14 0)
(400 -4.55148e-14 0)
(400 -3.0836e-14 0)
(400 -3.53637e-14 0)
(400 -5.60082e-14 0)
(400 -7.51825e-14 0)
(400 -8.56087e-14 0)
(400 -9.44757e-14 0)
(400 -1.10258e-13 0)
(400 -1.13084e-13 0)
(400 -1.03389e-13 0)
(400 -9.16285e-14 0)
(400 -9.25287e-14 0)
(400 -8.37971e-14 0)
(400 -6.31649e-14 0)
(400 -3.78507e-14 0)
(400 -1.77203e-14 0)
(400 -6.75327e-15 0)
(400 -2.01095e-14 0)
(400 -2.16387e-14 0)
(400 -3.7052e-14 0)
(400 -4.3452e-14 0)
(400 -3.60832e-14 0)
(400 -3.39136e-14 0)
(400 -3.29498e-14 0)
(400 -1.60766e-14 0)
(400 -1.28915e-14 0)
(400 4.90115e-15 0)
(400 1.36664e-14 0)
(400 -8.48812e-15 0)
(400 -8.14537e-15 0)
(400 -4.63774e-15 0)
(400 3.0154e-15 0)
(400 2.0452e-14 0)
(400 2.99334e-14 0)
(400 4.3677e-14 0)
(400 4.04571e-14 0)
(400 2.6647e-14 0)
(400 2.04228e-14 0)
(400 2.57838e-15 0)
(400 -5.57601e-15 0)
(400 -8.54654e-15 0)
(400 -4.28689e-15 0)
(400 -5.51866e-15 0)
(400 -8.08269e-15 0)
(400 -3.08852e-15 0)
(400 -5.464e-15 0)
(400 -7.27513e-16 0)
(400 -3.33336e-15 0)
(400 -2.15468e-14 0)
(400 -3.64077e-14 0)
(400 1.67966e-14 0)
(400 3.22407e-14 0)
(400 7.12119e-15 0)
(400 -8.57222e-15 0)
(400 -9.96425e-15 0)
(400 -1.09095e-14 0)
(400 -2.26471e-14 0)
(400 -4.03915e-14 0)
(400 -6.13737e-14 0)
(400 -5.6983e-14 0)
(400 -3.91812e-14 0)
(400 -4.56939e-14 0)
(400 -4.75248e-14 0)
(400 -3.76075e-14 0)
(400 -1.7076e-14 0)
(400 -1.03517e-15 0)
(400 5.0074e-15 0)
(400 8.81768e-15 0)
(400 5.60298e-15 0)
(400 -5.90571e-15 0)
(400 2.03915e-15 0)
(400 1.68039e-14 0)
(400 1.5111e-14 0)
(400 -1.41918e-14 0)
(400 -1.56392e-14 0)
(400 -2.10491e-14 0)
(400 2.81196e-16 0)
(400 1.53292e-14 0)
(400 8.93897e-15 0)
(400 1.61859e-15 0)
(400 1.53558e-14 0)
(400 1.02657e-14 0)
(400 1.31495e-14 0)
(400 4.75281e-15 0)
(400 -8.63955e-15 0)
(400 -2.13517e-14 0)
(400 -1.35247e-14 0)
(400 2.01637e-15 0)
(400 4.2893e-15 0)
(400 9.92517e-15 0)
(400 -5.10845e-15 0)
(400 -2.21443e-14 0)
(400 -3.83489e-14 0)
(400 -4.51312e-14 0)
(400 -3.47755e-14 0)
(400 -4.98035e-14 0)
(400 -5.01824e-14 0)
(400 -1.99077e-14 0)
(400 1.24674e-14 0)
(400 2.0318e-14 0)
(400 -1.85511e-14 0)
(400 -4.99047e-14 0)
(400 -3.95573e-14 0)
(400 -3.10861e-14 0)
(400 -3.68723e-14 0)
(400 -5.89391e-14 0)
(400 -5.13843e-14 0)
(400 -3.97246e-14 0)
(400 -3.5057e-14 0)
(400 -2.80212e-14 0)
(400 -1.46231e-14 0)
(400 6.40087e-15 0)
(400 4.53883e-14 0)
(400 8.2433e-14 0)
(400 8.54614e-14 0)
(400 9.52618e-14 0)
(400 7.94074e-14 0)
(400 6.29583e-14 0)
(400 6.26961e-14 0)
(400 3.39716e-14 0)
(400 3.67476e-14 0)
(400 2.97272e-14 0)
(400 8.42483e-15 0)
(400 -4.41545e-15 0)
(400 -3.5502e-14 0)
(400 -4.20976e-14 0)
(400 -5.21994e-14 0)
(400 -5.77231e-14 0)
(400 -5.32849e-14 0)
(400 -8.12073e-14 0)
(400 -7.21207e-14 0)
(400 -5.53689e-14 0)
(400 -5.47758e-14 0)
(400 -5.37657e-14 0)
(400 -3.11444e-14 0)
(400 -6.29197e-15 0)
(400 1.65444e-14 0)
(400 2.50432e-14 0)
(400 2.30926e-14 0)
(400 1.15129e-14 0)
(400 -1.62838e-16 0)
(400 -1.47426e-14 0)
(400 -1.97589e-14 0)
(400 -3.08426e-14 0)
(400 -3.42352e-14 0)
(400 -2.73013e-14 0)
(400 -2.59861e-14 0)
(400 -2.8744e-14 0)
(400 -4.03751e-14 0)
(400 -3.46562e-14 0)
(400 -2.33263e-14 0)
(400 -2.32834e-14 0)
(400 -2.37731e-14 0)
(400 -3.26053e-14 0)
(400 -3.67096e-14 0)
(400 -3.36819e-14 0)
(400 -3.48243e-14 0)
(400 -1.36538e-14 0)
(400 -6.75124e-15 0)
(400 -6.99081e-15 0)
(400 -2.59221e-15 0)
(400 -3.74114e-16 0)
(400 3.75066e-15 0)
(400 -8.12628e-15 0)
(400 -1.01605e-14 0)
(400 -1.1017e-14 0)
(400 -1.41718e-14 0)
(400 -8.12457e-15 0)
(400 -1.06389e-14 0)
(400 -2.15779e-14 0)
(400 -3.09806e-14 0)
(400 -1.34221e-14 0)
(400 -6.55214e-15 0)
(400 -1.23156e-14 0)
(400 -8.68203e-15 0)
(400 -9.03424e-15 0)
(400 -1.96763e-14 0)
(400 -1.83989e-14 0)
(400 -6.32795e-15 0)
(400 4.54615e-15 0)
(400 -3.89369e-15 0)
(400 -6.37974e-15 0)
(400 -9.99011e-16 0)
(400 1.64422e-15 0)
(400 -3.18274e-15 0)
(400 5.78315e-16 0)
(400 1.53511e-14 0)
(400 2.27984e-14 0)
(400 2.1809e-14 0)
(400 2.16337e-14 0)
(400 1.75319e-14 0)
(400 8.0071e-15 0)
(400 2.79795e-15 0)
(400 -2.92252e-15 0)
(400 -2.70846e-14 0)
(400 -3.20088e-14 0)
(400 -1.40142e-14 0)
(400 -1.12278e-14 0)
(400 -2.12334e-14 0)
(400 -3.92798e-14 0)
(400 -3.66774e-14 0)
(400 -3.22315e-14 0)
(400 -3.25628e-14 0)
(400 -4.61849e-14 0)
(400 -6.84378e-14 0)
(400 -8.87896e-14 0)
(400 -1.07755e-13 0)
(400 -1.15939e-13 0)
(400 -1.20732e-13 0)
(400 -1.07662e-13 0)
(400 -1.0195e-13 0)
(400 -1.02068e-13 0)
(400 -9.7237e-14 0)
(400 -8.67497e-14 0)
(400 -6.72786e-14 0)
(400 -6.7196e-14 0)
(400 -6.26392e-14 0)
(400 -6.95457e-14 0)
(400 -7.60443e-14 0)
(400 -7.52314e-14 0)
(400 -6.96894e-14 0)
(400 -6.95738e-14 0)
(400 -7.88828e-14 0)
(400 -7.39355e-14 0)
(400 -5.75668e-14 0)
(400 -5.05163e-14 0)
(400 -3.43316e-14 0)
(400 -1.07035e-14 0)
(400 -1.09047e-14 0)
(400 -2.15354e-15 0)
(400 2.98288e-14 0)
(400 5.33211e-14 0)
(400 7.62412e-14 0)
(400 8.95346e-14 0)
(400 1.04609e-13 0)
(400 1.03645e-13 0)
(400 9.9271e-14 0)
(400 8.02339e-14 0)
(400 6.49246e-14 0)
(400 6.1524e-14 0)
(400 5.73423e-14 0)
(400 5.6867e-14 0)
(400 3.93291e-14 0)
(400 3.18489e-14 0)
(400 4.44653e-14 0)
(400 5.20221e-14 0)
(400 5.89433e-14 0)
(400 5.60215e-14 0)
(400 3.96309e-14 0)
(400 1.61611e-14 0)
(400 1.11968e-14 0)
(400 1.18839e-14 0)
(400 2.03269e-14 0)
(400 2.27051e-14 0)
(400 4.07945e-16 0)
(400 -5.54609e-15 0)
(400 -1.00254e-14 0)
(400 1.66789e-15 0)
(400 -1.46316e-14 0)
(400 -2.85563e-14 0)
(400 -2.12689e-14 0)
(400 -1.49744e-14 0)
(400 -7.6819e-15 0)
(400 -2.11234e-15 0)
(400 4.31853e-15 0)
(400 1.65891e-14 0)
(400 1.24771e-14 0)
(400 1.39509e-14 0)
(400 5.70705e-15 0)
(400 -5.15253e-15 0)
(400 2.30456e-15 0)
(400 1.55216e-14 0)
(400 9.37667e-15 0)
(400 -2.10361e-14 0)
(400 -3.51965e-14 0)
(400 -3.19965e-14 0)
(400 -2.92681e-14 0)
(400 -2.11483e-14 0)
(400 5.22429e-16 0)
(400 -6.29291e-15 0)
(400 -1.17629e-14 0)
(400 -9.04452e-15 0)
(400 -9.45726e-15 0)
(400 -1.16748e-14 0)
(400 -2.44337e-14 0)
(400 -2.57029e-14 0)
(400 -1.12184e-14 0)
(400 1.63233e-14 0)
(400 1.14018e-14 0)
(400 1.83288e-14 0)
(400 2.62171e-14 0)
(400 1.98488e-14 0)
(400 1.08743e-14 0)
(400 1.00508e-15 0)
(400 1.1329e-14 0)
(400 8.379e-15 0)
(400 -1.96066e-14 0)
(400 -4.37901e-14 0)
(400 -3.72918e-14 0)
(400 -3.37003e-14 0)
(400 -3.88579e-14 0)
(400 -4.5703e-14 0)
(400 -4.48756e-14 0)
(400 -3.06165e-14 0)
(400 -3.48207e-14 0)
(400 -4.99274e-14 0)
(400 -6.08259e-14 0)
(400 -5.45736e-14 0)
(400 -4.5095e-14 0)
(400 -3.07591e-14 0)
(400 -1.59698e-14 0)
(400 7.61607e-15 0)
(400 2.84125e-14 0)
(400 4.4649e-14 0)
(400 5.40484e-14 0)
(400 5.88614e-14 0)
(400 6.47496e-14 0)
(400 5.0789e-14 0)
(400 4.22593e-14 0)
(400 3.02052e-14 0)
(400 2.26647e-14 0)
(400 1.88641e-14 0)
(400 4.19441e-15 0)
(400 -3.28619e-15 0)
(400 -2.50332e-14 0)
(400 -4.3191e-14 0)
(400 -4.72905e-14 0)
(400 -5.0805e-14 0)
(400 -5.33625e-14 0)
(400 -3.18102e-14 0)
(400 -1.43729e-14 0)
(400 -1.22563e-14 0)
(400 -1.80218e-14 0)
(400 8.38855e-15 0)
(400 2.31339e-14 0)
(400 9.94191e-15 0)
(400 9.49963e-15 0)
(400 -3.50411e-16 0)
(400 1.19631e-15 0)
(400 9.08885e-15 0)
(400 -6.89973e-15 0)
(400 -3.4621e-14 0)
(400 -3.40524e-14 0)
(400 -6.85386e-15 0)
(400 2.40537e-15 0)
(400 -7.57618e-15 0)
(400 -2.63219e-14 0)
(400 -6.68982e-14 0)
(400 -6.80129e-14 0)
(400 -7.18769e-14 0)
(400 -7.84751e-14 0)
(400 -7.70184e-14 0)
(400 -6.79057e-14 0)
(400 -6.58415e-14 0)
(400 -5.41416e-14 0)
(400 -5.04613e-14 0)
(400 -5.43425e-14 0)
(400 -3.63892e-14 0)
(400 -1.72264e-14 0)
(400 1.29451e-15 0)
(400 1.52215e-14 0)
(400 1.49736e-14 0)
(400 -1.07257e-14 0)
(400 -1.10913e-14 0)
(400 -9.02032e-16 0)
(400 1.0249e-14 0)
(400 6.29813e-15 0)
(400 4.58562e-15 0)
(400 1.67249e-15 0)
(400 -1.6774e-14 0)
(400 -3.32303e-14 0)
(400 -3.71402e-14 0)
(400 -5.07156e-14 0)
(400 -5.12155e-14 0)
(400 -4.53593e-14 0)
(400 -4.24092e-14 0)
(400 -4.78509e-14 0)
(400 -5.62346e-14 0)
(400 -3.86335e-14 0)
(400 -2.40417e-14 0)
(400 -2.96696e-14 0)
(400 -3.69119e-14 0)
(400 -3.74365e-14 0)
(400 -2.97565e-14 0)
(400 -2.96967e-14 0)
(400 -3.04776e-14 0)
(400 -2.35529e-14 0)
(400 -2.18537e-14 0)
(400 -2.32704e-14 0)
(400 -6.64152e-15 0)
(400 -2.15667e-15 0)
(400 -1.35153e-14 0)
(400 -1.76719e-14 0)
(400 5.1746e-15 0)
(400 4.40969e-15 0)
(400 -8.65951e-15 0)
(400 -1.95886e-14 0)
(400 -8.63801e-15 0)
(400 -8.78736e-15 0)
(400 -1.09429e-14 0)
(400 -1.14161e-14 0)
(400 -2.18229e-14 0)
(400 -2.90373e-14 0)
(400 -1.96249e-14 0)
(400 -2.36284e-14 0)
(400 -4.16632e-14 0)
(400 -6.30603e-14 0)
(400 -7.00196e-14 0)
(400 -7.31617e-14 0)
(400 -7.24412e-14 0)
(400 -7.24557e-14 0)
(400 -6.51345e-14 0)
(400 -6.26591e-14 0)
(400 -5.71197e-14 0)
(400 -5.95228e-14 0)
(400 -5.45677e-14 0)
(400 -4.59528e-14 0)
(400 -3.85102e-14 0)
(400 -4.19612e-14 0)
(400 -3.11538e-14 0)
(400 -3.00032e-14 0)
(400 -2.0461e-14 0)
(400 -2.1763e-14 0)
(400 -2.41253e-14 0)
(400 -2.20406e-14 0)
(400 -3.90816e-14 0)
(400 -6.2284e-14 0)
(400 -6.38594e-14 0)
(400 -6.15107e-14 0)
(400 -6.20963e-14 0)
(400 -4.59414e-14 0)
(400 -2.59555e-14 0)
(400 -1.41614e-14 0)
(400 -1.31059e-14 0)
(400 -1.57873e-14 0)
(400 -3.74541e-15 0)
(400 -8.75187e-15 0)
(400 -2.21227e-14 0)
(400 -2.01695e-14 0)
(400 -1.17714e-14 0)
(400 -6.95648e-15 0)
(400 -1.69475e-14 0)
(400 -3.121e-14 0)
(400 -3.40779e-14 0)
(400 -2.56709e-14 0)
(400 -1.62948e-14 0)
(400 -3.94134e-15 0)
(400 -4.83418e-15 0)
(400 -1.35619e-14 0)
(400 -1.74013e-14 0)
(400 3.22504e-14 0)
(400 2.39932e-14 0)
(400 2.57182e-14 0)
(400 3.55629e-14 0)
(400 1.96172e-14 0)
(400 8.52621e-15 0)
(400 3.62348e-15 0)
(400 -8.66473e-15 0)
(400 -2.02882e-14 0)
(400 -3.71167e-14 0)
(400 -2.22198e-14 0)
(400 -1.00858e-14 0)
(400 -5.38404e-16 0)
(400 -6.83049e-15 0)
(400 -9.79083e-15 0)
(400 -1.80136e-14 0)
(400 -2.5079e-14 0)
(400 -1.88039e-14 0)
(400 -1.3906e-14 0)
(400 -1.0898e-14 0)
(400 -1.75891e-14 0)
(400 -3.94762e-14 0)
(400 -5.16975e-14 0)
(400 -3.54146e-14 0)
(400 -3.71438e-14 0)
(400 -3.10365e-14 0)
(400 -2.99784e-14 0)
(400 -3.10945e-14 0)
(400 -1.01418e-14 0)
(400 1.56181e-14 0)
(400 5.7476e-15 0)
(400 9.17982e-15 0)
(400 3.15857e-15 0)
(400 1.00227e-14 0)
(400 1.39376e-14 0)
(400 1.86428e-14 0)
(400 3.47143e-14 0)
(400 3.84409e-14 0)
(400 3.99651e-14 0)
(400 5.40634e-14 0)
(400 4.76745e-14 0)
(400 5.07816e-14 0)
(400 4.39126e-14 0)
(400 3.68254e-14 0)
(400 3.36401e-14 0)
(400 1.60157e-14 0)
(400 -1.46804e-14 0)
(400 -4.51744e-14 0)
(400 -7.21233e-14 0)
(400 -8.19848e-14 0)
(400 -9.35629e-14 0)
(400 -8.42607e-14 0)
(400 -9.08155e-14 0)
(400 -9.9759e-14 0)
(400 -9.89065e-14 0)
(400 -9.55757e-14 0)
(400 -9.92381e-14 0)
(400 -1.00789e-13 0)
(400 -1.04862e-13 0)
(400 -8.66898e-14 0)
(400 -5.5927e-14 0)
(400 -3.59887e-14 0)
(400 -2.49787e-14 0)
(400 -1.61342e-14 0)
(400 1.01813e-14 0)
(400 1.46271e-14 0)
(400 2.76688e-14 0)
(400 3.8925e-14 0)
(400 2.94938e-14 0)
(400 2.3112e-14 0)
(400 1.32381e-14 0)
(400 2.5585e-15 0)
(400 -7.1386e-15 0)
(400 -1.7698e-14 0)
(400 -2.51935e-14 0)
(400 -3.1059e-14 0)
(400 -3.52339e-14 0)
(400 -4.28136e-14 0)
(400 -4.3924e-14 0)
(400 -2.16759e-14 0)
(400 -5.28487e-15 0)
(400 4.71809e-15 0)
(400 1.9748e-14 0)
(400 4.46072e-14 0)
(400 4.97753e-14 0)
(400 3.27126e-14 0)
(400 1.63166e-15 0)
(400 -1.24934e-14 0)
(400 -2.63746e-14 0)
(400 -4.39317e-14 0)
(400 -6.55506e-14 0)
(400 -8.89195e-14 0)
(400 -9.8081e-14 0)
(400 -8.73577e-14 0)
(400 -7.40744e-14 0)
(400 -6.34844e-14 0)
(400 -6.74193e-14 0)
(400 -8.32114e-14 0)
(400 -9.12581e-14 0)
(400 -1.00631e-13 0)
(400 -1.05226e-13 0)
(400 -1.05616e-13 0)
(400 -1.04754e-13 0)
(400 -9.32975e-14 0)
(400 -9.1525e-14 0)
(400 -9.61777e-14 0)
(400 -8.58702e-14 0)
(400 -6.18699e-14 0)
(400 -5.57854e-14 0)
(400 -4.01797e-14 0)
(400 -3.00726e-15 0)
(400 1.00504e-14 0)
(400 1.85639e-15 0)
(400 1.24445e-14 0)
(400 2.9347e-14 0)
(400 4.08849e-14 0)
(400 5.39485e-14 0)
(400 4.76036e-14 0)
(400 4.37673e-14 0)
(400 4.27224e-14 0)
(400 3.46712e-14 0)
(400 2.19524e-14 0)
(400 1.38831e-14 0)
(400 1.58928e-14 0)
(400 2.34317e-14 0)
(400 2.77321e-14 0)
(400 2.30719e-14 0)
(400 1.21741e-14 0)
(400 -2.11893e-15 0)
(400 -8.55622e-16 0)
(400 4.17593e-15 0)
(400 5.58532e-15 0)
(400 -6.37336e-16 0)
(400 4.7588e-16 0)
(400 7.29812e-15 0)
(400 6.69061e-15 0)
(400 2.49956e-15 0)
(400 2.99108e-15 0)
(400 9.9909e-15 0)
(400 2.57956e-14 0)
(400 3.03786e-14 0)
(400 1.84516e-14 0)
(400 1.35108e-14 0)
(400 1.90535e-14 0)
(400 3.31858e-14 0)
(400 1.9626e-14 0)
(400 -5.44482e-15 0)
(400 -1.18361e-14 0)
(400 -1.78122e-14 0)
(400 -1.79635e-14 0)
(400 -3.29334e-14 0)
(400 -5.10892e-14 0)
(400 -5.18757e-14 0)
(400 -5.39271e-14 0)
(400 -6.37677e-14 0)
(400 -6.74078e-14 0)
(400 -7.71876e-14 0)
(400 -6.8068e-14 0)
(400 -5.92341e-14 0)
(400 -7.74371e-14 0)
(400 -8.24369e-14 0)
(400 -7.59305e-14 0)
(400 -6.98717e-14 0)
(400 -7.4003e-14 0)
(400 -8.49327e-14 0)
(400 -7.90938e-14 0)
(400 -6.42498e-14 0)
(400 -5.03368e-14 0)
(400 -4.00022e-14 0)
(400 -3.74031e-14 0)
(400 -5.08165e-14 0)
(400 -4.07575e-14 0)
(400 -2.49793e-14 0)
(400 -2.34574e-14 0)
(400 -2.86038e-14 0)
(400 -5.63278e-14 0)
(400 -8.42949e-14 0)
(400 -1.04214e-13 0)
(400 -1.09687e-13 0)
(400 -1.16681e-13 0)
(400 -1.35162e-13 0)
(400 -1.26884e-13 0)
(400 -1.30402e-13 0)
(400 -1.28583e-13 0)
(400 -1.30552e-13 0)
(400 -1.28741e-13 0)
(400 -1.21991e-13 0)
(400 -1.07587e-13 0)
(400 -8.61137e-14 0)
(400 -6.40634e-14 0)
(400 -5.84217e-14 0)
(400 -4.99727e-14 0)
(400 -3.24092e-14 0)
(400 -2.38701e-14 0)
(400 -7.23435e-15 0)
(400 5.4757e-16 0)
(400 -1.00298e-15 0)
(400 -1.3076e-14 0)
(400 -3.95429e-15 0)
(400 2.28693e-14 0)
(400 4.57639e-14 0)
(400 5.77513e-14 0)
(400 3.33442e-14 0)
(400 2.06927e-14 0)
(400 2.46742e-14 0)
(400 2.8932e-14 0)
(400 2.68165e-14 0)
(400 2.81212e-14 0)
(400 3.8638e-14 0)
(400 3.55747e-14 0)
(400 4.0631e-14 0)
(400 5.64111e-14 0)
(400 5.3921e-14 0)
(400 3.92979e-14 0)
(400 1.92625e-14 0)
(400 -8.47682e-15 0)
(400 -3.51135e-14 0)
(400 -5.84586e-14 0)
(400 -5.37843e-14 0)
(400 -6.91281e-14 0)
(400 -7.96954e-14 0)
(400 -8.00252e-14 0)
(400 -5.83896e-14 0)
(400 -2.64924e-14 0)
(400 8.09075e-15 0)
(400 2.46375e-14 0)
(400 1.38726e-14 0)
(400 5.89512e-15 0)
(400 5.27221e-15 0)
(400 2.68732e-14 0)
(400 1.91617e-14 0)
(400 5.78073e-15 0)
(400 4.50182e-15 0)
(400 2.64399e-14 0)
(400 4.00785e-14 0)
(400 5.77023e-14 0)
(400 5.05599e-14 0)
(400 3.27206e-14 0)
(400 2.69613e-14 0)
(400 2.15534e-14 0)
(400 2.43726e-14 0)
(400 2.46787e-14 0)
(400 1.60516e-14 0)
(400 5.13731e-15 0)
(400 1.40163e-14 0)
(400 3.8209e-15 0)
(400 1.5423e-14 0)
(400 2.08158e-14 0)
(400 2.55343e-15 0)
(400 -1.01665e-14 0)
(400 -2.5471e-14 0)
(400 -1.45311e-14 0)
(400 -1.5864e-14 0)
(400 -3.0348e-14 0)
(400 -2.88563e-14 0)
(400 -2.83855e-14 0)
(400 -4.63154e-14 0)
(400 -6.42318e-14 0)
(400 -7.40788e-14 0)
(400 -7.28134e-14 0)
(400 -6.65573e-14 0)
(400 -5.65643e-14 0)
(400 -3.94623e-14 0)
(400 -1.20491e-14 0)
(400 3.79875e-15 0)
(400 9.59366e-15 0)
(400 2.88454e-14 0)
(400 3.73428e-14 0)
(400 1.73939e-14 0)
(400 -3.74383e-15 0)
(400 -9.58156e-15 0)
(400 -5.41449e-15 0)
(400 -1.34771e-14 0)
(400 -2.27864e-14 0)
(400 -1.46437e-14 0)
(400 -9.22739e-15 0)
(400 -2.28041e-14 0)
(400 -3.32915e-14 0)
(400 -3.6643e-14 0)
(400 -4.64079e-14 0)
(400 -5.03266e-14 0)
(400 -3.24757e-14 0)
(400 -3.02138e-15 0)
(400 2.23197e-15 0)
(400 6.41406e-15 0)
(400 2.04554e-14 0)
(400 1.981e-14 0)
(400 1.70609e-14 0)
(400 4.53451e-15 0)
(400 -1.69301e-14 0)
(400 -3.99848e-14 0)
(400 -5.85898e-14 0)
(400 -8.16207e-14 0)
(400 -9.24084e-14 0)
(400 -1.00082e-13 0)
(400 -9.45082e-14 0)
(400 -6.9493e-14 0)
(400 -4.06547e-14 0)
(400 -2.67071e-14 0)
(400 -4.39872e-14 0)
(400 -6.55398e-14 0)
(400 -7.41851e-14 0)
(400 -7.25306e-14 0)
(400 -6.42284e-14 0)
(400 -7.98476e-14 0)
(400 -9.52595e-14 0)
(400 -8.59034e-14 0)
(400 -7.52417e-14 0)
(400 -7.93116e-14 0)
(400 -9.08842e-14 0)
(400 -8.80394e-14 0)
(400 -8.00501e-14 0)
(400 -6.71049e-14 0)
(400 -5.19149e-14 0)
(400 -2.74921e-14 0)
(400 -8.27409e-15 0)
(400 -9.73344e-16 0)
(400 -1.05131e-14 0)
(400 -1.7026e-14 0)
(400 -1.62968e-14 0)
(400 -9.31672e-15 0)
(400 -1.40793e-14 0)
(400 -2.43657e-14 0)
(400 -3.30329e-14 0)
(400 -3.35077e-14 0)
(400 -4.14223e-14 0)
(400 -4.80481e-14 0)
(400 -5.59267e-14 0)
(400 -6.35567e-14 0)
(400 -5.29998e-14 0)
(400 -3.83535e-14 0)
(400 -3.27159e-14 0)
(400 -2.89695e-14 0)
(400 -2.83581e-14 0)
(400 -1.76854e-14 0)
(400 -8.38003e-15 0)
(400 -6.15037e-16 0)
(400 1.27058e-15 0)
(400 -9.53144e-16 0)
(400 -4.32382e-15 0)
(400 -3.62446e-15 0)
(400 3.93783e-15 0)
(400 4.29723e-15 0)
(400 -6.9275e-15 0)
(400 -5.91548e-15 0)
(400 -1.18695e-14 0)
(400 -1.33828e-14 0)
(400 -2.71422e-14 0)
(400 -1.83439e-14 0)
(400 -7.89128e-15 0)
(400 -1.62959e-14 0)
(400 -2.34078e-14 0)
(400 -2.86476e-14 0)
(400 -3.80601e-14 0)
(400 -5.08095e-14 0)
(400 -4.84903e-14 0)
(400 -3.44191e-14 0)
(400 -2.33379e-14 0)
(400 -1.62382e-14 0)
(400 -2.91865e-14 0)
(400 -3.10524e-14 0)
(400 -2.49758e-14 0)
(400 -2.34804e-14 0)
(400 -3.13631e-14 0)
(400 -3.40854e-14 0)
(400 -2.62328e-14 0)
(400 -2.05056e-14 0)
(400 -2.98436e-14 0)
(400 -2.50635e-14 0)
(400 -4.08165e-14 0)
(400 -6.34218e-14 0)
(400 -6.84525e-14 0)
(400 -4.70262e-14 0)
(400 -3.8786e-14 0)
(400 -4.56455e-14 0)
(400 -3.59363e-14 0)
(400 -2.06446e-14 0)
(400 -1.45656e-14 0)
(400 -1.34901e-14 0)
(400 -3.61497e-14 0)
(400 -5.31078e-14 0)
(400 -5.99653e-14 0)
(400 -7.14082e-14 0)
(400 -7.79534e-14 0)
(400 -9.25486e-14 0)
(400 -1.04964e-13 0)
(400 -1.0309e-13 0)
(400 -9.34427e-14 0)
(400 -8.19052e-14 0)
(400 -5.57802e-14 0)
(400 -4.8039e-14 0)
(400 -3.00613e-14 0)
(400 -8.95272e-15 0)
(400 -4.15448e-15 0)
(400 -1.85341e-14 0)
(400 -2.4983e-14 0)
(400 -4.14776e-14 0)
(400 -5.23551e-14 0)
(400 -3.28052e-14 0)
(400 -9.65187e-15 0)
)
;

boundaryField
{
    cyclic1
    {
        type            cyclic;
    }
    cyclic2
    {
        type            cyclic;
    }
    frontAndBack
    {
        type            empty;
    }
    outlet
    {
        type            zeroGradient;
    }
    inlet
    {
        type            fixedValue;
        value           uniform (400 0 0);
    }
}


// ************************************************************************* //
