/*--------------------------------*- C++ -*----------------------------------*\
  =========                 |
  \\      /  F ield         | OpenFOAM: The Open Source CFD Toolbox
   \\    /   O peration     | Website:  https://openfoam.org
    \\  /    A nd           | Version:  6
     \\/     M anipulation  |
\*---------------------------------------------------------------------------*/
FoamFile
{
    version     2.0;
    format      ascii;
    class       surfaceScalarField;
    location    "150";
    object      phi;
}
// * * * * * * * * * * * * * * * * * * * * * * * * * * * * * * * * * * * * * //

dimensions      [0 3 -1 0 0 0 0];

internalField   nonuniform List<scalar> 
7780
(
2
3.60584e-17
2
6.14026e-18
2
1.73049e-16
2
1.46928e-16
2
1.07261e-16
2
1.27188e-16
2
2.00467e-16
2
5.28027e-17
2
1.03138e-16
2
8.65696e-17
2
1.42174e-16
2
1.79153e-16
2
1.90241e-16
2
7.19013e-17
2
-5.54122e-18
2
8.19951e-17
2
9.62413e-17
2
1.521e-16
2
8.47337e-17
2
1.22733e-16
2
3.26654e-16
2
2.67803e-16
2
1.90516e-16
2
1.94861e-16
2
3.10475e-16
2
4.31689e-16
2
3.8118e-16
2
4.47386e-16
2
3.96069e-16
2
3.29146e-16
2
3.91084e-16
2
2.50105e-16
2
2.00184e-16
2
1.05752e-16
2
7.94798e-17
2
1.66693e-16
2
-9.37315e-17
2
5.70777e-17
2
1.49434e-16
2
3.14786e-18
2
-8.04916e-17
2
-1.67113e-16
2
-2.51876e-16
2
-2.47549e-16
2
-1.15127e-16
2
-7.15307e-17
2
-7.17363e-17
2
-4.79689e-17
2
3.86376e-17
2
-4.26627e-17
2
-1.25353e-17
2
1.04632e-16
2
1.43809e-16
2
1.40422e-16
2
-1.58861e-18
2
-8.99771e-17
2
-5.53206e-17
2
-3.65234e-17
2
6.77081e-18
2
-5.51477e-18
2
-1.10857e-16
2
-1.08005e-16
2
-2.0543e-16
2
-2.01287e-16
2
-6.79963e-17
2
3.33717e-17
2
5.67424e-17
2
2.42562e-17
2
1.31213e-16
2
1.48095e-16
2
2.14769e-16
2
1.31922e-16
2
-1.42405e-17
2
3.66826e-17
2
1.06131e-16
2
1.6712e-16
2
3.37875e-16
2
1.29667e-16
2
1.30474e-16
2
1.69698e-16
2
1.79778e-16
2
2.54051e-16
2
2.44745e-16
2
2.28207e-16
2
1.61289e-16
2
1.26582e-16
2
5.78804e-17
2
-6.99274e-17
2
-1.07252e-16
2
-3.19764e-16
2
-1.16709e-16
2
-5.73961e-17
2
-4.54258e-17
2
-8.66972e-17
2
-3.1179e-17
2
-1.6328e-16
2
-1.94146e-16
2
-5.51854e-17
2
-3.39992e-17
2
2.05878e-16
2
2.90916e-16
2
2.92593e-16
2
1.99995e-16
2
2.88363e-16
2
1.02119e-16
2
-2.67916e-17
2
2.67009e-17
2
6.42317e-17
2
8.4235e-17
2
-2.39736e-16
2
-1.03105e-16
2
5.30998e-17
2
2.96979e-17
2
8.91377e-17
2
1.16608e-16
2
2.01481e-16
2
2.67757e-16
2
3.13338e-16
2
3.7939e-16
2
1.76613e-16
2
1.28405e-16
2
1.59782e-16
2
3.23328e-16
2
3.55245e-16
2
2.49056e-16
2
1.88344e-16
2
1.72034e-16
2
2.55707e-16
2
2.62794e-16
2
3.63356e-16
2
2.82498e-16
2
2.97778e-16
2
3.02416e-16
2
4.72056e-16
2
5.43043e-16
2
4.36657e-16
2
4.99948e-16
2
3.8942e-16
2
3.81614e-16
2
2.10105e-16
2
6.6727e-17
2
-7.19778e-18
2
-8.98701e-17
2
5.90789e-17
2
-9.43223e-18
2
-8.49207e-17
2
1.12436e-17
2
-6.22479e-17
2
-3.67227e-16
2
-2.1907e-16
2
-4.61389e-16
2
-4.64573e-16
2
-4.65763e-16
2
-4.31624e-16
2
-4.69103e-16
2
-4.78094e-16
2
-4.2742e-16
2
-3.8725e-16
2
-2.7451e-16
2
-2.47514e-16
2
-2.62588e-16
2
-2.23666e-16
2
-1.90131e-16
2
-9.18767e-17
2
-7.08753e-17
2
4.23379e-18
2
-2.2839e-17
2
-1.39808e-16
2
2.07961e-17
2
-1.05816e-17
2
9.5221e-17
2
1.84774e-16
2
2.80126e-16
2
-3.08776e-17
2
-4.50476e-17
2
-8.51579e-17
2
3.60801e-17
2
2.10435e-16
2
5.26602e-17
2
1.22295e-17
2
8.65315e-17
2
2.74616e-16
2
1.46759e-16
2
-9.4913e-17
2
-1.12217e-16
2
-7.86475e-18
2
1.30767e-16
2
8.70231e-17
2
6.08096e-17
2
1.84087e-16
2
3.19308e-16
2
1.89235e-16
2
1.04488e-16
2
1.14672e-16
2
2.0886e-16
2
3.11671e-16
2
9.70862e-17
2
2.01714e-16
2
1.8769e-16
1.80424e-16
2
-2.38785e-16
2
-1.40856e-16
2
-8.60754e-17
2
3.03609e-17
2
2.13119e-16
2
1.8852e-16
2
2.46797e-16
2
2.86558e-16
2
2.63221e-16
2
1.46225e-16
2
5.7209e-17
2
1.90234e-16
2
-7.20228e-17
2
6.12144e-17
2
1.98963e-16
2
9.27817e-17
2
1.558e-16
2
2.64259e-16
2
3.54301e-16
2
4.97849e-16
2
3.12583e-16
2
2.22836e-16
2
2.45644e-16
2
2.36209e-16
2
1.93184e-16
2
2.07506e-16
2
3.73512e-16
2
2.94219e-16
2
2.795e-16
2
2.0966e-16
2
4.49373e-16
2
2.54187e-16
2
1.91756e-16
2
2.047e-16
2
2.63514e-17
2
1.65795e-16
2
2.47737e-16
2
7.97239e-17
2
-3.02002e-17
2
-8.89646e-17
2
-3.37435e-16
2
-3.99379e-16
2
-4.08947e-16
2
-2.87578e-16
2
-2.53793e-16
2
4.86038e-17
2
1.08133e-17
2
5.52605e-17
2
1.05376e-16
2
1.37462e-16
2
2.59473e-16
2
3.71315e-16
2
3.64623e-16
2
7.83547e-17
2
-3.52861e-17
2
-2.86264e-17
2
-7.35312e-17
2
-2.20146e-16
2
-1.31054e-16
2
-1.25061e-16
2
-5.2494e-17
2
-1.70025e-16
2
-2.62486e-16
2
-1.87309e-16
2
-4.17304e-17
2
-9.83624e-17
2
-1.40236e-16
2
8.77389e-17
2
-1.76962e-16
2
3.89704e-17
2
1.26668e-16
2
7.32397e-17
2
2.38738e-17
2
6.74862e-17
2
2.05642e-16
2
2.29545e-16
2
5.64294e-17
2
6.95869e-17
2
7.81322e-17
2
1.46068e-16
2
7.86896e-17
2
1.91462e-16
2
1.61733e-16
2
5.23043e-17
2
1.911e-17
2
4.21666e-17
2
-1.36722e-16
2
-8.44114e-17
2
4.97632e-17
2
-3.44874e-17
2
-8.54476e-17
2
1.25412e-17
2
9.17539e-17
2
2.01734e-16
2
1.86155e-16
2
2.35614e-16
2
1.85225e-16
2
-5.17662e-17
2
2.01858e-16
2
2.48326e-16
2
2.3803e-16
2
2.0471e-16
2
1.31878e-16
2
2.04416e-16
2
1.37788e-16
2
-5.58393e-17
2
2.01603e-17
2
7.74142e-17
2
5.71253e-17
2
-1.71969e-18
2
5.27626e-17
2
1.35112e-16
2
1.13134e-16
2
1.62648e-17
2
7.03099e-17
2
1.60546e-16
2
1.01889e-16
2
1.60953e-16
2
2.17387e-16
2
2.6368e-16
2
2.18052e-16
2
3.79293e-16
2
3.45233e-16
2
4.04066e-16
2
3.1e-16
2
2.70868e-16
2
2.44073e-16
2
2.51259e-16
2
2.54628e-16
2
5.21531e-16
2
4.08788e-16
2
4.65798e-16
2
4.31765e-16
2
2.11781e-16
2
3.38618e-16
2
4.25607e-16
2
2.95598e-16
2
2.15934e-16
2
1.97533e-16
2
3.18333e-16
2
4.86683e-16
2
2.90141e-16
2
1.97958e-16
2
2.22657e-16
2
7.15419e-17
2
-4.4779e-17
2
8.48488e-18
2
2.68714e-17
2
-2.90437e-17
2
-1.35471e-16
2
-2.87932e-16
2
-2.6663e-16
2
-1.60597e-16
2
-4.26715e-16
2
-2.51588e-16
2
-1.37874e-16
2
-2.75793e-16
2
-2.92543e-16
2
-2.71006e-16
2
-1.17157e-16
2
-2.57887e-16
2
-1.36887e-16
2
-2.69168e-16
2
-1.04699e-16
2
-5.29118e-17
2
-7.64385e-17
2
-1.8014e-16
2
-4.06548e-17
2
-3.13565e-17
2
-1.38119e-16
2
1.26917e-17
2
4.14026e-17
2
-1.34915e-16
2
-1.06265e-16
2
-1.09014e-16
2
-2.18744e-16
2
-1.77439e-16
2
1.5582e-16
2
1.67551e-16
2
2.24674e-16
2
5.8511e-17
2
-1.71385e-16
2
-4.20725e-17
2
-1.87259e-17
2
-7.58081e-17
2
6.60546e-17
2
1.48783e-16
2
2.94543e-16
2
3.33388e-16
2
2.83683e-16
2
2.91044e-17
2
1.61032e-16
2
2.75889e-16
2
2.92338e-16
2
2.279e-16
2
-2.33099e-17
2
1.26183e-16
2
2.73788e-16
2
2.84966e-16
3.97423e-16
2
-1.69887e-16
2
-2.00326e-16
2
-1.01384e-16
2
1.16274e-18
2
1.04255e-16
2
2.08547e-16
2
2.13163e-16
2
1.27944e-16
2
5.08851e-17
2
1.52711e-16
2
1.60984e-16
2
1.12261e-16
2
1.71698e-16
2
1.28295e-16
2
1.02651e-16
2
2.30623e-16
2
1.2173e-16
2
3.27781e-16
2
3.77662e-16
2
2.41522e-16
2
1.86076e-16
2
8.28838e-17
2
4.65833e-17
2
3.75027e-16
2
4.26302e-16
2
3.10265e-16
2
1.19997e-16
2
9.82633e-17
2
1.81296e-16
2
2.72106e-16
2
1.66216e-17
2
9.89315e-17
2
1.57142e-16
2
7.0051e-17
2
8.3941e-17
2
-1.9322e-17
2
5.18735e-17
2
5.10419e-17
2
-2.28208e-16
2
-4.19088e-16
2
-1.62194e-16
2
6.062e-18
2
5.59575e-17
2
-7.80913e-18
2
-3.51391e-17
2
4.84203e-17
2
8.69519e-17
2
1.88507e-16
2
2.38554e-16
2
2.29019e-16
2
1.33821e-16
2
1.42327e-16
2
1.93642e-16
2
7.18835e-17
2
1.47989e-16
2
4.14453e-17
2
-2.0733e-17
2
1.71662e-16
2
1.02787e-16
2
7.95002e-17
2
9.37664e-17
2
1.21731e-16
2
1.5844e-17
2
-2.91252e-16
2
-2.60916e-16
2
-1.98265e-16
2
8.62902e-17
2
-4.86103e-17
2
1.09714e-16
2
1.27684e-16
2
1.22196e-16
2
5.92922e-17
2
6.41893e-17
2
1.15904e-16
2
8.70196e-17
2
-5.27358e-17
2
-1.45713e-17
2
9.08511e-17
2
-8.44571e-17
2
1.8215e-16
2
1.03253e-16
2
-1.45244e-16
2
-2.04275e-16
2
-2.14545e-16
2
-1.88087e-16
2
-2.59381e-16
2
-3.41007e-17
2
-4.51421e-17
2
-3.15599e-17
2
1.25539e-16
2
5.7489e-17
2
4.89033e-17
2
1.29524e-16
2
7.63948e-17
2
1.8663e-16
2
1.34427e-16
2
1.68626e-16
2
2.0167e-16
2
1.65567e-16
2
2.45529e-16
2
2.48205e-16
2
2.01183e-16
2
3.72256e-16
2
1.43951e-16
2
1.77948e-16
2
1.15357e-16
2
-1.8025e-17
2
1.42574e-16
2
-5.20496e-17
2
1.37034e-16
2
1.73436e-16
2
3.69858e-16
2
2.26551e-16
2
2.45344e-16
2
7.37163e-17
2
-6.75112e-17
2
2.08739e-17
2
6.44482e-17
2
1.08361e-16
2
1.44391e-16
2
2.74914e-16
2
2.88481e-16
2
2.68869e-16
2
1.59355e-16
2
2.4448e-16
2
2.47378e-16
2
2.34345e-16
2
2.01733e-16
2
3.9398e-16
2
5.22852e-16
2
7.34051e-16
2
7.43636e-16
2
6.58627e-16
2
3.20942e-16
2
1.68301e-16
2
1.30076e-16
2
3.9249e-16
2
3.66984e-16
2
2.64597e-16
2
2.70567e-16
2
2.0588e-16
2
2.32482e-16
2
1.74856e-16
2
1.42075e-16
2
7.45494e-17
2
2.51146e-16
2
1.55808e-16
2
-1.88403e-17
2
1.5202e-17
2
-3.22584e-17
2
2.33265e-17
2
1.21907e-16
2
-2.64835e-16
2
-6.92193e-17
2
-1.61207e-16
2
-1.53437e-16
2
-2.64272e-16
2
-1.59806e-16
2
-3.44127e-16
2
-4.92741e-16
2
-2.12969e-16
2
-2.06667e-16
2
-1.6882e-16
2
-2.85094e-16
2
-2.99448e-16
2
-4.09397e-16
2
-2.16129e-16
2
-1.03608e-16
2
-4.03701e-17
2
2.02233e-16
2
1.70921e-16
2
-1.27609e-16
2
-1.12506e-16
2
-9.02549e-17
2
-4.51262e-17
2
-2.09871e-17
2
-1.88626e-17
2
-1.94634e-16
2
-8.12179e-17
2
-1.4164e-17
2
4.28917e-17
2
5.9371e-18
2
-6.90473e-17
2
2.67138e-16
2
3.02335e-16
2
2.18983e-16
2
1.2061e-16
2
1.00487e-16
2
2.11902e-16
2
2.73696e-16
2
5.50646e-16
2
4.50672e-16
2
2.97893e-16
2
4.68155e-16
2
2.83724e-16
2
3.4193e-16
2
4.27342e-16
2
4.30793e-16
2
3.36628e-16
2.08187e-16
2
-9.99655e-17
2
-8.0272e-17
2
-1.64548e-17
2
-3.32381e-17
2
-6.32645e-18
2
-4.79157e-17
2
-2.79979e-17
2
2.89246e-17
2
2.01017e-16
2
2.33461e-16
2
2.52356e-16
2
-7.52365e-17
2
7.68503e-17
2
5.88982e-17
2
1.23649e-16
2
-8.18155e-17
2
9.27455e-17
2
5.48647e-17
2
9.10454e-17
2
3.68637e-16
2
2.38615e-16
2
8.45727e-17
2
2.02335e-16
2
1.56551e-16
2
1.39825e-16
2
2.36024e-16
2
2.42446e-16
2
3.34411e-16
2
3.27457e-16
2
3.33059e-16
2
3.04027e-16
2
4.93805e-17
2
-3.21623e-17
2
-1.01627e-16
2
2.59184e-16
2
1.36428e-16
2
6.46519e-17
2
-7.36269e-17
2
-1.81819e-17
2
-1.4787e-16
2
-1.10467e-16
2
-1.74656e-16
2
-1.61321e-16
2
-6.72879e-17
2
1.68741e-16
2
-2.44566e-16
2
1.1431e-16
2
3.45717e-16
2
3.1179e-16
2
2.63397e-16
2
1.76309e-16
2
1.85296e-16
2
-1.08827e-17
2
1.80078e-16
2
5.1982e-17
2
3.43647e-17
2
1.45686e-16
2
1.8913e-16
2
1.29598e-16
2
1.11795e-16
2
6.49327e-18
2
-3.44513e-17
2
3.75362e-17
2
1.16261e-16
2
-6.56541e-17
2
2.42216e-18
2
-2.56665e-17
2
7.0853e-17
2
3.08897e-16
2
1.60443e-16
2
4.8616e-18
2
5.97833e-17
2
1.69533e-16
2
3.63231e-16
2
1.41816e-16
2
2.099e-17
2
-4.01342e-17
2
-1.85404e-16
2
-7.88766e-17
2
-2.86952e-16
2
-1.79822e-16
2
-1.80316e-16
2
-4.25448e-17
2
4.56424e-17
2
-1.54214e-16
2
-1.98257e-16
2
4.5998e-17
2
-1.714e-17
2
-7.5461e-17
2
-1.04619e-16
2
8.35231e-18
2
-6.5904e-17
2
-5.2582e-17
2
9.21547e-17
2
2.25417e-16
2
2.46326e-16
2
2.07051e-16
2
1.7225e-16
2
3.03462e-16
2
2.5194e-16
2
2.52762e-16
2
2.13491e-16
2
5.96216e-17
2
5.61821e-17
2
-2.19604e-16
2
-1.17742e-16
2
7.32988e-17
2
-7.89222e-19
2
2.22835e-16
2
3.2224e-16
2
1.25549e-16
2
1.06165e-16
2
1.66844e-16
2
1.70899e-16
2
9.26707e-17
2
6.31542e-17
2
8.3274e-17
2
1.06778e-16
2
9.62173e-17
2
1.02083e-16
2
1.44291e-16
2
2.73091e-16
2
2.44592e-16
2
1.52918e-16
2
1.94349e-16
2
2.30799e-16
2
2.43693e-16
2
3.74585e-16
2
4.93082e-16
2
6.18861e-16
2
6.14756e-16
2
5.1444e-16
2
5.59028e-16
2
4.139e-16
2
1.50938e-16
2
-4.41116e-17
2
-1.46027e-17
2
1.31276e-16
2
9.63358e-17
2
9.85297e-17
2
4.23956e-17
2
9.0615e-17
2
9.43097e-17
2
1.71282e-17
2
2.08697e-16
2
1.99655e-16
2
3.02875e-16
2
2.07735e-16
2
1.49792e-16
2
3.9843e-16
2
2.79757e-16
2
4.25569e-17
2
1.51977e-16
2
9.70755e-17
2
-9.1172e-17
2
2.59846e-17
2
8.15149e-17
2
-3.83611e-17
2
3.01827e-17
2
-4.52869e-17
2
-1.32376e-16
2
-1.82733e-16
2
-2.23424e-16
2
-3.48643e-16
2
-5.2897e-16
2
-4.82284e-16
2
-1.68899e-16
2
-3.13911e-16
2
-2.47549e-16
2
-1.64879e-16
2
-1.75242e-16
2
-5.96438e-17
2
-1.60759e-17
2
-1.43842e-16
2
-1.98125e-18
2
1.0354e-16
2
1.75149e-16
2
-6.69869e-18
2
1.47809e-16
2
1.03977e-16
2
2.60773e-17
2
1.53265e-16
2
3.96013e-16
2
3.72527e-16
2
1.84746e-16
2
2.35232e-16
2
3.78894e-16
2
2.17662e-16
2
2.50173e-16
2
2.60788e-16
2
2.95096e-16
2
5.61982e-16
2
3.91259e-16
2
2.39927e-16
2
2.73153e-16
2
2.9297e-16
2
5.57574e-16
2
2.74264e-16
2
4.52309e-16
3.45026e-16
2
-6.46626e-17
2
-7.81898e-17
2
-1.56121e-16
2
-1.08155e-16
2
-9.90108e-17
2
2.49425e-19
2
-7.38328e-17
2
2.26923e-17
2
-1.10679e-16
2
-6.72558e-17
2
-1.81852e-16
2
-2.10824e-16
2
-2.23298e-16
2
-1.17134e-16
2
-1.21548e-16
2
6.70792e-17
2
1.62111e-16
2
8.71002e-17
2
9.47406e-18
2
-3.43686e-17
2
2.00579e-16
2
2.7308e-16
2
1.25579e-16
2
1.98859e-17
2
5.24711e-17
2
1.0765e-16
2
1.67447e-16
2
6.8994e-17
2
1.69589e-16
2
2.69498e-16
2
6.15468e-17
2
4.12087e-16
2
1.66863e-16
2
1.52896e-16
2
-8.23269e-17
2
1.18e-17
2
-6.69592e-18
2
7.88152e-17
2
8.89823e-17
2
9.98762e-17
2
4.77499e-17
2
-3.03056e-18
2
-7.31018e-17
2
4.6614e-17
2
1.14298e-16
2
9.79411e-17
2
1.77552e-16
2
1.34445e-16
2
2.0961e-16
2
1.15772e-16
2
2.88441e-16
2
1.52589e-16
2
1.80943e-16
2
5.6647e-17
2
1.38408e-16
2
2.24102e-16
2
1.83061e-16
2
4.55252e-17
2
-8.5162e-17
2
2.48991e-17
2
1.09515e-16
2
6.42147e-17
2
-1.90507e-17
2
-2.24557e-17
2
-6.42214e-17
2
-6.30467e-17
2
-2.20927e-16
2
3.66032e-17
2
1.30082e-16
2
1.48672e-16
2
2.22774e-16
2
3.88602e-16
2
1.32185e-16
2
-1.10681e-17
2
8.28111e-17
2
7.88338e-17
2
1.45919e-16
2
2.62722e-17
2
-3.11789e-17
2
-7.05805e-17
2
-2.47524e-16
2
-1.79353e-16
2
-1.45798e-16
2
-2.16482e-16
2
-2.0151e-16
2
6.4005e-17
2
1.98468e-17
2
-4.21599e-17
2
-7.97785e-17
2
-2.31785e-17
2
1.21349e-17
2
2.97498e-16
2
8.85758e-17
2
-2.59447e-17
2
-1.20549e-16
2
-8.36278e-17
2
-4.30102e-18
2
2.11538e-16
2
1.74283e-16
2
1.80742e-16
2
2.58296e-16
2
5.9003e-17
2
1.52469e-17
2
-9.14189e-17
2
-2.98944e-17
2
7.7011e-17
2
2.0042e-18
2
2.65424e-17
2
1.35266e-16
2
2.1773e-16
2
2.73366e-16
2
8.82816e-17
2
1.37742e-16
2
1.01375e-16
2
9.5219e-17
2
7.8348e-17
2
1.16868e-16
2
1.89592e-16
2
9.6111e-17
2
-3.70075e-17
2
-2.00162e-17
2
5.90945e-18
2
2.31528e-16
2
3.14039e-16
2
3.84578e-16
2
4.85029e-16
2
4.40057e-16
2
4.31691e-16
2
3.72561e-16
2
1.92163e-16
2
-7.06902e-17
2
-1.71432e-17
2
9.5721e-17
2
5.92556e-17
2
-7.79819e-17
2
2.89982e-17
2
-1.05526e-17
2
1.03596e-16
2
2.37662e-16
2
2.50321e-16
2
1.23224e-16
2
9.36948e-17
2
1.23664e-16
2
1.91235e-16
2
9.2011e-17
2
3.43661e-16
2
1.17203e-16
2
2.71104e-16
2
3.73878e-16
2
2.69045e-16
2
5.08987e-16
2
4.28647e-16
2
1.63476e-16
2
1.63854e-16
2
2.75785e-16
2
9.15773e-17
2
1.18383e-17
2
1.30634e-16
2
3.51743e-17
2
4.93613e-17
2
7.08514e-17
2
-2.5583e-16
2
-2.42424e-16
2
-2.87627e-16
2
-2.82473e-16
2
-2.43673e-16
2
-5.01376e-16
2
-4.48513e-16
2
-4.56962e-16
2
-3.82896e-16
2
-4.32063e-16
2
-3.1601e-16
2
-3.12313e-16
2
-7.07032e-17
2
-2.30396e-17
2
9.59193e-18
2
-7.75801e-17
2
6.62691e-17
2
-1.2345e-17
2
5.92696e-17
2
1.30325e-16
2
1.12052e-16
2
1.93573e-16
2
4.68878e-17
2
1.56162e-16
2
1.35658e-16
2
9.94039e-17
2
1.89237e-16
2
1.68971e-16
2
6.43312e-17
2
-1.12938e-17
2
-1.79999e-16
2
3.3416e-16
2
3.73731e-16
2
3.08045e-16
2
5.17248e-16
2
4.33368e-16
2
3.77162e-16
2
2.25747e-16
4.24094e-16
2
-2.4869e-17
2
-7.89483e-17
2
-2.54463e-16
2
-7.06658e-17
2
-1.52597e-16
2
-1.72453e-16
2
-1.32305e-16
2
-1.42749e-16
2
1.50743e-16
2
-1.55476e-16
2
-1.78559e-16
2
-2.14653e-16
2
-2.00763e-16
2
-6.02901e-17
2
5.31844e-17
2
-2.13291e-16
2
-3.16201e-16
2
-3.03994e-16
2
-1.30658e-16
2
-3.3857e-16
2
-1.39749e-16
2
1.9411e-16
2
3.69575e-16
2
2.98887e-16
2
1.08327e-16
2
2.48908e-16
2
6.31026e-17
2
2.32772e-16
2
1.62094e-16
2
8.33449e-17
2
2.50729e-16
2
1.08003e-16
2
1.76797e-16
2
1.69935e-16
2
1.47274e-16
2
2.34603e-16
2
1.78469e-16
2
-3.30377e-17
2
-1.17155e-16
2
9.43718e-17
2
2.87781e-16
2
1.48472e-16
2
1.67071e-16
2
1.61998e-16
2
4.33449e-17
2
1.19032e-16
2
2.21313e-16
2
1.36501e-16
2
1.48399e-16
2
7.56583e-17
2
1.78122e-16
2
2.41144e-16
2
4.99002e-17
2
1.19874e-16
2
1.75792e-16
2
1.22352e-16
2
-1.79672e-16
2
-1.05294e-16
2
-5.2157e-17
2
6.36567e-17
2
8.56778e-17
2
-1.57686e-16
2
-2.16675e-18
2
6.48302e-17
2
7.61502e-17
2
1.88717e-16
2
1.52867e-16
2
2.48767e-16
2
1.59403e-16
2
1.01234e-16
2
3.33587e-16
2
1.59759e-16
2
1.72549e-16
2
1.63698e-16
2
7.04714e-17
2
5.09028e-17
2
-1.95684e-17
2
2.04352e-16
2
8.5359e-17
2
-8.47767e-17
2
-6.39464e-17
2
-5.45018e-17
2
-4.23799e-17
2
-2.388e-17
2
2.26626e-17
2
1.0863e-16
2
-3.36487e-17
2
-2.11931e-16
2
-1.51511e-16
2
9.09531e-17
2
-6.38148e-17
2
-1.7009e-16
2
9.06047e-17
2
3.39115e-17
2
1.41716e-16
2
-1.00101e-16
2
1.5765e-16
2
3.37907e-17
2
-5.88107e-17
2
6.88665e-17
2
3.10254e-18
2
4.74383e-17
2
-9.44074e-17
2
4.15587e-17
2
2.40801e-16
2
5.15126e-17
2
-9.28099e-17
2
-5.96494e-18
2
2.8121e-17
2
1.34594e-16
2
7.58227e-17
2
7.05679e-17
2
-1.5823e-17
2
-7.70251e-17
2
-1.14337e-16
2
-3.17558e-17
2
5.1252e-17
2
-1.03002e-16
2
9.87606e-17
2
6.46442e-17
2
-1.7938e-16
2
8.02595e-17
2
3.797e-16
2
3.37629e-16
2
3.60026e-16
2
2.86061e-16
2
4.73569e-16
2
3.96995e-16
2
3.14573e-16
2
-8.18751e-17
2
4.49288e-17
2
2.40625e-18
2
-8.35413e-17
2
-5.76387e-17
2
8.72663e-17
2
1.28587e-17
2
3.46595e-17
2
1.28082e-16
2
1.37049e-16
2
1.10371e-16
2
2.11202e-16
2
1.67562e-16
2
1.65226e-16
2
1.85125e-16
2
1.97287e-16
2
1.2222e-17
2
2.0791e-16
2
1.74209e-16
2
3.03667e-16
2
1.72631e-16
2
1.13731e-16
2
2.82308e-16
2
4.96538e-16
2
2.05458e-16
2
2.32487e-16
2
2.56979e-16
2
3.49184e-16
2
1.9717e-16
2
2.33346e-16
2
-1.62831e-17
2
-2.95905e-17
2
7.09033e-17
2
-2.04916e-16
2
-2.3563e-16
2
-9.55296e-17
2
-2.80052e-16
2
-3.9593e-16
2
-4.31467e-16
2
-4.9473e-16
2
-5.08147e-16
2
-5.06803e-16
2
-3.51987e-16
2
-2.51544e-16
2
-4.95988e-17
2
1.38215e-16
2
8.66115e-18
2
-7.93102e-17
2
-1.27488e-16
2
4.9513e-17
2
-8.24489e-17
2
-1.93619e-16
2
-5.30384e-17
2
1.65368e-16
2
2.61754e-16
2
3.36058e-16
2
1.23296e-16
2
-1.24477e-16
2
1.93741e-17
2
-1.34537e-16
2
7.69176e-19
2
-7.46404e-17
2
-5.66706e-17
2
4.45174e-17
2
2.67118e-16
2
5.7275e-16
2
6.11327e-16
2
3.2068e-16
2
1.32961e-16
2
1.64543e-16
1.56375e-16
2
-1.71625e-16
2
-3.44593e-16
2
-1.49638e-16
2
-2.98319e-16
2
-1.06372e-16
2
-7.46524e-17
2
-4.40958e-17
2
1.64416e-17
2
-1.78059e-16
2
6.13673e-17
2
-6.3118e-18
2
-1.00489e-16
2
8.52554e-17
2
1.75768e-16
2
-1.83135e-16
2
-1.52178e-16
2
-2.47121e-16
2
-2.38289e-16
2
-2.57333e-16
2
-6.93126e-17
2
-6.47978e-17
2
1.67759e-16
2
3.28251e-16
2
2.03436e-17
2
1.7169e-16
2
1.77953e-16
2
2.92487e-16
2
9.42378e-17
2
-5.18532e-18
2
-2.78492e-18
2
-1.27431e-16
2
1.70028e-17
2
2.12344e-16
2
2.61273e-16
2
3.07888e-16
2
2.22577e-16
2
1.44399e-16
2
2.35778e-16
2
3.2866e-16
2
1.17792e-16
2
6.68593e-17
2
1.38343e-16
2
1.01991e-17
2
-1.46437e-16
2
9.46284e-17
2
5.16535e-17
2
-4.20689e-17
2
5.41189e-17
2
1.95694e-16
2
3.30245e-16
2
1.17067e-16
2
1.92727e-16
2
1.28608e-16
2
1.9642e-16
2
3.96193e-16
2
2.74224e-16
2
1.31019e-16
2
-7.10615e-17
2
7.56122e-17
2
-4.76141e-17
2
3.25223e-17
2
2.63026e-16
2
1.47015e-16
2
3.26226e-16
2
2.14685e-16
2
5.84172e-17
2
2.89705e-16
2
1.40542e-16
2
1.28068e-16
2
2.84888e-16
2
-4.05166e-17
2
5.19268e-17
2
1.56583e-16
2
-1.2563e-16
2
-8.86148e-17
2
-1.14756e-16
2
2.05724e-16
2
1.40689e-16
2
2.1412e-16
2
1.39333e-16
2
1.63587e-16
2
8.41905e-17
2
1.46828e-16
2
1.75323e-16
2
2.60483e-16
2
2.2669e-17
2
-1.24385e-16
2
-5.42006e-17
2
-2.97892e-16
2
-1.01611e-16
2
-2.96805e-17
2
9.50476e-17
2
8.38119e-18
2
3.35494e-16
2
1.87471e-16
2
2.76985e-16
2
2.42211e-16
2
1.4668e-16
2
-9.74218e-17
2
-2.91861e-16
2
-3.58048e-16
2
-1.86572e-16
2
-6.54098e-17
2
8.20103e-17
2
1.21549e-17
2
7.8186e-17
2
1.5958e-16
2
6.73758e-17
2
5.73484e-17
2
-1.12977e-16
2
-1.8605e-17
2
8.95902e-17
2
1.13288e-16
2
3.88729e-17
2
-1.13889e-16
2
-2.42579e-16
2
1.0577e-16
2
3.46424e-17
2
-1.54953e-16
2
-5.65194e-17
2
2.7017e-17
2
2.23079e-16
2
-1.00284e-17
2
2.76738e-16
2
2.77379e-16
2
2.43797e-16
2
2.21693e-16
2
2.06537e-16
2
-3.53179e-18
2
1.12938e-16
2
1.05382e-16
2
1.90331e-16
2
4.41311e-17
2
1.7027e-16
2
1.10238e-16
2
-3.8798e-17
2
-2.53973e-17
2
5.93363e-17
2
2.08981e-17
2
-1.29606e-16
2
6.19201e-18
2
2.52335e-16
2
1.54062e-16
2
1.35612e-16
2
1.87829e-16
2
2.59346e-16
2
3.78154e-16
2
1.4762e-16
2
-7.40079e-17
2
1.38032e-16
2
3.76367e-16
2
4.70243e-16
2
3.1353e-16
2
3.74466e-16
2
1.77904e-16
2
3.33589e-16
2
3.661e-16
2
2.18498e-16
2
7.50733e-17
2
7.95813e-17
2
-2.50022e-17
2
1.84768e-16
2
2.18895e-16
2
9.77851e-17
2
-9.45376e-17
2
-6.02496e-17
2
-1.234e-16
2
-2.76487e-16
2
-1.25908e-16
2
-2.70142e-16
2
-2.0817e-16
2
-1.17109e-16
2
-1.165e-17
2
-9.89905e-17
2
-1.73365e-16
2
-1.51872e-16
2
-1.16746e-16
2
6.45391e-17
2
-7.49702e-17
2
-1.53724e-16
2
-2.58872e-16
2
-1.45883e-16
2
-1.62234e-16
2
-1.13056e-16
2
-1.76453e-16
2
-1.85069e-16
2
-8.87752e-17
2
-5.0371e-17
2
-5.47614e-17
2
-1.05091e-16
2
-4.96146e-17
2
1.27461e-16
2
1.57211e-16
2
1.49374e-16
2
3.00002e-16
2
1.95116e-16
2
2.44647e-16
2
3.55208e-16
2
2.98375e-16
2.57131e-16
2
-2.00256e-17
2
7.00512e-17
2
8.08107e-19
2
-1.13742e-16
2
-2.30784e-16
2
-2.85517e-16
2
-2.31826e-16
2
-2.93476e-16
2
-2.75513e-16
2
-8.69605e-17
2
-1.0733e-16
2
-9.41033e-17
2
-1.95776e-16
2
-3.47097e-16
2
-2.80787e-16
2
-2.7726e-16
2
-1.76925e-16
2
-1.28988e-16
2
2.2254e-17
2
6.37494e-18
2
1.38895e-16
2
1.56982e-16
2
8.86395e-17
2
-6.93113e-17
2
-2.08251e-16
2
-1.8417e-16
2
-2.18131e-16
2
-3.31395e-16
2
-3.06407e-16
2
-3.69602e-16
2
-2.36038e-16
2
-1.08951e-16
2
-5.38568e-17
2
-6.12255e-17
2
-1.46172e-16
2
-8.8282e-17
2
1.27862e-16
2
1.20769e-16
2
1.92518e-16
2
3.70951e-16
2
2.35595e-16
2
7.7264e-17
2
-6.93662e-17
2
4.59175e-17
2
2.4024e-17
2
9.02784e-17
2
-1.92814e-17
2
-4.28128e-17
2
-1.50819e-16
2
7.21055e-17
2
2.2666e-16
2
-5.19041e-17
2
1.8198e-16
2
2.29248e-16
2
5.73595e-17
2
-1.77273e-17
2
8.67308e-17
2
1.73057e-16
2
1.01569e-16
2
5.74915e-17
2
-3.40609e-17
2
1.76966e-16
2
3.71894e-16
2
3.57641e-16
2
3.04261e-16
2
2.99177e-16
2
1.81944e-16
2
2.39118e-17
2
2.43138e-16
2
-5.45088e-17
2
-5.53584e-17
2
-3.23537e-17
2
2.45785e-17
2
8.42845e-17
2
1.17994e-16
2
6.77218e-17
2
1.68492e-16
2
1.17027e-16
2
2.68001e-16
2
1.92177e-16
2
9.6978e-18
2
1.1101e-16
2
2.51422e-16
2
2.47323e-16
2
2.85723e-16
2
2.29688e-16
2
1.40081e-16
2
1.53836e-16
2
1.48507e-16
2
1.10535e-17
2
1.22285e-16
2
1.73407e-16
2
1.03827e-16
2
-1.38373e-16
2
5.54956e-17
2
-1.14789e-16
2
-2.39429e-17
2
-6.00629e-17
2
-1.44694e-16
2
-2.59525e-16
2
-2.6595e-16
2
-2.00437e-16
2
1.20251e-16
2
-7.75071e-17
2
-1.36293e-17
2
5.68989e-17
2
1.18966e-17
2
4.20178e-18
2
-2.21543e-16
2
-1.26612e-16
2
-8.06344e-17
2
-1.61856e-16
2
-2.65539e-17
2
-1.12342e-16
2
-1.45895e-16
2
-1.28449e-16
2
-3.64058e-16
2
-2.281e-16
2
-2.12286e-16
2
-7.02337e-17
2
1.98855e-16
2
-1.06706e-16
2
9.8277e-17
2
2.04359e-16
2
3.47644e-16
2
1.55547e-16
2
-8.59018e-17
2
-2.28705e-16
2
-1.68886e-16
2
5.35455e-17
2
1.35566e-16
2
1.68005e-16
2
3.16616e-16
2
1.63012e-16
2
1.09221e-16
2
9.62444e-17
2
5.82189e-17
2
-3.4107e-17
2
-2.60366e-17
2
-1.60945e-16
2
-2.3829e-16
2
-2.22517e-16
2
-3.46771e-17
2
6.22988e-17
2
1.45245e-16
2
1.09748e-16
2
1.00767e-16
2
3.76928e-16
2
3.39598e-16
2
3.81446e-16
2
4.02848e-16
2
3.53266e-16
2
3.75335e-16
2
3.24873e-16
2
1.63717e-16
2
3.25726e-17
2
6.28449e-17
2
1.68187e-16
2
1.25695e-16
2
2.52312e-16
2
4.01958e-17
2
-6.27546e-17
2
4.38352e-17
2
4.21013e-17
2
8.41087e-17
2
1.56468e-17
2
-6.44556e-17
2
-1.68493e-16
2
-3.16823e-16
2
-1.71988e-16
2
-5.97373e-17
2
-7.64527e-17
2
-1.22949e-16
2
-2.82076e-16
2
-3.40319e-16
2
-2.34717e-16
2
-2.24789e-16
2
-4.09828e-16
2
-2.91789e-16
2
-2.02245e-16
2
-7.85519e-17
2
-1.11183e-16
2
-2.99003e-16
2
-2.47844e-16
2
-2.82467e-16
2
-3.14707e-16
2
-2.51901e-16
2
-3.39924e-16
2
-2.66083e-16
2
-2.07988e-16
2
-1.10873e-16
2
-5.37715e-18
2
-1.60025e-16
2
-1.58286e-16
2
-1.54044e-16
2
-3.41537e-17
2
2.08079e-16
2
3.68399e-16
2
4.1587e-16
1.96801e-16
2
-1.24755e-17
2
-1.27662e-18
2
-9.9616e-17
2
-1.88768e-16
2
-1.99195e-16
2
-2.00286e-16
2
-1.55707e-16
2
-2.53111e-16
2
-1.07329e-16
2
-8.22194e-17
2
-2.14021e-17
2
-8.94371e-17
2
-3.20896e-16
2
-3.57609e-16
2
-1.89899e-16
2
-2.06027e-16
2
-8.29575e-17
2
1.04412e-16
2
-8.78144e-17
2
-8.96791e-17
2
-2.08058e-16
2
-2.47442e-16
2
-7.10032e-17
2
-6.659e-17
2
-2.30268e-16
2
-3.91926e-16
2
-5.21242e-16
2
-2.59513e-16
2
-3.0338e-16
2
-2.90398e-16
2
-2.01861e-16
2
-9.55736e-17
2
-2.3344e-16
2
-1.75337e-16
2
-7.60273e-17
2
-9.5953e-18
2
-9.87057e-17
2
5.50055e-17
2
2.67126e-17
2
1.48383e-16
2
-1.97053e-17
2
-1.46195e-18
2
1.09258e-16
2
2.01599e-17
2
-1.25292e-16
2
-5.62051e-17
2
-6.63848e-17
2
-3.36665e-17
2
-2.28423e-17
2
-1.43663e-16
2
-1.23001e-16
2
1.73747e-16
2
1.20102e-16
2
8.92815e-17
2
6.64567e-17
2
-6.9182e-18
2
8.284e-17
2
1.30345e-16
2
1.43498e-16
2
2.04407e-16
2
9.93021e-17
2
1.73429e-16
2
2.86262e-16
2
2.39266e-16
2
2.35863e-16
2
1.66023e-16
2
2.13948e-17
2
-4.03189e-18
2
-1.35838e-16
2
7.94933e-17
2
-1.5855e-17
2
-1.14942e-16
2
-6.91582e-17
2
1.76308e-18
2
5.15393e-17
2
2.04667e-16
2
1.73121e-16
2
2.55565e-16
2
-3.36534e-17
2
2.09987e-16
2
3.25705e-16
2
-1.02902e-18
2
-1.4721e-16
2
5.47618e-17
2
2.02344e-16
2
3.03492e-16
2
2.22401e-16
2
3.79745e-16
2
3.5492e-16
2
-4.15207e-17
2
-5.81433e-17
2
2.8854e-17
2
-3.736e-17
2
-1.1401e-17
2
-1.26662e-16
2
1.72437e-16
2
-1.11932e-16
2
-1.59416e-16
2
-1.49885e-17
2
-1.52266e-16
2
-1.12246e-16
2
1.54253e-17
2
-1.07362e-16
2
-8.00109e-17
2
-4.69783e-17
2
-5.12769e-17
2
2.04389e-17
2
-1.12042e-16
2
-4.16256e-17
2
-1.53107e-16
2
-1.71334e-16
2
-1.84811e-16
2
-2.36221e-16
2
-1.46242e-16
2
-8.74172e-17
2
-1.24306e-16
2
-2.89741e-16
2
-2.65775e-16
2
-2.00859e-16
2
-1.50375e-17
2
1.01433e-16
2
-7.04495e-17
2
-1.07746e-16
2
1.9536e-16
2
-7.75898e-18
2
1.61798e-16
2
-2.04958e-17
2
-2.22141e-16
2
1.82641e-16
2
2.43786e-16
2
1.81889e-16
2
1.8724e-16
2
2.10733e-16
2
1.85788e-16
2
7.51295e-17
2
1.52734e-16
2
1.60762e-16
2
-1.44224e-16
2
-2.785e-16
2
-7.31857e-17
2
8.12279e-17
2
3.10553e-17
2
7.73008e-17
2
3.22009e-17
2
2.67715e-16
2
1.13039e-16
2
1.32058e-16
2
1.93914e-16
2
2.09244e-16
2
2.91976e-16
2
7.95869e-17
2
2.96329e-16
2
1.47774e-16
2
3.55768e-17
2
2.05477e-16
2
4.24702e-16
2
2.59787e-16
2
1.08515e-16
2
2.02285e-16
2
1.33676e-16
2
2.90717e-17
2
-4.31347e-17
2
-5.49811e-18
2
1.78195e-16
2
3.0374e-16
2
1.13932e-16
2
1.35713e-16
2
1.4672e-16
2
3.27707e-17
2
-2.04393e-17
2
-2.10206e-17
2
1.29376e-17
2
-5.34246e-17
2
-1.02069e-16
2
-2.03923e-16
2
-1.16454e-16
2
-2.29414e-16
2
-3.19555e-16
2
-4.07436e-16
2
-2.95119e-16
2
-2.31599e-16
2
-3.36428e-16
2
-2.10207e-16
2
-2.70303e-16
2
-1.58939e-16
2
-1.2062e-16
2
-1.66763e-16
2
-2.73043e-16
2
-3.07011e-16
2
-4.0646e-16
2
-1.68991e-16
2
-9.65267e-17
2
8.73077e-17
2
1.81459e-16
2
-1.27326e-16
2
-7.59019e-17
2
-2.90334e-16
2
-2.37666e-16
2
-1.96371e-16
-2.44706e-16
2
-8.51371e-17
2
6.47028e-17
2
-9.67468e-17
2
-3.70549e-16
2
-1.18465e-16
2
-2.02482e-16
2
-2.23179e-16
2
-2.52684e-16
2
-1.81577e-16
2
-1.01179e-16
2
7.27548e-17
2
1.64102e-16
2
6.13875e-18
2
-2.03739e-16
2
-3.13296e-16
2
-3.35603e-16
2
-2.1683e-16
2
-2.19611e-16
2
-1.21853e-16
2
-9.07197e-17
2
-3.16176e-16
2
-3.20288e-16
2
-3.62217e-16
2
-1.90937e-16
2
-1.85323e-16
2
-6.64115e-17
2
-5.56906e-17
2
-8.69888e-17
2
-2.55535e-16
2
-1.11069e-16
2
-8.04078e-17
2
-1.65955e-16
2
-8.0097e-18
2
-1.29949e-16
2
-1.35063e-16
2
-2.10277e-16
2
-5.77922e-17
2
-8.49337e-17
2
-1.69386e-16
2
-1.72077e-16
2
-1.23567e-16
2
1.80299e-16
2
-1.02914e-17
2
2.25489e-18
2
-6.48087e-17
2
-1.73416e-16
2
-1.2032e-16
2
-3.34213e-17
2
1.08442e-16
2
1.71188e-16
2
5.21273e-17
2
-1.30939e-16
2
-9.51817e-17
2
-9.09728e-17
2
-3.36634e-16
2
-1.29091e-16
2
7.20748e-17
2
3.4415e-18
2
5.88323e-17
2
4.52035e-17
2
3.20634e-16
2
4.33625e-16
2
1.82335e-16
2
-7.19206e-17
2
6.70658e-17
2
3.49407e-17
2
-1.75827e-16
2
-3.02792e-16
2
-3.06754e-16
2
-2.44408e-16
2
-2.58903e-16
2
-1.16779e-16
2
6.85916e-17
2
1.77669e-16
2
1.54712e-16
2
1.69108e-16
2
1.62396e-16
2
-1.01499e-16
2
3.69603e-18
2
-1.11843e-16
2
4.86976e-17
2
3.61705e-16
2
2.63525e-16
2
1.91902e-16
2
-5.19174e-17
2
-8.20575e-17
2
2.72437e-16
2
2.19401e-16
2
4.28372e-16
2
3.6779e-16
2
1.21192e-16
2
-2.4046e-16
2
-2.54238e-17
2
-1.6642e-17
2
-7.67584e-17
2
-1.94108e-16
2
-3.7723e-16
2
-2.56554e-16
2
-2.94779e-16
2
-1.88982e-16
2
-1.39856e-16
2
-1.63402e-16
2
-2.09354e-16
2
-2.11987e-16
2
-1.63602e-16
2
2.38696e-17
2
-6.45065e-18
2
-9.6441e-17
2
-1.43376e-16
2
-2.39771e-16
2
-3.18304e-16
2
-1.4466e-16
2
-8.85425e-17
2
-7.39193e-17
2
-1.62894e-16
2
-2.75077e-16
2
-2.41679e-16
2
-1.21905e-16
2
-1.8071e-16
2
-2.31035e-16
2
-1.33109e-16
2
-2.4035e-16
2
-2.67481e-16
2
-2.82057e-16
2
-2.37007e-16
2
-2.47714e-16
2
-1.89118e-16
2
1.67963e-16
2
6.7541e-17
2
7.76443e-17
2
1.34693e-16
2
1.7508e-16
2
2.16243e-16
2
2.59312e-16
2
2.25688e-16
2
1.89828e-16
2
-1.96901e-17
2
-5.93447e-17
2
-6.76401e-17
2
9.3704e-17
2
1.13203e-16
2
1.2108e-16
2
1.42173e-16
2
7.1437e-17
2
-1.74692e-16
2
5.66488e-17
2
1.93812e-16
2
4.47779e-17
2
1.0013e-16
2
-2.77589e-17
2
2.69969e-16
2
1.13172e-16
2
3.00445e-16
2
3.71559e-16
2
2.2964e-16
2
3.00258e-16
2
3.54798e-16
2
1.92355e-16
2
1.30293e-16
2
1.65759e-16
2
2.35427e-16
2
1.30637e-16
2
3.88582e-17
2
-3.9918e-17
2
1.31006e-17
2
2.45117e-16
2
1.92281e-16
2
6.16026e-17
2
6.1518e-17
2
-8.77087e-19
2
8.31668e-17
2
8.73358e-17
2
-5.38246e-17
2
-1.17943e-16
2
-3.74997e-17
2
-6.23101e-17
2
-4.50774e-17
2
-1.21392e-16
2
-2.1263e-16
2
-2.08517e-16
2
-1.2493e-16
2
-6.29371e-17
2
-1.64479e-16
2
-2.65586e-16
2
-3.98445e-16
2
-1.72078e-16
2
-1.92016e-16
2
-2.50619e-16
2
-2.13215e-16
2
-6.3105e-17
2
-6.41538e-17
2
-8.72158e-17
2
-8.95256e-17
2
-1.42924e-16
2
-1.29613e-16
2
-1.59886e-16
2
-1.79318e-16
2
-1.9569e-16
2
-2.45734e-16
9.44523e-18
2
1.08493e-16
2
-1.5171e-16
2
-3.9703e-17
2
2.63993e-17
2
-2.61455e-16
2
-1.93894e-16
2
-2.1988e-16
2
-1.17093e-16
2
-8.644e-17
2
-1.14416e-16
2
-9.05042e-17
2
1.49302e-19
2
7.26067e-17
2
-3.93388e-17
2
-1.33662e-16
2
1.17259e-16
2
1.85389e-17
2
7.31124e-17
2
-6.60204e-17
2
-2.76719e-16
2
-1.84124e-16
2
-2.15222e-16
2
-2.58941e-16
2
-1.41052e-16
2
-2.34941e-16
2
-3.87966e-16
2
-2.74652e-16
2
-2.24393e-16
2
-7.40161e-17
2
-2.67774e-16
2
-1.40466e-16
2
-2.3727e-16
2
-1.01946e-16
2
7.92734e-18
2
2.11615e-17
2
-9.23569e-17
2
-1.57152e-16
2
-3.63456e-17
2
6.21686e-18
2
-1.76191e-16
2
-8.94381e-17
2
-7.49062e-17
2
7.59679e-17
2
-6.39292e-18
2
-4.94363e-17
2
3.29709e-17
2
-1.86658e-16
2
-1.28352e-16
2
-1.33254e-16
2
-1.57883e-16
2
-1.06786e-16
2
-2.19542e-16
2
-2.06261e-16
2
-2.59835e-16
2
-7.86197e-17
2
-6.04589e-17
2
-5.94151e-17
2
1.18588e-16
2
-9.06882e-18
2
7.2749e-17
2
1.91098e-16
2
3.20861e-17
2
1.09374e-18
2
1.39829e-16
2
1.81051e-16
2
1.71744e-16
2
8.69246e-17
2
-2.72912e-17
2
-3.17576e-16
2
-2.71091e-16
2
-5.86411e-17
2
-2.65827e-17
2
3.13992e-19
2
7.61155e-17
2
6.35485e-17
2
1.23342e-16
2
-9.92176e-17
2
-1.61964e-17
2
2.21191e-16
2
1.31614e-16
2
1.20091e-16
2
1.49013e-16
2
1.79059e-16
2
-2.91884e-17
2
-2.94293e-17
2
-4.5757e-17
2
1.40295e-16
2
6.63095e-17
2
1.9639e-16
2
3.71e-16
2
2.92744e-16
2
2.49915e-16
2
2.58104e-16
2
1.8014e-16
2
1.92127e-16
2
9.77857e-17
2
2.90192e-17
2
-7.77106e-17
2
-1.83697e-16
2
-1.37986e-16
2
-1.34843e-16
2
-2.54014e-16
2
-3.14073e-16
2
-3.92677e-16
2
-3.63661e-16
2
-5.16433e-16
2
-2.4722e-16
2
-3.91232e-16
2
-4.38542e-16
2
-1.79581e-16
2
-7.78163e-17
2
-2.36278e-16
2
-2.3031e-16
2
-3.09012e-16
2
-1.80465e-16
2
-2.24612e-17
2
-1.31597e-16
2
-1.73151e-16
2
-1.78607e-16
2
-1.5643e-16
2
-1.8084e-16
2
3.75857e-17
2
9.5392e-17
2
-3.33553e-16
2
-3.38705e-16
2
-3.65251e-16
2
-3.40948e-16
2
-6.73538e-17
2
-3.45067e-16
2
-3.31227e-16
2
-1.67705e-16
2
-1.23451e-16
2
-1.95256e-16
2
-1.07105e-16
2
6.58942e-17
2
-5.56577e-18
2
2.41966e-18
2
-4.6625e-18
2
-1.72566e-17
2
-9.49432e-17
2
1.1225e-17
2
3.92793e-17
2
3.60195e-17
2
2.65392e-17
2
1.41195e-16
2
1.4513e-16
2
9.35107e-17
2
1.41143e-16
2
1.72419e-16
2
1.08608e-16
2
-4.72962e-17
2
3.10441e-17
2
1.73519e-16
2
4.21203e-16
2
5.14761e-16
2
3.55969e-16
2
2.6687e-16
2
2.10145e-16
2
3.56073e-17
2
2.10519e-16
2
2.56509e-16
2
2.72478e-16
2
3.84205e-16
2
3.63017e-16
2
3.2438e-16
2
4.48577e-17
2
1.17177e-16
2
1.31477e-16
2
1.10134e-16
2
2.54048e-16
2
1.79298e-16
2
-9.0012e-17
2
-1.07659e-16
2
1.46279e-16
2
1.09065e-16
2
-1.2261e-16
2
-2.12481e-16
2
1.0907e-16
2
1.87308e-16
2
1.87834e-16
2
8.00153e-17
2
1.78323e-17
2
-1.33257e-16
2
-2.17908e-16
2
-1.29711e-16
2
-1.42436e-16
2
-2.81287e-16
2
-3.89822e-16
2
-2.38233e-16
2
-1.43491e-16
2
-1.85137e-16
2
-2.52914e-16
2
-2.76382e-16
2
-2.31408e-16
2
-3.81826e-17
2
-1.79161e-16
2
-1.11475e-16
2
-1.01298e-16
2
-1.30499e-16
-6.15393e-17
2
5.83504e-17
2
7.41847e-17
2
7.55831e-17
2
-2.89757e-17
2
-1.47064e-16
2
-5.62636e-17
2
-1.1209e-16
2
-1.73563e-16
2
-1.63491e-16
2
-1.67225e-16
2
-1.63146e-16
2
-5.78882e-17
2
1.97167e-16
2
-4.20534e-17
2
-4.07668e-17
2
1.26159e-16
2
-1.34088e-16
2
-2.7793e-16
2
-9.19138e-17
2
-1.7914e-16
2
1.00077e-16
2
-1.25613e-16
2
-2.64505e-16
2
-4.25896e-16
2
-1.95451e-16
2
-1.00791e-16
2
-2.33133e-16
2
-2.84178e-16
2
-3.36565e-16
2
-1.42484e-16
2
-2.06724e-16
2
-1.08764e-17
2
-4.68505e-17
2
-4.99172e-17
2
-5.88385e-17
2
-7.8067e-17
2
-1.34975e-16
2
-2.11388e-16
2
-2.75614e-16
2
-2.19385e-16
2
-1.8391e-16
2
-2.26407e-16
2
-7.47198e-17
2
-9.15632e-17
2
-1.05352e-16
2
-9.73747e-17
2
7.04322e-17
2
-2.04235e-17
2
-2.73701e-17
2
-1.75914e-16
2
-3.93083e-16
2
-1.81507e-16
2
-1.32626e-16
2
-6.15731e-17
2
9.77706e-18
2
4.77212e-17
2
9.51987e-17
2
1.9569e-16
2
1.92268e-16
2
1.98221e-16
2
2.66972e-17
2
-1.83478e-16
2
9.54584e-17
2
1.20489e-16
2
1.64154e-16
2
1.29469e-16
2
1.90986e-16
2
5.23917e-17
2
1.76301e-17
2
6.96043e-17
2
7.20085e-17
2
-3.51816e-17
2
-2.15388e-16
2
-1.91068e-16
2
-1.69291e-17
2
-1.61103e-17
2
1.63107e-16
2
1.51318e-16
2
-1.25474e-16
2
1.25972e-16
2
8.65716e-17
2
1.45622e-16
2
2.17396e-16
2
1.68954e-16
2
1.54177e-17
2
1.44049e-16
2
4.91897e-17
2
3.20836e-16
2
4.67287e-16
2
2.36092e-16
2
4.23932e-16
2
4.24866e-16
2
3.24893e-16
2
2.99972e-16
2
2.15349e-16
2
2.66194e-16
2
3.89311e-16
2
2.18682e-16
2
1.30618e-16
2
-2.38422e-17
2
-1.46327e-16
2
-2.87162e-16
2
-2.51423e-16
2
-2.94451e-16
2
-2.60787e-16
2
-3.46392e-16
2
-3.73786e-16
2
-3.06909e-16
2
-1.29979e-16
2
-2.45099e-16
2
-1.80738e-16
2
-2.11726e-16
2
-2.51285e-16
2
-1.03919e-16
2
-4.6295e-17
2
-1.41063e-16
2
-2.9875e-16
2
-6.04315e-16
2
-4.32857e-16
2
-1.07276e-16
2
-4.0732e-17
2
-1.62635e-16
2
-1.5958e-16
2
-3.14955e-16
2
-2.82492e-16
2
-1.78567e-16
2
-2.04351e-17
2
-9.18411e-17
2
-1.49291e-16
2
-1.6343e-16
2
-1.76215e-16
2
-4.86648e-16
2
-2.95272e-16
2
-1.20514e-16
2
-6.1807e-17
2
-2.44386e-16
2
-3.72898e-16
2
-1.88999e-16
2
2.49882e-17
2
-5.01938e-17
2
-8.91847e-17
2
6.7588e-17
2
1.97961e-17
2
1.66621e-16
2
2.7149e-16
2
1.0059e-16
2
2.01051e-16
2
1.99973e-16
2
8.53173e-17
2
7.45769e-17
2
2.32534e-16
2
2.19322e-16
2
2.04872e-16
2
3.57768e-16
2
3.49078e-16
2
2.25123e-16
2
2.96476e-16
2
2.30606e-16
2
2.41227e-16
2
3.23612e-16
2
3.24425e-16
2
2.30226e-16
2
2.67874e-16
2
1.32484e-16
2
5.99944e-17
2
1.4104e-16
2
5.25048e-18
2
-7.92765e-17
2
2.20889e-16
2
2.73071e-16
2
1.89674e-16
2
1.08277e-16
2
3.56899e-16
2
2.65742e-16
2
1.82748e-16
2
2.37812e-16
2
3.59549e-16
2
2.09523e-16
2
2.29578e-16
2
1.80779e-16
2
3.78811e-17
2
-1.40922e-16
2
-2.85449e-16
2
-2.15024e-16
2
-4.65481e-17
2
-1.12203e-16
2
-4.83393e-17
2
3.32789e-17
2
-1.36045e-16
2
-3.20615e-16
2
-1.26989e-16
2
-2.1414e-16
2
-2.91077e-16
2
-3.952e-16
2
-4.21684e-16
2
-3.15695e-16
2
-4.38204e-16
2
-3.8662e-16
2
-1.52966e-16
-2.17117e-16
2
-6.43739e-17
2
-1.05041e-16
2
-8.79845e-17
2
9.7769e-17
2
2.54624e-16
2
1.60846e-16
2
1.33906e-16
2
3.24308e-16
2
4.9415e-17
2
-9.88096e-17
2
-5.99528e-17
2
-2.36115e-17
2
-4.40562e-17
2
2.03868e-16
2
1.65795e-16
2
4.69576e-17
2
1.71902e-16
2
-3.12426e-17
2
-5.46691e-17
2
1.90561e-16
2
-3.65633e-17
2
-1.94814e-16
2
-3.22404e-16
2
1.3851e-17
2
2.24802e-17
2
-1.5053e-16
2
-1.98846e-16
2
-1.16002e-16
2
-6.55577e-17
2
7.58255e-18
2
-3.61676e-17
2
-2.74192e-17
2
-6.61511e-17
2
-6.20879e-17
2
-3.86994e-17
2
4.86491e-18
2
2.49935e-17
2
-2.75373e-17
2
-1.18207e-16
2
-2.53106e-18
2
-4.53288e-17
2
-4.55128e-17
2
-5.71455e-17
2
-1.41241e-16
2
-1.17101e-16
2
-1.67838e-16
2
-9.8834e-17
2
-1.35793e-16
2
-3.34166e-16
2
-1.96044e-16
2
-4.94742e-17
2
-1.22915e-16
2
-1.09083e-16
2
5.06555e-17
2
-2.08061e-17
2
3.4469e-17
2
1.01127e-16
2
7.57084e-17
2
5.86393e-17
2
6.47079e-17
2
-8.60593e-18
2
-8.80305e-18
2
6.25406e-17
2
7.30502e-17
2
-4.15908e-17
2
-2.62857e-16
2
-2.45029e-16
2
-7.39133e-17
2
-5.84478e-17
2
-1.46424e-16
2
-5.47694e-17
2
-1.7913e-16
2
-6.71577e-18
2
1.02242e-16
2
8.28513e-17
2
1.88215e-16
2
3.94867e-17
2
2.90047e-16
2
2.55163e-16
2
1.02716e-16
2
1.95481e-16
2
1.17129e-16
2
1.74259e-16
2
1.07224e-16
2
1.33684e-16
2
5.46581e-17
2
-9.49469e-17
2
9.3437e-17
2
-1.62864e-18
2
-6.99468e-17
2
-1.53405e-17
2
1.40322e-16
2
1.31348e-16
2
1.24207e-16
2
1.82543e-16
2
1.96163e-16
2
5.88892e-17
2
7.8372e-17
2
-4.38158e-17
2
-1.17472e-17
2
4.43711e-17
2
2.10465e-17
2
-4.78774e-17
2
5.12974e-17
2
2.64931e-17
2
-1.27481e-16
2
-2.94989e-16
2
6.21625e-17
2
-1.15008e-17
2
-9.19085e-18
2
-5.43073e-17
2
-7.22729e-17
2
-9.06071e-17
2
-6.55188e-17
2
-5.91371e-17
2
-1.10868e-16
2
-8.44658e-17
2
-1.26378e-16
2
-1.375e-16
2
-2.514e-16
2
-2.75554e-16
2
-3.03954e-16
2
-5.50043e-16
2
-4.05587e-16
2
-2.16147e-16
2
-2.09936e-16
2
-2.68024e-16
2
-3.56496e-16
2
-3.63321e-16
2
-4.49399e-16
2
-4.01868e-16
2
-3.26578e-16
2
-4.27261e-16
2
-4.71595e-16
2
-2.8307e-16
2
-2.04653e-16
2
-9.33621e-17
2
-1.39449e-16
2
-2.06408e-16
2
-6.61415e-17
2
6.64899e-18
2
8.03772e-17
2
1.075e-16
2
4.57263e-17
2
3.32672e-17
2
1.41582e-16
2
-1.12641e-16
2
-7.04148e-17
2
5.14556e-18
2
1.20017e-16
2
-1.10393e-16
2
-1.48921e-16
2
5.97605e-18
2
-1.31816e-16
2
1.66512e-16
2
1.01293e-16
2
-4.95791e-17
2
-7.54005e-17
2
4.24213e-17
2
-7.36878e-17
2
-1.00531e-16
2
-5.71545e-17
2
-1.41378e-16
2
-2.08027e-16
2
-2.91916e-16
2
-4.02808e-17
2
1.47979e-17
2
3.50862e-16
2
2.44337e-16
2
2.66973e-16
2
2.68815e-16
2
5.67413e-16
2
3.51761e-16
2
2.29181e-16
2
1.32923e-16
2
1.86709e-16
2
2.58129e-16
2
3.19915e-16
2
1.60455e-16
2
4.58871e-17
2
1.80089e-17
2
-1.16318e-17
2
5.88525e-17
2
1.61938e-16
2
6.85293e-17
2
4.62683e-17
2
-3.41617e-17
2
-1.18191e-17
2
-3.05395e-17
2
-1.81522e-16
2
-3.31003e-16
2
-3.15962e-16
2
-3.9452e-16
2
-4.40025e-16
2
-2.94899e-16
2
-4.04551e-16
2
-4.80216e-16
2
-4.01766e-16
2
-4.28193e-16
-3.66009e-16
2
2.20916e-17
2
-7.22767e-17
2
-2.15513e-17
2
9.8601e-17
2
1.03447e-16
2
1.56798e-16
2
2.23183e-16
2
7.01834e-17
2
1.02748e-16
2
1.29296e-16
2
8.89282e-17
2
5.66328e-17
2
1.54184e-16
2
2.43006e-16
2
1.90571e-16
2
3.74631e-16
2
2.30226e-16
2
1.6064e-16
2
-8.31592e-18
2
-6.06617e-17
2
-2.02013e-16
2
-2.4962e-16
2
-1.7655e-16
2
-2.64982e-16
2
-7.73515e-17
2
4.75893e-17
2
7.20907e-17
2
-6.56096e-17
2
-5.34127e-17
2
-1.62898e-16
2
8.37414e-17
2
-3.37301e-17
2
1.0924e-16
2
7.22979e-17
2
1.15454e-16
2
2.83299e-17
2
5.79643e-17
2
-9.3583e-17
2
-1.58249e-16
2
-1.02422e-16
2
-1.14198e-17
2
2.80023e-17
2
1.65489e-17
2
-5.33829e-17
2
-4.19375e-17
2
-4.62612e-17
2
-2.03419e-16
2
-1.53224e-16
2
-1.3851e-16
2
-1.35763e-16
2
-7.60186e-17
2
-1.59644e-16
2
-2.68647e-16
2
-1.20238e-16
2
2.08789e-16
2
3.75905e-16
2
3.40752e-16
2
1.74539e-16
2
9.79295e-17
2
-2.79201e-17
2
6.73785e-17
2
3.17868e-16
2
1.01349e-16
2
-2.23852e-17
2
-9.87802e-17
2
9.34032e-17
2
-8.09084e-17
2
-6.64015e-17
2
-3.64633e-17
2
-1.53213e-16
2
-2.29679e-16
2
-1.90952e-16
2
-1.88573e-16
2
-3.24033e-16
2
-2.94276e-16
2
-4.18521e-17
2
-2.06113e-16
2
-1.67196e-16
2
-1.68661e-18
2
1.28849e-17
2
1.37625e-16
2
5.6629e-17
2
-1.46646e-17
2
2.08606e-16
2
2.07962e-16
2
1.60764e-16
2
3.07201e-16
2
6.81566e-17
2
4.13968e-17
2
-4.80016e-17
2
2.2871e-17
2
8.50168e-17
2
1.29219e-17
2
1.95477e-16
2
-2.67838e-19
2
-1.81388e-16
2
-2.02321e-17
2
1.36546e-17
2
4.60704e-17
2
-7.48637e-17
2
-1.72911e-16
2
-9.99942e-17
2
-1.29151e-16
2
-9.91568e-17
2
-1.63769e-16
2
1.03899e-16
2
1.28805e-16
2
2.50269e-16
2
1.77648e-16
2
1.54794e-16
2
1.76778e-17
2
4.86955e-17
2
9.29754e-17
2
-1.49756e-17
2
-6.05124e-17
2
-3.77728e-17
2
-1.26073e-16
2
-1.40374e-16
2
3.54066e-17
2
-2.84328e-16
2
-1.44727e-16
2
-3.30987e-16
2
-6.05075e-16
2
-5.08969e-16
2
-4.31366e-16
2
-4.5506e-16
2
-4.38976e-16
2
-6.16973e-16
2
-5.0504e-16
2
-4.2637e-16
2
-7.01018e-16
2
-4.44441e-16
2
-5.09602e-17
2
-1.43523e-16
2
-1.36599e-16
2
-1.87977e-16
2
-1.49987e-16
2
-9.92811e-17
2
-1.14695e-16
2
1.74167e-17
2
-5.76929e-17
2
-2.91081e-16
2
-1.2501e-16
2
1.67555e-16
2
7.32608e-18
2
-5.97556e-18
2
-1.40116e-16
2
-2.08087e-16
2
5.98622e-17
2
-1.56065e-16
2
-1.22615e-16
2
-1.74471e-16
2
-9.51472e-18
2
6.73442e-17
2
1.31196e-16
2
4.58806e-17
2
8.60478e-17
2
7.169e-17
2
1.46741e-16
2
-6.43897e-17
2
1.22018e-17
2
2.08133e-16
2
1.01831e-16
2
1.43195e-16
2
1.64803e-16
2
7.97164e-17
2
3.09154e-16
2
3.44228e-16
2
2.7897e-16
2
2.28956e-16
2
1.51767e-16
2
8.11265e-17
2
3.06362e-16
2
1.63373e-16
2
4.53483e-17
2
1.18048e-16
2
1.11089e-16
2
8.9151e-17
2
2.81339e-17
2
-9.82555e-17
2
-1.16672e-17
2
3.42942e-17
2
8.68059e-17
2
3.95057e-17
2
2.10223e-16
2
1.21154e-16
2
2.90315e-16
2
2.77633e-16
2
1.08656e-16
2
1.53338e-16
2
5.86616e-18
2
-4.10049e-18
2
-1.59951e-16
2
-2.61684e-16
2
-4.16762e-16
2
-5.91885e-16
2
-2.93499e-16
2
-2.57515e-16
2
-3.28465e-16
-3.45692e-16
2
-8.29854e-17
2
8.86839e-17
2
2.11779e-16
2
3.70857e-16
2
1.51614e-16
2
5.94726e-17
2
2.20904e-16
2
1.09156e-16
2
1.1394e-16
2
1.45053e-16
2
1.82523e-16
2
4.63188e-18
2
1.01758e-16
2
1.60298e-16
2
1.63179e-16
2
-4.02451e-17
2
8.13476e-17
2
8.90032e-17
2
2.12793e-17
2
1.23849e-17
2
-4.22896e-17
2
3.08474e-18
2
-5.6947e-17
2
-2.95693e-16
2
-2.09035e-16
2
-4.69423e-17
2
-5.56678e-17
2
-5.52214e-17
2
-9.49264e-17
2
-9.48259e-17
2
-2.02209e-16
2
1.24591e-16
2
-2.253e-16
2
-2.19494e-16
2
-1.7113e-17
2
1.2709e-16
2
8.26825e-17
2
7.78322e-17
2
3.45625e-17
2
1.07711e-16
2
8.57562e-17
2
-1.69977e-17
2
-2.22764e-17
2
6.90233e-17
2
-1.9234e-17
2
4.76398e-17
2
-1.05093e-16
2
-2.45381e-16
2
-7.86845e-17
2
-1.3735e-16
2
-2.64685e-16
2
-2.55636e-16
2
-2.12116e-16
2
-3.63872e-16
2
-2.71661e-16
2
-9.32696e-17
2
-5.83829e-17
2
-8.18584e-17
2
4.79143e-17
2
9.84515e-17
2
1.51482e-16
2
-1.64002e-17
2
-8.59716e-17
2
-6.09376e-17
2
-1.07652e-17
2
-1.08293e-16
2
1.11703e-17
2
-1.05278e-16
2
-2.82096e-16
2
-1.00796e-16
2
-1.32883e-16
2
4.15824e-17
2
1.29048e-17
2
-1.84044e-16
2
-8.02293e-17
2
-2.23748e-16
2
-1.51801e-16
2
-1.29633e-16
2
-1.9615e-16
2
-1.90451e-16
2
-4.05409e-16
2
-1.95114e-16
2
-1.30218e-16
2
-6.07677e-17
2
9.20335e-17
2
8.18075e-17
2
-3.83001e-17
2
4.90138e-17
2
5.4575e-18
2
1.12715e-16
2
-3.15223e-18
2
1.59467e-16
2
1.2605e-16
2
-7.93696e-18
2
-4.45998e-17
2
-7.69793e-17
2
1.77528e-17
2
-1.29357e-17
2
-5.59214e-17
2
-7.85202e-17
2
-1.01905e-16
2
-6.72678e-17
2
-3.95958e-17
2
5.57774e-17
2
-1.51424e-17
2
4.25885e-17
2
3.63215e-16
2
2.44209e-16
2
2.71286e-16
2
1.06421e-16
2
2.07441e-16
2
1.19089e-16
2
1.47344e-18
2
1.08913e-17
2
-1.04714e-16
2
-2.49835e-17
2
-6.28586e-17
2
-3.88895e-17
2
-7.50264e-17
2
-3.5794e-17
2
-2.70618e-16
2
-3.54791e-16
2
-3.72983e-16
2
-2.07663e-16
2
-2.77627e-16
2
-3.41e-16
2
-3.89126e-16
2
-5.77528e-16
2
-4.71812e-16
2
-4.65975e-16
2
-4.06775e-16
2
-4.37436e-16
2
-5.00697e-16
2
-3.468e-16
2
-2.86891e-16
2
4.64527e-17
2
-5.44094e-17
2
-2.47779e-16
2
-1.68627e-16
2
-1.438e-16
2
-1.81189e-16
2
-3.22935e-16
2
-2.14659e-16
2
-6.84616e-17
2
-7.55508e-17
2
-3.63496e-16
2
-2.38878e-16
2
-1.4217e-16
2
-2.14101e-16
2
-2.53709e-17
2
-1.50801e-16
2
-8.81556e-17
2
-2.58019e-16
2
-6.55785e-17
2
-1.89761e-16
2
-7.18023e-17
2
1.29155e-17
2
3.07367e-16
2
2.07336e-16
2
1.88667e-16
2
1.43319e-16
2
2.00228e-16
2
2.08307e-16
2
1.25505e-16
2
2.79795e-16
2
4.4679e-16
2
4.08766e-16
2
4.66133e-16
2
1.48625e-16
2
-4.42369e-17
2
2.55093e-16
2
2.44541e-16
2
-4.56706e-17
2
-8.58854e-17
2
6.44391e-17
2
3.55709e-16
2
2.25728e-16
2
9.26602e-17
2
1.99042e-16
2
3.32262e-16
2
2.41646e-16
2
1.49711e-16
2
1.24623e-16
2
5.4721e-17
2
-1.72635e-16
2
3.31521e-16
2
1.64252e-16
2
7.76737e-17
2
-1.7282e-16
2
-1.59312e-16
2
-7.65676e-17
2
-1.95551e-16
2
-2.32056e-16
2
-1.95242e-16
2
-3.11072e-16
2
-1.66562e-16
2
-1.24478e-16
2
-1.68084e-16
2
-3.0934e-16
-5.95874e-16
2
1.13507e-16
2
2.28333e-16
2
1.70795e-16
2
4.6112e-17
2
8.01085e-17
2
1.4809e-16
2
-1.1027e-17
2
-8.99451e-18
2
-6.92173e-18
2
4.83011e-17
2
-3.11406e-17
2
1.42343e-16
2
6.52373e-17
2
9.83861e-17
2
3.26802e-16
2
7.49483e-17
2
2.82491e-17
2
-1.15423e-17
2
-8.68994e-17
2
-2.3042e-17
2
-1.49311e-16
2
-2.39265e-16
2
-3.04545e-16
2
-2.45174e-16
2
-3.45621e-16
2
-3.59519e-16
2
-9.44344e-17
2
-1.73899e-16
2
-2.19801e-16
2
-2.46159e-16
2
-2.26822e-16
2
-3.78027e-16
2
-9.05554e-17
2
1.20065e-16
2
-1.21405e-16
2
-7.30626e-17
2
6.10193e-17
2
2.55788e-16
2
4.73681e-16
2
2.79836e-16
2
1.81888e-16
2
2.21152e-16
2
2.13389e-16
2
2.04911e-16
2
1.24946e-16
2
-1.48575e-17
2
2.73837e-17
2
-3.26665e-17
2
-8.57359e-17
2
6.09957e-18
2
-9.44033e-17
2
-1.95568e-16
2
-1.79857e-16
2
-2.29609e-16
2
-2.68338e-16
2
-3.63904e-16
2
-3.20543e-16
2
-2.91877e-16
2
-2.53172e-16
2
-1.0078e-16
2
-2.82197e-16
2
-3.33387e-16
2
-2.40691e-16
2
-1.72768e-16
2
-3.18784e-16
2
-1.45196e-16
2
-1.68979e-16
2
-8.84646e-17
2
4.11739e-17
2
-1.8725e-16
2
-1.05505e-16
2
-2.03649e-16
2
-3.11864e-16
2
-1.1605e-16
2
-2.33236e-16
2
-3.2455e-16
2
-2.23628e-16
2
-2.12829e-16
2
-1.19147e-16
2
-4.05597e-16
2
-1.99863e-16
2
-4.89936e-17
2
-1.33693e-16
2
-3.14962e-16
2
-3.01527e-16
2
-4.85588e-17
2
8.60317e-17
2
-7.58792e-17
2
-3.12211e-16
2
-1.61669e-17
2
4.33224e-17
2
-1.17113e-16
2
-9.82057e-17
2
-3.57797e-16
2
-1.2443e-16
2
-7.52745e-17
2
-2.52507e-16
2
-6.43544e-18
2
-9.53878e-17
2
-2.1561e-17
2
-1.30043e-17
2
-1.10992e-17
2
-3.99266e-17
2
-5.46853e-17
2
-3.74907e-18
2
1.37063e-16
2
5.52142e-17
2
-7.1777e-18
2
-4.65614e-17
2
1.07944e-16
2
4.26254e-17
2
4.24997e-17
2
7.18913e-17
2
1.06258e-16
2
1.87987e-16
2
1.1689e-16
2
3.27564e-16
2
3.98928e-16
2
2.04987e-16
2
7.78156e-17
2
-6.05878e-17
2
-3.3604e-17
2
-7.89887e-18
2
-1.39567e-16
2
-1.61905e-16
2
-2.20629e-16
2
-2.53943e-16
2
-3.63177e-18
2
-2.38051e-16
2
-4.04679e-16
2
-3.83307e-16
2
-4.41964e-16
2
-6.28194e-16
2
-7.5906e-16
2
-5.35142e-16
2
-4.97836e-16
2
-3.26864e-16
2
-1.71462e-16
2
-8.726e-17
2
-1.00403e-16
2
-1.95822e-16
2
-2.19036e-16
2
-3.30528e-16
2
-5.17327e-16
2
-3.72965e-16
2
-2.25725e-16
2
-1.67841e-16
2
-2.34411e-16
2
-1.87022e-16
2
-3.39202e-16
2
-2.88231e-16
2
-2.07536e-16
2
-3.62939e-16
2
-2.20232e-16
2
-1.4113e-16
2
-9.10382e-17
2
-8.79918e-17
2
-2.50927e-16
2
-1.1723e-16
2
1.00031e-16
2
1.68839e-16
2
-1.29525e-16
2
7.75039e-17
2
3.42929e-16
2
4.16831e-16
2
9.82082e-17
2
-2.70859e-18
2
5.4721e-17
2
3.53632e-16
2
2.37463e-16
2
-1.10215e-17
2
-6.69629e-17
2
-8.69135e-17
2
8.56149e-17
2
1.23661e-16
2
-1.35605e-16
2
-5.09876e-17
2
-3.3499e-17
2
8.80722e-17
2
2.56332e-16
2
1.48963e-16
2
1.64653e-16
2
1.80165e-16
2
1.86627e-16
2
1.57337e-16
2
-1.04196e-16
2
-1.29228e-17
2
9.96498e-18
2
1.11079e-16
2
-5.44154e-17
2
-2.4571e-16
2
-3.91157e-16
2
-3.49316e-16
2
-4.49105e-16
2
-4.38135e-16
2
-1.47274e-16
2
-8.4378e-17
2
-1.80057e-16
2
-2.54391e-16
-3.11801e-16
2
6.61181e-17
2
2.1313e-16
2
2.62888e-16
2
-5.33737e-17
2
5.98575e-17
2
5.71466e-17
2
3.8828e-17
2
8.1656e-17
2
2.25992e-17
2
-1.29993e-16
2
-3.0319e-17
2
-1.32002e-16
2
-3.53526e-17
2
-2.21856e-17
2
-7.96312e-17
2
2.22029e-16
2
1.11914e-16
2
3.87184e-17
2
5.96528e-17
2
-5.38638e-17
2
-8.81381e-17
2
1.29806e-17
2
-1.20317e-16
2
-2.06564e-16
2
-4.68432e-17
2
-5.84595e-17
2
-2.14857e-16
2
1.09523e-16
2
-9.60734e-17
2
-1.11668e-16
2
-3.04142e-16
2
-2.88367e-16
2
-1.1757e-16
2
-1.07293e-16
2
1.98036e-16
2
2.29142e-16
2
1.8792e-16
2
1.85134e-16
2
1.57091e-16
2
2.21474e-16
2
2.25059e-16
2
1.34247e-17
2
2.06144e-16
2
3.06344e-16
2
1.19844e-16
2
1.04687e-16
2
1.08009e-16
2
9.11876e-18
2
1.04832e-18
2
-8.75732e-17
2
-1.70802e-16
2
-1.66005e-16
2
-2.1072e-16
2
-8.82654e-17
2
-2.59544e-16
2
-2.6656e-16
2
-2.18959e-16
2
-1.4853e-16
2
-1.2502e-16
2
-4.0545e-16
2
-2.80572e-16
2
-1.32401e-16
2
-1.42661e-16
2
-5.50065e-17
2
-1.37896e-16
2
-1.95884e-16
2
-1.19651e-16
2
-9.86043e-17
2
6.76893e-17
2
-1.56873e-16
2
-1.73858e-16
2
-2.19085e-16
2
-1.4825e-16
2
-8.81832e-17
2
-3.05689e-16
2
-3.89527e-16
2
-2.36057e-16
2
-2.67348e-16
2
-3.34909e-16
2
-2.37678e-16
2
-3.09964e-16
2
-8.90396e-17
2
-2.01358e-16
2
-2.69415e-16
2
-2.18113e-16
2
-2.33079e-16
2
-4.97976e-17
2
-4.03098e-18
2
-1.46084e-16
2
-1.02481e-16
2
-4.87894e-17
2
-2.82808e-16
2
-4.53693e-16
2
-2.49434e-16
2
-2.59139e-16
2
-2.0941e-16
2
-2.40549e-17
2
-9.70655e-17
2
-2.48948e-17
2
7.81755e-17
2
-4.91045e-17
2
-1.47443e-17
2
5.63798e-17
2
-1.84488e-17
2
2.92624e-17
2
6.00132e-17
2
-4.74694e-17
2
-1.12585e-16
2
-6.94606e-17
2
-5.09235e-18
2
5.60376e-17
2
4.60677e-17
2
2.51672e-18
2
3.57513e-17
2
1.23762e-16
2
1.43763e-16
2
3.38755e-17
2
2.87021e-16
2
2.31914e-16
2
9.2714e-17
2
-1.63857e-16
2
-4.62403e-19
2
1.61395e-16
2
-1.74473e-16
2
-2.08415e-16
2
-1.69214e-16
2
-5.00588e-17
2
-7.71746e-17
2
-3.46358e-17
2
-1.1065e-16
2
-1.85047e-16
2
-2.51193e-16
2
-2.25161e-16
2
-9.79777e-17
2
-3.64878e-16
2
-2.96043e-16
2
-2.42617e-16
2
-3.02059e-16
2
-1.48896e-16
2
-4.01893e-16
2
-2.20775e-16
2
-1.69464e-16
2
-3.41536e-16
2
-2.9282e-16
2
-4.52698e-16
2
-3.76802e-16
2
-2.08632e-16
2
-2.84044e-16
2
-2.62066e-16
2
-4.00142e-16
2
-2.48467e-16
2
-1.72471e-16
2
-1.38473e-16
2
-3.38924e-16
2
-2.94862e-16
2
-3.79709e-17
2
-2.54378e-17
2
5.57996e-17
2
4.25587e-17
2
-5.94604e-17
2
-1.72473e-16
2
-5.58296e-17
2
-6.57543e-18
2
1.90561e-16
2
9.53225e-17
2
1.99234e-16
2
2.45016e-16
2
1.75475e-16
2
-3.69773e-18
2
-1.2582e-16
2
-8.5745e-17
2
-7.71854e-17
2
-2.26413e-17
2
-1.28395e-16
2
-3.03362e-16
2
-2.63008e-16
2
-1.26463e-17
2
6.95209e-18
2
5.02282e-17
2
-3.21142e-17
2
1.65082e-16
2
1.19913e-16
2
9.70558e-17
2
1.38402e-16
2
6.39696e-17
2
7.21885e-17
2
6.99727e-18
2
5.00341e-19
2
7.77254e-17
2
-4.51031e-18
2
9.40038e-17
2
1.74726e-16
2
8.5675e-17
2
-6.79025e-17
2
-2.75066e-16
2
-1.54643e-16
2
-7.19117e-17
2
-1.96231e-16
2
-1.49862e-16
-1.68783e-16
2
1.3971e-16
2
1.20727e-16
2
7.80842e-17
2
2.78965e-16
2
1.29421e-16
2
5.17838e-17
2
1.00291e-16
2
4.07518e-17
2
-1.04841e-16
2
-2.59086e-16
2
-1.80133e-16
2
4.62337e-17
2
-6.75436e-18
2
-8.98848e-17
2
-1.71403e-16
2
-3.22794e-16
2
-1.49721e-16
2
3.23049e-17
2
2.06775e-16
2
5.19037e-17
2
1.03776e-16
2
7.59895e-17
2
4.57445e-17
2
6.83273e-17
2
-1.72855e-16
2
-2.77732e-16
2
1.47619e-17
2
-8.00005e-17
2
1.00136e-16
2
-1.25399e-16
2
-4.50674e-17
2
-9.66235e-17
2
-2.67617e-16
2
-2.06448e-16
2
-1.8625e-16
2
-5.3678e-16
2
-2.95373e-16
2
-1.88682e-17
2
2.71278e-17
2
2.24858e-16
2
1.79458e-16
2
1.85336e-16
2
8.42223e-18
2
2.0307e-16
2
2.53186e-16
2
1.76331e-16
2
6.36197e-17
2
5.81037e-17
2
-1.2094e-16
2
-2.24287e-16
2
-1.0078e-16
2
-7.77129e-17
2
-1.21598e-16
2
-1.46192e-16
2
-5.95626e-17
2
-1.90132e-16
2
-3.56926e-16
2
-1.55358e-16
2
-1.55626e-16
2
-2.07491e-16
2
-2.07705e-16
2
-1.27156e-16
2
-7.5852e-17
2
-1.8462e-16
2
-3.04831e-17
2
-1.26458e-16
2
-1.2681e-16
2
-1.95963e-16
2
-1.38927e-16
2
3.11829e-17
2
-6.66995e-17
2
-1.7676e-16
2
-1.89615e-16
2
-1.86838e-16
2
-1.18008e-16
2
-9.78832e-17
2
-1.29644e-16
2
-6.10432e-17
2
-2.09232e-16
2
-1.36173e-16
2
-4.5152e-17
2
-4.61439e-16
2
-4.01442e-16
2
-2.90767e-16
2
-3.1452e-16
2
-3.29607e-16
2
-3.23856e-16
2
-3.32796e-16
2
-2.15375e-18
2
2.31395e-17
2
-2.07909e-16
2
-1.77498e-16
2
-1.35596e-16
2
-2.44002e-16
2
-3.58976e-16
2
-3.20513e-16
2
-3.3574e-16
2
-2.54741e-16
2
-1.45146e-19
2
-8.82386e-17
2
-1.19814e-17
2
-4.54402e-17
2
1.59975e-17
2
1.24309e-16
2
1.45817e-16
2
1.46213e-16
2
-6.10235e-17
2
-8.86479e-17
2
-1.96094e-17
2
-1.3774e-17
2
-1.57366e-17
2
-3.98101e-17
2
-7.89582e-17
2
6.45988e-17
2
1.94655e-16
2
1.68842e-16
2
1.29754e-16
2
-5.54041e-17
2
-5.49767e-17
2
1.21619e-16
2
1.22948e-16
2
6.12319e-19
2
-1.00019e-16
2
9.59852e-17
2
-1.12562e-16
2
-1.26364e-16
2
-1.21917e-16
2
-1.66974e-16
2
-1.06602e-16
2
-6.74794e-17
2
-7.94758e-17
2
-2.36897e-16
2
-2.28964e-16
2
-2.84295e-17
2
-1.6343e-16
2
-2.15904e-16
2
-3.22761e-16
2
-8.74615e-17
2
-1.4175e-16
2
9.93607e-17
2
-5.39107e-17
2
-1.36746e-16
2
-1.43257e-16
2
-2.75235e-16
2
-2.74681e-16
2
-3.65723e-16
2
-4.57621e-16
2
-5.42818e-17
2
-2.39544e-16
2
-9.64512e-17
2
-1.77766e-16
2
-3.03083e-16
2
-1.80024e-16
2
-8.89553e-17
2
-2.80852e-16
2
-3.8308e-16
2
-2.38627e-16
2
-2.78269e-16
2
-2.46646e-16
2
-7.02765e-17
2
-9.64279e-17
2
-3.23338e-17
2
2.01532e-17
2
-6.99359e-17
2
-9.72101e-18
2
1.3263e-16
2
7.5726e-17
2
-1.03441e-16
2
-3.99749e-17
2
-1.53047e-17
2
-1.90595e-16
2
-2.35957e-16
2
6.53606e-17
2
-7.32998e-18
2
5.80731e-17
2
1.94327e-16
2
1.05011e-16
2
-1.14484e-17
2
-1.85679e-16
2
-6.39767e-17
2
-1.69457e-16
2
-6.34727e-17
2
-1.32425e-16
2
-3.41972e-18
2
1.45493e-16
2
-7.68734e-17
2
-2.9591e-17
2
-2.14252e-17
2
3.72507e-17
2
3.21796e-17
2
-8.15546e-17
2
-1.39004e-16
2
-1.15203e-16
2
-6.36262e-18
2
2.59219e-16
2
-1.86623e-17
2
-1.04744e-16
2
2.80096e-17
2
4.38541e-17
1.64991e-16
2
1.18643e-16
2
1.48621e-16
2
1.22045e-16
2
1.06366e-16
2
-1.61039e-17
2
-6.17663e-17
2
-1.07614e-16
2
-3.91255e-17
2
5.21726e-17
2
1.58377e-16
2
3.04128e-17
2
4.40999e-17
2
-6.24369e-17
2
-1.13117e-17
2
-1.15582e-17
2
-6.7638e-18
2
-1.41039e-16
2
-4.84884e-17
2
-1.57393e-16
2
-5.63043e-17
2
-1.48908e-16
2
-5.71189e-17
2
8.63038e-17
2
1.88495e-16
2
1.4558e-16
2
3.4822e-17
2
-4.30666e-17
2
-1.21385e-17
2
-2.02641e-17
2
1.05718e-16
2
3.90605e-17
2
1.9285e-17
2
3.96887e-17
2
-1.303e-16
2
-2.94915e-16
2
-2.15668e-16
2
-1.23527e-16
2
-2.21527e-16
2
-9.35289e-17
2
-7.30122e-17
2
-1.72619e-17
2
1.08098e-16
2
2.17231e-16
2
1.81263e-17
2
2.64416e-17
2
4.63617e-17
2
1.02679e-16
2
-1.31036e-17
2
-1.34592e-16
2
-8.15205e-17
2
-1.69558e-16
2
-1.22611e-16
2
2.72798e-17
2
6.74918e-17
2
-1.25285e-17
2
-1.22012e-16
2
-5.93687e-17
2
-1.76567e-16
2
-2.6306e-16
2
-2.6637e-16
2
-3.08916e-16
2
-3.49923e-16
2
-3.91412e-16
2
-2.30754e-16
2
-1.37876e-16
2
-7.92199e-17
2
-1.55196e-17
2
6.96182e-17
2
-2.70017e-17
2
1.56608e-17
2
-1.41595e-18
2
1.486e-16
2
1.17205e-16
2
-6.12569e-17
2
-5.75057e-17
2
-9.05828e-17
2
-1.40249e-16
2
-1.97581e-16
2
-2.25199e-16
2
-1.21501e-16
2
-8.29103e-17
2
-2.64621e-16
2
-3.54395e-16
2
-1.32585e-16
2
-5.92738e-17
2
-1.96636e-16
2
-3.60511e-16
2
-3.78051e-16
2
-2.98733e-16
2
-2.84459e-16
2
-3.00644e-16
2
-4.11273e-16
2
-3.962e-16
2
-3.0029e-16
2
-2.44399e-16
2
-1.88787e-16
2
-1.82927e-17
2
-1.25244e-16
2
-1.58754e-16
2
-1.13157e-16
2
-2.3204e-16
2
-1.85138e-16
2
-8.48114e-17
2
-1.04117e-16
2
-7.4639e-18
2
6.9357e-17
2
5.02376e-17
2
-6.50971e-17
2
-3.57802e-17
2
2.35157e-17
2
-1.26601e-17
2
-3.40831e-17
2
3.19048e-17
2
-3.61113e-17
2
4.5403e-17
2
-1.31082e-17
2
2.13335e-16
2
-2.37818e-17
2
-2.80183e-17
2
1.65656e-17
2
6.6501e-17
2
-1.61149e-17
2
3.86369e-17
2
-6.3346e-18
2
3.11381e-17
2
-5.17835e-17
2
1.48978e-17
2
1.11625e-16
2
-2.22815e-17
2
-1.21453e-16
2
-6.37343e-17
2
-3.7633e-17
2
-2.26141e-16
2
-1.36644e-16
2
3.31013e-17
2
8.26331e-18
2
9.39811e-17
2
1.13689e-17
2
-4.30452e-17
2
-1.43998e-16
2
-2.26638e-16
2
-8.40346e-17
2
-1.43836e-16
2
-1.97698e-16
2
-2.5227e-16
2
-4.10056e-16
2
-5.83055e-16
2
-3.65751e-16
2
-3.64385e-16
2
-2.69842e-16
2
-2.62134e-16
2
-3.95604e-16
2
-2.51169e-16
2
-4.04642e-16
2
-3.49785e-16
2
-5.14658e-16
2
-3.55427e-16
2
-2.01758e-16
2
-1.47175e-16
2
-4.1586e-16
2
-1.01564e-16
2
6.98685e-17
2
1.77778e-17
2
-4.9816e-17
2
-1.17199e-16
2
5.74395e-18
2
3.62319e-17
2
6.79616e-17
2
1.14643e-17
2
6.51079e-17
2
2.16921e-16
2
1.06731e-16
2
1.87364e-17
2
2.84673e-16
2
3.05401e-16
2
2.40069e-16
2
6.27716e-17
2
-7.99113e-17
2
-1.788e-17
2
-1.46699e-16
2
-6.08316e-18
2
-2.35452e-17
2
-1.33069e-16
2
-8.77608e-17
2
-8.20492e-17
2
-1.23181e-16
2
-9.85376e-17
2
-1.63345e-16
2
-4.31973e-17
2
-2.49555e-17
2
-1.4359e-16
2
6.25123e-17
2
2.81794e-16
2
1.85115e-16
2
2.38139e-17
2
1.03077e-16
2
1.48039e-17
2
-8.8976e-17
2
-1.14489e-16
6.14447e-17
2
2
2
2
2
2
2
2
2
2
2
2
2
2
2
2
2
2
2
2
2
2
2
2
2
2
2
2
2
2
2
2
2
2
2
2
2
2
2
2
2
2
2
2
2
2
2
2
2
2
2
2
2
2
2
2
2
2
2
2
2
2
2
2
2
2
2
2
2
2
2
2
2
2
2
2
2
2
2
2
2
2
2
2
2
2
2
2
2
2
2
2
2
2
2
2
2
2
2
2
2
2
2
2
2
2
2
2
2
2
2
2
2
2
2
2
2
2
2
2
2
2
2
2
2
2
2
2
2
2
2
2
2
2
2
2
2
2
2
2
2
2
2
2
2
2
2
2
2
2
2
2
2
2
2
2
2
2
2
2
2
2
2
2
2
2
2
2
2
2
2
2
2
2
2
2
2
2
2
2
2
2
2
2
2
2
2
2
2
2
2
2
2
2
2
2
2
2
2
)
;

boundaryField
{
    cyclic1
    {
        type            cyclic;
        value           nonuniform List<scalar> 
200
(
3.7182e-16
2.38916e-16
1.47058e-17
6.22666e-17
1.33668e-16
1.36588e-16
-3.79842e-17
1.19378e-16
1.04973e-16
1.01259e-16
6.33063e-17
5.84043e-17
4.02191e-17
8.9008e-17
2.06433e-16
2.01514e-16
1.94079e-16
-1.24211e-16
-1.64308e-16
-2.19583e-16
-2.71291e-17
1.07301e-16
2.08258e-16
3.33762e-16
3.35607e-16
2.2204e-16
1.82697e-16
9.53201e-18
2.14983e-16
3.14946e-16
2.11154e-16
1.09219e-16
-1.05573e-17
7.87806e-17
-8.19605e-17
-3.91205e-18
-2.61621e-16
-3.96118e-16
-2.76256e-16
-2.66861e-16
-1.29466e-16
1.73871e-19
4.40414e-17
-4.17733e-17
-6.41048e-17
-2.18767e-17
-1.08114e-16
-1.41104e-16
-1.81607e-16
-7.77111e-17
6.08774e-17
4.28944e-17
6.95298e-17
-1.56042e-17
-1.30576e-17
1.0049e-16
4.25621e-17
-1.1978e-16
-7.70942e-17
2.33811e-17
-4.56129e-17
-1.11315e-16
-2.82116e-17
-9.09125e-17
-1.20888e-16
-5.37681e-17
8.94869e-17
1.0709e-16
-3.33806e-18
-3.39817e-17
-4.11629e-17
4.68808e-17
7.22112e-17
-2.51947e-17
-8.96105e-17
-6.37132e-17
-3.02301e-16
-2.43452e-16
8.05288e-17
1.32698e-16
-1.22804e-17
5.31992e-17
8.49271e-17
-2.06671e-17
2.54907e-17
-3.73607e-17
-2.37436e-16
-1.2788e-16
-2.81372e-16
-2.86516e-16
-2.70225e-16
-2.89973e-16
-2.19345e-16
-1.99959e-16
-2.8601e-16
-1.87055e-17
-1.95206e-16
-2.2015e-17
8.25051e-17
5.99074e-17
2.99328e-16
3.57378e-16
3.09192e-16
2.74663e-16
3.14816e-16
1.7995e-16
1.31406e-16
1.50467e-16
8.02372e-17
2.80878e-17
-8.40587e-17
-1.74326e-16
-5.86929e-17
-2.74591e-17
-1.00705e-17
2.03426e-16
6.52882e-17
2.45351e-16
1.0885e-16
1.0804e-16
1.11515e-16
9.77546e-17
-7.91443e-17
-1.94565e-16
-1.95814e-16
2.54852e-17
6.47694e-17
-5.86271e-17
-2.30338e-18
-1.52957e-16
-7.5448e-17
-1.00836e-17
-4.27058e-17
-5.61073e-17
-6.69965e-17
1.37857e-16
2.49807e-17
2.33096e-18
-1.31503e-16
-1.74982e-16
-1.62924e-16
-8.54325e-17
5.78894e-17
-2.46707e-16
-1.59114e-16
7.12362e-17
-6.77239e-17
-4.17737e-16
-1.50568e-16
-3.26748e-16
-2.03519e-16
-2.10512e-16
-3.14902e-16
-3.13798e-16
-2.88868e-16
-3.97093e-16
-4.94211e-16
-2.76206e-16
-2.15895e-16
3.14721e-17
4.3958e-17
-4.62192e-17
8.78256e-18
4.2414e-17
3.97038e-17
4.74021e-18
7.6627e-17
2.48718e-16
2.17864e-16
2.70608e-16
1.32651e-17
3.22311e-17
-9.79201e-17
8.99871e-17
7.47853e-17
-8.96825e-17
-1.3355e-16
-6.39835e-17
-1.19275e-16
-1.47662e-16
-1.6939e-18
4.87044e-17
1.43619e-16
-3.23864e-17
-2.60838e-17
-2.67635e-17
-4.60794e-17
1.58906e-16
2.03079e-16
3.85801e-16
3.43851e-16
1.79241e-16
-2.34738e-17
4.52708e-17
1.18633e-16
-1.32111e-16
-2.81492e-16
-2.58579e-16
-1.29809e-16
-1.19967e-16
)
;
    }
    cyclic2
    {
        type            cyclic;
        value           nonuniform List<scalar> 
200
(
-3.7182e-16
-2.38916e-16
-1.47058e-17
-6.22666e-17
-1.33668e-16
-1.36588e-16
3.79842e-17
-1.19378e-16
-1.04973e-16
-1.01259e-16
-6.33063e-17
-5.84043e-17
-4.02191e-17
-8.9008e-17
-2.06433e-16
-2.01514e-16
-1.94079e-16
1.24211e-16
1.64308e-16
2.19583e-16
2.71291e-17
-1.07301e-16
-2.08258e-16
-3.33762e-16
-3.35607e-16
-2.2204e-16
-1.82697e-16
-9.53201e-18
-2.14983e-16
-3.14946e-16
-2.11154e-16
-1.09219e-16
1.05573e-17
-7.87806e-17
8.19605e-17
3.91205e-18
2.61621e-16
3.96118e-16
2.76256e-16
2.66861e-16
1.29466e-16
-1.73871e-19
-4.40414e-17
4.17733e-17
6.41048e-17
2.18767e-17
1.08114e-16
1.41104e-16
1.81607e-16
7.77111e-17
-6.08774e-17
-4.28944e-17
-6.95298e-17
1.56042e-17
1.30576e-17
-1.0049e-16
-4.25621e-17
1.1978e-16
7.70942e-17
-2.33811e-17
4.56129e-17
1.11315e-16
2.82116e-17
9.09125e-17
1.20888e-16
5.37681e-17
-8.94869e-17
-1.0709e-16
3.33806e-18
3.39817e-17
4.11629e-17
-4.68808e-17
-7.22112e-17
2.51947e-17
8.96105e-17
6.37132e-17
3.02301e-16
2.43452e-16
-8.05288e-17
-1.32698e-16
1.22804e-17
-5.31992e-17
-8.49271e-17
2.06671e-17
-2.54907e-17
3.73607e-17
2.37436e-16
1.2788e-16
2.81372e-16
2.86516e-16
2.70225e-16
2.89973e-16
2.19345e-16
1.99959e-16
2.8601e-16
1.87055e-17
1.95206e-16
2.2015e-17
-8.25051e-17
-5.99074e-17
-2.99328e-16
-3.57378e-16
-3.09192e-16
-2.74663e-16
-3.14816e-16
-1.7995e-16
-1.31406e-16
-1.50467e-16
-8.02372e-17
-2.80878e-17
8.40587e-17
1.74326e-16
5.86929e-17
2.74591e-17
1.00705e-17
-2.03426e-16
-6.52882e-17
-2.45351e-16
-1.0885e-16
-1.0804e-16
-1.11515e-16
-9.77546e-17
7.91443e-17
1.94565e-16
1.95814e-16
-2.54852e-17
-6.47694e-17
5.86271e-17
2.30338e-18
1.52957e-16
7.5448e-17
1.00836e-17
4.27058e-17
5.61073e-17
6.69965e-17
-1.37857e-16
-2.49807e-17
-2.33096e-18
1.31503e-16
1.74982e-16
1.62924e-16
8.54325e-17
-5.78894e-17
2.46707e-16
1.59114e-16
-7.12362e-17
6.77239e-17
4.17737e-16
1.50568e-16
3.26748e-16
2.03519e-16
2.10512e-16
3.14902e-16
3.13798e-16
2.88868e-16
3.97093e-16
4.94211e-16
2.76206e-16
2.15895e-16
-3.14721e-17
-4.3958e-17
4.62192e-17
-8.78256e-18
-4.2414e-17
-3.97038e-17
-4.74021e-18
-7.6627e-17
-2.48718e-16
-2.17864e-16
-2.70608e-16
-1.32651e-17
-3.22311e-17
9.79201e-17
-8.99871e-17
-7.47853e-17
8.96825e-17
1.3355e-16
6.39835e-17
1.19275e-16
1.47662e-16
1.6939e-18
-4.87044e-17
-1.43619e-16
3.23864e-17
2.60838e-17
2.67635e-17
4.60794e-17
-1.58906e-16
-2.03079e-16
-3.85801e-16
-3.43851e-16
-1.79241e-16
2.34738e-17
-4.52708e-17
-1.18633e-16
1.32111e-16
2.81492e-16
2.58579e-16
1.29809e-16
1.19967e-16
)
;
    }
    frontAndBack
    {
        type            empty;
        value           nonuniform 0();
    }
    outlet
    {
        type            calculated;
        value           nonuniform List<scalar> 
20
(
2
2
2
2
2
2
2
2
2
2
2
2
2
2
2
2
2
2
2
2
)
;
    }
    inlet
    {
        type            calculated;
        value           nonuniform List<scalar> 
20
(
-2
-2
-2
-2
-2
-2
-2
-2
-2
-2
-2
-2
-2
-2
-2
-2
-2
-2
-2
-2
)
;
    }
}


// ************************************************************************* //
