/*--------------------------------*- C++ -*----------------------------------*\
  =========                 |
  \\      /  F ield         | OpenFOAM: The Open Source CFD Toolbox
   \\    /   O peration     | Website:  https://openfoam.org
    \\  /    A nd           | Version:  6
     \\/     M anipulation  |
\*---------------------------------------------------------------------------*/
FoamFile
{
    version     2.0;
    format      ascii;
    class       volVectorField;
    location    "130";
    object      U;
}
// * * * * * * * * * * * * * * * * * * * * * * * * * * * * * * * * * * * * * //

dimensions      [0 1 -1 0 0 0 0];

internalField   nonuniform List<vector> 
4000
(
(400 3.26001e-14 0)
(400 3.45002e-14 0)
(400 1.82176e-14 0)
(400 1.81003e-15 0)
(400 -4.51249e-15 0)
(400 -9.33054e-15 0)
(400 -7.53203e-15 0)
(400 2.09505e-14 0)
(400 2.66988e-14 0)
(400 2.76816e-14 0)
(400 3.4246e-14 0)
(400 3.68511e-14 0)
(400 1.24671e-14 0)
(400 1.1002e-14 0)
(400 2.09986e-14 0)
(400 2.83629e-14 0)
(400 2.8494e-14 0)
(400 1.10558e-14 0)
(400 1.17851e-14 0)
(400 5.87773e-15 0)
(400 1.69581e-14 0)
(400 2.5158e-14 0)
(400 3.71008e-14 0)
(400 3.4055e-14 0)
(400 4.44825e-14 0)
(400 5.18714e-14 0)
(400 5.47064e-14 0)
(400 4.85031e-14 0)
(400 4.15926e-14 0)
(400 3.76782e-14 0)
(400 2.95569e-14 0)
(400 3.23894e-14 0)
(400 4.48656e-14 0)
(400 3.84381e-14 0)
(400 3.70542e-14 0)
(400 4.67747e-14 0)
(400 4.72817e-14 0)
(400 4.51653e-14 0)
(400 4.25008e-14 0)
(400 3.26845e-14 0)
(400 3.70747e-14 0)
(400 2.75352e-14 0)
(400 5.86715e-15 0)
(400 4.36612e-15 0)
(400 4.14733e-15 0)
(400 -5.98929e-15 0)
(400 -8.24667e-15 0)
(400 -1.79768e-14 0)
(400 -2.30319e-14 0)
(400 -7.52724e-15 0)
(400 -6.46232e-15 0)
(400 -1.38688e-14 0)
(400 -1.97265e-14 0)
(400 -2.96748e-14 0)
(400 -4.26709e-14 0)
(400 -4.47179e-14 0)
(400 -3.82804e-14 0)
(400 -4.33422e-14 0)
(400 -4.45611e-14 0)
(400 -3.37887e-14 0)
(400 -1.3199e-14 0)
(400 1.06243e-14 0)
(400 2.62814e-14 0)
(400 3.2349e-14 0)
(400 3.62301e-14 0)
(400 4.92567e-14 0)
(400 4.54956e-14 0)
(400 4.38657e-14 0)
(400 4.91557e-14 0)
(400 5.39925e-14 0)
(400 6.40454e-14 0)
(400 7.36877e-14 0)
(400 7.77722e-14 0)
(400 9.24878e-14 0)
(400 9.81106e-14 0)
(400 9.11735e-14 0)
(400 8.14999e-14 0)
(400 7.316e-14 0)
(400 6.92055e-14 0)
(400 6.65714e-14 0)
(400 7.57162e-14 0)
(400 8.24937e-14 0)
(400 7.14355e-14 0)
(400 6.50908e-14 0)
(400 3.9268e-14 0)
(400 2.9137e-14 0)
(400 3.51867e-14 0)
(400 3.03606e-14 0)
(400 2.93302e-14 0)
(400 2.08836e-14 0)
(400 1.61873e-14 0)
(400 2.85978e-14 0)
(400 2.77539e-14 0)
(400 4.73479e-15 0)
(400 4.29642e-15 0)
(400 1.70663e-15 0)
(400 -1.65968e-14 0)
(400 -1.1268e-14 0)
(400 3.30015e-15 0)
(400 1.61897e-14 0)
(400 7.9428e-16 0)
(400 -2.12103e-14 0)
(400 -2.57846e-14 0)
(400 -3.20389e-14 0)
(400 -3.93568e-14 0)
(400 -4.33338e-14 0)
(400 -2.78336e-14 0)
(400 -2.89752e-14 0)
(400 -3.93308e-14 0)
(400 -5.23967e-14 0)
(400 -3.71519e-14 0)
(400 -9.42762e-15 0)
(400 4.25969e-15 0)
(400 -8.57077e-16 0)
(400 8.23691e-15 0)
(400 3.14451e-14 0)
(400 4.34974e-14 0)
(400 4.02785e-14 0)
(400 4.08897e-14 0)
(400 4.47838e-14 0)
(400 4.34128e-14 0)
(400 3.55131e-14 0)
(400 3.54128e-14 0)
(400 3.41019e-14 0)
(400 4.15397e-14 0)
(400 5.7776e-14 0)
(400 5.66787e-14 0)
(400 5.6844e-14 0)
(400 5.10535e-14 0)
(400 6.60449e-14 0)
(400 7.7044e-14 0)
(400 8.68043e-14 0)
(400 6.14068e-14 0)
(400 4.70839e-14 0)
(400 3.47971e-14 0)
(400 2.56949e-14 0)
(400 2.39163e-14 0)
(400 2.40557e-14 0)
(400 1.2684e-14 0)
(400 -1.41789e-15 0)
(400 -7.82672e-15 0)
(400 -7.28477e-15 0)
(400 1.19412e-14 0)
(400 4.13684e-15 0)
(400 -8.74439e-15 0)
(400 3.51144e-15 0)
(400 2.99605e-14 0)
(400 2.98509e-14 0)
(400 3.9396e-14 0)
(400 3.77932e-14 0)
(400 4.08141e-14 0)
(400 4.91874e-14 0)
(400 6.7672e-14 0)
(400 7.13553e-14 0)
(400 6.4913e-14 0)
(400 5.88003e-14 0)
(400 4.75125e-14 0)
(400 2.77579e-14 0)
(400 7.67721e-15 0)
(400 5.20534e-15 0)
(400 -4.22637e-15 0)
(400 9.21425e-16 0)
(400 7.44709e-15 0)
(400 6.95957e-15 0)
(400 -1.15067e-15 0)
(400 -1.50132e-14 0)
(400 -1.48207e-14 0)
(400 -7.02579e-15 0)
(400 -9.43717e-15 0)
(400 -9.81678e-15 0)
(400 -1.29361e-14 0)
(400 -1.66911e-14 0)
(400 -1.51571e-14 0)
(400 -2.68989e-14 0)
(400 -4.33664e-14 0)
(400 -5.65933e-14 0)
(400 -4.01035e-14 0)
(400 -2.66787e-14 0)
(400 -3.40996e-14 0)
(400 -3.93601e-14 0)
(400 -4.25546e-14 0)
(400 -4.21962e-14 0)
(400 -3.76407e-14 0)
(400 -2.44901e-14 0)
(400 -1.467e-14 0)
(400 1.16528e-15 0)
(400 7.73205e-15 0)
(400 5.75684e-15 0)
(400 1.67247e-15 0)
(400 -1.38919e-15 0)
(400 8.34327e-15 0)
(400 -3.55133e-15 0)
(400 -3.37337e-14 0)
(400 -5.49848e-14 0)
(400 -5.88832e-14 0)
(400 -6.20272e-14 0)
(400 -5.98159e-14 0)
(400 -5.83272e-14 0)
(400 -5.12829e-14 0)
(400 -4.52639e-14 0)
(400 -4.34984e-15 0)
(400 -1.5722e-14 0)
(400 -1.82693e-14 0)
(400 -1.11496e-14 0)
(400 -9.36153e-15 0)
(400 -3.77388e-15 0)
(400 3.79187e-15 0)
(400 5.28765e-15 0)
(400 2.14944e-14 0)
(400 3.42778e-14 0)
(400 3.9793e-14 0)
(400 4.09782e-14 0)
(400 4.81296e-14 0)
(400 4.61922e-14 0)
(400 3.93978e-14 0)
(400 2.60957e-14 0)
(400 2.48717e-14 0)
(400 3.60674e-14 0)
(400 4.18517e-14 0)
(400 5.02258e-14 0)
(400 6.22973e-14 0)
(400 5.39739e-14 0)
(400 4.98997e-14 0)
(400 6.47309e-14 0)
(400 5.86433e-14 0)
(400 4.56812e-14 0)
(400 3.94494e-14 0)
(400 4.16883e-14 0)
(400 4.08213e-14 0)
(400 3.86356e-14 0)
(400 5.09519e-14 0)
(400 6.24849e-14 0)
(400 6.44505e-14 0)
(400 5.28143e-14 0)
(400 4.57108e-14 0)
(400 5.26532e-14 0)
(400 5.4052e-14 0)
(400 5.57445e-14 0)
(400 4.57628e-14 0)
(400 2.52674e-14 0)
(400 1.80476e-14 0)
(400 1.28657e-14 0)
(400 -9.81912e-15 0)
(400 -1.71787e-14 0)
(400 -2.15962e-14 0)
(400 -2.37007e-14 0)
(400 -2.9492e-14 0)
(400 -2.77191e-14 0)
(400 -1.46795e-14 0)
(400 -1.50985e-14 0)
(400 -2.09283e-14 0)
(400 -2.4487e-14 0)
(400 -1.96928e-14 0)
(400 -7.36163e-15 0)
(400 -1.19288e-14 0)
(400 -1.02185e-14 0)
(400 5.06824e-15 0)
(400 1.27068e-14 0)
(400 1.6633e-14 0)
(400 1.26166e-14 0)
(400 3.61007e-14 0)
(400 6.62358e-14 0)
(400 6.58129e-14 0)
(400 5.72173e-14 0)
(400 6.8123e-14 0)
(400 6.30277e-14 0)
(400 4.81125e-14 0)
(400 3.39393e-14 0)
(400 3.7621e-14 0)
(400 5.96139e-14 0)
(400 6.85165e-14 0)
(400 6.06418e-14 0)
(400 4.96453e-14 0)
(400 4.38526e-14 0)
(400 4.74692e-14 0)
(400 3.23083e-14 0)
(400 2.34739e-14 0)
(400 3.07957e-14 0)
(400 2.76417e-14 0)
(400 2.32482e-14 0)
(400 2.72001e-14 0)
(400 4.31063e-14 0)
(400 5.71222e-14 0)
(400 7.0498e-14 0)
(400 5.772e-14 0)
(400 6.54237e-14 0)
(400 6.7247e-14 0)
(400 5.46039e-14 0)
(400 6.756e-14 0)
(400 5.7852e-14 0)
(400 4.11371e-14 0)
(400 4.70602e-14 0)
(400 4.90501e-14 0)
(400 4.35929e-14 0)
(400 3.50272e-14 0)
(400 1.91359e-14 0)
(400 -4.59785e-15 0)
(400 -2.73712e-14 0)
(400 -3.25375e-14 0)
(400 -3.63138e-14 0)
(400 -4.64715e-14 0)
(400 -4.38358e-14 0)
(400 -4.49224e-14 0)
(400 -3.81563e-14 0)
(400 -4.0921e-14 0)
(400 -5.1644e-14 0)
(400 -4.73885e-14 0)
(400 -4.42939e-14 0)
(400 -3.89358e-14 0)
(400 -4.02404e-14 0)
(400 -4.04997e-14 0)
(400 -3.6492e-14 0)
(400 -3.65744e-14 0)
(400 -1.66099e-14 0)
(400 -1.11586e-14 0)
(400 -1.91049e-14 0)
(400 -5.0781e-15 0)
(400 -6.23555e-15 0)
(400 -1.60484e-15 0)
(400 2.13657e-14 0)
(400 4.01191e-14 0)
(400 4.93063e-14 0)
(400 3.64579e-14 0)
(400 2.64732e-14 0)
(400 2.67204e-14 0)
(400 2.82052e-14 0)
(400 1.76593e-14 0)
(400 5.63695e-16 0)
(400 9.95429e-15 0)
(400 4.6237e-14 0)
(400 7.317e-14 0)
(400 8.79742e-14 0)
(400 7.60215e-14 0)
(400 5.76524e-14 0)
(400 5.78334e-14 0)
(400 6.67296e-14 0)
(400 6.45449e-14 0)
(400 6.17105e-14 0)
(400 6.14322e-14 0)
(400 5.56782e-14 0)
(400 7.38506e-14 0)
(400 7.91406e-14 0)
(400 6.8818e-14 0)
(400 6.73604e-14 0)
(400 7.28792e-14 0)
(400 7.75936e-14 0)
(400 7.78991e-14 0)
(400 8.59364e-14 0)
(400 9.71028e-14 0)
(400 9.66761e-14 0)
(400 9.24797e-14 0)
(400 9.4091e-14 0)
(400 1.14973e-13 0)
(400 1.05952e-13 0)
(400 9.55716e-14 0)
(400 8.4348e-14 0)
(400 5.84982e-14 0)
(400 5.0901e-14 0)
(400 6.43714e-14 0)
(400 6.14431e-14 0)
(400 5.57065e-14 0)
(400 6.14445e-14 0)
(400 6.86297e-14 0)
(400 8.32903e-14 0)
(400 6.44176e-14 0)
(400 5.06128e-14 0)
(400 3.95215e-14 0)
(400 2.90139e-14 0)
(400 1.85169e-14 0)
(400 1.78302e-14 0)
(400 1.00446e-14 0)
(400 1.51055e-14 0)
(400 2.07418e-14 0)
(400 3.98176e-15 0)
(400 -1.54938e-14 0)
(400 -2.79789e-14 0)
(400 -2.90563e-14 0)
(400 -1.32829e-14 0)
(400 -2.29869e-14 0)
(400 -1.49579e-14 0)
(400 -1.44446e-14 0)
(400 -2.12204e-14 0)
(400 -1.46649e-14 0)
(400 -8.01137e-15 0)
(400 -1.97735e-14 0)
(400 -1.90865e-14 0)
(400 -1.98662e-14 0)
(400 -1.88059e-14 0)
(400 -2.01207e-14 0)
(400 -2.20025e-14 0)
(400 -2.47887e-14 0)
(400 -4.01869e-14 0)
(400 -7.23622e-14 0)
(400 -1.01969e-13 0)
(400 -1.14025e-13 0)
(400 -1.14882e-13 0)
(400 -9.80871e-14 0)
(400 -9.97847e-14 0)
(400 -9.34053e-14 0)
(400 -8.41718e-14 0)
(400 -3.22766e-14 0)
(400 -4.69499e-14 0)
(400 -4.10059e-14 0)
(400 -3.90893e-14 0)
(400 -3.31029e-14 0)
(400 -2.17698e-14 0)
(400 -1.76679e-14 0)
(400 -1.904e-14 0)
(400 2.67237e-15 0)
(400 9.25513e-15 0)
(400 7.61493e-15 0)
(400 4.30086e-15 0)
(400 5.2435e-15 0)
(400 8.3397e-15 0)
(400 1.93728e-14 0)
(400 2.22742e-14 0)
(400 2.85327e-14 0)
(400 5.36765e-14 0)
(400 5.60805e-14 0)
(400 5.34907e-14 0)
(400 4.04117e-14 0)
(400 2.96356e-14 0)
(400 3.05917e-14 0)
(400 6.50972e-14 0)
(400 6.44663e-14 0)
(400 6.58658e-14 0)
(400 6.62492e-14 0)
(400 6.27714e-14 0)
(400 6.27539e-14 0)
(400 6.15799e-14 0)
(400 6.80341e-14 0)
(400 5.49627e-14 0)
(400 3.85294e-14 0)
(400 6.35938e-14 0)
(400 5.60489e-14 0)
(400 5.74102e-14 0)
(400 5.42869e-14 0)
(400 5.21563e-14 0)
(400 3.69844e-14 0)
(400 1.35672e-14 0)
(400 -2.52505e-14 0)
(400 -4.70601e-14 0)
(400 -6.20152e-14 0)
(400 -6.98011e-14 0)
(400 -7.77813e-14 0)
(400 -7.147e-14 0)
(400 -6.92429e-14 0)
(400 -6.17494e-14 0)
(400 -4.45021e-14 0)
(400 -6.37555e-14 0)
(400 -5.88378e-14 0)
(400 -3.68007e-14 0)
(400 -2.69779e-14 0)
(400 -2.83322e-14 0)
(400 -2.99488e-14 0)
(400 -1.08051e-14 0)
(400 -3.23933e-15 0)
(400 1.18984e-14 0)
(400 1.10692e-14 0)
(400 7.08518e-15 0)
(400 1.24999e-14 0)
(400 1.75035e-14 0)
(400 3.28705e-14 0)
(400 3.17569e-14 0)
(400 3.65998e-14 0)
(400 2.2005e-14 0)
(400 9.59865e-15 0)
(400 1.17695e-14 0)
(400 2.15502e-14 0)
(400 3.49722e-14 0)
(400 3.85762e-14 0)
(400 3.20933e-14 0)
(400 2.697e-14 0)
(400 1.56717e-14 0)
(400 1.50762e-14 0)
(400 1.19689e-14 0)
(400 1.38229e-14 0)
(400 2.35959e-14 0)
(400 3.31998e-14 0)
(400 5.43547e-14 0)
(400 6.34114e-14 0)
(400 4.09146e-14 0)
(400 4.57315e-14 0)
(400 4.92775e-14 0)
(400 6.20481e-14 0)
(400 7.75623e-14 0)
(400 7.21341e-14 0)
(400 8.26622e-14 0)
(400 8.58996e-14 0)
(400 8.05767e-14 0)
(400 6.78782e-14 0)
(400 4.51359e-14 0)
(400 4.29582e-14 0)
(400 4.47197e-14 0)
(400 3.19847e-14 0)
(400 1.33896e-14 0)
(400 -2.0822e-14 0)
(400 -4.1176e-14 0)
(400 -5.22657e-14 0)
(400 -6.30406e-14 0)
(400 -5.3403e-14 0)
(400 -4.25196e-14 0)
(400 -2.96671e-14 0)
(400 -3.67999e-14 0)
(400 -4.12687e-14 0)
(400 -3.34192e-14 0)
(400 -2.66826e-14 0)
(400 -2.41504e-14 0)
(400 -2.41182e-14 0)
(400 -1.41553e-14 0)
(400 -2.46461e-14 0)
(400 -3.50961e-14 0)
(400 -3.13717e-14 0)
(400 -2.25635e-14 0)
(400 -1.98973e-14 0)
(400 -2.89106e-14 0)
(400 -1.47276e-14 0)
(400 1.49381e-14 0)
(400 1.34441e-14 0)
(400 2.64186e-14 0)
(400 4.62972e-14 0)
(400 6.21198e-14 0)
(400 4.01137e-14 0)
(400 2.36124e-14 0)
(400 7.18836e-15 0)
(400 -1.63285e-14 0)
(400 -3.81963e-14 0)
(400 -5.03883e-14 0)
(400 -4.29806e-14 0)
(400 -2.59604e-14 0)
(400 -1.16456e-14 0)
(400 -2.62064e-15 0)
(400 1.67884e-14 0)
(400 -7.84812e-15 0)
(400 -1.03959e-14 0)
(400 3.27605e-15 0)
(400 2.35194e-14 0)
(400 3.59462e-14 0)
(400 3.21781e-14 0)
(400 3.95601e-14 0)
(400 4.81214e-14 0)
(400 5.07486e-14 0)
(400 3.44676e-14 0)
(400 3.49704e-14 0)
(400 4.05904e-14 0)
(400 3.65234e-14 0)
(400 3.21011e-14 0)
(400 5.05423e-14 0)
(400 5.60386e-14 0)
(400 6.36341e-14 0)
(400 6.6765e-14 0)
(400 6.75104e-14 0)
(400 6.51141e-14 0)
(400 6.28221e-14 0)
(400 5.94201e-14 0)
(400 5.59604e-14 0)
(400 4.26505e-14 0)
(400 2.80477e-14 0)
(400 2.58659e-14 0)
(400 2.82544e-14 0)
(400 2.74337e-14 0)
(400 1.58469e-14 0)
(400 5.64246e-15 0)
(400 1.42993e-14 0)
(400 8.61334e-15 0)
(400 -6.8088e-15 0)
(400 -2.23038e-14 0)
(400 -2.81805e-14 0)
(400 -2.36658e-14 0)
(400 -1.64544e-14 0)
(400 -8.75118e-15 0)
(400 3.42607e-15 0)
(400 8.44577e-15 0)
(400 7.10586e-15 0)
(400 1.44192e-14 0)
(400 1.19431e-14 0)
(400 -1.35775e-14 0)
(400 -8.3737e-15 0)
(400 1.35824e-15 0)
(400 3.01718e-15 0)
(400 7.21181e-15 0)
(400 9.77955e-15 0)
(400 1.43919e-14 0)
(400 1.69518e-14 0)
(400 1.59497e-14 0)
(400 1.99376e-14 0)
(400 1.65727e-14 0)
(400 1.24259e-14 0)
(400 1.63908e-14 0)
(400 1.26906e-14 0)
(400 2.6768e-14 0)
(400 2.40846e-14 0)
(400 5.57057e-15 0)
(400 -1.36136e-14 0)
(400 -3.31789e-14 0)
(400 -3.20947e-14 0)
(400 -3.24951e-14 0)
(400 -2.92723e-14 0)
(400 -2.45952e-14 0)
(400 -2.63139e-14 0)
(400 -2.16806e-14 0)
(400 -3.739e-14 0)
(400 -3.50549e-14 0)
(400 -3.50064e-14 0)
(400 -3.63018e-14 0)
(400 -4.49001e-14 0)
(400 -4.9016e-14 0)
(400 -3.9108e-14 0)
(400 -2.31142e-14 0)
(400 -1.32218e-14 0)
(400 -3.4582e-15 0)
(400 9.36803e-16 0)
(400 8.1085e-15 0)
(400 2.92038e-14 0)
(400 5.4357e-14 0)
(400 5.39578e-14 0)
(400 5.06091e-14 0)
(400 6.13955e-14 0)
(400 5.42712e-14 0)
(400 5.79156e-14 0)
(400 5.63604e-14 0)
(400 4.82975e-14 0)
(400 4.60808e-14 0)
(400 5.06701e-14 0)
(400 4.54474e-14 0)
(400 4.47168e-14 0)
(400 3.92849e-14 0)
(400 2.93156e-14 0)
(400 2.71941e-14 0)
(400 2.3078e-14 0)
(400 2.85295e-14 0)
(400 5.95214e-15 0)
(400 -5.68085e-15 0)
(400 1.10829e-14 0)
(400 1.13597e-14 0)
(400 5.11542e-16 0)
(400 6.71675e-17 0)
(400 1.24056e-15 0)
(400 6.92692e-15 0)
(400 6.2586e-15 0)
(400 -1.50693e-14 0)
(400 -2.88048e-14 0)
(400 -2.78235e-14 0)
(400 -2.45385e-14 0)
(400 -2.85603e-14 0)
(400 -3.80576e-14 0)
(400 -4.33265e-14 0)
(400 -3.64354e-14 0)
(400 -2.9642e-14 0)
(400 -4.09763e-14 0)
(400 -4.38196e-14 0)
(400 -4.60909e-14 0)
(400 -4.30588e-14 0)
(400 -5.09605e-14 0)
(400 -5.53006e-14 0)
(400 -5.31105e-14 0)
(400 -3.17376e-14 0)
(400 -9.31299e-15 0)
(400 9.58531e-16 0)
(400 1.57279e-14 0)
(400 1.2562e-14 0)
(400 7.96366e-16 0)
(400 1.72014e-14 0)
(400 3.11239e-14 0)
(400 3.26083e-14 0)
(400 2.98921e-14 0)
(400 1.3253e-14 0)
(400 7.91505e-15 0)
(400 1.76855e-14 0)
(400 1.37224e-14 0)
(400 1.19355e-14 0)
(400 2.25966e-14 0)
(400 1.93386e-14 0)
(400 1.52015e-14 0)
(400 6.88493e-15 0)
(400 -5.39522e-15 0)
(400 2.47502e-16 0)
(400 1.03698e-15 0)
(400 2.11357e-14 0)
(400 3.57211e-14 0)
(400 4.10077e-14 0)
(400 3.68428e-14 0)
(400 2.98613e-14 0)
(400 2.61217e-14 0)
(400 2.96993e-14 0)
(400 3.58014e-14 0)
(400 5.0917e-14 0)
(400 7.34881e-14 0)
(400 6.65232e-14 0)
(400 5.61238e-14 0)
(400 5.16176e-14 0)
(400 2.67074e-14 0)
(400 3.0211e-15 0)
(400 -1.26192e-14 0)
(400 -2.8655e-14 0)
(400 -3.37282e-14 0)
(400 -5.46782e-14 0)
(400 -7.01775e-14 0)
(400 -8.21992e-14 0)
(400 -8.83058e-14 0)
(400 -7.54228e-14 0)
(400 -6.55602e-14 0)
(400 -6.14319e-14 0)
(400 -5.87563e-14 0)
(400 -5.41969e-14 0)
(400 -4.60221e-14 0)
(400 -3.36279e-14 0)
(400 -3.14187e-14 0)
(400 -3.30043e-14 0)
(400 -3.32068e-14 0)
(400 -2.62536e-14 0)
(400 -2.89751e-14 0)
(400 -1.19144e-14 0)
(400 -9.51228e-15 0)
(400 -1.50102e-15 0)
(400 1.08597e-14 0)
(400 2.82626e-14 0)
(400 4.13681e-14 0)
(400 6.61855e-14 0)
(400 7.55599e-14 0)
(400 8.76981e-14 0)
(400 8.08856e-14 0)
(400 7.78791e-14 0)
(400 5.74178e-14 0)
(400 2.5176e-14 0)
(400 -5.06306e-15 0)
(400 -3.24233e-14 0)
(400 -3.37069e-14 0)
(400 -2.97432e-14 0)
(400 -3.01255e-14 0)
(400 -1.66923e-14 0)
(400 -4.96399e-15 0)
(400 8.33865e-15 0)
(400 1.26604e-14 0)
(400 1.61487e-14 0)
(400 1.7932e-14 0)
(400 3.48235e-14 0)
(400 5.26288e-14 0)
(400 5.82345e-14 0)
(400 6.52953e-14 0)
(400 4.9611e-14 0)
(400 3.43452e-14 0)
(400 3.27141e-14 0)
(400 2.98708e-14 0)
(400 2.94884e-14 0)
(400 2.33738e-14 0)
(400 3.03359e-14 0)
(400 3.21567e-14 0)
(400 3.45234e-14 0)
(400 4.73954e-14 0)
(400 5.88383e-14 0)
(400 6.34289e-14 0)
(400 6.38056e-14 0)
(400 7.65953e-14 0)
(400 8.07944e-14 0)
(400 8.1418e-14 0)
(400 8.13358e-14 0)
(400 6.2781e-14 0)
(400 3.9748e-14 0)
(400 3.50321e-14 0)
(400 3.08908e-14 0)
(400 3.34411e-15 0)
(400 -2.36813e-14 0)
(400 -2.87273e-14 0)
(400 -2.69568e-14 0)
(400 -3.85513e-14 0)
(400 -4.44266e-14 0)
(400 -4.24656e-14 0)
(400 -3.31166e-14 0)
(400 -3.37463e-14 0)
(400 -2.25478e-14 0)
(400 -1.19313e-14 0)
(400 5.80477e-15 0)
(400 3.28936e-14 0)
(400 3.04981e-14 0)
(400 2.08451e-14 0)
(400 9.42884e-15 0)
(400 6.74617e-15 0)
(400 3.22878e-14 0)
(400 4.63123e-14 0)
(400 4.6885e-14 0)
(400 3.62774e-14 0)
(400 2.03202e-14 0)
(400 2.74274e-14 0)
(400 2.42986e-14 0)
(400 1.20274e-14 0)
(400 -1.50838e-15 0)
(400 -2.68342e-14 0)
(400 -4.00378e-14 0)
(400 -4.89363e-14 0)
(400 -4.21417e-14 0)
(400 -4.14516e-14 0)
(400 -3.95139e-14 0)
(400 -4.52908e-14 0)
(400 -5.4609e-14 0)
(400 -5.16422e-14 0)
(400 -4.89884e-14 0)
(400 -4.98516e-14 0)
(400 -6.97852e-14 0)
(400 -8.36009e-14 0)
(400 -8.07693e-15 0)
(400 -1.97232e-14 0)
(400 -3.89147e-14 0)
(400 -3.50817e-14 0)
(400 -2.86309e-14 0)
(400 -3.34874e-14 0)
(400 -3.9582e-14 0)
(400 -3.25641e-14 0)
(400 -3.02502e-14 0)
(400 -3.00256e-14 0)
(400 -2.05302e-14 0)
(400 -1.71287e-14 0)
(400 4.48365e-16 0)
(400 2.5568e-14 0)
(400 4.69468e-14 0)
(400 5.1478e-14 0)
(400 6.66519e-14 0)
(400 6.98028e-14 0)
(400 7.01268e-14 0)
(400 8.84489e-14 0)
(400 9.57006e-14 0)
(400 9.24629e-14 0)
(400 7.29696e-14 0)
(400 4.26889e-14 0)
(400 2.74419e-14 0)
(400 8.68228e-15 0)
(400 -9.15561e-15 0)
(400 -1.16154e-14 0)
(400 -6.5324e-15 0)
(400 -8.46589e-15 0)
(400 -9.39038e-15 0)
(400 -8.253e-15 0)
(400 -6.03121e-15 0)
(400 -1.98957e-14 0)
(400 -1.29058e-14 0)
(400 -3.58475e-14 0)
(400 -4.91396e-14 0)
(400 -5.49758e-14 0)
(400 -4.4145e-14 0)
(400 -3.55172e-14 0)
(400 -9.16095e-15 0)
(400 -4.3055e-15 0)
(400 1.19155e-16 0)
(400 3.46897e-15 0)
(400 7.47956e-15 0)
(400 9.56378e-16 0)
(400 -6.23177e-15 0)
(400 -1.1059e-14 0)
(400 -2.43526e-14 0)
(400 -2.66801e-14 0)
(400 -3.30776e-14 0)
(400 -5.00739e-14 0)
(400 -5.51797e-14 0)
(400 -4.63607e-14 0)
(400 -3.76905e-14 0)
(400 -3.84819e-14 0)
(400 -3.254e-15 0)
(400 9.74212e-15 0)
(400 2.07953e-14 0)
(400 3.89468e-14 0)
(400 4.09984e-14 0)
(400 4.28715e-14 0)
(400 3.24621e-14 0)
(400 2.1727e-14 0)
(400 2.51293e-15 0)
(400 3.05527e-15 0)
(400 2.57561e-15 0)
(400 5.36541e-15 0)
(400 3.05691e-15 0)
(400 2.95549e-15 0)
(400 1.03754e-14 0)
(400 1.62495e-14 0)
(400 1.19507e-14 0)
(400 1.48563e-14 0)
(400 1.92131e-14 0)
(400 2.49113e-14 0)
(400 3.57041e-14 0)
(400 3.55378e-14 0)
(400 3.77658e-14 0)
(400 2.15377e-14 0)
(400 6.58331e-15 0)
(400 1.59836e-14 0)
(400 5.18523e-15 0)
(400 -8.00473e-15 0)
(400 -1.28985e-14 0)
(400 -2.11731e-14 0)
(400 -1.64572e-14 0)
(400 -1.39264e-14 0)
(400 -1.53283e-14 0)
(400 -1.46001e-14 0)
(400 -1.50168e-14 0)
(400 -1.83649e-14 0)
(400 -4.0943e-14 0)
(400 -4.94294e-14 0)
(400 -4.95085e-14 0)
(400 -5.69872e-14 0)
(400 -5.58839e-14 0)
(400 -4.93502e-14 0)
(400 -5.81075e-14 0)
(400 -4.47469e-14 0)
(400 -3.05027e-14 0)
(400 -2.62705e-14 0)
(400 -2.7168e-14 0)
(400 -2.43542e-14 0)
(400 -1.97212e-14 0)
(400 -2.61896e-14 0)
(400 -1.80482e-14 0)
(400 -9.72356e-15 0)
(400 -1.67991e-15 0)
(400 1.69949e-15 0)
(400 1.66266e-14 0)
(400 2.07476e-14 0)
(400 3.03118e-14 0)
(400 4.46772e-14 0)
(400 3.82013e-14 0)
(400 4.04919e-14 0)
(400 4.39039e-14 0)
(400 4.04957e-14 0)
(400 6.57079e-14 0)
(400 6.75838e-14 0)
(400 5.68063e-14 0)
(400 2.79569e-14 0)
(400 1.99521e-14 0)
(400 5.38061e-15 0)
(400 -1.32399e-14 0)
(400 -3.35973e-14 0)
(400 -4.29279e-14 0)
(400 -4.52585e-14 0)
(400 -4.34629e-14 0)
(400 -4.80742e-14 0)
(400 -4.30537e-14 0)
(400 -2.68242e-14 0)
(400 -3.48564e-14 0)
(400 -8.52918e-15 0)
(400 -2.9461e-15 0)
(400 -4.02204e-16 0)
(400 2.85432e-15 0)
(400 1.31752e-14 0)
(400 2.98173e-14 0)
(400 4.01064e-14 0)
(400 3.98034e-14 0)
(400 2.07897e-14 0)
(400 7.51275e-15 0)
(400 2.77397e-15 0)
(400 1.38503e-14 0)
(400 9.06353e-15 0)
(400 -4.27042e-15 0)
(400 -1.88562e-14 0)
(400 -2.84165e-14 0)
(400 -1.98786e-14 0)
(400 -1.53202e-14 0)
(400 -1.30795e-14 0)
(400 -5.70978e-15 0)
(400 2.73551e-14 0)
(400 4.81175e-14 0)
(400 5.84961e-14 0)
(400 7.19343e-14 0)
(400 7.43343e-14 0)
(400 6.75014e-14 0)
(400 6.03544e-14 0)
(400 6.14852e-14 0)
(400 3.71107e-14 0)
(400 1.49621e-14 0)
(400 2.45861e-15 0)
(400 -1.23001e-14 0)
(400 -3.10963e-14 0)
(400 -3.38012e-14 0)
(400 -3.25012e-14 0)
(400 -1.71677e-14 0)
(400 -1.96278e-15 0)
(400 9.71969e-15 0)
(400 2.36738e-14 0)
(400 3.50616e-14 0)
(400 5.98839e-14 0)
(400 6.0122e-14 0)
(400 4.92684e-14 0)
(400 4.2634e-14 0)
(400 4.07554e-14 0)
(400 5.66116e-14 0)
(400 6.55834e-14 0)
(400 7.84148e-14 0)
(400 8.09575e-14 0)
(400 9.27606e-14 0)
(400 9.28002e-14 0)
(400 8.61194e-14 0)
(400 8.58457e-14 0)
(400 7.46226e-14 0)
(400 6.49274e-14 0)
(400 5.98738e-14 0)
(400 5.54058e-14 0)
(400 4.22936e-14 0)
(400 3.34648e-14 0)
(400 3.21736e-14 0)
(400 2.22849e-14 0)
(400 2.98303e-15 0)
(400 -1.19568e-15 0)
(400 -8.98691e-15 0)
(400 -2.65153e-14 0)
(400 -4.88068e-14 0)
(400 -5.48844e-14 0)
(400 7.20118e-16 0)
(400 -1.21384e-14 0)
(400 -3.09859e-14 0)
(400 -3.96716e-14 0)
(400 -4.08101e-14 0)
(400 -1.98712e-14 0)
(400 -1.81691e-14 0)
(400 -2.43133e-14 0)
(400 -3.20832e-14 0)
(400 -4.88023e-14 0)
(400 -4.26338e-14 0)
(400 -2.91106e-14 0)
(400 -1.88029e-15 0)
(400 1.04509e-14 0)
(400 2.44639e-14 0)
(400 5.05838e-14 0)
(400 6.70215e-14 0)
(400 7.21118e-14 0)
(400 8.02525e-14 0)
(400 7.87767e-14 0)
(400 6.85512e-14 0)
(400 6.67917e-14 0)
(400 5.57945e-14 0)
(400 2.52989e-14 0)
(400 -2.86925e-15 0)
(400 -2.05411e-14 0)
(400 -3.88785e-14 0)
(400 -3.6972e-14 0)
(400 -1.80264e-14 0)
(400 -1.60804e-14 0)
(400 -1.20944e-14 0)
(400 -9.55173e-15 0)
(400 -1.60116e-14 0)
(400 -1.99567e-14 0)
(400 -1.76353e-14 0)
(400 -2.73957e-14 0)
(400 -4.43204e-14 0)
(400 -5.32731e-14 0)
(400 -5.07339e-14 0)
(400 -5.68617e-14 0)
(400 -4.00405e-14 0)
(400 -2.24753e-14 0)
(400 -1.66098e-14 0)
(400 -1.08559e-14 0)
(400 -1.18775e-14 0)
(400 -1.96761e-15 0)
(400 2.9252e-15 0)
(400 -7.69718e-15 0)
(400 -3.30332e-14 0)
(400 -3.99174e-14 0)
(400 -3.50338e-14 0)
(400 -4.98225e-14 0)
(400 -4.67799e-14 0)
(400 -2.8705e-14 0)
(400 -1.31149e-14 0)
(400 7.30803e-16 0)
(400 1.46028e-14 0)
(400 1.70956e-14 0)
(400 1.30174e-14 0)
(400 2.41154e-14 0)
(400 2.68087e-14 0)
(400 1.50872e-14 0)
(400 1.24903e-16 0)
(400 -6.63767e-15 0)
(400 -1.98088e-14 0)
(400 -3.95588e-14 0)
(400 -4.14991e-14 0)
(400 -2.90907e-14 0)
(400 -1.61622e-14 0)
(400 -1.11219e-14 0)
(400 1.60714e-16 0)
(400 -6.73876e-15 0)
(400 -1.05527e-14 0)
(400 4.79242e-15 0)
(400 1.85907e-14 0)
(400 3.64176e-14 0)
(400 3.38092e-14 0)
(400 3.14453e-14 0)
(400 1.7593e-14 0)
(400 3.61668e-15 0)
(400 7.73977e-16 0)
(400 -6.7753e-15 0)
(400 -2.15438e-14 0)
(400 -4.44957e-14 0)
(400 -5.93987e-14 0)
(400 -5.12874e-14 0)
(400 -5.32071e-14 0)
(400 -6.32718e-14 0)
(400 -7.50259e-14 0)
(400 -7.21215e-14 0)
(400 -6.69509e-14 0)
(400 -6.07194e-14 0)
(400 -5.26198e-14 0)
(400 -5.65424e-14 0)
(400 -5.05138e-14 0)
(400 -7.42792e-14 0)
(400 -7.21403e-14 0)
(400 -5.89996e-14 0)
(400 -6.40358e-14 0)
(400 -5.30719e-14 0)
(400 -4.41291e-14 0)
(400 -2.77317e-14 0)
(400 -1.72374e-14 0)
(400 -1.82584e-14 0)
(400 -1.37765e-14 0)
(400 -1.57003e-14 0)
(400 -1.43301e-14 0)
(400 -4.65893e-15 0)
(400 3.43978e-15 0)
(400 1.32508e-14 0)
(400 1.71853e-14 0)
(400 1.55132e-14 0)
(400 1.32733e-14 0)
(400 2.62713e-14 0)
(400 2.72666e-14 0)
(400 2.11351e-14 0)
(400 1.49873e-14 0)
(400 3.00264e-14 0)
(400 2.9896e-14 0)
(400 2.25198e-14 0)
(400 1.33657e-15 0)
(400 -1.72037e-14 0)
(400 -4.15248e-14 0)
(400 -5.79617e-14 0)
(400 -6.39517e-14 0)
(400 -5.95461e-14 0)
(400 -4.18089e-14 0)
(400 -3.78149e-14 0)
(400 -5.13562e-14 0)
(400 -5.65814e-14 0)
(400 -5.04021e-14 0)
(400 -4.27313e-14 0)
(400 -3.66335e-14 0)
(400 -2.63907e-14 0)
(400 -2.35715e-14 0)
(400 -2.58246e-14 0)
(400 -2.28915e-14 0)
(400 -1.01848e-14 0)
(400 1.25478e-14 0)
(400 2.5194e-14 0)
(400 2.87649e-14 0)
(400 3.84844e-14 0)
(400 3.5004e-14 0)
(400 1.88891e-14 0)
(400 1.73022e-14 0)
(400 9.84314e-15 0)
(400 -1.34894e-14 0)
(400 -2.40878e-14 0)
(400 -3.36011e-14 0)
(400 -2.36103e-14 0)
(400 -1.43896e-14 0)
(400 -1.29496e-14 0)
(400 -1.34792e-14 0)
(400 -2.80683e-15 0)
(400 8.20132e-15 0)
(400 1.95538e-14 0)
(400 3.32712e-14 0)
(400 3.93167e-14 0)
(400 3.97261e-14 0)
(400 3.25733e-14 0)
(400 1.74781e-14 0)
(400 4.04736e-15 0)
(400 -1.10038e-14 0)
(400 -2.18325e-14 0)
(400 -1.84302e-14 0)
(400 -2.41456e-14 0)
(400 -3.08622e-14 0)
(400 -2.85024e-14 0)
(400 -1.86768e-14 0)
(400 7.64884e-15 0)
(400 1.90717e-14 0)
(400 1.85653e-14 0)
(400 9.31589e-15 0)
(400 1.39251e-14 0)
(400 3.61302e-14 0)
(400 2.43514e-14 0)
(400 1.75611e-14 0)
(400 2.49381e-14 0)
(400 2.53398e-14 0)
(400 1.23012e-14 0)
(400 1.04413e-14 0)
(400 2.04484e-14 0)
(400 2.80643e-14 0)
(400 1.79102e-14 0)
(400 2.92069e-14 0)
(400 3.37321e-14 0)
(400 3.11845e-14 0)
(400 4.06864e-14 0)
(400 5.57044e-14 0)
(400 5.97205e-14 0)
(400 6.08586e-14 0)
(400 5.69705e-14 0)
(400 4.41449e-14 0)
(400 3.62849e-14 0)
(400 2.51363e-14 0)
(400 -1.70207e-14 0)
(400 -5.00639e-14 0)
(400 -6.60356e-14 0)
(400 -6.25225e-14 0)
(400 -4.92242e-14 0)
(400 -4.76857e-15 0)
(400 -2.62864e-14 0)
(400 -2.00482e-14 0)
(400 -2.30643e-14 0)
(400 -4.08657e-14 0)
(400 -4.47531e-14 0)
(400 -3.71578e-14 0)
(400 -3.85612e-14 0)
(400 -4.94034e-14 0)
(400 -3.91021e-14 0)
(400 -3.07967e-14 0)
(400 -1.70406e-14 0)
(400 2.17052e-14 0)
(400 5.17632e-14 0)
(400 5.94315e-14 0)
(400 6.74976e-14 0)
(400 7.12758e-14 0)
(400 7.42771e-14 0)
(400 7.36397e-14 0)
(400 6.56689e-14 0)
(400 5.63016e-14 0)
(400 3.92835e-14 0)
(400 2.66917e-14 0)
(400 -1.02654e-14 0)
(400 -4.63991e-14 0)
(400 -5.70989e-14 0)
(400 -6.35729e-14 0)
(400 -6.35591e-14 0)
(400 -6.46496e-14 0)
(400 -7.03649e-14 0)
(400 -5.4946e-14 0)
(400 -5.20814e-14 0)
(400 -5.80301e-14 0)
(400 -6.5531e-14 0)
(400 -5.20128e-14 0)
(400 -3.89887e-14 0)
(400 -3.596e-14 0)
(400 -3.36533e-14 0)
(400 -3.27563e-14 0)
(400 -2.2032e-14 0)
(400 -1.28921e-14 0)
(400 2.14025e-15 0)
(400 9.23303e-15 0)
(400 1.24375e-14 0)
(400 2.43854e-14 0)
(400 4.21359e-14 0)
(400 4.62256e-14 0)
(400 4.53043e-14 0)
(400 3.16091e-14 0)
(400 3.64931e-14 0)
(400 4.16485e-14 0)
(400 3.90397e-14 0)
(400 3.56042e-14 0)
(400 3.85896e-14 0)
(400 4.80962e-14 0)
(400 3.82269e-14 0)
(400 9.48108e-15 0)
(400 -8.31617e-15 0)
(400 1.00371e-16 0)
(400 9.8682e-15 0)
(400 -2.36728e-15 0)
(400 -2.20495e-14 0)
(400 -3.25774e-14 0)
(400 -3.07406e-14 0)
(400 -2.55976e-14 0)
(400 -3.33634e-14 0)
(400 -2.74065e-14 0)
(400 -1.66112e-14 0)
(400 -5.03374e-15 0)
(400 1.85354e-14 0)
(400 1.70074e-14 0)
(400 1.89978e-14 0)
(400 1.87123e-14 0)
(400 2.67565e-14 0)
(400 2.92046e-14 0)
(400 2.50534e-14 0)
(400 3.76924e-14 0)
(400 2.18423e-14 0)
(400 -2.2255e-15 0)
(400 -1.32082e-14 0)
(400 -2.34942e-14 0)
(400 -2.36922e-14 0)
(400 -3.51618e-14 0)
(400 -3.75712e-14 0)
(400 -5.38222e-14 0)
(400 -5.99003e-14 0)
(400 -5.93849e-14 0)
(400 -5.86968e-14 0)
(400 -5.8753e-14 0)
(400 -5.54611e-14 0)
(400 -5.31737e-14 0)
(400 -4.31539e-14 0)
(400 -2.66387e-14 0)
(400 -1.01363e-14 0)
(400 -1.56416e-14 0)
(400 -3.64155e-14 0)
(400 -2.16373e-14 0)
(400 -2.95231e-14 0)
(400 -2.18422e-14 0)
(400 -3.0937e-14 0)
(400 -4.06552e-14 0)
(400 -2.72633e-14 0)
(400 -2.23076e-14 0)
(400 -4.90659e-15 0)
(400 7.54263e-15 0)
(400 1.3748e-14 0)
(400 1.32032e-14 0)
(400 8.46104e-15 0)
(400 8.50859e-15 0)
(400 -1.3204e-15 0)
(400 -1.92753e-14 0)
(400 -1.53502e-14 0)
(400 -7.9551e-15 0)
(400 4.39985e-15 0)
(400 2.18469e-14 0)
(400 2.76669e-14 0)
(400 4.52157e-14 0)
(400 5.36236e-14 0)
(400 4.48039e-14 0)
(400 2.79031e-14 0)
(400 9.07552e-15 0)
(400 1.45876e-14 0)
(400 7.20085e-15 0)
(400 7.80822e-15 0)
(400 7.07415e-15 0)
(400 1.2639e-14 0)
(400 2.10648e-14 0)
(400 1.66531e-14 0)
(400 -2.0144e-15 0)
(400 -2.37262e-14 0)
(400 -2.53969e-14 0)
(400 -3.25463e-14 0)
(400 -3.18973e-14 0)
(400 -4.17382e-14 0)
(400 -4.10745e-14 0)
(400 -3.04237e-14 0)
(400 -1.35748e-14 0)
(400 -9.82506e-15 0)
(400 9.20763e-16 0)
(400 -3.10295e-15 0)
(400 -6.1099e-15 0)
(400 2.1164e-14 0)
(400 3.14381e-14 0)
(400 2.23432e-14 0)
(400 5.0186e-15 0)
(400 -1.03774e-14 0)
(400 -2.05294e-14 0)
(400 -3.81231e-14 0)
(400 -4.6839e-14 0)
(400 -5.46789e-14 0)
(400 -4.23658e-14 0)
(400 -2.75111e-14 0)
(400 -2.42132e-14 0)
(400 -3.93515e-14 0)
(400 -5.25951e-14 0)
(400 -4.50695e-14 0)
(400 -2.90144e-14 0)
(400 -2.44019e-14 0)
(400 -1.92896e-14 0)
(400 -1.48259e-14 0)
(400 -2.81798e-14 0)
(400 -2.53448e-14 0)
(400 -2.07776e-14 0)
(400 -3.86891e-14 0)
(400 -1.84948e-14 0)
(400 1.24914e-14 0)
(400 1.77644e-14 0)
(400 2.31005e-14 0)
(400 1.73473e-14 0)
(400 2.13055e-14 0)
(400 2.52923e-14 0)
(400 1.83177e-14 0)
(400 1.35288e-14 0)
(400 1.41136e-14 0)
(400 2.33171e-14 0)
(400 3.63791e-14 0)
(400 5.13672e-14 0)
(400 5.86682e-14 0)
(400 5.18754e-14 0)
(400 5.12737e-14 0)
(400 5.22654e-14 0)
(400 5.14504e-14 0)
(400 4.31067e-14 0)
(400 3.93168e-14 0)
(400 5.51809e-14 0)
(400 5.37291e-14 0)
(400 6.50602e-14 0)
(400 8.15592e-14 0)
(400 9.20266e-14 0)
(400 9.99338e-14 0)
(400 1.09113e-13 0)
(400 1.218e-13 0)
(400 1.26394e-13 0)
(400 1.13016e-13 0)
(400 1.05967e-13 0)
(400 5.94034e-14 0)
(400 1.55429e-14 0)
(400 9.80632e-15 0)
(400 -6.78496e-15 0)
(400 -1.51247e-14 0)
(400 1.8296e-15 0)
(400 9.50958e-15 0)
(400 2.19783e-14 0)
(400 1.4008e-14 0)
(400 5.4885e-15 0)
(400 -2.30943e-14 0)
(400 -3.4904e-14 0)
(400 -3.2904e-14 0)
(400 -2.67324e-14 0)
(400 -9.54131e-15 0)
(400 -8.80592e-15 0)
(400 -4.90384e-15 0)
(400 8.24745e-15 0)
(400 2.92069e-14 0)
(400 2.33899e-14 0)
(400 1.94045e-14 0)
(400 2.23273e-14 0)
(400 1.17471e-14 0)
(400 1.60623e-14 0)
(400 2.3861e-14 0)
(400 1.79422e-14 0)
(400 9.46075e-15 0)
(400 -5.0623e-15 0)
(400 -3.92962e-14 0)
(400 -5.86647e-14 0)
(400 -6.50184e-14 0)
(400 -6.39824e-14 0)
(400 -6.33699e-14 0)
(400 -7.16958e-14 0)
(400 -6.40022e-14 0)
(400 -5.63005e-14 0)
(400 -4.51803e-14 0)
(400 -3.58383e-14 0)
(400 -4.72078e-14 0)
(400 -4.92969e-14 0)
(400 -4.64625e-14 0)
(400 -3.00547e-14 0)
(400 -2.93552e-14 0)
(400 -4.25342e-14 0)
(400 -4.28533e-14 0)
(400 -4.6087e-14 0)
(400 -4.145e-14 0)
(400 -4.42057e-14 0)
(400 -4.51054e-14 0)
(400 -3.94787e-14 0)
(400 -1.62432e-14 0)
(400 -3.66276e-15 0)
(400 -4.78803e-15 0)
(400 -1.23012e-14 0)
(400 9.2569e-15 0)
(400 2.95737e-14 0)
(400 4.52386e-14 0)
(400 6.50998e-14 0)
(400 7.38047e-14 0)
(400 6.58517e-14 0)
(400 5.3169e-14 0)
(400 2.64124e-14 0)
(400 1.53125e-14 0)
(400 2.10459e-14 0)
(400 3.74852e-15 0)
(400 -1.22704e-14 0)
(400 1.73435e-14 0)
(400 2.3416e-14 0)
(400 2.55329e-14 0)
(400 2.28547e-14 0)
(400 3.54911e-14 0)
(400 3.95626e-14 0)
(400 3.04898e-14 0)
(400 3.95972e-14 0)
(400 4.8898e-14 0)
(400 4.16777e-14 0)
(400 3.15618e-14 0)
(400 2.80969e-14 0)
(400 7.13257e-15 0)
(400 2.49328e-16 0)
(400 5.03336e-15 0)
(400 6.87395e-15 0)
(400 -4.38579e-15 0)
(400 -2.60088e-14 0)
(400 -4.29176e-14 0)
(400 -6.67465e-14 0)
(400 -5.43524e-14 0)
(400 -4.92362e-14 0)
(400 -4.72128e-14 0)
(400 -4.09778e-14 0)
(400 -5.35108e-14 0)
(400 -5.62325e-14 0)
(400 -5.13829e-14 0)
(400 -5.62384e-14 0)
(400 -5.16309e-14 0)
(400 -3.80843e-14 0)
(400 -1.50415e-14 0)
(400 -2.89727e-15 0)
(400 2.34571e-15 0)
(400 -1.20197e-14 0)
(400 -1.61015e-14 0)
(400 -9.03119e-15 0)
(400 -1.28088e-14 0)
(400 -1.33252e-14 0)
(400 -2.38559e-14 0)
(400 -3.44129e-14 0)
(400 -4.0024e-14 0)
(400 -2.7494e-14 0)
(400 -1.54377e-14 0)
(400 -1.4187e-14 0)
(400 -5.16997e-15 0)
(400 -2.43291e-15 0)
(400 -1.52097e-14 0)
(400 -2.62816e-14 0)
(400 -4.53087e-14 0)
(400 -5.80948e-14 0)
(400 -5.84353e-14 0)
(400 -6.41166e-14 0)
(400 -5.48632e-14 0)
(400 -4.18182e-14 0)
(400 -2.47618e-14 0)
(400 -4.90122e-15 0)
(400 4.22055e-15 0)
(400 -1.41062e-14 0)
(400 -1.88584e-14 0)
(400 -8.12899e-15 0)
(400 -4.50853e-15 0)
(400 1.87634e-15 0)
(400 1.85673e-14 0)
(400 3.21743e-14 0)
(400 2.806e-14 0)
(400 1.31968e-14 0)
(400 8.06268e-15 0)
(400 9.22418e-15 0)
(400 -8.627e-15 0)
(400 -3.09518e-14 0)
(400 -4.51939e-14 0)
(400 -6.75409e-14 0)
(400 -7.91923e-14 0)
(400 -6.37411e-14 0)
(400 -4.27598e-14 0)
(400 -4.52399e-14 0)
(400 -4.92704e-14 0)
(400 -4.46527e-14 0)
(400 -2.83183e-14 0)
(400 1.08043e-15 0)
(400 6.01031e-15 0)
(400 6.46814e-15 0)
(400 1.70564e-14 0)
(400 4.50367e-15 0)
(400 -9.28083e-15 0)
(400 -1.59707e-14 0)
(400 -2.10964e-14 0)
(400 -3.14151e-14 0)
(400 -5.20481e-14 0)
(400 -5.80414e-14 0)
(400 -5.58379e-14 0)
(400 -5.26483e-14 0)
(400 -5.31499e-14 0)
(400 -4.7787e-14 0)
(400 -3.79319e-14 0)
(400 -1.87293e-14 0)
(400 8.12385e-15 0)
(400 1.07924e-14 0)
(400 1.83463e-14 0)
(400 2.67269e-14 0)
(400 2.2552e-14 0)
(400 2.14905e-14 0)
(400 9.24151e-15 0)
(400 9.9625e-15 0)
(400 2.15914e-14 0)
(400 1.87065e-14 0)
(400 8.23203e-15 0)
(400 -5.08156e-15 0)
(400 -8.33788e-15 0)
(400 9.94121e-16 0)
(400 8.75914e-15 0)
(400 1.58662e-14 0)
(400 1.30255e-14 0)
(400 1.63789e-14 0)
(400 4.69493e-14 0)
(400 5.46377e-14 0)
(400 4.63449e-14 0)
(400 3.85582e-14 0)
(400 1.94892e-14 0)
(400 7.98642e-15 0)
(400 1.02373e-14 0)
(400 1.15642e-14 0)
(400 1.2022e-14 0)
(400 8.38827e-15 0)
(400 2.11041e-14 0)
(400 4.32318e-14 0)
(400 6.49825e-14 0)
(400 7.8173e-14 0)
(400 8.86154e-14 0)
(400 7.98758e-14 0)
(400 8.74573e-14 0)
(400 9.65252e-14 0)
(400 9.49168e-14 0)
(400 8.77973e-14 0)
(400 7.43585e-14 0)
(400 5.54349e-14 0)
(400 5.12401e-14 0)
(400 3.49679e-14 0)
(400 1.5865e-14 0)
(400 1.02888e-14 0)
(400 3.85632e-14 0)
(400 3.57578e-14 0)
(400 2.69728e-14 0)
(400 2.63507e-14 0)
(400 2.49906e-14 0)
(400 1.15019e-14 0)
(400 1.17883e-14 0)
(400 2.73517e-14 0)
(400 3.53685e-14 0)
(400 4.15069e-14 0)
(400 5.18574e-14 0)
(400 2.82141e-14 0)
(400 1.26459e-14 0)
(400 8.77731e-15 0)
(400 -5.11942e-15 0)
(400 -1.61691e-14 0)
(400 -9.33689e-15 0)
(400 -1.8417e-14 0)
(400 -3.8639e-14 0)
(400 -3.98931e-14 0)
(400 -4.55376e-14 0)
(400 -6.11124e-14 0)
(400 -6.60104e-14 0)
(400 -5.4777e-14 0)
(400 -5.48059e-14 0)
(400 -4.63949e-14 0)
(400 -4.74877e-14 0)
(400 -5.07527e-14 0)
(400 -3.87657e-14 0)
(400 -3.71815e-14 0)
(400 -1.82001e-14 0)
(400 -6.03459e-15 0)
(400 -1.31952e-14 0)
(400 -2.27127e-14 0)
(400 -1.57676e-14 0)
(400 9.02001e-15 0)
(400 5.74653e-15 0)
(400 -1.97782e-14 0)
(400 -2.47907e-14 0)
(400 -4.98164e-14 0)
(400 -5.84352e-14 0)
(400 -6.03976e-14 0)
(400 -7.08439e-14 0)
(400 -7.18596e-14 0)
(400 -7.01458e-14 0)
(400 -5.4957e-14 0)
(400 -5.1719e-14 0)
(400 -5.09467e-14 0)
(400 -4.60075e-14 0)
(400 -3.40685e-14 0)
(400 -1.41129e-14 0)
(400 1.03705e-14 0)
(400 2.90298e-14 0)
(400 2.09127e-14 0)
(400 2.11641e-14 0)
(400 2.34772e-14 0)
(400 2.53029e-14 0)
(400 2.55145e-14 0)
(400 7.97441e-15 0)
(400 -1.13427e-15 0)
(400 1.23149e-14 0)
(400 2.60665e-14 0)
(400 4.42588e-14 0)
(400 5.74087e-14 0)
(400 5.95771e-14 0)
(400 3.59073e-14 0)
(400 1.67951e-14 0)
(400 3.40105e-14 0)
(400 3.08729e-14 0)
(400 3.54289e-14 0)
(400 2.06588e-14 0)
(400 6.48739e-15 0)
(400 -9.79254e-15 0)
(400 -1.23478e-14 0)
(400 -1.36333e-14 0)
(400 -3.54581e-14 0)
(400 -4.45601e-14 0)
(400 -3.95168e-14 0)
(400 -3.90143e-14 0)
(400 -4.83384e-14 0)
(400 -5.52044e-14 0)
(400 -4.51384e-14 0)
(400 -3.24371e-14 0)
(400 -2.18937e-14 0)
(400 -2.50095e-14 0)
(400 -2.68305e-14 0)
(400 -4.36981e-14 0)
(400 -4.61507e-14 0)
(400 -3.82386e-14 0)
(400 -3.27146e-14 0)
(400 -2.40066e-14 0)
(400 -2.22136e-14 0)
(400 -3.80863e-14 0)
(400 -4.25088e-14 0)
(400 -3.35323e-14 0)
(400 -3.17126e-14 0)
(400 -2.10018e-14 0)
(400 -1.17869e-14 0)
(400 -8.06677e-15 0)
(400 -6.91322e-15 0)
(400 -7.90728e-15 0)
(400 4.80929e-15 0)
(400 1.72952e-14 0)
(400 3.22548e-14 0)
(400 5.12833e-14 0)
(400 4.90318e-14 0)
(400 3.29308e-14 0)
(400 1.77562e-14 0)
(400 1.75068e-14 0)
(400 1.2767e-14 0)
(400 4.64671e-16 0)
(400 -9.93011e-15 0)
(400 -3.42098e-14 0)
(400 -3.46535e-14 0)
(400 -2.35276e-14 0)
(400 -2.6527e-14 0)
(400 -3.22249e-14 0)
(400 -2.37054e-14 0)
(400 -1.8727e-14 0)
(400 -1.09904e-14 0)
(400 -2.12444e-14 0)
(400 -1.15092e-14 0)
(400 -9.99484e-15 0)
(400 -7.30398e-15 0)
(400 -2.21468e-14 0)
(400 -3.56139e-14 0)
(400 -4.0175e-14 0)
(400 -3.77816e-14 0)
(400 -3.00852e-14 0)
(400 -5.1028e-14 0)
(400 -7.55067e-14 0)
(400 -7.92794e-14 0)
(400 -7.45998e-14 0)
(400 -6.11886e-14 0)
(400 -4.75166e-14 0)
(400 -5.364e-14 0)
(400 -4.29988e-14 0)
(400 -3.11264e-14 0)
(400 -1.92436e-14 0)
(400 -1.22252e-14 0)
(400 -1.56614e-14 0)
(400 -2.17736e-14 0)
(400 -2.43902e-14 0)
(400 -3.0807e-14 0)
(400 -2.41381e-14 0)
(400 -2.58573e-14 0)
(400 -2.84053e-14 0)
(400 -2.94227e-14 0)
(400 -3.45239e-14 0)
(400 -4.26037e-14 0)
(400 -5.68377e-14 0)
(400 -6.35592e-14 0)
(400 -6.16327e-14 0)
(400 -4.24532e-14 0)
(400 -3.4241e-14 0)
(400 -3.11599e-14 0)
(400 -7.66962e-15 0)
(400 1.2901e-14 0)
(400 3.10194e-14 0)
(400 3.78655e-14 0)
(400 3.46836e-14 0)
(400 2.14566e-14 0)
(400 3.61246e-14 0)
(400 3.72939e-14 0)
(400 3.14346e-14 0)
(400 2.76921e-14 0)
(400 2.47932e-14 0)
(400 2.13287e-14 0)
(400 1.99064e-14 0)
(400 3.17747e-14 0)
(400 4.85052e-14 0)
(400 5.10061e-14 0)
(400 4.48755e-14 0)
(400 5.82923e-14 0)
(400 7.97315e-14 0)
(400 9.538e-14 0)
(400 8.46497e-14 0)
(400 7.88065e-14 0)
(400 6.05804e-14 0)
(400 2.69847e-14 0)
(400 9.41989e-15 0)
(400 9.51916e-15 0)
(400 -5.40396e-15 0)
(400 -1.49309e-14 0)
(400 4.2572e-16 0)
(400 2.04297e-14 0)
(400 2.09833e-14 0)
(400 2.84217e-14 0)
(400 3.3256e-14 0)
(400 2.9892e-14 0)
(400 2.39888e-14 0)
(400 1.72276e-14 0)
(400 1.95302e-14 0)
(400 1.15023e-14 0)
(400 1.82953e-14 0)
(400 1.57736e-14 0)
(400 -6.68934e-15 0)
(400 -4.23817e-15 0)
(400 -2.09029e-14 0)
(400 -1.10422e-14 0)
(400 -7.0513e-15 0)
(400 -2.46093e-14 0)
(400 -3.62958e-14 0)
(400 -3.17513e-14 0)
(400 -2.46926e-14 0)
(400 -9.54026e-15 0)
(400 -1.94852e-15 0)
(400 6.34206e-15 0)
(400 8.77125e-15 0)
(400 1.92413e-14 0)
(400 3.06321e-14 0)
(400 1.99213e-14 0)
(400 3.28032e-15 0)
(400 1.48169e-17 0)
(400 -1.09634e-14 0)
(400 -1.40071e-14 0)
(400 -1.20625e-15 0)
(400 -1.15134e-14 0)
(400 -2.57144e-14 0)
(400 -3.73813e-14 0)
(400 -5.8537e-14 0)
(400 -6.59409e-14 0)
(400 -5.78985e-14 0)
(400 -3.35645e-14 0)
(400 -3.2492e-14 0)
(400 -2.52759e-14 0)
(400 -1.4921e-14 0)
(400 -1.91143e-14 0)
(400 -3.54511e-14 0)
(400 -4.11743e-14 0)
(400 -4.26811e-14 0)
(400 -3.34152e-14 0)
(400 -2.7646e-14 0)
(400 -2.31699e-14 0)
(400 -8.42068e-15 0)
(400 -7.98211e-15 0)
(400 -8.58782e-15 0)
(400 -1.72101e-14 0)
(400 -1.30623e-14 0)
(400 -2.57568e-14 0)
(400 -3.91508e-14 0)
(400 -2.60461e-14 0)
(400 -2.60418e-14 0)
(400 -1.67248e-14 0)
(400 -4.04064e-14 0)
(400 -2.32017e-14 0)
(400 4.26332e-15 0)
(400 2.2636e-14 0)
(400 1.3168e-14 0)
(400 8.42346e-16 0)
(400 1.91044e-14 0)
(400 2.46326e-14 0)
(400 3.04299e-14 0)
(400 6.14672e-14 0)
(400 7.69304e-14 0)
(400 7.01075e-14 0)
(400 6.0748e-14 0)
(400 5.44982e-14 0)
(400 4.82416e-14 0)
(400 4.4618e-14 0)
(400 3.53461e-14 0)
(400 4.15144e-14 0)
(400 6.25648e-14 0)
(400 8.42442e-14 0)
(400 7.13811e-14 0)
(400 5.17861e-14 0)
(400 3.93944e-14 0)
(400 8.62416e-15 0)
(400 2.13763e-15 0)
(400 -4.43611e-15 0)
(400 -6.24448e-15 0)
(400 -2.09845e-14 0)
(400 -2.98044e-14 0)
(400 -2.30163e-14 0)
(400 -2.82745e-14 0)
(400 -3.43458e-14 0)
(400 -5.21383e-14 0)
(400 -5.18758e-14 0)
(400 -4.43071e-14 0)
(400 -3.69583e-14 0)
(400 -5.6807e-14 0)
(400 -4.92155e-14 0)
(400 -3.12939e-14 0)
(400 -2.07592e-14 0)
(400 -1.95345e-14 0)
(400 -2.5836e-14 0)
(400 -3.77042e-14 0)
(400 -2.89594e-14 0)
(400 -1.34162e-14 0)
(400 -2.07902e-14 0)
(400 -3.71591e-14 0)
(400 -3.40438e-14 0)
(400 -3.59022e-14 0)
(400 -2.81566e-14 0)
(400 -1.82044e-14 0)
(400 -2.01561e-14 0)
(400 -9.07908e-15 0)
(400 8.51412e-15 0)
(400 1.68455e-14 0)
(400 2.51864e-14 0)
(400 3.48725e-14 0)
(400 4.12112e-14 0)
(400 4.11625e-14 0)
(400 4.7605e-14 0)
(400 5.59322e-14 0)
(400 6.23415e-14 0)
(400 4.596e-14 0)
(400 4.04807e-14 0)
(400 4.88032e-14 0)
(400 4.21288e-14 0)
(400 3.42658e-14 0)
(400 3.57389e-14 0)
(400 1.90499e-15 0)
(400 -7.12802e-15 0)
(400 -1.03936e-14 0)
(400 -1.85087e-14 0)
(400 -2.66204e-14 0)
(400 -1.67316e-14 0)
(400 -2.22491e-14 0)
(400 -3.41566e-14 0)
(400 -1.70188e-14 0)
(400 3.29174e-15 0)
(400 8.19838e-16 0)
(400 -6.95014e-15 0)
(400 -1.24766e-14 0)
(400 -1.58459e-14 0)
(400 -1.05697e-14 0)
(400 -2.03362e-14 0)
(400 -2.36861e-14 0)
(400 -3.85105e-14 0)
(400 -5.40537e-14 0)
(400 -4.73978e-14 0)
(400 -3.30497e-14 0)
(400 -4.49304e-14 0)
(400 -4.98652e-14 0)
(400 -4.86027e-14 0)
(400 -4.50984e-14 0)
(400 -4.36147e-14 0)
(400 -5.14147e-14 0)
(400 -6.65072e-14 0)
(400 -7.53216e-14 0)
(400 -7.91228e-14 0)
(400 -8.61448e-14 0)
(400 -8.31502e-14 0)
(400 -7.38866e-14 0)
(400 -6.66923e-14 0)
(400 -6.24916e-14 0)
(400 -4.13127e-14 0)
(400 -3.78906e-14 0)
(400 -4.12163e-14 0)
(400 -4.17558e-14 0)
(400 -4.47468e-14 0)
(400 -4.25909e-14 0)
(400 -1.9641e-14 0)
(400 -3.4036e-15 0)
(400 8.54469e-16 0)
(400 1.85261e-14 0)
(400 5.31834e-14 0)
(400 7.02448e-14 0)
(400 7.34729e-14 0)
(400 7.01525e-14 0)
(400 5.15828e-14 0)
(400 6.50871e-14 0)
(400 6.99385e-14 0)
(400 6.70773e-14 0)
(400 6.86654e-14 0)
(400 7.77856e-14 0)
(400 7.10983e-14 0)
(400 5.24015e-14 0)
(400 3.8587e-14 0)
(400 3.46719e-14 0)
(400 3.5525e-14 0)
(400 4.48291e-14 0)
(400 6.3999e-14 0)
(400 6.11278e-14 0)
(400 6.42693e-14 0)
(400 6.95938e-14 0)
(400 4.13722e-14 0)
(400 2.11491e-14 0)
(400 3.16131e-15 0)
(400 -1.67169e-14 0)
(400 -1.90818e-14 0)
(400 -9.614e-15 0)
(400 1.76994e-14 0)
(400 3.11096e-14 0)
(400 3.02081e-14 0)
(400 2.94919e-14 0)
(400 3.21213e-14 0)
(400 2.9128e-14 0)
(400 4.46584e-14 0)
(400 5.74573e-14 0)
(400 6.32266e-14 0)
(400 5.76694e-14 0)
(400 5.52191e-14 0)
(400 7.64659e-14 0)
(400 7.77116e-14 0)
(400 5.7827e-14 0)
(400 4.98515e-14 0)
(400 3.90067e-14 0)
(400 -1.23536e-15 0)
(400 -8.11262e-15 0)
(400 -5.68779e-15 0)
(400 -1.14573e-14 0)
(400 -3.85916e-15 0)
(400 6.35468e-16 0)
(400 2.35774e-14 0)
(400 2.07274e-14 0)
(400 1.46578e-14 0)
(400 8.14918e-15 0)
(400 2.99862e-15 0)
(400 4.43379e-15 0)
(400 1.08883e-14 0)
(400 -3.82046e-15 0)
(400 -2.07955e-14 0)
(400 -2.40621e-14 0)
(400 -1.48109e-14 0)
(400 -1.63218e-14 0)
(400 -1.66361e-14 0)
(400 -1.32032e-14 0)
(400 -2.83742e-14 0)
(400 -4.7108e-14 0)
(400 -4.81112e-14 0)
(400 -3.61582e-14 0)
(400 -3.86845e-14 0)
(400 -3.55111e-14 0)
(400 -1.41559e-14 0)
(400 9.74097e-15 0)
(400 -3.83464e-15 0)
(400 -1.92643e-14 0)
(400 -1.78022e-14 0)
(400 -1.09059e-14 0)
(400 3.53575e-15 0)
(400 1.44589e-14 0)
(400 9.97153e-15 0)
(400 -5.71997e-16 0)
(400 -2.37251e-14 0)
(400 -2.90437e-14 0)
(400 -2.03124e-14 0)
(400 -2.36102e-14 0)
(400 -1.89281e-14 0)
(400 -2.40056e-14 0)
(400 -8.69375e-15 0)
(400 3.07642e-15 0)
(400 -8.61996e-15 0)
(400 -2.48273e-14 0)
(400 -3.93961e-14 0)
(400 -2.63935e-14 0)
(400 -1.1539e-14 0)
(400 -1.62365e-14 0)
(400 -2.29961e-14 0)
(400 -3.68032e-14 0)
(400 -4.56986e-14 0)
(400 -5.16467e-14 0)
(400 -3.29863e-14 0)
(400 -1.60408e-14 0)
(400 -1.21112e-14 0)
(400 -1.99235e-14 0)
(400 -3.97077e-14 0)
(400 -4.6665e-14 0)
(400 -3.74493e-14 0)
(400 -2.04175e-14 0)
(400 -8.02193e-15 0)
(400 1.09125e-14 0)
(400 2.84268e-14 0)
(400 3.26042e-14 0)
(400 2.76983e-14 0)
(400 2.02766e-14 0)
(400 -7.2962e-15 0)
(400 -4.04837e-14 0)
(400 -6.37152e-14 0)
(400 -6.87032e-14 0)
(400 -6.9884e-14 0)
(400 -8.0806e-14 0)
(400 -7.76704e-14 0)
(400 -7.13852e-14 0)
(400 -7.36601e-14 0)
(400 -7.0417e-14 0)
(400 -6.43941e-14 0)
(400 -6.52899e-14 0)
(400 -5.07211e-14 0)
(400 -4.33376e-14 0)
(400 -4.66866e-14 0)
(400 -6.32205e-14 0)
(400 -5.63203e-14 0)
(400 -5.2402e-14 0)
(400 -5.92335e-14 0)
(400 -5.24325e-14 0)
(400 -5.43095e-14 0)
(400 -5.7133e-14 0)
(400 -3.32597e-14 0)
(400 -2.64566e-14 0)
(400 -2.42957e-14 0)
(400 -2.80235e-14 0)
(400 -2.87861e-14 0)
(400 -9.77723e-15 0)
(400 1.43494e-15 0)
(400 9.90631e-15 0)
(400 5.18795e-15 0)
(400 1.95187e-14 0)
(400 4.17987e-14 0)
(400 4.25554e-14 0)
(400 3.79529e-14 0)
(400 2.58834e-14 0)
(400 1.98794e-14 0)
(400 2.05251e-14 0)
(400 3.61451e-14 0)
(400 4.61688e-14 0)
(400 4.60987e-14 0)
(400 5.36279e-14 0)
(400 5.04689e-14 0)
(400 4.96505e-14 0)
(400 5.15172e-14 0)
(400 2.37677e-14 0)
(400 -4.00503e-15 0)
(400 -1.57917e-14 0)
(400 -2.97867e-14 0)
(400 -3.73662e-14 0)
(400 -5.39048e-14 0)
(400 -5.91199e-14 0)
(400 -5.97685e-14 0)
(400 -4.21541e-14 0)
(400 -2.51005e-14 0)
(400 -3.15993e-14 0)
(400 -4.43742e-14 0)
(400 -4.38096e-14 0)
(400 -3.07614e-14 0)
(400 -2.80878e-14 0)
(400 -2.53726e-14 0)
(400 -2.7728e-14 0)
(400 -3.21599e-14 0)
(400 -3.0013e-14 0)
(400 -1.92117e-14 0)
(400 -1.23631e-14 0)
(400 -1.86756e-14 0)
(400 -2.69899e-14 0)
(400 -2.41442e-14 0)
(400 -2.79428e-14 0)
(400 -3.58093e-14 0)
(400 -4.67194e-14 0)
(400 -4.52914e-14 0)
(400 -4.99865e-14 0)
(400 -6.15435e-14 0)
(400 -7.57777e-14 0)
(400 -7.11586e-14 0)
(400 -4.88845e-14 0)
(400 -3.77778e-14 0)
(400 -3.00563e-14 0)
(400 -1.00575e-14 0)
(400 -1.28517e-15 0)
(400 -5.92866e-15 0)
(400 -6.62703e-15 0)
(400 -2.45296e-15 0)
(400 -1.3367e-15 0)
(400 -9.78648e-15 0)
(400 -8.67295e-15 0)
(400 1.19783e-14 0)
(400 1.90675e-14 0)
(400 2.52028e-14 0)
(400 2.16688e-14 0)
(400 1.59396e-14 0)
(400 1.05993e-14 0)
(400 1.56936e-14 0)
(400 1.01234e-14 0)
(400 1.28791e-14 0)
(400 1.9428e-15 0)
(400 1.74228e-16 0)
(400 4.84486e-15 0)
(400 1.89023e-15 0)
(400 -3.669e-15 0)
(400 -2.11301e-14 0)
(400 -3.72315e-14 0)
(400 -2.00924e-14 0)
(400 7.63411e-15 0)
(400 2.8195e-14 0)
(400 2.00276e-14 0)
(400 2.05307e-15 0)
(400 1.07883e-15 0)
(400 -1.41939e-14 0)
(400 -2.1988e-14 0)
(400 -4.15758e-14 0)
(400 -4.53952e-14 0)
(400 -3.89455e-14 0)
(400 -1.05158e-14 0)
(400 1.22338e-14 0)
(400 4.58855e-15 0)
(400 -6.80547e-15 0)
(400 8.1886e-15 0)
(400 1.53735e-14 0)
(400 3.26848e-14 0)
(400 3.57483e-14 0)
(400 4.19341e-14 0)
(400 5.13148e-14 0)
(400 5.52208e-14 0)
(400 6.05725e-14 0)
(400 4.90003e-14 0)
(400 3.47456e-14 0)
(400 2.71572e-14 0)
(400 3.17455e-14 0)
(400 4.65189e-14 0)
(400 1.46926e-14 0)
(400 1.18192e-14 0)
(400 2.47536e-14 0)
(400 3.2076e-14 0)
(400 2.18541e-14 0)
(400 3.32214e-14 0)
(400 3.48504e-14 0)
(400 2.4386e-14 0)
(400 6.18415e-15 0)
(400 4.71494e-15 0)
(400 5.28174e-15 0)
(400 1.08473e-15 0)
(400 3.17862e-15 0)
(400 -9.33951e-15 0)
(400 -1.72295e-14 0)
(400 3.55018e-15 0)
(400 5.81454e-15 0)
(400 3.03579e-15 0)
(400 1.14028e-15 0)
(400 -1.35429e-14 0)
(400 -1.44951e-14 0)
(400 -1.74944e-15 0)
(400 -3.59968e-15 0)
(400 -7.68611e-15 0)
(400 -1.55619e-14 0)
(400 3.06477e-15 0)
(400 1.47625e-14 0)
(400 1.93844e-14 0)
(400 8.32367e-15 0)
(400 2.54991e-15 0)
(400 2.91948e-15 0)
(400 3.0161e-14 0)
(400 3.32264e-14 0)
(400 1.84557e-14 0)
(400 1.58531e-14 0)
(400 1.00947e-14 0)
(400 7.68825e-15 0)
(400 -2.37085e-15 0)
(400 1.56479e-15 0)
(400 1.38629e-14 0)
(400 3.33496e-14 0)
(400 4.6977e-14 0)
(400 5.03539e-14 0)
(400 3.92871e-14 0)
(400 2.72677e-14 0)
(400 3.8033e-14 0)
(400 2.0394e-14 0)
(400 -4.64458e-16 0)
(400 -1.35155e-14 0)
(400 -3.01755e-15 0)
(400 -3.47997e-15 0)
(400 -1.28747e-14 0)
(400 -2.08939e-14 0)
(400 -1.58861e-14 0)
(400 -2.72188e-14 0)
(400 -3.01767e-14 0)
(400 -9.75444e-15 0)
(400 -1.47902e-14 0)
(400 -4.61771e-14 0)
(400 -5.49842e-14 0)
(400 -4.65526e-14 0)
(400 -3.51465e-14 0)
(400 -2.24742e-14 0)
(400 -1.27539e-14 0)
(400 -6.70426e-15 0)
(400 1.31033e-14 0)
(400 2.84697e-14 0)
(400 3.2253e-14 0)
(400 2.97749e-14 0)
(400 5.54179e-15 0)
(400 -2.42337e-14 0)
(400 -4.67223e-14 0)
(400 -4.17197e-14 0)
(400 -3.56816e-14 0)
(400 -2.98417e-14 0)
(400 -3.53136e-14 0)
(400 -4.31466e-14 0)
(400 -2.88763e-14 0)
(400 -1.14108e-14 0)
(400 1.27519e-14 0)
(400 2.28684e-14 0)
(400 2.35499e-14 0)
(400 1.59534e-14 0)
(400 2.79847e-15 0)
(400 -3.87594e-15 0)
(400 -7.50602e-15 0)
(400 -1.3904e-14 0)
(400 -1.38974e-14 0)
(400 -1.16893e-14 0)
(400 -2.12057e-14 0)
(400 -8.2255e-15 0)
(400 1.04768e-14 0)
(400 8.5421e-15 0)
(400 -1.06687e-15 0)
(400 1.52422e-15 0)
(400 1.3365e-14 0)
(400 2.97602e-14 0)
(400 3.98148e-14 0)
(400 3.21337e-14 0)
(400 4.23942e-14 0)
(400 6.08951e-14 0)
(400 6.20546e-14 0)
(400 4.58398e-14 0)
(400 3.1353e-14 0)
(400 2.66216e-14 0)
(400 3.27983e-14 0)
(400 3.41924e-14 0)
(400 5.74245e-14 0)
(400 6.89488e-14 0)
(400 7.56587e-14 0)
(400 7.84858e-14 0)
(400 7.58997e-14 0)
(400 5.58001e-14 0)
(400 4.66573e-14 0)
(400 1.95131e-14 0)
(400 2.63091e-15 0)
(400 -2.58925e-14 0)
(400 -4.31219e-14 0)
(400 -4.09155e-14 0)
(400 -3.71979e-14 0)
(400 -3.38344e-14 0)
(400 -3.46727e-14 0)
(400 -3.24256e-14 0)
(400 -2.33715e-14 0)
(400 -1.79272e-14 0)
(400 -2.30682e-14 0)
(400 -2.33303e-14 0)
(400 -3.45314e-14 0)
(400 -2.50661e-14 0)
(400 -1.74667e-14 0)
(400 -2.29215e-15 0)
(400 1.14943e-14 0)
(400 2.16064e-14 0)
(400 1.05883e-14 0)
(400 8.07412e-15 0)
(400 2.98678e-15 0)
(400 9.8149e-15 0)
(400 2.07813e-14 0)
(400 1.03226e-14 0)
(400 -4.4823e-15 0)
(400 -1.75321e-14 0)
(400 -1.88923e-14 0)
(400 -1.92867e-14 0)
(400 -1.39508e-14 0)
(400 -1.22246e-14 0)
(400 6.48619e-16 0)
(400 2.88535e-15 0)
(400 6.4579e-15 0)
(400 1.38253e-14 0)
(400 3.186e-14 0)
(400 4.65626e-14 0)
(400 4.60464e-14 0)
(400 5.74036e-14 0)
(400 5.43986e-14 0)
(400 2.3805e-14 0)
(400 1.87045e-14 0)
(400 2.91487e-14 0)
(400 2.65938e-14 0)
(400 1.29458e-14 0)
(400 -1.40337e-15 0)
(400 -3.50621e-15 0)
(400 5.28627e-15 0)
(400 8.81444e-15 0)
(400 1.71278e-15 0)
(400 1.18781e-15 0)
(400 3.70709e-15 0)
(400 4.30739e-15 0)
(400 -5.28006e-15 0)
(400 1.16906e-14 0)
(400 1.24178e-14 0)
(400 -8.0119e-15 0)
(400 -1.88865e-14 0)
(400 -1.60822e-14 0)
(400 1.2451e-15 0)
(400 1.04072e-14 0)
(400 1.01653e-14 0)
(400 -3.92798e-15 0)
(400 -1.77938e-14 0)
(400 -9.10832e-15 0)
(400 -1.46436e-15 0)
(400 -1.81797e-15 0)
(400 -6.00322e-15 0)
(400 -9.52646e-15 0)
(400 8.70651e-15 0)
(400 1.20307e-14 0)
(400 -2.61572e-15 0)
(400 -3.63994e-15 0)
(400 -5.86656e-15 0)
(400 9.6136e-15 0)
(400 3.0923e-14 0)
(400 3.45956e-14 0)
(400 3.06716e-14 0)
(400 2.69085e-14 0)
(400 4.34569e-14 0)
(400 5.67152e-14 0)
(400 4.23253e-14 0)
(400 2.89803e-14 0)
(400 4.02339e-14 0)
(400 6.50188e-14 0)
(400 7.4934e-14 0)
(400 -2.21919e-15 0)
(400 4.58913e-15 0)
(400 1.8413e-14 0)
(400 3.13862e-14 0)
(400 4.34148e-14 0)
(400 5.03961e-14 0)
(400 4.00841e-14 0)
(400 4.36928e-14 0)
(400 3.32492e-14 0)
(400 2.19525e-14 0)
(400 3.22714e-14 0)
(400 2.96781e-14 0)
(400 1.56323e-14 0)
(400 1.46796e-14 0)
(400 2.06178e-14 0)
(400 2.50711e-14 0)
(400 7.56327e-15 0)
(400 -1.61113e-14 0)
(400 -1.52896e-14 0)
(400 -2.82588e-14 0)
(400 -2.89692e-14 0)
(400 -1.90454e-14 0)
(400 -1.98036e-14 0)
(400 -1.33654e-14 0)
(400 1.01762e-14 0)
(400 2.45198e-14 0)
(400 1.04729e-14 0)
(400 -5.39841e-15 0)
(400 1.27393e-14 0)
(400 4.14483e-14 0)
(400 3.91075e-14 0)
(400 3.26289e-14 0)
(400 9.62088e-15 0)
(400 -1.36587e-14 0)
(400 -1.09848e-14 0)
(400 -1.55112e-15 0)
(400 3.00025e-15 0)
(400 -2.82052e-15 0)
(400 -1.96119e-15 0)
(400 2.11429e-14 0)
(400 5.25336e-14 0)
(400 6.23963e-14 0)
(400 6.18072e-14 0)
(400 5.42669e-14 0)
(400 5.16344e-14 0)
(400 5.03402e-14 0)
(400 4.31119e-14 0)
(400 2.26793e-14 0)
(400 -1.33426e-14 0)
(400 -2.53304e-14 0)
(400 -1.43968e-14 0)
(400 -3.72257e-15 0)
(400 -3.07617e-15 0)
(400 4.5421e-16 0)
(400 -1.46214e-14 0)
(400 -2.196e-14 0)
(400 -1.47105e-14 0)
(400 -1.25804e-14 0)
(400 -2.95498e-14 0)
(400 -3.46134e-14 0)
(400 -3.67188e-14 0)
(400 -5.5309e-14 0)
(400 -5.02988e-14 0)
(400 -3.28171e-14 0)
(400 -2.91121e-14 0)
(400 -3.08583e-14 0)
(400 -1.31753e-14 0)
(400 -7.10759e-15 0)
(400 -1.22754e-14 0)
(400 -2.02908e-14 0)
(400 -4.19155e-14 0)
(400 -7.05327e-14 0)
(400 -7.27992e-14 0)
(400 -6.80302e-14 0)
(400 -6.13611e-14 0)
(400 -5.94139e-14 0)
(400 -6.85688e-14 0)
(400 -5.6237e-14 0)
(400 -5.02988e-14 0)
(400 -4.10494e-14 0)
(400 -4.46167e-14 0)
(400 -5.06991e-14 0)
(400 -4.48422e-14 0)
(400 -4.1121e-14 0)
(400 -4.08357e-14 0)
(400 -3.1284e-14 0)
(400 -3.05961e-14 0)
(400 -1.58758e-14 0)
(400 -5.3908e-15 0)
(400 -1.36791e-15 0)
(400 -1.09351e-14 0)
(400 -2.40915e-16 0)
(400 1.05032e-14 0)
(400 1.31548e-14 0)
(400 2.66349e-14 0)
(400 2.60101e-14 0)
(400 2.15994e-14 0)
(400 3.20853e-14 0)
(400 4.49018e-14 0)
(400 5.33162e-14 0)
(400 5.42296e-14 0)
(400 5.45864e-14 0)
(400 4.55624e-14 0)
(400 4.44847e-14 0)
(400 3.23744e-14 0)
(400 1.95376e-14 0)
(400 6.09555e-15 0)
(400 2.09603e-14 0)
(400 4.71515e-14 0)
(400 5.59323e-14 0)
(400 5.42555e-14 0)
(400 3.91284e-14 0)
(400 2.17803e-14 0)
(400 3.39612e-14 0)
(400 2.86942e-14 0)
(400 -2.64791e-15 0)
(400 -3.78095e-14 0)
(400 -3.36739e-14 0)
(400 -2.99888e-14 0)
(400 -3.6097e-14 0)
(400 -3.7542e-14 0)
(400 -3.85488e-14 0)
(400 -3.32898e-14 0)
(400 -1.62967e-14 0)
(400 8.89077e-16 0)
(400 7.24854e-15 0)
(400 7.22183e-16 0)
(400 -3.5314e-15 0)
(400 -8.34569e-15 0)
(400 -2.73841e-14 0)
(400 -2.7461e-14 0)
(400 -1.74292e-14 0)
(400 -1.47718e-14 0)
(400 -1.57193e-14 0)
(400 -1.97577e-14 0)
(400 -2.8623e-14 0)
(400 -3.47623e-14 0)
(400 -3.7125e-14 0)
(400 -3.29977e-14 0)
(400 -3.32103e-14 0)
(400 -3.52429e-14 0)
(400 -4.42317e-14 0)
(400 -3.19261e-14 0)
(400 -6.4377e-15 0)
(400 1.9643e-16 0)
(400 -2.51786e-17 0)
(400 -1.46515e-15 0)
(400 1.32943e-15 0)
(400 1.52436e-14 0)
(400 2.70403e-14 0)
(400 3.32041e-14 0)
(400 2.96991e-14 0)
(400 2.81065e-14 0)
(400 2.49628e-14 0)
(400 2.25949e-14 0)
(400 2.22654e-14 0)
(400 -5.64209e-16 0)
(400 -3.80146e-15 0)
(400 -6.68587e-15 0)
(400 -1.14151e-14 0)
(400 -8.82541e-15 0)
(400 -1.62292e-14 0)
(400 -2.83126e-14 0)
(400 -3.48027e-14 0)
(400 -4.16065e-14 0)
(400 -2.58357e-14 0)
(400 -1.62663e-14 0)
(400 -8.01234e-15 0)
(400 2.00653e-15 0)
(400 -4.82747e-15 0)
(400 -1.36457e-14 0)
(400 -1.82733e-14 0)
(400 -1.37709e-14 0)
(400 -8.17763e-15 0)
(400 -1.0444e-14 0)
(400 -7.57519e-15 0)
(400 -1.23349e-14 0)
(400 -2.46042e-14 0)
(400 -1.87421e-14 0)
(400 -2.22456e-14 0)
(400 4.40593e-15 0)
(400 1.05957e-14 0)
(400 9.82689e-15 0)
(400 2.28523e-14 0)
(400 1.77281e-14 0)
(400 6.84464e-15 0)
(400 1.53851e-14 0)
(400 1.4466e-14 0)
(400 2.04621e-14 0)
(400 4.65583e-15 0)
(400 -8.32588e-15 0)
(400 -6.42837e-15 0)
(400 -1.10673e-15 0)
(400 1.73629e-14 0)
(400 2.58433e-14 0)
(400 2.67758e-14 0)
(400 1.92847e-14 0)
(400 2.19286e-14 0)
(400 3.13936e-14 0)
(400 3.96593e-14 0)
(400 -2.99967e-15 0)
(400 -4.76358e-15 0)
(400 2.09446e-14 0)
(400 4.22514e-14 0)
(400 5.52874e-14 0)
(400 4.78688e-14 0)
(400 3.83032e-14 0)
(400 3.24156e-14 0)
(400 2.65232e-14 0)
(400 2.02741e-14 0)
(400 1.36994e-14 0)
(400 4.02533e-15 0)
(400 -4.93268e-15 0)
(400 1.61196e-15 0)
(400 3.83844e-15 0)
(400 -1.88929e-14 0)
(400 -2.83453e-14 0)
(400 -3.81825e-14 0)
(400 -3.44441e-14 0)
(400 -3.57248e-14 0)
(400 -2.8669e-14 0)
(400 -3.36144e-14 0)
(400 -2.30588e-14 0)
(400 1.80389e-15 0)
(400 2.40585e-14 0)
(400 3.12835e-14 0)
(400 3.35515e-14 0)
(400 2.11602e-14 0)
(400 3.09892e-14 0)
(400 4.48801e-14 0)
(400 5.16594e-14 0)
(400 1.95184e-14 0)
(400 7.63216e-16 0)
(400 2.75011e-15 0)
(400 -5.16591e-15 0)
(400 -1.63938e-14 0)
(400 -2.66785e-14 0)
(400 -1.65781e-14 0)
(400 6.60624e-15 0)
(400 1.11807e-14 0)
(400 3.20964e-14 0)
(400 3.32825e-14 0)
(400 3.11913e-14 0)
(400 2.90377e-14 0)
(400 2.48709e-14 0)
(400 1.26944e-14 0)
(400 -2.14353e-15 0)
(400 -6.90317e-15 0)
(400 -1.75867e-14 0)
(400 -2.49576e-14 0)
(400 -5.00185e-15 0)
(400 7.70227e-15 0)
(400 5.05857e-15 0)
(400 -7.55986e-15 0)
(400 -1.25275e-14 0)
(400 -1.53018e-14 0)
(400 -2.02268e-14 0)
(400 -6.42617e-15 0)
(400 8.21497e-15 0)
(400 7.19402e-15 0)
(400 1.0134e-14 0)
(400 1.04559e-14 0)
(400 1.25692e-15 0)
(400 -7.57231e-15 0)
(400 -1.30563e-14 0)
(400 -1.69503e-14 0)
(400 -1.69879e-14 0)
(400 -2.11057e-14 0)
(400 -2.66645e-14 0)
(400 -3.59078e-14 0)
(400 -3.90689e-14 0)
(400 -3.85673e-14 0)
(400 -4.20812e-14 0)
(400 -4.73147e-14 0)
(400 -5.55298e-14 0)
(400 -5.43139e-14 0)
(400 -5.03214e-14 0)
(400 -3.70311e-14 0)
(400 -3.78315e-14 0)
(400 -4.85898e-14 0)
(400 -4.61759e-14 0)
(400 -3.94838e-14 0)
(400 -4.2874e-14 0)
(400 -3.86324e-14 0)
(400 -4.48582e-14 0)
(400 -4.49189e-14 0)
(400 -2.52896e-14 0)
(400 -1.01069e-14 0)
(400 5.6468e-15 0)
(400 7.79126e-15 0)
(400 7.79932e-15 0)
(400 1.19232e-14 0)
(400 1.62916e-14 0)
(400 4.52217e-14 0)
(400 6.12596e-14 0)
(400 6.64203e-14 0)
(400 7.01473e-14 0)
(400 7.0055e-14 0)
(400 8.83099e-14 0)
(400 9.54383e-14 0)
(400 7.04384e-14 0)
(400 4.34572e-14 0)
(400 3.8472e-14 0)
(400 4.41469e-14 0)
(400 4.09373e-14 0)
(400 2.79774e-14 0)
(400 2.27364e-14 0)
(400 2.17619e-14 0)
(400 3.85018e-14 0)
(400 3.10187e-14 0)
(400 1.81716e-14 0)
(400 1.51776e-14 0)
(400 2.56378e-14 0)
(400 2.49847e-14 0)
(400 5.26746e-15 0)
(400 -1.2258e-14 0)
(400 -3.40127e-14 0)
(400 -3.57611e-14 0)
(400 -3.77532e-14 0)
(400 -3.98385e-14 0)
(400 -4.01345e-14 0)
(400 -5.03097e-14 0)
(400 -5.66647e-14 0)
(400 -3.36247e-14 0)
(400 -2.01994e-14 0)
(400 -1.84398e-14 0)
(400 -1.58409e-14 0)
(400 -1.81268e-14 0)
(400 -1.68888e-14 0)
(400 -3.7838e-14 0)
(400 -6.0884e-14 0)
(400 -5.14545e-14 0)
(400 -3.17018e-14 0)
(400 -1.54467e-14 0)
(400 -1.18563e-14 0)
(400 -4.37535e-15 0)
(400 -1.24856e-14 0)
(400 -1.31728e-14 0)
(400 -6.8908e-15 0)
(400 -8.23597e-15 0)
(400 -1.59223e-14 0)
(400 -4.55071e-15 0)
(400 7.14578e-15 0)
(400 1.29278e-14 0)
(400 1.8682e-14 0)
(400 1.35067e-14 0)
(400 1.27949e-14 0)
(400 -2.96644e-15 0)
(400 -6.20657e-16 0)
(400 -3.55983e-15 0)
(400 -5.55016e-15 0)
(400 -5.36325e-15 0)
(400 -1.24919e-14 0)
(400 -6.85772e-15 0)
(400 -1.0149e-14 0)
(400 -2.31959e-14 0)
(400 -3.65518e-14 0)
(400 -4.48818e-14 0)
(400 -3.92963e-14 0)
(400 -2.6314e-14 0)
(400 -2.53497e-14 0)
(400 -2.94546e-14 0)
(400 -2.61193e-14 0)
(400 -2.83785e-14 0)
(400 -3.34092e-14 0)
(400 -2.7135e-14 0)
(400 -1.81061e-14 0)
(400 -1.95618e-15 0)
(400 -7.90267e-17 0)
(400 1.25547e-14 0)
(400 2.26802e-14 0)
(400 2.12583e-14 0)
(400 2.5497e-14 0)
(400 1.33659e-14 0)
(400 -8.68538e-15 0)
(400 -4.59587e-15 0)
(400 4.95938e-15 0)
(400 -1.53155e-15 0)
(400 -7.51219e-15 0)
(400 1.42703e-15 0)
(400 1.9029e-14 0)
(400 3.19152e-14 0)
(400 4.42723e-14 0)
(400 4.7254e-14 0)
(400 3.34343e-14 0)
(400 2.21566e-14 0)
(400 1.6087e-14 0)
(400 2.31972e-14 0)
(400 1.09951e-14 0)
(400 -1.21317e-15 0)
(400 -2.31285e-14 0)
(400 -2.2099e-14 0)
(400 1.20764e-14 0)
(400 2.44007e-14 0)
(400 4.35195e-14 0)
(400 5.51752e-14 0)
(400 5.37804e-14 0)
(400 4.95464e-14 0)
(400 3.73126e-14 0)
(400 3.86614e-14 0)
(400 -4.77808e-15 0)
(400 1.41685e-14 0)
(400 3.90981e-14 0)
(400 6.0044e-14 0)
(400 5.36883e-14 0)
(400 4.02345e-14 0)
(400 3.66527e-14 0)
(400 1.57925e-14 0)
(400 3.05837e-14 0)
(400 2.47987e-14 0)
(400 -8.12433e-15 0)
(400 -2.40755e-14 0)
(400 -1.748e-14 0)
(400 -7.29412e-15 0)
(400 -1.32485e-14 0)
(400 -3.47774e-14 0)
(400 -3.5156e-14 0)
(400 -3.95964e-14 0)
(400 -5.101e-14 0)
(400 -4.20445e-14 0)
(400 -4.46976e-14 0)
(400 -3.47044e-14 0)
(400 -1.67901e-14 0)
(400 -9.29432e-15 0)
(400 -1.06784e-14 0)
(400 8.32853e-15 0)
(400 3.44639e-14 0)
(400 4.16406e-14 0)
(400 4.60374e-14 0)
(400 3.77349e-14 0)
(400 3.87817e-14 0)
(400 2.39384e-14 0)
(400 2.5656e-14 0)
(400 4.19324e-14 0)
(400 3.25361e-14 0)
(400 1.434e-14 0)
(400 -4.26866e-15 0)
(400 2.07806e-14 0)
(400 6.43902e-14 0)
(400 6.83364e-14 0)
(400 5.86165e-14 0)
(400 5.12406e-14 0)
(400 5.61242e-14 0)
(400 5.36953e-14 0)
(400 5.59701e-14 0)
(400 5.41907e-14 0)
(400 5.63398e-14 0)
(400 4.8405e-14 0)
(400 5.48439e-14 0)
(400 5.79564e-14 0)
(400 4.45654e-14 0)
(400 2.90006e-14 0)
(400 1.61931e-14 0)
(400 9.10736e-16 0)
(400 8.68464e-16 0)
(400 -6.64181e-15 0)
(400 -3.56782e-14 0)
(400 -3.96123e-14 0)
(400 -2.40604e-14 0)
(400 -2.47715e-14 0)
(400 -2.77422e-14 0)
(400 -2.30688e-14 0)
(400 -3.31543e-14 0)
(400 -6.40566e-14 0)
(400 -7.18955e-14 0)
(400 -6.02287e-14 0)
(400 -5.64648e-14 0)
(400 -5.32748e-14 0)
(400 -5.77182e-14 0)
(400 -5.04215e-14 0)
(400 -2.97519e-14 0)
(400 -5.68927e-15 0)
(400 -5.61615e-15 0)
(400 -2.53875e-14 0)
(400 -3.95849e-14 0)
(400 -4.15407e-14 0)
(400 -3.35303e-14 0)
(400 -2.13075e-14 0)
(400 -2.68199e-14 0)
(400 -4.00899e-14 0)
(400 -2.41973e-14 0)
(400 -1.50606e-14 0)
(400 -1.21578e-14 0)
(400 -9.90967e-15 0)
(400 -8.32147e-15 0)
(400 2.33371e-15 0)
(400 1.35408e-14 0)
(400 1.54674e-14 0)
(400 2.47508e-14 0)
(400 3.57385e-14 0)
(400 4.81331e-14 0)
(400 5.03211e-14 0)
(400 4.10009e-14 0)
(400 7.0853e-14 0)
(400 9.57864e-14 0)
(400 9.87756e-14 0)
(400 1.14656e-13 0)
(400 1.12571e-13 0)
(400 1.20802e-13 0)
(400 1.12524e-13 0)
(400 7.84546e-14 0)
(400 5.65519e-14 0)
(400 5.49424e-14 0)
(400 5.4048e-14 0)
(400 5.04394e-14 0)
(400 4.11114e-14 0)
(400 3.56149e-14 0)
(400 1.27032e-14 0)
(400 5.23349e-15 0)
(400 -7.95925e-15 0)
(400 5.59722e-15 0)
(400 1.21109e-14 0)
(400 -3.53865e-15 0)
(400 -1.64342e-14 0)
(400 -2.69068e-14 0)
(400 -3.32294e-14 0)
(400 -3.47405e-14 0)
(400 -5.72248e-14 0)
(400 -5.52749e-14 0)
(400 -3.83722e-14 0)
(400 -2.9181e-14 0)
(400 -2.3343e-14 0)
(400 -3.22251e-14 0)
(400 -1.65717e-14 0)
(400 -5.25246e-15 0)
(400 -9.67378e-15 0)
(400 -8.01036e-15 0)
(400 -2.97629e-15 0)
(400 2.58836e-15 0)
(400 3.76455e-15 0)
(400 8.83886e-16 0)
(400 -6.40793e-15 0)
(400 -1.36598e-15 0)
(400 1.42367e-14 0)
(400 3.85142e-14 0)
(400 4.85318e-14 0)
(400 4.84487e-14 0)
(400 6.36844e-14 0)
(400 6.40919e-14 0)
(400 6.32277e-14 0)
(400 6.64531e-14 0)
(400 8.65786e-14 0)
(400 8.85993e-14 0)
(400 8.54208e-14 0)
(400 6.90549e-14 0)
(400 4.80123e-14 0)
(400 3.97127e-14 0)
(400 2.70997e-14 0)
(400 -3.09371e-15 0)
(400 -3.34946e-14 0)
(400 -3.81808e-14 0)
(400 -2.0261e-14 0)
(400 -2.64279e-14 0)
(400 -2.8998e-14 0)
(400 -2.91064e-14 0)
(400 -4.19912e-14 0)
(400 -4.33836e-14 0)
(400 -5.66626e-14 0)
(400 -6.79974e-14 0)
(400 -6.50077e-14 0)
(400 -5.7872e-14 0)
(400 -3.2811e-14 0)
(400 -1.40135e-14 0)
(400 -8.70074e-15 0)
(400 -1.96136e-14 0)
(400 -1.25871e-14 0)
(400 -1.06851e-14 0)
(400 -1.86603e-14 0)
(400 -2.06149e-14 0)
(400 -1.80575e-14 0)
(400 -7.38516e-15 0)
(400 -7.49953e-15 0)
(400 -3.28008e-14 0)
(400 -6.52987e-14 0)
(400 -8.06784e-14 0)
(400 -6.06951e-14 0)
(400 -4.55538e-14 0)
(400 -3.07928e-14 0)
(400 -4.58185e-14 0)
(400 -3.80404e-14 0)
(400 -3.22225e-14 0)
(400 -2.34452e-14 0)
(400 -1.37038e-14 0)
(400 -3.76435e-15 0)
(400 -4.00369e-15 0)
(400 1.42951e-15 0)
(400 -3.90174e-15 0)
(400 -1.09567e-14 0)
(400 -3.84815e-14 0)
(400 -4.80273e-14 0)
(400 -2.83762e-14 0)
(400 -1.33145e-14 0)
(400 2.01287e-15 0)
(400 9.43002e-15 0)
(400 2.30484e-14 0)
(400 4.5762e-14 0)
(400 7.46657e-14 0)
(400 8.90478e-14 0)
(400 8.16841e-14 0)
(400 6.94846e-14 0)
(400 5.77137e-15 0)
(400 3.59717e-14 0)
(400 3.71006e-14 0)
(400 3.76095e-14 0)
(400 3.68795e-14 0)
(400 3.54873e-14 0)
(400 2.6085e-14 0)
(400 8.35676e-15 0)
(400 1.24406e-14 0)
(400 1.69945e-15 0)
(400 -2.11744e-14 0)
(400 -3.07379e-14 0)
(400 -3.33848e-14 0)
(400 -4.71078e-14 0)
(400 -5.94215e-14 0)
(400 -7.63994e-14 0)
(400 -7.52648e-14 0)
(400 -7.37694e-14 0)
(400 -7.67532e-14 0)
(400 -6.43585e-14 0)
(400 -7.62989e-14 0)
(400 -6.77604e-14 0)
(400 -4.99736e-14 0)
(400 -3.6853e-14 0)
(400 -4.49634e-14 0)
(400 -4.75549e-14 0)
(400 -3.35382e-14 0)
(400 -1.8387e-14 0)
(400 -1.43026e-14 0)
(400 -1.32794e-14 0)
(400 -2.20537e-14 0)
(400 -2.3139e-14 0)
(400 -1.59879e-14 0)
(400 -7.85324e-15 0)
(400 -4.67942e-15 0)
(400 -2.86702e-15 0)
(400 9.41641e-15 0)
(400 4.08398e-14 0)
(400 6.97795e-14 0)
(400 7.14349e-14 0)
(400 5.31456e-14 0)
(400 5.50839e-14 0)
(400 7.13969e-14 0)
(400 8.9229e-14 0)
(400 7.82503e-14 0)
(400 7.80683e-14 0)
(400 8.50296e-14 0)
(400 8.44681e-14 0)
(400 8.13665e-14 0)
(400 6.52755e-14 0)
(400 4.28948e-14 0)
(400 1.46062e-15 0)
(400 -1.31911e-14 0)
(400 -1.59582e-14 0)
(400 -3.1328e-14 0)
(400 -4.63995e-14 0)
(400 -6.34626e-14 0)
(400 -6.27623e-14 0)
(400 -4.95471e-14 0)
(400 -4.1279e-14 0)
(400 -4.87832e-14 0)
(400 -7.8091e-14 0)
(400 -8.31213e-14 0)
(400 -9.51116e-14 0)
(400 -9.58091e-14 0)
(400 -8.70367e-14 0)
(400 -8.28709e-14 0)
(400 -6.77129e-14 0)
(400 -5.88274e-14 0)
(400 -5.81233e-14 0)
(400 -4.66929e-14 0)
(400 -2.99644e-14 0)
(400 -1.93823e-14 0)
(400 -2.42021e-14 0)
(400 -2.90214e-14 0)
(400 -2.15541e-14 0)
(400 -5.05438e-15 0)
(400 -3.28761e-15 0)
(400 -5.98803e-15 0)
(400 -2.6559e-14 0)
(400 -2.78479e-14 0)
(400 -1.97833e-14 0)
(400 -3.09009e-15 0)
(400 -4.18687e-15 0)
(400 1.24086e-14 0)
(400 3.42612e-14 0)
(400 2.5657e-14 0)
(400 2.62023e-14 0)
(400 1.71367e-14 0)
(400 1.67713e-14 0)
(400 2.89664e-14 0)
(400 2.79127e-14 0)
(400 2.0291e-14 0)
(400 9.75046e-15 0)
(400 2.58284e-14 0)
(400 3.84608e-14 0)
(400 4.26122e-14 0)
(400 4.77026e-14 0)
(400 3.74933e-14 0)
(400 3.526e-14 0)
(400 4.63867e-14 0)
(400 5.31569e-14 0)
(400 4.80784e-14 0)
(400 4.04581e-14 0)
(400 3.20615e-14 0)
(400 2.60272e-14 0)
(400 2.55332e-14 0)
(400 8.78349e-15 0)
(400 -2.16646e-14 0)
(400 -2.31085e-14 0)
(400 -4.88975e-15 0)
(400 -7.70512e-15 0)
(400 -2.81467e-14 0)
(400 -3.92647e-14 0)
(400 -2.26128e-14 0)
(400 -1.43254e-14 0)
(400 -7.98094e-15 0)
(400 -2.75094e-14 0)
(400 -4.97142e-14 0)
(400 -4.02867e-14 0)
(400 -2.06902e-14 0)
(400 -2.6523e-15 0)
(400 -6.57756e-15 0)
(400 -2.67936e-14 0)
(400 -2.71437e-14 0)
(400 -7.55866e-15 0)
(400 1.92937e-14 0)
(400 1.26602e-14 0)
(400 -1.00217e-14 0)
(400 -4.42069e-15 0)
(400 1.91832e-14 0)
(400 1.57114e-14 0)
(400 2.82999e-15 0)
(400 5.93728e-15 0)
(400 2.32042e-14 0)
(400 2.27954e-14 0)
(400 2.96688e-14 0)
(400 1.55406e-14 0)
(400 1.15972e-14 0)
(400 1.09734e-14 0)
(400 2.09117e-14 0)
(400 1.62117e-14 0)
(400 1.55267e-14 0)
(400 6.45673e-15 0)
(400 -5.58674e-15 0)
(400 -3.88219e-15 0)
(400 -1.93252e-14 0)
(400 -2.33719e-14 0)
(400 -3.98089e-14 0)
(400 -5.69307e-14 0)
(400 -7.20694e-14 0)
(400 -7.43666e-14 0)
(400 -8.2984e-14 0)
(400 -9.58705e-14 0)
(400 -8.62664e-14 0)
(400 -9.05293e-14 0)
(400 -9.80997e-14 0)
(400 -1.04338e-13 0)
(400 -1.08438e-13 0)
(400 -1.03397e-13 0)
(400 -9.33675e-14 0)
(400 -8.23557e-14 0)
(400 -4.15034e-14 0)
(400 -1.32063e-14 0)
(400 -1.8871e-15 0)
(400 2.05794e-15 0)
(400 -1.8786e-16 0)
(400 2.54689e-15 0)
(400 3.98275e-15 0)
(400 -3.58467e-16 0)
(400 8.40411e-15 0)
(400 2.0776e-14 0)
(400 -1.52166e-14 0)
(400 -4.72197e-14 0)
(400 -4.79089e-14 0)
(400 -4.76267e-14 0)
(400 -5.01534e-14 0)
(400 -4.39307e-14 0)
(400 -4.44585e-14 0)
(400 -2.66768e-14 0)
(400 -2.63271e-14 0)
(400 -3.18008e-14 0)
(400 -2.9828e-14 0)
(400 -2.22418e-14 0)
(400 -8.72387e-15 0)
(400 -1.34211e-14 0)
(400 -2.12309e-14 0)
(400 -1.91997e-14 0)
(400 -4.5638e-14 0)
(400 -6.53948e-14 0)
(400 -4.47284e-14 0)
(400 -2.49642e-14 0)
(400 -2.26657e-14 0)
(400 -1.19544e-14 0)
(400 -1.2996e-14 0)
(400 4.9141e-16 0)
(400 3.50096e-14 0)
(400 5.91604e-14 0)
(400 6.94914e-14 0)
(400 6.76357e-14 0)
(400 2.4981e-15 0)
(400 1.89764e-14 0)
(400 1.19179e-14 0)
(400 1.03388e-15 0)
(400 -3.67519e-15 0)
(400 1.23007e-15 0)
(400 1.62538e-15 0)
(400 -9.82984e-16 0)
(400 -2.13176e-14 0)
(400 -2.30299e-14 0)
(400 -1.7156e-14 0)
(400 -2.48993e-14 0)
(400 -3.58006e-14 0)
(400 -6.58779e-14 0)
(400 -9.10991e-14 0)
(400 -7.75359e-14 0)
(400 -7.50399e-14 0)
(400 -6.08448e-14 0)
(400 -6.37899e-14 0)
(400 -7.04698e-14 0)
(400 -6.35684e-14 0)
(400 -4.80983e-14 0)
(400 -4.17696e-14 0)
(400 -4.37357e-14 0)
(400 -3.30357e-14 0)
(400 -3.07149e-14 0)
(400 -2.96699e-14 0)
(400 -1.36612e-14 0)
(400 -1.01415e-16 0)
(400 -5.74187e-15 0)
(400 -1.70363e-14 0)
(400 -2.08448e-14 0)
(400 -1.66639e-14 0)
(400 -1.71731e-14 0)
(400 -2.17314e-14 0)
(400 -6.81302e-15 0)
(400 2.01107e-14 0)
(400 3.07444e-14 0)
(400 3.78141e-14 0)
(400 3.83598e-14 0)
(400 4.84826e-14 0)
(400 5.2259e-14 0)
(400 5.86695e-14 0)
(400 8.42665e-14 0)
(400 7.50146e-14 0)
(400 7.44876e-14 0)
(400 6.81038e-14 0)
(400 7.21105e-14 0)
(400 8.21645e-14 0)
(400 6.9979e-14 0)
(400 6.06388e-14 0)
(400 4.59697e-14 0)
(400 4.25733e-14 0)
(400 4.55417e-14 0)
(400 2.82781e-14 0)
(400 9.47909e-15 0)
(400 1.5089e-14 0)
(400 2.74795e-14 0)
(400 3.72254e-14 0)
(400 2.6075e-14 0)
(400 2.54277e-14 0)
(400 2.77267e-15 0)
(400 -1.35658e-14 0)
(400 -1.50601e-14 0)
(400 -3.68393e-14 0)
(400 -4.09562e-14 0)
(400 -2.96867e-14 0)
(400 -2.42047e-14 0)
(400 -1.09625e-14 0)
(400 -2.20472e-14 0)
(400 -4.35289e-14 0)
(400 -4.60181e-14 0)
(400 -3.01906e-14 0)
(400 2.85415e-15 0)
(400 4.85071e-16 0)
(400 4.01771e-15 0)
(400 2.79717e-14 0)
(400 2.46467e-14 0)
(400 3.54004e-14 0)
(400 3.70463e-14 0)
(400 1.90236e-14 0)
(400 2.13316e-14 0)
(400 3.29179e-14 0)
(400 4.37908e-14 0)
(400 4.73346e-14 0)
(400 4.68786e-14 0)
(400 4.90617e-14 0)
(400 4.49081e-14 0)
(400 2.737e-14 0)
(400 1.59576e-14 0)
(400 2.26406e-14 0)
(400 4.55501e-15 0)
(400 3.10206e-15 0)
(400 -1.82068e-14 0)
(400 -3.39092e-14 0)
(400 -1.26032e-14 0)
(400 1.07479e-15 0)
(400 7.4367e-15 0)
(400 -1.90059e-14 0)
(400 -3.75472e-14 0)
(400 -1.37905e-14 0)
(400 1.36062e-14 0)
(400 8.60332e-15 0)
(400 -8.06275e-15 0)
(400 -1.58572e-14 0)
(400 2.50488e-15 0)
(400 1.40387e-14 0)
(400 6.19778e-15 0)
(400 -2.80881e-14 0)
(400 -3.36333e-14 0)
(400 -2.87693e-14 0)
(400 -2.9012e-14 0)
(400 -3.74997e-14 0)
(400 -4.56367e-14 0)
(400 -3.00297e-14 0)
(400 -8.66616e-17 0)
(400 1.25172e-14 0)
(400 2.2752e-15 0)
(400 -1.51915e-14 0)
(400 -1.52253e-14 0)
(400 -4.93164e-15 0)
(400 2.29143e-15 0)
(400 -2.8727e-15 0)
(400 -2.17977e-14 0)
(400 -2.10797e-14 0)
(400 1.72499e-14 0)
(400 4.41703e-14 0)
(400 4.9176e-14 0)
(400 4.30787e-14 0)
(400 3.84104e-14 0)
(400 4.3498e-14 0)
(400 5.06692e-14 0)
(400 4.6281e-14 0)
(400 4.64348e-14 0)
(400 3.78578e-14 0)
(400 3.99832e-14 0)
(400 2.70552e-14 0)
(400 -3.37238e-15 0)
(400 -2.10583e-14 0)
(400 -2.64203e-14 0)
(400 -4.28163e-14 0)
(400 -6.32435e-14 0)
(400 -6.31978e-14 0)
(400 -6.47041e-14 0)
(400 -5.59981e-14 0)
(400 -4.69376e-14 0)
(400 -4.66357e-14 0)
(400 -3.27836e-14 0)
(400 -1.54868e-14 0)
(400 -2.42185e-14 0)
(400 -2.69194e-14 0)
(400 -4.2379e-14 0)
(400 -6.16146e-14 0)
(400 -6.23866e-14 0)
(400 -6.46302e-14 0)
(400 -5.87437e-14 0)
(400 -6.5319e-14 0)
(400 -6.95767e-14 0)
(400 -5.19606e-14 0)
(400 -5.0293e-14 0)
(400 -4.88777e-14 0)
(400 -4.15555e-14 0)
(400 -1.83816e-14 0)
(400 1.50543e-14 0)
(400 4.91395e-14 0)
(400 5.73625e-14 0)
(400 5.96089e-14 0)
(400 4.79313e-14 0)
(400 3.74678e-14 0)
(400 3.28365e-14 0)
(400 3.82636e-14 0)
(400 2.97719e-14 0)
(400 4.11176e-15 0)
(400 -1.59718e-14 0)
(400 -2.79732e-14 0)
(400 -3.7946e-14 0)
(400 -3.42863e-14 0)
(400 -2.91241e-14 0)
(400 -1.91452e-14 0)
(400 -3.65488e-15 0)
(400 2.9989e-15 0)
(400 -6.78689e-15 0)
(400 -2.83744e-14 0)
(400 -4.90503e-14 0)
(400 -5.29361e-14 0)
(400 -5.20613e-14 0)
(400 -6.0816e-14 0)
(400 -6.36652e-14 0)
(400 -6.41278e-14 0)
(400 -6.41206e-14 0)
(400 -6.24893e-14 0)
(400 -6.12837e-14 0)
(400 -5.59226e-14 0)
(400 -4.81973e-14 0)
(400 -3.83643e-14 0)
(400 -1.25371e-14 0)
(400 1.93613e-14 0)
(400 3.83003e-14 0)
(400 5.35832e-14 0)
(400 5.56946e-14 0)
(400 -3.68423e-15 0)
(400 -1.16003e-14 0)
(400 -4.92544e-15 0)
(400 9.67982e-15 0)
(400 1.0468e-14 0)
(400 1.14794e-14 0)
(400 2.04674e-14 0)
(400 3.42448e-14 0)
(400 6.28378e-15 0)
(400 -9.7141e-15 0)
(400 -1.55894e-14 0)
(400 -1.87468e-14 0)
(400 -2.00878e-14 0)
(400 -2.6723e-14 0)
(400 -5.17986e-14 0)
(400 -4.22178e-14 0)
(400 -3.79445e-14 0)
(400 -3.88282e-14 0)
(400 -5.06252e-14 0)
(400 -5.52493e-14 0)
(400 -4.38041e-14 0)
(400 -2.91322e-14 0)
(400 -2.25125e-14 0)
(400 -2.78419e-14 0)
(400 -2.49843e-14 0)
(400 -1.56667e-14 0)
(400 -2.32346e-14 0)
(400 -1.98124e-14 0)
(400 -4.47191e-15 0)
(400 -3.77513e-15 0)
(400 -7.30773e-15 0)
(400 1.09256e-14 0)
(400 1.2109e-14 0)
(400 8.70782e-15 0)
(400 9.89833e-15 0)
(400 1.37235e-14 0)
(400 2.6877e-14 0)
(400 8.20126e-15 0)
(400 -1.78169e-14 0)
(400 -8.96948e-15 0)
(400 3.34095e-15 0)
(400 9.08958e-15 0)
(400 4.61166e-15 0)
(400 4.8003e-15 0)
(400 2.01577e-14 0)
(400 1.54223e-14 0)
(400 1.02195e-14 0)
(400 1.16635e-14 0)
(400 1.98566e-14 0)
(400 1.55554e-14 0)
(400 -5.93912e-15 0)
(400 3.37198e-15 0)
(400 1.54033e-15 0)
(400 -1.66898e-15 0)
(400 1.07543e-14 0)
(400 6.71634e-15 0)
(400 -1.75245e-15 0)
(400 -4.01559e-15 0)
(400 -6.00638e-16 0)
(400 7.11743e-15 0)
(400 7.81404e-16 0)
(400 -1.21651e-14 0)
(400 -3.05153e-14 0)
(400 -3.43011e-14 0)
(400 -3.98354e-14 0)
(400 -3.92994e-14 0)
(400 -2.1732e-14 0)
(400 -3.36688e-14 0)
(400 -2.64023e-14 0)
(400 -1.39308e-14 0)
(400 -1.67721e-14 0)
(400 -1.69799e-14 0)
(400 -6.90601e-15 0)
(400 1.89954e-14 0)
(400 1.95165e-14 0)
(400 1.30687e-14 0)
(400 2.10732e-14 0)
(400 1.98678e-14 0)
(400 2.15715e-14 0)
(400 3.43009e-14 0)
(400 2.54123e-14 0)
(400 1.46483e-14 0)
(400 3.06702e-14 0)
(400 5.00975e-14 0)
(400 5.04402e-14 0)
(400 4.00477e-14 0)
(400 3.48998e-14 0)
(400 2.36858e-14 0)
(400 2.19963e-14 0)
(400 2.90519e-14 0)
(400 1.81149e-14 0)
(400 6.48592e-16 0)
(400 -2.62425e-15 0)
(400 1.06574e-14 0)
(400 -1.11686e-14 0)
(400 -8.92298e-15 0)
(400 2.9853e-15 0)
(400 -1.06227e-15 0)
(400 -5.3358e-15 0)
(400 -1.8713e-14 0)
(400 -1.51583e-14 0)
(400 2.50656e-16 0)
(400 -5.39326e-15 0)
(400 -8.77203e-15 0)
(400 -4.17433e-15 0)
(400 -2.97175e-15 0)
(400 -2.46061e-14 0)
(400 -2.82892e-14 0)
(400 -1.52961e-14 0)
(400 1.39672e-15 0)
(400 -5.39933e-15 0)
(400 -1.42572e-14 0)
(400 -2.44986e-14 0)
(400 -1.53561e-14 0)
(400 8.8736e-15 0)
(400 2.03889e-14 0)
(400 1.64003e-14 0)
(400 1.53879e-14 0)
(400 2.92058e-14 0)
(400 1.33084e-14 0)
(400 -3.12548e-15 0)
(400 -1.18447e-14 0)
(400 -5.77897e-15 0)
(400 7.6096e-15 0)
(400 1.2784e-14 0)
(400 2.61765e-14 0)
(400 3.58015e-14 0)
(400 5.79131e-14 0)
(400 8.46126e-14 0)
(400 7.8455e-14 0)
(400 5.35981e-14 0)
(400 4.01675e-14 0)
(400 4.4742e-14 0)
(400 5.10564e-14 0)
(400 3.05937e-14 0)
(400 1.87293e-14 0)
(400 -6.9379e-15 0)
(400 -2.88938e-14 0)
(400 -4.20355e-14 0)
(400 -3.47675e-14 0)
(400 -3.09361e-14 0)
(400 -4.04639e-14 0)
(400 -4.74266e-14 0)
(400 -3.12127e-14 0)
(400 -2.53654e-14 0)
(400 -3.54337e-14 0)
(400 -1.9207e-14 0)
(400 -2.48553e-16 0)
(400 -4.77792e-15 0)
(400 -1.15977e-14 0)
(400 -1.50199e-14 0)
(400 -2.39052e-14 0)
(400 -4.32869e-14 0)
(400 -5.70502e-14 0)
(400 -7.14082e-14 0)
(400 -7.23798e-14 0)
(400 -7.53662e-14 0)
(400 -7.68583e-14 0)
(400 -8.55987e-14 0)
(400 -9.73945e-14 0)
(400 -9.08285e-14 0)
(400 -6.84614e-14 0)
(400 -6.2402e-14 0)
(400 -4.74256e-14 0)
(400 -3.768e-14 0)
(400 -2.49486e-14 0)
(400 -6.60711e-15 0)
(400 -2.03305e-14 0)
(400 -3.13006e-14 0)
(400 -2.75201e-14 0)
(400 -2.03729e-14 0)
(400 -2.70671e-14 0)
(400 -3.15947e-14 0)
(400 -3.14547e-14 0)
(400 -3.11218e-14 0)
(400 -2.75277e-14 0)
(400 -2.77383e-14 0)
(400 -2.76849e-14 0)
(400 -1.11716e-14 0)
(400 -1.74045e-15 0)
(400 9.13724e-15 0)
(400 1.19471e-14 0)
(400 -8.69031e-15 0)
(400 -5.24678e-14 0)
(400 -6.75128e-14 0)
(400 -6.66859e-14 0)
(400 -6.25798e-14 0)
(400 -6.56281e-14 0)
(400 -4.87735e-14 0)
(400 -2.09931e-14 0)
(400 -3.14592e-14 0)
(400 -4.90334e-14 0)
(400 -5.08889e-14 0)
(400 -3.45927e-14 0)
(400 -1.52191e-14 0)
(400 2.48119e-15 0)
(400 2.1169e-14 0)
(400 4.14735e-14 0)
(400 3.66051e-14 0)
(400 3.17198e-14 0)
(400 7.96776e-15 0)
(400 -9.72527e-15 0)
(400 -1.77479e-14 0)
(400 -1.25545e-14 0)
(400 -8.80773e-15 0)
(400 -8.14597e-15 0)
(400 -1.15016e-14 0)
(400 -2.18031e-14 0)
(400 -3.42425e-14 0)
(400 -3.50481e-14 0)
(400 -4.20307e-14 0)
(400 -4.39774e-14 0)
(400 -4.13185e-14 0)
(400 -4.70062e-14 0)
(400 -5.1002e-14 0)
(400 -5.3189e-14 0)
(400 -6.13418e-14 0)
(400 -6.66009e-14 0)
(400 -4.64898e-14 0)
(400 -2.08711e-14 0)
(400 -3.8696e-15 0)
(400 7.95357e-15 0)
(400 2.02329e-14 0)
(400 3.69882e-14 0)
(400 3.70076e-14 0)
(400 1.88629e-14 0)
(400 -2.94309e-15 0)
(400 -2.09341e-14 0)
(400 -3.72523e-14 0)
(400 -3.58388e-14 0)
(400 -3.91238e-14 0)
(400 -3.36342e-14 0)
(400 -3.54479e-14 0)
(400 -2.89697e-14 0)
(400 -1.52635e-14 0)
(400 -1.89852e-14 0)
(400 -2.06063e-14 0)
(400 -3.40999e-14 0)
(400 -6.27367e-14 0)
(400 -6.81408e-14 0)
(400 -8.29826e-14 0)
(400 -6.66927e-14 0)
(400 -6.81293e-14 0)
(400 -8.5319e-14 0)
(400 -7.2451e-14 0)
(400 -6.28526e-14 0)
(400 -4.9233e-14 0)
(400 -3.30969e-14 0)
(400 -1.38906e-14 0)
(400 7.3749e-15 0)
(400 8.83689e-15 0)
(400 2.70693e-14 0)
(400 3.16637e-14 0)
(400 2.74333e-14 0)
(400 4.60146e-14 0)
(400 5.64127e-14 0)
(400 4.62958e-14 0)
(400 3.68883e-14 0)
(400 3.11989e-14 0)
(400 3.84143e-14 0)
(400 2.8718e-14 0)
(400 2.43039e-14 0)
(400 1.00001e-14 0)
(400 -7.74797e-15 0)
(400 -6.62994e-15 0)
(400 -9.46457e-15 0)
(400 -2.39277e-15 0)
(400 -4.20628e-15 0)
(400 -2.13103e-14 0)
(400 -1.44135e-14 0)
(400 7.62358e-15 0)
(400 2.38464e-14 0)
(400 3.15962e-14 0)
(400 2.67532e-14 0)
(400 2.45515e-14 0)
(400 2.47813e-14 0)
(400 1.06538e-14 0)
(400 9.99508e-15 0)
(400 4.00163e-15 0)
(400 1.54543e-14 0)
(400 2.28748e-14 0)
(400 2.33787e-14 0)
(400 2.46347e-14 0)
(400 2.97817e-14 0)
(400 4.08323e-14 0)
(400 2.89265e-14 0)
(400 1.72991e-14 0)
(400 5.583e-15 0)
(400 6.55448e-15 0)
(400 7.23628e-15 0)
(400 -1.65223e-14 0)
(400 -2.35317e-14 0)
(400 -1.87138e-14 0)
(400 2.6173e-15 0)
(400 3.56358e-15 0)
(400 1.09423e-15 0)
(400 -6.64746e-16 0)
(400 -1.8406e-14 0)
(400 -2.0042e-14 0)
(400 -2.61578e-14 0)
(400 -3.90088e-14 0)
(400 -5.11323e-14 0)
(400 -5.59137e-14 0)
(400 -4.4449e-14 0)
(400 -3.50801e-14 0)
(400 -5.44209e-14 0)
(400 -9.00475e-14 0)
(400 -7.28569e-14 0)
(400 -3.95925e-14 0)
(400 -2.71177e-14 0)
(400 -3.74255e-14 0)
(400 -4.04903e-14 0)
(400 -2.45565e-14 0)
(400 6.21369e-15 0)
(400 1.21395e-14 0)
(400 -1.47083e-15 0)
(400 -7.2895e-15 0)
(400 3.44613e-15 0)
(400 8.09924e-15 0)
(400 -3.96096e-15 0)
(400 -1.76897e-14 0)
(400 -2.13956e-14 0)
(400 -1.61347e-15 0)
(400 2.17021e-14 0)
(400 3.11691e-14 0)
(400 2.75065e-14 0)
(400 2.99795e-14 0)
(400 4.5079e-14 0)
(400 6.07882e-14 0)
(400 7.24921e-14 0)
(400 6.72625e-14 0)
(400 5.19939e-14 0)
(400 5.51889e-14 0)
(400 5.14745e-14 0)
(400 4.14383e-14 0)
(400 1.51626e-14 0)
(400 -8.67814e-16 0)
(400 -1.66931e-14 0)
(400 -1.97081e-14 0)
(400 -1.37107e-14 0)
(400 -5.73061e-15 0)
(400 3.17362e-16 0)
(400 3.71766e-15 0)
(400 2.09358e-14 0)
(400 3.72952e-14 0)
(400 3.25674e-14 0)
(400 3.40858e-14 0)
(400 3.87278e-14 0)
(400 2.19572e-14 0)
(400 3.89172e-14 0)
(400 2.98194e-14 0)
(400 1.95549e-14 0)
(400 2.23077e-14 0)
(400 6.39305e-15 0)
(400 2.66295e-15 0)
(400 -7.71796e-15 0)
(400 -5.60463e-15 0)
(400 1.18739e-14 0)
(400 5.68889e-15 0)
(400 -6.12658e-15 0)
(400 4.0177e-15 0)
(400 1.5462e-14 0)
(400 1.48866e-14 0)
(400 -4.30715e-15 0)
(400 -1.63256e-14 0)
(400 -1.35437e-14 0)
(400 -9.10546e-15 0)
(400 -8.12371e-15 0)
(400 -1.10811e-14 0)
(400 -2.12794e-14 0)
(400 -4.33141e-14 0)
(400 -4.62042e-14 0)
(400 -3.26304e-14 0)
(400 -1.96553e-14 0)
(400 -2.43632e-14 0)
(400 -3.71088e-14 0)
(400 -4.82338e-14 0)
(400 -6.83189e-14 0)
(400 -5.94747e-14 0)
(400 -5.80669e-14 0)
(400 -5.89057e-14 0)
(400 -4.74287e-14 0)
(400 -5.40585e-14 0)
(400 -8.18788e-14 0)
(400 -1.03914e-13 0)
(400 -1.25203e-13 0)
(400 -1.31629e-13 0)
(400 -1.37082e-13 0)
(400 -1.3505e-13 0)
(400 -1.28565e-13 0)
(400 -1.56474e-13 0)
(400 -1.64229e-13 0)
(400 -1.47487e-13 0)
(400 -1.23623e-13 0)
(400 -1.03077e-13 0)
(400 -9.49766e-14 0)
(400 -8.16732e-14 0)
(400 -6.90314e-14 0)
(400 -6.62874e-14 0)
(400 -5.24459e-14 0)
(400 2.07428e-14 0)
(400 3.1365e-14 0)
(400 9.06776e-15 0)
(400 -1.35012e-14 0)
(400 -1.17525e-14 0)
(400 -1.17248e-14 0)
(400 -1.18687e-14 0)
(400 -6.41714e-15 0)
(400 2.66169e-15 0)
(400 1.1542e-14 0)
(400 1.36463e-14 0)
(400 5.84209e-15 0)
(400 -2.72997e-14 0)
(400 -3.67756e-14 0)
(400 -1.70123e-14 0)
(400 -5.1185e-15 0)
(400 -1.50823e-14 0)
(400 -3.23712e-14 0)
(400 -2.0242e-14 0)
(400 -1.61891e-14 0)
(400 -4.50257e-15 0)
(400 1.22698e-14 0)
(400 1.8373e-14 0)
(400 2.70719e-14 0)
(400 5.24588e-14 0)
(400 5.6527e-14 0)
(400 5.78613e-14 0)
(400 4.19137e-14 0)
(400 2.02827e-14 0)
(400 2.34446e-14 0)
(400 4.87048e-15 0)
(400 -8.48971e-15 0)
(400 -3.61523e-15 0)
(400 8.85312e-15 0)
(400 1.71257e-14 0)
(400 2.45568e-14 0)
(400 1.09349e-14 0)
(400 4.13904e-15 0)
(400 -2.34504e-15 0)
(400 -6.25773e-15 0)
(400 -1.72769e-14 0)
(400 -3.25614e-14 0)
(400 -4.31061e-14 0)
(400 -5.23595e-14 0)
(400 -4.96725e-14 0)
(400 -4.45457e-14 0)
(400 -3.87392e-14 0)
(400 -3.88851e-14 0)
(400 -2.54991e-14 0)
(400 -1.15749e-15 0)
(400 1.98388e-14 0)
(400 3.63333e-14 0)
(400 2.82959e-14 0)
(400 5.97101e-15 0)
(400 -3.4812e-15 0)
(400 1.84356e-15 0)
(400 -4.14246e-15 0)
(400 -2.25979e-14 0)
(400 -3.13342e-14 0)
(400 -3.5127e-14 0)
(400 -3.54482e-14 0)
(400 -3.14068e-14 0)
(400 -2.43188e-14 0)
(400 -3.07755e-14 0)
(400 -4.29803e-14 0)
(400 -4.00949e-14 0)
(400 -2.78399e-14 0)
(400 -1.87285e-15 0)
(400 -1.44253e-14 0)
(400 -1.97304e-14 0)
(400 2.92018e-16 0)
(400 2.20763e-14 0)
(400 3.64863e-14 0)
(400 3.92496e-14 0)
(400 3.71963e-14 0)
(400 5.07906e-14 0)
(400 4.0415e-14 0)
(400 3.584e-14 0)
(400 3.86625e-14 0)
(400 4.64235e-14 0)
(400 5.43283e-14 0)
(400 5.30618e-14 0)
(400 2.6474e-14 0)
(400 1.05102e-14 0)
(400 1.38564e-14 0)
(400 -4.5031e-15 0)
(400 -9.99088e-15 0)
(400 -7.39806e-15 0)
(400 -1.28004e-14 0)
(400 -1.51609e-14 0)
(400 -1.96457e-14 0)
(400 -1.8006e-14 0)
(400 -1.13596e-14 0)
(400 -1.19505e-14 0)
(400 1.87645e-16 0)
(400 6.98849e-15 0)
(400 8.05116e-15 0)
(400 1.46975e-14 0)
(400 2.35767e-14 0)
(400 2.27456e-14 0)
(400 4.9492e-15 0)
(400 -2.45301e-14 0)
(400 -2.51501e-14 0)
(400 -2.58906e-14 0)
(400 -2.82277e-14 0)
(400 -2.95752e-14 0)
(400 -3.08383e-14 0)
(400 -1.85336e-14 0)
(400 -2.46979e-14 0)
(400 -3.67895e-14 0)
(400 -2.93583e-14 0)
(400 -3.49591e-15 0)
(400 2.63333e-14 0)
(400 2.73741e-14 0)
(400 1.49529e-14 0)
(400 1.75675e-14 0)
(400 2.85593e-14 0)
(400 4.01896e-14 0)
(400 2.7602e-14 0)
(400 1.78697e-14 0)
(400 3.24684e-15 0)
(400 4.93325e-16 0)
(400 1.60912e-14 0)
(400 2.36428e-14 0)
(400 3.22538e-14 0)
(400 3.68064e-14 0)
(400 3.65538e-14 0)
(400 4.89659e-14 0)
(400 4.31959e-14 0)
(400 4.77852e-14 0)
(400 4.76675e-14 0)
(400 3.70866e-14 0)
(400 2.39183e-14 0)
(400 1.05092e-14 0)
(400 2.70655e-15 0)
(400 -1.1756e-14 0)
(400 -7.97739e-15 0)
(400 -9.20509e-15 0)
(400 -2.19927e-14 0)
(400 -3.48689e-14 0)
(400 -4.81695e-14 0)
(400 -3.97207e-14 0)
(400 -2.45135e-14 0)
(400 -2.58485e-14 0)
(400 -2.10542e-14 0)
(400 -6.94547e-15 0)
(400 6.3621e-15 0)
(400 5.35247e-15 0)
(400 1.76647e-15 0)
(400 5.42111e-15 0)
(400 4.14829e-15 0)
(400 6.37358e-15 0)
(400 9.22823e-15 0)
(400 1.7158e-14 0)
(400 2.26554e-14 0)
(400 1.91834e-14 0)
(400 2.13895e-14 0)
(400 1.5563e-14 0)
(400 8.26336e-15 0)
(400 6.53005e-15 0)
(400 4.39401e-15 0)
(400 9.01211e-15 0)
(400 9.70285e-15 0)
(400 -2.43132e-14 0)
(400 -3.17635e-14 0)
(400 -3.49605e-14 0)
(400 -3.57846e-14 0)
(400 -2.39021e-14 0)
(400 -2.19815e-14 0)
(400 -3.79316e-14 0)
(400 -5.39879e-14 0)
(400 -6.64911e-14 0)
(400 -5.52009e-14 0)
(400 -5.00424e-14 0)
(400 -5.97631e-14 0)
(400 -6.13795e-14 0)
(400 -4.57616e-14 0)
(400 -4.92924e-14 0)
(400 -4.8326e-14 0)
(400 -6.19564e-14 0)
(400 -6.02783e-14 0)
(400 -4.1421e-14 0)
(400 -2.88734e-14 0)
(400 -2.75336e-14 0)
(400 -3.56985e-14 0)
(400 -2.50693e-14 0)
(400 -1.87296e-14 0)
(400 -2.89576e-14 0)
(400 -3.90576e-14 0)
(400 -5.6949e-14 0)
(400 -6.09206e-14 0)
(400 -6.20719e-14 0)
(400 -6.47676e-14 0)
(400 -7.02998e-14 0)
(400 -7.89717e-14 0)
(400 -7.52359e-14 0)
(400 -8.24742e-14 0)
(400 -9.13765e-14 0)
(400 -7.51355e-14 0)
(400 -5.84554e-14 0)
)
;

boundaryField
{
    cyclic1
    {
        type            cyclic;
    }
    cyclic2
    {
        type            cyclic;
    }
    frontAndBack
    {
        type            empty;
    }
    outlet
    {
        type            zeroGradient;
    }
    inlet
    {
        type            fixedValue;
        value           uniform (400 0 0);
    }
}


// ************************************************************************* //
