 VARIABLES = "X",  "Y"
 ZONE N=         601 , E=        1098 , F=FEPOINT, ET=TRIANGLE
        0.0000000000        0.0000000000
       -0.1500000000        0.0000000000
        0.0000000000        0.0510500000
       -0.1500000000        0.0510500000
       -0.0039473684        0.0000000000
       -0.0078947368        0.0000000000
       -0.0118421053        0.0000000000
       -0.0157894737        0.0000000000
       -0.0197368421        0.0000000000
       -0.0236842105        0.0000000000
       -0.0276315789        0.0000000000
       -0.0315789474        0.0000000000
       -0.0355263158        0.0000000000
       -0.0394736842        0.0000000000
       -0.0434210526        0.0000000000
       -0.0473684211        0.0000000000
       -0.0513157895        0.0000000000
       -0.0552631579        0.0000000000
       -0.0592105263        0.0000000000
       -0.0631578947        0.0000000000
       -0.0671052632        0.0000000000
       -0.0710526316        0.0000000000
       -0.0750000000        0.0000000000
       -0.0789473684        0.0000000000
       -0.0828947368        0.0000000000
       -0.0868421053        0.0000000000
       -0.0907894737        0.0000000000
       -0.0947368421        0.0000000000
       -0.0986842105        0.0000000000
       -0.1026315789        0.0000000000
       -0.1065789474        0.0000000000
       -0.1105263158        0.0000000000
       -0.1144736842        0.0000000000
       -0.1184210526        0.0000000000
       -0.1223684211        0.0000000000
       -0.1263157895        0.0000000000
       -0.1302631579        0.0000000000
       -0.1342105263        0.0000000000
       -0.1381578947        0.0000000000
       -0.1421052632        0.0000000000
       -0.1460526316        0.0000000000
        0.0000000000        0.0471230769
        0.0000000000        0.0431961538
        0.0000000000        0.0392692308
        0.0000000000        0.0353423077
        0.0000000000        0.0314153846
        0.0000000000        0.0274884615
        0.0000000000        0.0235615385
        0.0000000000        0.0196346154
        0.0000000000        0.0157076923
        0.0000000000        0.0117807692
        0.0000000000        0.0078538462
        0.0000000000        0.0039269231
       -0.1460526316        0.0510500000
       -0.1421052632        0.0510500000
       -0.1381578947        0.0510500000
       -0.1342105263        0.0510500000
       -0.1302631579        0.0510500000
       -0.1263157895        0.0510500000
       -0.1223684211        0.0510500000
       -0.1184210526        0.0510500000
       -0.1144736842        0.0510500000
       -0.1105263158        0.0510500000
       -0.1065789474        0.0510500000
       -0.1026315789        0.0510500000
       -0.0986842105        0.0510500000
       -0.0947368421        0.0510500000
       -0.0907894737        0.0510500000
       -0.0868421053        0.0510500000
       -0.0828947368        0.0510500000
       -0.0789473684        0.0510500000
       -0.0750000000        0.0510500000
       -0.0710526316        0.0510500000
       -0.0671052632        0.0510500000
       -0.0631578947        0.0510500000
       -0.0592105263        0.0510500000
       -0.0552631579        0.0510500000
       -0.0513157895        0.0510500000
       -0.0473684211        0.0510500000
       -0.0434210526        0.0510500000
       -0.0394736842        0.0510500000
       -0.0355263158        0.0510500000
       -0.0315789474        0.0510500000
       -0.0276315789        0.0510500000
       -0.0236842105        0.0510500000
       -0.0197368421        0.0510500000
       -0.0157894737        0.0510500000
       -0.0118421053        0.0510500000
       -0.0078947368        0.0510500000
       -0.0039473684        0.0510500000
       -0.1500000000        0.0039269231
       -0.1500000000        0.0078538462
       -0.1500000000        0.0117807692
       -0.1500000000        0.0157076923
       -0.1500000000        0.0196346154
       -0.1500000000        0.0235615385
       -0.1500000000        0.0274884615
       -0.1500000000        0.0314153846
       -0.1500000000        0.0353423077
       -0.1500000000        0.0392692308
       -0.1500000000        0.0431961538
       -0.1500000000        0.0471230769
       -0.0102970737        0.0484107440
       -0.1027218488        0.0021702762
       -0.0649492951        0.0023185784
       -0.1064726814        0.0040782204
       -0.1104896755        0.0021674860
       -0.1099299783        0.0065994158
       -0.1135515018        0.0041996894
       -0.1164254512        0.0029024194
       -0.1131280186        0.0089113650
       -0.1192547581        0.0042100705
       -0.1163677274        0.0067691086
       -0.1163159743        0.0111614349
       -0.1195545917        0.0089223570
       -0.1224145812        0.0021669744
       -0.1228172946        0.0066108146
       -0.1196215415        0.0133094885
       -0.1229601748        0.0111284415
       -0.1263412796        0.0040719019
       -0.1263779582        0.0088579213
       -0.1229989232        0.0154196862
       -0.1263893520        0.0174939593
       -0.1263911223        0.0132943039
       -0.1302071089        0.0021480292
       -0.1299276759        0.0065759270
       -0.1298296142        0.0111073485
       -0.1335240986        0.0041102734
       -0.1332901796        0.0088377114
       -0.1332048726        0.0132835432
       -0.1297911007        0.0154190428
       -0.1297712130        0.0195366559
       -0.1331447693        0.0215539094
       -0.1331653005        0.0174991075
       -0.1465564245        0.0046402959
       -0.1437232711        0.0027564265
       -0.1364716205        0.0026461752
       -0.1400848831        0.0033376895
       -0.1433797056        0.0066948969
       -0.1466217558        0.0092871752
       -0.1366598279        0.0065078927
       -0.1399938283        0.0087353214
       -0.1433036105        0.0112071978
       -0.1366055217        0.0110713649
       -0.1399390891        0.0132863862
       -0.1466185529        0.0135159980
       -0.1466094160        0.0215663018
       -0.1466144272        0.0175841737
       -0.1432737973        0.0154782990
       -0.1365573046        0.0154148252
       -0.1432610724        0.0195641025
       -0.1399081461        0.0175103403
       -0.1365295291        0.0195446943
       -0.1365148361        0.0235529591
       -0.1398918342        0.0215617300
       -0.1398843724        0.0255387724
       -0.1432548379        0.0235518946
       -0.1466199973        0.0255229170
       -0.1432549578        0.0275136682
       -0.1466283796        0.0294740341
       -0.0828310051        0.0021819640
       -0.0825677061        0.0065476559
       -0.0963783175        0.0484461481
       -0.1161642451        0.0484189903
       -0.0417486483        0.0027203103
       -0.0789583250        0.0040985555
       -0.0749942551        0.0022209215
       -0.0682430530        0.0031549228
       -0.0716713191        0.0043435190
       -0.0453712292        0.0033536519
       -0.0490080753        0.0027193731
       -0.0790063415        0.0088099824
       -0.0419617860        0.0064338531
       -0.0621425066        0.0031156223
       -0.0552715564        0.0022624964
       -0.0519046650        0.0041759952
       -0.0753816891        0.0066318493
       -0.0755629054        0.0110797449
       -0.0621003214        0.0071282914
       -0.0652572098        0.0055036185
       -0.0685780586        0.0071345892
       -0.0720419271        0.0089975441
       -0.0722041386        0.0132699903
       -0.0756654191        0.0193699132
       -0.0621222317        0.0112653628
       -0.0653989680        0.0093155173
       -0.0687756192        0.0112781225
       -0.0688675449        0.0153657773
       -0.0354647694        0.0022127477
       -0.0105308118        0.0453281548
       -0.0068207908        0.0479359153
       -0.0654817671        0.0133574575
       -0.0655177167        0.0173773108
       -0.0588622179        0.0466417977
       -0.0621437507        0.0153457389
       -0.0587404299        0.0292184865
       -0.0621279376        0.0272470442
       -0.0621491093        0.0193491399
       -0.0588459998        0.0043732306
       -0.0587757896        0.0089864967
       -0.0553723138        0.0066387968
       -0.0553986198        0.0110386324
       -0.0587751925        0.0132360053
       -0.0587755966        0.0173203367
       -0.0587684175        0.0213101220
       -0.0030936612        0.0294074955
       -0.0070318456        0.0272995722
       -0.0030951122        0.0254713218
       -0.0487160792        0.0064536764
       -0.0520168180        0.0087641679
       -0.0520284782        0.0131013924
       -0.0554015754        0.0152411521
       -0.0587558923        0.0252597946
       -0.0553825264        0.0232693316
       -0.0553945520        0.0192956903
       -0.0520214400        0.0172485041
       -0.0520091289        0.0212679844
       -0.0519950146        0.0252286702
       -0.0419347615        0.0108628422
       -0.0453236835        0.0085523664
       -0.0486715843        0.0108915467
       -0.0452913291        0.0130140827
       -0.0486529501        0.0151576319
       -0.0486371070        0.0192472800
       -0.0283242134        0.0231668443
       -0.0317042196        0.0251563518
       -0.0030967907        0.0215333138
       -0.0030892775        0.0333579517
       -0.0070167984        0.0312496908
       -0.0553681335        0.0272212463
       -0.0519803765        0.0291904215
       -0.0486078840        0.0271899698
       -0.0486220149        0.0232352668
       -0.0387974396        0.0041413032
       -0.0385997069        0.0086983626
       -0.0352205156        0.0065055538
       -0.0419016511        0.0151281504
       -0.0385358086        0.0130336920
       -0.0351485396        0.0109049272
       -0.0317169739        0.0211936846
       -0.0283331220        0.0191891931
       -0.0385061334        0.0171874826
       -0.0351098303        0.0192044870
       -0.0452679449        0.0171999268
       -0.0452497404        0.0212339678
       -0.0452347365        0.0251990861
       -0.0485956715        0.0311695415
       -0.0452235676        0.0291586984
       -0.0418784013        0.0192193636
       -0.0418612115        0.0232088696
       -0.0418486346        0.0271653325
       -0.0384871278        0.0212125987
       -0.0350959769        0.0231882611
       -0.0384725892        0.0251773021
       -0.0384634181        0.0291448349
       -0.0350830291        0.0271482083
       -0.0316882715        0.0291299810
       -0.0031039382        0.0175757505
       -0.0108259040        0.0291699072
       -0.0351246414        0.0151314995
       -0.0317236185        0.0171782134
       -0.0317169072        0.0130419059
       -0.0283258168        0.0151296002
       -0.0249457371        0.0171708649
       -0.0276675007        0.0022262348
       -0.0316202526        0.0040965008
       -0.0316851445        0.0087159463
       -0.0282755881        0.0109234833
       -0.0249329015        0.0130576872
       -0.0215617604        0.0151345242
       -0.0215384804        0.0191811564
       -0.0249381586        0.0211762856
       -0.0249220580        0.0251334532
       -0.0032472819        0.0461961906
       -0.0069152645        0.0435681840
       -0.0215185926        0.0231527085
       -0.0214952799        0.0271024032
       -0.0281109951        0.0065369623
       -0.0248540907        0.0087812467
       -0.0033813388        0.0048661078
       -0.0245416361        0.0042351642
       -0.0031908937        0.0094302288
       -0.0215937257        0.0109650434
       -0.0216839509        0.0029869561
       -0.0216371439        0.0067056734
       -0.0076322064        0.0024011394
       -0.0156882118        0.0022538558
       -0.0114923669        0.0042118649
       -0.0073579086        0.0068479691
       -0.0187723575        0.0042438791
       -0.0150476970        0.0065854575
       -0.0111595555        0.0088601650
       -0.0031270123        0.0135668727
       -0.0071813142        0.0112242125
       -0.0183414944        0.0087945940
       -0.0147442296        0.0109723274
       -0.0109841998        0.0131671438
       -0.0070961393        0.0153773133
       -0.0070593156        0.0193994953
       -0.0070429351        0.0233594541
       -0.0108466676        0.0252255399
       -0.0108670891        0.0212754574
       -0.0181782934        0.0130686991
       -0.0109034022        0.0172767790
       -0.0146097500        0.0151684550
       -0.0181082750        0.0171781710
       -0.0145505260        0.0192188662
       -0.0180735970        0.0211805532
       -0.0145207047        0.0231894908
       -0.0180493502        0.0251331061
       -0.0144970560        0.0271336014
       -0.0180201113        0.0290840930
       -0.0030926054        0.0414823560
       -0.0030824114        0.0373520696
       -0.0069908151        0.0352420801
       -0.0107920189        0.0331438920
       -0.0144635457        0.0310927763
       -0.0214571467        0.0310811805
       -0.0179687443        0.0330779783
       -0.0144026777        0.0351055085
       -0.0069527733        0.0393248919
       -0.0107326685        0.0371827525
       -0.0106416893        0.0413007659
       -0.0142953882        0.0392052256
       -0.0178710779        0.0371564905
       -0.0213835836        0.0351458953
       -0.0283072037        0.0271248102
       -0.0248961690        0.0290987359
       -0.0276448444        0.0489194011
       -0.0282803002        0.0311267376
       -0.0248489355        0.0331355109
       -0.0247559285        0.0373260826
       -0.0141344239        0.0434316974
       -0.0176983291        0.0413246111
       -0.0212427876        0.0393525722
       -0.0139997978        0.0474217861
       -0.0174780469        0.0483608948
       -0.0174171444        0.0453933408
       -0.0207043938        0.0479463825
       -0.0210010962        0.0437044850
       -0.0242174497        0.0467217252
       -0.0245743630        0.0417755638
       -0.0279745155        0.0442745731
       -0.0281444902        0.0396110647
       -0.0282331259        0.0352544477
       -0.0316692772        0.0331884503
       -0.0350741941        0.0311501066
       -0.0350778426        0.0352762671
       -0.0454043414        0.0484924465
       -0.0384674005        0.0331818799
       -0.0418442970        0.0311485664
       -0.0316464058        0.0374302340
       -0.0452202710        0.0331686947
       -0.0418594560        0.0352197326
       -0.0355071915        0.0489146933
       -0.0315929102        0.0469601570
       -0.0316200143        0.0419703359
       -0.0351140389        0.0396287137
       -0.0385044050        0.0373705622
       -0.0423404296        0.0479807666
       -0.0484105384        0.0479789480
       -0.0352281691        0.0442830208
       -0.0389268230        0.0467296865
       -0.0386197380        0.0418111886
       -0.0420608993        0.0437749958
       -0.0453311585        0.0455334177
       -0.0419175933        0.0394322229
       -0.0452687977        0.0414799343
       -0.0485342444        0.0437656603
       -0.0621420736        0.0233032972
       -0.0552743232        0.0488322997
       -0.0517442103        0.0466810625
       -0.0553048618        0.0441786421
       -0.0519019388        0.0417864245
       -0.0452324836        0.0372781956
       -0.0485741487        0.0394336292
       -0.0485860675        0.0352330600
       -0.0722674540        0.0173658078
       -0.0722828910        0.0213603991
       -0.0688990759        0.0193730495
       -0.0655241701        0.0213454087
       -0.0655150605        0.0252871587
       -0.0621087325        0.0312238359
       -0.0654963640        0.0292394929
       -0.0519458328        0.0373787289
       -0.0756645471        0.0233476939
       -0.0689003519        0.0233288115
       -0.0722760418        0.0253123663
       -0.0688863225        0.0272733471
       -0.0722558403        0.0292738402
       -0.0620849396        0.0352860746
       -0.0688588035        0.0312509463
       -0.0654661779        0.0332458980
       -0.0654163535        0.0373484832
       -0.0756406332        0.0153059121
       -0.0790415445        0.0131869364
       -0.0861608208        0.0041253479
       -0.0859479850        0.0087696269
       -0.0824865671        0.0110147431
       -0.0824611294        0.0152823581
       -0.0790556271        0.0173468787
       -0.0790538142        0.0213716182
       -0.0756511420        0.0273041652
       -0.0790283259        0.0293116045
       -0.0790432838        0.0253374391
       -0.0891105720        0.0026778132
       -0.0893154727        0.0064635980
       -0.0892800920        0.0109626371
       -0.0824471630        0.0193754964
       -0.0858772222        0.0131619706
       -0.0858255051        0.0213885237
       -0.0858450812        0.0173477482
       -0.0927296540        0.0033240844
       -0.0926737084        0.0086146397
       -0.0926347034        0.0131359689
       -0.0892422740        0.0152728955
       -0.0892171756        0.0193880777
       -0.0519652405        0.0332146319
       -0.0553526292        0.0312078928
       -0.0587237477        0.0332421872
       -0.0553366973        0.0352997930
       -0.0553210640        0.0395913314
       -0.0587111698        0.0374052823
       -0.0587262409        0.0418057165
       -0.0620635294        0.0394849934
       -0.0620827295        0.0438323926
       -0.0622707555        0.0476410292
       -0.0651399917        0.0483964281
       -0.0653338556        0.0415340295
       -0.0651821575        0.0455398645
       -0.0681881115        0.0479495402
       -0.0716287131        0.0467267923
       -0.0685108462        0.0438061872
       -0.0687063581        0.0395053620
       -0.0688072430        0.0353133442
       -0.0721409861        0.0374728398
       -0.0719807300        0.0418745251
       -0.0824341129        0.0233682170
       -0.0722175389        0.0333028540
       -0.0756274863        0.0313012103
       -0.0755858932        0.0354145438
       -0.0891109901        0.0484411803
       -0.0892907536        0.0445372871
       -0.0861582135        0.0469585432
       -0.0828547597        0.0489347818
       -0.0964021862        0.0026648266
       -0.0960764256        0.0064734691
       -0.0960235236        0.0109786304
       -0.0959968032        0.0152938340
       -0.0993060479        0.0041218011
       -0.0993949041        0.0087920644
       -0.0993886166        0.0131974103
       -0.1028496575        0.0065453826
       -0.1028081991        0.0110514039
       -0.1027702084        0.0153392880
       -0.1027414815        0.0194447009
       -0.1063333593        0.0088110291
       -0.1062034268        0.0132391824
       -0.1061444913        0.0174267625
       -0.1061132985        0.0214668409
       -0.1027218831        0.0234434737
       -0.0750193862        0.0488955940
       -0.0789470431        0.0469788572
       -0.0926075846        0.0173568070
       -0.0993673833        0.0173921367
       -0.0993488268        0.0214376570
       -0.0959765903        0.0194119743
       -0.0959604920        0.0234159203
       -0.0753456256        0.0443318387
       -0.0755061219        0.0397359178
       -0.0789634614        0.0420884945
       -0.0790099840        0.0333669132
       -0.0789877561        0.0375937273
       -0.0925881610        0.0214093404
       -0.0891996206        0.0233907002
       -0.0858108561        0.0253628075
       -0.0824213378        0.0273338497
       -0.0824115648        0.0313436159
       -0.0825440666        0.0444338336
       -0.0824116220        0.0354807999
       -0.0824391934        0.0398339692
       -0.0925734611        0.0253882494
       -0.0891871786        0.0273620169
       -0.0859112636        0.0421552817
       -0.0858279084        0.0376578032
       -0.0858010557        0.0293444707
       -0.0858019560        0.0334123918
       -0.0892343943        0.0399200109
       -0.0891943959        0.0355337796
       -0.0927261632        0.0477717122
       -0.0960355518        0.0445403239
       -0.0926335676        0.0423365312
       -0.1026370772        0.0489070796
       -0.0992281050        0.0469399152
       -0.0993336942        0.0254138268
       -0.0959476146        0.0273874262
       -0.0891825941        0.0313796563
       -0.1060939345        0.0254404466
       -0.1027064096        0.0274117721
       -0.1060770941        0.0294204287
       -0.1026919996        0.0314222522
       -0.1060567887        0.0469368037
       -0.0925638014        0.0293735389
       -0.0925639880        0.0334495770
       -0.0993210732        0.0293954020
       -0.0959396209        0.0314040047
       -0.0925834009        0.0377223343
       -0.0959417307        0.0355547116
       -0.0993119601        0.0334603581
       -0.0959637280        0.0399335441
       -0.0993085231        0.0376963190
       -0.1060576123        0.0334829503
       -0.1026776888        0.0355558228
       -0.0993058050        0.0421725413
       -0.1026496540        0.0444451839
       -0.1026634872        0.0398913885
       -0.1060325111        0.0377140633
       -0.1060070446        0.0421818633
       -0.1088993553        0.0484340756
       -0.1125541348        0.0477604936
       -0.1092633970        0.0445482964
       -0.1096954633        0.0110820700
       -0.1095601165        0.0153753915
       -0.1095085163        0.0194749697
       -0.1094826694        0.0234709733
       -0.1094643619        0.0274389688
       -0.1094437852        0.0314520509
       -0.1129881729        0.0132749618
       -0.1129018168        0.0174592684
       -0.1128705870        0.0214946513
       -0.1128516477        0.0254671825
       -0.1128327142        0.0294484574
       -0.1162945127        0.0153999997
       -0.1162528995        0.0195022559
       -0.1162367852        0.0234967001
       -0.1162211820        0.0274640877
       -0.1161986651        0.0314760604
       -0.1128045955        0.0335176195
       -0.1094132780        0.0355959189
       -0.1093629056        0.0399617441
       -0.1126782551        0.0423650542
       -0.1160079234        0.0445566368
       -0.1191287120        0.0469515348
       -0.1224155429        0.0489132236
       -0.1127569795        0.0377761694
       -0.1160914695        0.0399788161
       -0.1193996898        0.0422099777
       -0.1227489684        0.0444779256
       -0.1263234388        0.0469946098
       -0.1196421479        0.0174723502
       -0.1196182493        0.0215182763
       -0.1196073806        0.0254909663
       -0.1195914970        0.0294693611
       -0.1161592893        0.0356174961
       -0.1195638391        0.0335279933
       -0.1230139701        0.0195126036
       -0.1229914097        0.0235191540
       -0.1229808729        0.0274859889
       -0.1229650211        0.0314915595
       -0.1195102250        0.0377520748
       -0.1229371818        0.0356146787
       -0.1263909586        0.0215303390
       -0.1263669513        0.0255134001
       -0.1263579245        0.0294902606
       -0.1263487513        0.0335419319
       -0.1228807028        0.0399356008
       -0.1263310346        0.0422012526
       -0.1263395694        0.0377522701
       -0.1302291928        0.0489082012
       -0.1299055091        0.0444804677
       -0.1297660382        0.0235328811
       -0.1297438218        0.0275086852
       -0.1297413405        0.0315134647
       -0.1297507352        0.0356330124
       -0.1297894007        0.0399472578
       -0.1331394375        0.0255272259
       -0.1331229544        0.0295128909
       -0.1331321964        0.0335664461
       -0.1335163052        0.0469404276
       -0.1332613780        0.0422195068
       -0.1331677735        0.0377789311
       -0.1364798470        0.0483863379
       -0.1366452992        0.0445413393
       -0.1365127946        0.0275195839
       -0.1365044343        0.0315326812
       -0.1365261575        0.0356577052
       -0.1365770764        0.0399918894
       -0.1465982491        0.0463487170
       -0.1437433780        0.0482552295
       -0.1398870380        0.0295128339
       -0.1398870793        0.0335663291
       -0.1399187197        0.0377807988
       -0.1400893542        0.0476896931
       -0.1399819974        0.0423157164
       -0.1433918160        0.0443328477
       -0.1432624852        0.0315000930
       -0.1432684197        0.0355839670
       -0.1433053236        0.0398412475
       -0.1466387599        0.0334561651
       -0.1466569653        0.0417332777
       -0.1466421170        0.0375195440
 
         2        41        91
        91        41       135
       135        41       136
        91       135        92
        41        40       136
       136       139       135
       135       140        92
        40       138       136
       139       140       135
       136       138       139
        92       140        93
        40        39       138
       139       143       140
       139       138       142
       140       146        93
       138        39       137
       143       146       140
       142       143       139
       138       141       142
        93       146        94
        39        38       137
       138       137       141
       146       143       149
       143       142       145
       142       141       144
        94       146       148
        38       128       137
       137       128       141
       143       145       149
       146       149       148
       142       144       145
       141       129       144
        94       148        95
        38       125       128
       128       129       141
       145       152       149
       149       151       148
       145       144       150
       129       130       144
        95       148       147
       125       126       128
        38        37       125
       128       126       129
       149       152       151
       150       152       145
       148       151       147
       150       144       130
       130       129       127
        95       147        96
       126       125       120
        37        36       125
       126       127       129
       155       151       152
       152       150       153
       151       157       147
       150       130       134
       130       127       131
       147       158        96
       125        36       120
       126       120       121
       121       127       126
       153       155       152
       155       157       151
       153       150       134
       157       158       147
       130       131       134
       124       131       127
        96       158        97
       120        36       116
       121       120       117
       124       127       121
       155       153       154
       155       156       157
       153       134       133
       157       159       158
       134       131       132
       123       131       124
       158       160        97
       116        36        35
       120       116       117
       121       117       119
       124       121       119
       153       133       154
       155       154       156
       157       156       159
       132       133       134
       159       160       158
       132       131       123
       124       122       123
        97       160        98
       116        35        34
       117       116       112
       119       117       115
       124       119       122
       133       576       154
       154       584       156
       156       590       159
       571       133       132
       159       596       160
       132       123       562
       122       556       123
       160       599        98
       112       116        34
       117       112       115
       119       115       118
       118       122       119
       576       584       154
       571       576       133
       584       590       156
       590       596       159
       132       562       571
       596       599       160
       123       556       562
       556       122       550
        98       599        99
       112        34       110
       115       112       113
       114       118       115
       550       122       118
       584       576       577
       576       571       572
       584       585       590
       591       596       590
       571       562       563
       597       599       596
       562       556       557
       556       550       551
       599       601        99
       110        34        33
       113       112       110
       115       113       114
       533       118       114
       550       118       533
       576       572       577
       584       577       585
       571       563       572
       590       585       591
       596       591       597
       557       563       562
       599       597       601
       551       557       556
       534       551       550
        99       601       100
       110        33       109
       109       113       110
       111       114       113
       533       114       528
       550       533       534
       572       573       577
       577       578       585
       563       564       572
       585       586       591
       591       592       597
       558       563       557
       597       598       601
       552       557       551
       535       551       534
       100       601       600
       109        33       107
       111       113       109
       528       114       111
       533       528       529
       529       534       533
       577       573       578
       564       573       572
       585       578       586
       564       563       558
       591       586       592
       597       592       598
       557       552       558
       598       600       601
       551       535       552
       534       530       535
       100       600       101
       107        33        32
       109       107       108
       108       111       109
       528       111       522
       523       529       528
       530       534       529
       573       574       578
       565       573       564
       578       581       586
       564       558       559
       586       587       592
       592       594       598
       552       553       558
       598       595       600
       535       536       552
       530       531       535
       101       600       588
       107        32        31
       107       106       108
       522       111       108
       523       528       522
       524       529       523
       524       530       529
       578       574       581
       573       565       574
       564       559       565
       586       581       587
       558       553       559
       592       587       594
       594       595       598
       552       536       553
       588       600       595
       535       531       536
       530       525       531
       101       588       102
       106       107        31
       106       457       108
       522       108       457
       458       523       522
       459       524       523
       525       530       524
       574       575       581
       565       568       574
       559       561       565
       581       580       587
       553       555       559
       587       583       594
       594       593       595
       536       537       553
       589       588       595
       531       532       536
       525       526       531
       588        54       102
       104       106        31
       453       457       106
       458       522       457
       459       523       458
       460       524       459
       460       525       524
       575       580       581
       574       568       575
       561       568       565
       561       559       555
       580       583       587
       555       553       537
       583       593       594
       593       589       595
       536       532       537
       589        54       588
       531       526       532
       498       526       525
       102        54         4
        30       104        31
       104       453       106
       454       457       453
       457       454       458
       455       459       458
       459       456       460
       498       525       460
       575       570       580
       568       567       575
       566       568       561
       561       555       560
       580       579       583
       555       537       554
       583       582       593
       593        55       589
       532       538       537
        55        54       589
       526       527       532
       500       526       498
        29       104        30
       450       453       104
       451       454       453
       454       455       458
       456       459       455
       456       461       460
       498       460       461
       570       579       580
       567       570       575
       566       567       568
       561       560       566
       560       555       554
       579       582       583
       538       554       537
       582        56       593
        56        55       593
       527       538       532
       527       526       500
       499       500       498
        29       450       104
       451       453       450
       452       454       451
       454       452       455
       465       456       455
       466       461       456
       499       498       461
       570       569       579
       567       549       570
       566       548       567
       560       547       566
       554       546       560
       579        57       582
       545       554       538
        57        56       582
       539       538       527
       527       500       512
       499       501       500
       446       450        29
       447       451       450
       451       448       452
       452       465       455
       466       456       465
       461       466       495
       499       461       495
       569        57       579
       549       569       570
       548       549       567
       547       548       566
       546       547       560
       554       545       546
       545       538       539
       539       527       512
       500       501       512
       505       501       499
        28       446        29
       447       450       446
       448       451       447
       448       449       452
       452       449       465
       467       466       465
       495       466       468
       505       499       495
        58        57       569
       549        59       569
       548       544       549
       547       543       548
       546       542       547
       545       541       546
       545       539       540
       539       512       517
       513       512       501
       501       505       509
       413       446        28
       413       447       446
       414       448       447
       448       415       449
       449       467       465
       466       467       468
       468       496       495
       505       495       496
        59        58       569
       544        59       549
       543       544       548
       542       543       547
       541       542       546
       545       540       541
       540       539       517
       512       513       517
       513       501       509
       509       505       506
        27       413        28
       414       447       413
       415       448       414
       415       464       449
       464       467       449
       474       468       467
       482       496       468
       496       506       505
        60        59       544
       543        61       544
       542       164       543
       541       520       542
       541       540       521
       540       517       518
       517       513       516
       513       509       511
       508       509       506
       406       413        27
       407       414       413
       414       408       415
       416       464       415
       464       474       467
       482       468       474
       482       503       496
       503       506       496
        61        60       544
       164        61       543
       542       520       164
       541       521       520
       540       518       521
       518       517       516
       516       513       511
       508       511       509
       504       508       506
        26       406        27
       407       413       406
       408       414       407
       408       416       415
       417       464       416
       464       417       474
       482       474       475
       483       503       482
       504       506       503
        62        61       164
       520        62       164
       519       520       521
       521       518       502
       518       516       515
       516       511       514
       510       511       508
       507       508       504
       397       406        26
       397       407       406
       407       398       408
       410       416       408
       416       412       417
       417       475       474
       475       483       482
       497       503       483
       504       503       497
        63        62       520
       521       502       519
        63       520       519
       502       518       515
       516       514       515
       514       511       510
       510       508       507
       507       504       489
       161       397        26
       398       407       397
       398       410       408
       412       416       410
       412       411       417
       417       411       475
       476       483       475
       497       483       486
       489       504       497
       519       502        64
        64        63       519
       515       493       502
       515       514       494
       514       510       491
       510       507       492
       507       489       488
        25       161        26
       162       397       161
       397       162       398
       399       410       398
       410       400       412
       412       409       411
       411       476       475
       476       486       483
       487       497       486
       497       487       489
       502       493        64
       515       494       493
       514       491       494
       491       510       492
       507       488       492
       489       485       488
        24       161        25
       166       162       161
       162       399       398
       400       410       399
       400       409       412
       409       438       411
       438       476       411
       477       486       476
       487       486       478
       489       487       485
       493        65        64
       494        66       493
       494       491       163
       492       490       491
       492       488       443
       488       485       484
        24       166       161
       166       172       162
       172       399       162
       399       396       400
       401       409       400
       409       402       438
       438       477       476
       478       486       477
       487       478       480
       487       480       485
       493        66        65
       494       163        66
       163       491       490
       492       443       490
       443       488       484
       485       481       484
        24       167       166
       166       177       172
       396       399       172
       396       401       400
       409       401       402
       402       405       438
       405       477       438
       477       404       478
       480       478       472
       480       481       485
       163        67        66
       163       490        67
       443       442       490
       444       443       484
       484       481       479
       167       177       166
        23       167        24
       172       177       178
       396       172       178
       395       401       396
       401       184       402
       405       402       386
       477       405       404
       404       472       478
       480       472       473
       481       480       473
       490        68        67
       490       442        68
       443       444       442
       484       479       444
       481       471       479
       169       177       167
        22       167        23
       177       182       178
       395       396       178
       401       395       184
       184       386       402
       405       386       403
       404       405       403
       472       404       440
       473       472       441
       481       473       471
       442        69        68
       444        69       442
       444       479       445
       479       471       463
        22       169       167
       169       182       177
       178       182       183
       395       178       183
       378       184       395
       379       386       184
       386       388       403
       404       403       440
       472       440       441
       473       441       470
       473       470       471
       444       445        69
       479       463       445
       463       471       469
       168       169        22
       181       182       169
       187       183       182
       378       395       183
       379       184       378
       379       388       386
       390       403       388
       390       440       403
       441       440       439
       470       441       436
       471       470       469
       445        70        69
       463        71       445
       469       462       463
        21       168        22
       168       181       169
       181       187       182
       183       187       188
       378       183       188
       380       379       378
       387       388       379
       390       388       389
       439       440       390
       436       441       439
       470       436       437
       470       437       469
       445        71        70
       463       462        71
       469       432       462
        21       105       168
       180       181       168
       186       187       181
       192       188       187
       380       378       188
       387       379       380
       389       388       387
       392       390       389
       439       390       392
       439       435       436
       436       434       437
       469       437       432
       462        72        71
       432        73       462
       105       180       168
        20       105        21
       180       186       181
       186       192       187
       193       188       192
       380       188       193
       387       380       381
       382       389       387
       389       384       392
       435       439       392
       436       435       434
       437       434       433
       437       433       432
       462        73        72
       432       431        73
       174       180       105
        20       174       105
       180       179       186
       185       192       186
       195       193       192
       193       381       380
       382       387       381
       384       389       382
       384       393       392
       435       392       393
       435       394       434
       434       429       433
       433       431       432
       431        74        73
       180       174       179
        19       174        20
       179       185       186
       185       195       192
       198       193       195
       198       381       193
       381       370       382
       384       382       197
       383       393       384
       394       435       393
       394       429       434
       429       430       433
       433       430       431
       431       428        74
       174       199       179
        19       199       174
       179       200       185
       203       195       185
       204       198       195
       370       381       198
       197       382       370
       384       197       383
       391       393       383
       394       393       391
       429       394       425
       430       429       426
       431       430       428
       428        75        74
       199       200       179
       175       199        19
       203       185       200
       204       195       203
       198       204       205
       370       198       205
       213       197       370
       196       383       197
       391       383       420
       425       394       391
       429       425       426
       430       426       427
       430       427       428
       428       427        75
       199       201       200
        18       175        19
       175       201       199
       202       203       200
       203       212       204
       215       205       204
       205       213       370
       196       197       213
       420       383       196
       391       420       423
       425       391       423
       426       425       424
       427       426       194
       427        76        75
       202       200       201
        17       175        18
       176       201       175
       202       212       203
       215       204       212
       215       214       205
       205       214       213
       196       213       230
       420       196       419
       423       420       421
       424       425       423
       194       426       424
       427       194        76
       201       210       202
        17       176       175
       176       210       201
       211       212       202
       212       216       215
       214       215       217
       214       230       213
       196       230       419
       419       421       420
       422       423       421
       424       423       422
       373       194       424
       194       371        76
       211       202       210
       171       176        17
       209       210       176
       211       216       212
       215       216       217
       218       214       217
       218       230       214
       231       419       230
       421       419       418
       422       421       385
       424       422       373
       373       371       194
       371        77        76
       210       221       211
        16       171        17
       171       209       176
       209       221       210
       223       216       211
       217       216       224
       233       218       217
       218       231       230
       418       419       231
       385       421       418
       422       385       374
       373       422       374
       373       372       371
       371        78        77
       223       211       221
       170       171        16
       171       170       209
       220       221       209
       216       223       224
       233       217       224
       232       218       233
       232       231       218
       418       231       247
       418       377       385
       374       385       376
       374       372       373
       372        78       371
       222       223       221
        15       170        16
       170       220       209
       221       220       222
       223       244       224
       245       233       224
       232       233       246
       231       232       247
       377       418       247
       385       377       376
       376       369       374
       369       372       374
       372       361        78
       222       244       223
        15       165       170
       173       220       170
       220       219       222
       245       224       244
       246       233       245
       248       232       246
       248       247       232
       377       247       353
       377       375       376
       376       368       369
       372       369       361
       361        79        78
       237       244       222
       170       165       173
        14       165        15
       173       219       220
       219       237       222
       244       249       245
       250       246       245
       248       246       251
       247       248       353
       375       377       353
       376       375       368
       369       368       366
       361       369       366
       361       349        79
       244       237       249
       165       234       173
        14       234       165
       173       235       219
       219       238       237
       250       245       249
       246       250       251
       251       351       248
       248       351       353
       375       353       354
       375       367       368
       368       365       366
       361       366       349
       349        80        79
       237       242       249
       234       235       173
       189       234        14
       235       238       219
       238       242       237
       250       249       252
       250       254       251
       255       351       251
       351       354       353
       367       375       354
       368       367       365
       366       365       360
       366       360       349
       349       360        80
       249       242       252
       234       236       235
        13       189        14
       189       236       234
       235       239       238
       238       260       242
       252       254       250
       255       251       254
       350       351       255
       351       350       354
       367       354       359
       367       364       365
       360       365       363
       360        81        80
       242       243       252
       236       239       235
        12       189        13
       189       266       236
       239       260       238
       242       260       243
       254       252       253
       256       255       254
       350       255       347
       350       359       354
       364       367       359
       365       364       363
       363        81       360
       252       243       253
       236       267       239
        12       266       189
       266       267       236
       260       239       262
       243       260       261
       256       254       253
       347       255       256
       347       348       350
       348       359       350
       358       364       359
       364       362       363
       363       355        81
       253       243       240
       239       267       262
       265       266        12
       266       278       267
       262       261       260
       240       243       261
       256       253       226
       347       256       257
       347       346       348
       358       359       348
       362       364       358
       363       362       355
       355        82        81
       253       240       226
       267       268       262
        11       265        12
       265       278       266
       267       278       268
       262       263       261
       240       261       241
       257       256       226
       347       257       346
       346       352       348
       358       348       352
       362       358       357
       355       362       356
       355        83        82
       226       240       225
       262       268       263
        10       265        11
       265       281       278
       268       278       279
       261       263       241
       240       241       225
       257       226       327
       257       330       346
       345       352       346
       358       352       357
       362       357       356
       356        83       355
       226       225       327
       268       269       263
        10       281       265
       278       281       279
       269       268       279
       263       264       241
       225       241       272
       327       330       257
       346       330       345
       344       352       345
       357       352       344
       357       343       356
       356       329        83
       273       327       225
       263       269       264
        10       284       281
       281       285       279
       283       269       279
       241       264       272
       273       225       272
       330       327       328
       330       331       345
       332       344       345
       357       344       343
       356       343       329
       329        84        83
       328       327       273
       270       264       269
       284       285       281
       284        10         9
       279       285       283
       283       270       269
       271       272       264
       276       273       272
       331       330       328
       332       345       331
       342       344       332
       344       342       343
       329       343       341
       329        85        84
       328       273       277
       271       264       270
       284       290       285
       290       284         9
       295       283       285
       270       283       303
       271       276       272
       273       276       277
       318       331       328
       326       332       331
       342       332       335
       343       342       341
       341        85       329
       318       328       277
       306       271       270
       290       295       285
         9       287       290
       295       303       283
       306       270       303
       308       276       271
       277       276       310
       326       331       318
       335       332       326
       342       335       340
       342       340       341
       341       339        85
       318       277       312
       308       271       306
       290       291       295
       290       287       291
         9         8       287
       295       296       303
       303       305       306
       276       308       310
       277       310       312
       326       318       319
       325       335       326
       334       340       335
       341       340       339
       339        86        85
       319       318       312
       308       306       307
       295       291       296
       287       288       291
         8         7       287
       303       296       305
       306       305       307
       310       308       309
       310       311       312
       326       319       325
       334       335       325
       338       340       334
       340       338       339
       339       337        86
       319       312       317
       309       308       307
       291       292       296
       291       288       292
       287         7       288
       296       297       305
       304       307       305
       309       311       310
       311       317       312
       319       320       325
       324       334       325
       333       338       334
       339       338       337
       337        87        86
       317       320       319
       302       309       307
       296       292       297
       288       289       292
         7       286       288
       305       297       304
       304       302       307
       301       311       309
       259       317       311
       324       325       320
       333       334       324
       336       338       333
       338       336       337
       337       336        87
       317       316       320
       302       301       309
       292       294       297
       292       289       294
       288       286       289
         7         6       286
       297       298       304
       302       304       299
       301       259       311
       316       317       259
       324       320       322
       323       333       324
       333       190       336
       336        88        87
       316       322       320
       301       302       300
       298       297       294
       282       294       289
       289       286       280
         6         5       286
       299       304       298
       302       299       300
       207       259       301
       229       316       259
       323       324       322
       333       323       190
       336       190       103
       336       103        88
       315       322       316
       300       207       301
       293       298       294
       289       280       282
       293       294       282
       286         5       280
       258       299       298
       300       299       227
       259       207       229
       315       316       229
       321       323       322
       190       323       275
       190       191       103
       103        89        88
       321       322       315
       207       300       208
       293       258       298
        52       282       280
        51       293       282
       280         5        53
       227       299       258
       208       300       227
       206       229       207
       228       315       229
       321       275       323
       190       275       191
       191        89       103
       314       321       315
       206       207       208
        50       258       293
        52       280        53
        51       282        52
        50       293        51
        53         5         1
       227       258        49
       208       227        48
       228       229       206
       314       315       228
       321       313       275
       275       274       191
       191        90        89
       313       321       314
       206       208        47
        49       258        50
        48       227        49
        47       208        48
        46       228       206
        45       314       228
       274       275       313
       274        90       191
       313       314        44
        46       206        47
        45       228        46
        44       314        45
       274       313        43
        42        90       274
        43       313        44
        42       274        43
        42         3        90
