       np1       np2       ns1       ns2        ne
        28        40        24        54         4
 Edge number           1
         2         1        52
         3         2        45
         4         3        39
         5         4        33
         6         5        27
         7         6        21
         8         7        15
         9         8         6
        10         9         1
 Edge number           2
        12        11        54
        13        12        53
        14        13        52
 Edge number           3
        16        15        11
        17        16        12
        18        17        16
        19        18        22
        20        19        28
        21        20        34
        22        21        40
        23        22        46
        24        23        54
 Edge number           4
        26        25         1
        27        26         4
        28        27        11
 Face:           1
         2        12        23
        23        12        40
        12        26        40
        23        40        24
        26        25        40
        12        11        26
        40        15        24
        40        25        15
        26        27        25
        11        28        26
        24        15         4
        25        16        15
        27        16        25
        28        27        26
        10        28        11
        17        16        27
        29        27        28
        10        30        28
        17        27        29
        28        30        29
        30        10         9
        18        17        29
        29        30        31
        32        30         9
        18        29        31
        32        31        30
        32         9         8
        31        19        18
        31        32        33
        35        32         8
        33        19        31
        35        33        32
         7        35         8
        33        20        19
        35        34        33
         7        38        35
        34        20        33
        38        34        35
         6        38         7
        34        21        20
        38        36        34
        37        38         6
        36        21        34
        37        36        38
         5        37         6
        36        22        21
        39        36        37
         5        39        37
        39        22        36
        39         5        14
        13        22        39
        14         5         1
        13        39        14
        13         3        22
 1d points
      1        1.000000000000000
      5        0.888888888888889
      6        0.777777777777777
      7        0.666666666666667
      8        0.555555555555555
      9        0.444444444444444
     10        0.333333333333333
     11        0.222222222222222
     12        0.111111111111111
      2        0.000000000000000
      3        1.000000000000000
     13        0.666666666666667
     14        0.333333333333333
      1        0.000000000000000
      4        1.000000000000000
     15        0.888888888888889
     16        0.777777777777777
     17        0.666666666666667
     18        0.555555555555555
     19        0.444444444444444
     20        0.333333333333333
     21        0.222222222222222
     22        0.111111111111111
      3        0.000000000000000
      2        1.000000000000000
     23        0.666666666666667
     24        0.333333333333333
      4        0.000000000000000
 2d points
        1.000000000000000       -0.157079000000000        9.090909090909092        0.000000000000000        0.000000000000000        9.090909090909092         0
        0.000000000000000       -0.157079000000000        9.090909090909092        0.000000000000000        0.000000000000000        9.090909090909092         0
        1.000000000000000        0.157079000000000        9.090909090909092        0.000000000000000        0.000000000000000        9.090909090909092         0
        0.000000000000000        0.157079000000000        9.090909090909092        0.000000000000000        0.000000000000000        9.090909090909092         0
        0.888888888888889       -0.157079000000000        9.090909090909092        0.000000000000000        0.000000000000000        9.090909090909092         0
        0.777777777777777       -0.157079000000000        9.090909090909092        0.000000000000000        0.000000000000000        9.090909090909092         0
        0.666666666666667       -0.157079000000000        9.090909090909092        0.000000000000000        0.000000000000000        9.090909090909092         0
        0.555555555555555       -0.157079000000000        9.090909090909092        0.000000000000000        0.000000000000000        9.090909090909092         0
        0.444444444444444       -0.157079000000000        9.090909090909092        0.000000000000000        0.000000000000000        9.090909090909092         0
        0.333333333333333       -0.157079000000000        9.090909090909092        0.000000000000000        0.000000000000000        9.090909090909092         0
        0.222222222222222       -0.157079000000000        9.090909090909092        0.000000000000000        0.000000000000000        9.090909090909092         0
        0.111111111111111       -0.157079000000000        9.090909090909092        0.000000000000000        0.000000000000000        9.090909090909092         0
        1.000000000000000        0.052359666666667        9.090909090909092        0.000000000000000        0.000000000000000        9.090909090909092         0
        1.000000000000000       -0.052359666666667        9.090909090909092        0.000000000000000        0.000000000000000        9.090909090909092         0
        0.111111111111111        0.157079000000000        9.090909090909092        0.000000000000000        0.000000000000000        9.090909090909092         0
        0.222222222222223        0.157079000000000        9.090909090909092        0.000000000000000        0.000000000000000        9.090909090909092         0
        0.333333333333333        0.157079000000000        9.090909090909092        0.000000000000000        0.000000000000000        9.090909090909092         0
        0.444444444444445        0.157079000000000        9.090909090909092        0.000000000000000        0.000000000000000        9.090909090909092         0
        0.555555555555556        0.157079000000000        9.090909090909092        0.000000000000000        0.000000000000000        9.090909090909092         0
        0.666666666666667        0.157079000000000        9.090909090909092        0.000000000000000        0.000000000000000        9.090909090909092         0
        0.777777777777778        0.157079000000000        9.090909090909092        0.000000000000000        0.000000000000000        9.090909090909092         0
        0.888888888888889        0.157079000000000        9.090909090909092        0.000000000000000        0.000000000000000        9.090909090909092         0
        0.000000000000000       -0.052359666666667        9.090909090909092        0.000000000000000        0.000000000000000        9.090909090909092         0
        0.000000000000000        0.052359666666667        9.090909090909092        0.000000000000000        0.000000000000000        9.090909090909092         0
        0.177076245117287        0.067623406150137        9.090909090909092        0.000000000000000        0.000000000000000        9.090909090909092         0
        0.194739651001191       -0.039571937780229        9.090909090909092        0.000000000000000        0.000000000000000        9.090909090909092         0
        0.274753210171725        0.067904303305965        9.090909090909092        0.000000000000000        0.000000000000000        9.090909090909092         0
        0.300255084089566       -0.047563496714853        9.090909090909092        0.000000000000000        0.000000000000000        9.090909090909092         0
        0.378836374516126        0.067614948494799        9.090909090909092        0.000000000000000        0.000000000000000        9.090909090909092         0
        0.409566666156503       -0.047734730796578        9.090909090909092        0.000000000000000        0.000000000000000        9.090909090909092         0
        0.488886766710132        0.068637065014063        9.090909090909092        0.000000000000000        0.000000000000000        9.090909090909092         0
        0.520646816064835       -0.046572159157059        9.090909090909092        0.000000000000000        0.000000000000000        9.090909090909092         0
        0.600129394862563        0.069448521742001        9.090909090909092        0.000000000000000        0.000000000000000        9.090909090909092         0
        0.711609482248370        0.066794313874656        9.090909090909092        0.000000000000000        0.000000000000000        9.090909090909092         0
        0.631560270739033       -0.046074576748404        9.090909090909092        0.000000000000000        0.000000000000000        9.090909090909092         0
        0.802979224991157        0.048270767645303        9.090909090909092        0.000000000000000        0.000000000000000        9.090909090909092         0
        0.820642112062299       -0.064538892485371        9.090909090909092        0.000000000000000        0.000000000000000        9.090909090909092         0
        0.738125854925831       -0.047214297601345        9.090909090909092        0.000000000000000        0.000000000000000        9.090909090909092         0
        0.899518474828581       -0.001640553396069        9.090909090909092        0.000000000000000        0.000000000000000        9.090909090909092         0
        0.099370292262870        0.003284214046813        9.090909090909092        0.000000000000000        0.000000000000000        9.090909090909092         0
