 VARIABLES = "X",  "Y"
 ZONE N=         898 , E=        1668 , F=FEPOINT, ET=TRIANGLE
        1.0000000000       -0.1570790000
        0.0000000000       -0.1570790000
        1.0000000000        0.1570790000
        0.0000000000        0.1570790000
        0.9791666667       -0.1570790000
        0.9583333333       -0.1570790000
        0.9375000000       -0.1570790000
        0.9166666667       -0.1570790000
        0.8958333333       -0.1570790000
        0.8750000000       -0.1570790000
        0.8541666667       -0.1570790000
        0.8333333333       -0.1570790000
        0.8125000000       -0.1570790000
        0.7916666667       -0.1570790000
        0.7708333333       -0.1570790000
        0.7500000000       -0.1570790000
        0.7291666667       -0.1570790000
        0.7083333333       -0.1570790000
        0.6875000000       -0.1570790000
        0.6666666667       -0.1570790000
        0.6458333333       -0.1570790000
        0.6250000000       -0.1570790000
        0.6041666667       -0.1570790000
        0.5833333333       -0.1570790000
        0.5625000000       -0.1570790000
        0.5416666667       -0.1570790000
        0.5208333333       -0.1570790000
        0.5000000000       -0.1570790000
        0.4791666667       -0.1570790000
        0.4583333333       -0.1570790000
        0.4375000000       -0.1570790000
        0.4166666667       -0.1570790000
        0.3958333333       -0.1570790000
        0.3750000000       -0.1570790000
        0.3541666667       -0.1570790000
        0.3333333333       -0.1570790000
        0.3125000000       -0.1570790000
        0.2916666667       -0.1570790000
        0.2708333333       -0.1570790000
        0.2500000000       -0.1570790000
        0.2291666667       -0.1570790000
        0.2083333333       -0.1570790000
        0.1875000000       -0.1570790000
        0.1666666667       -0.1570790000
        0.1458333333       -0.1570790000
        0.1250000000       -0.1570790000
        0.1041666667       -0.1570790000
        0.0833333333       -0.1570790000
        0.0625000000       -0.1570790000
        0.0416666667       -0.1570790000
        0.0208333333       -0.1570790000
        1.0000000000        0.1361351333
        1.0000000000        0.1151912667
        1.0000000000        0.0942474000
        1.0000000000        0.0733035333
        1.0000000000        0.0523596667
        1.0000000000        0.0314158000
        1.0000000000        0.0104719333
        1.0000000000       -0.0104719333
        1.0000000000       -0.0314158000
        1.0000000000       -0.0523596667
        1.0000000000       -0.0733035333
        1.0000000000       -0.0942474000
        1.0000000000       -0.1151912667
        1.0000000000       -0.1361351333
        0.0208333333        0.1570790000
        0.0416666667        0.1570790000
        0.0625000000        0.1570790000
        0.0833333333        0.1570790000
        0.1041666667        0.1570790000
        0.1250000000        0.1570790000
        0.1458333333        0.1570790000
        0.1666666667        0.1570790000
        0.1875000000        0.1570790000
        0.2083333333        0.1570790000
        0.2291666667        0.1570790000
        0.2500000000        0.1570790000
        0.2708333333        0.1570790000
        0.2916666667        0.1570790000
        0.3125000000        0.1570790000
        0.3333333333        0.1570790000
        0.3541666667        0.1570790000
        0.3750000000        0.1570790000
        0.3958333333        0.1570790000
        0.4166666667        0.1570790000
        0.4375000000        0.1570790000
        0.4583333333        0.1570790000
        0.4791666667        0.1570790000
        0.5000000000        0.1570790000
        0.5208333333        0.1570790000
        0.5416666667        0.1570790000
        0.5625000000        0.1570790000
        0.5833333333        0.1570790000
        0.6041666667        0.1570790000
        0.6250000000        0.1570790000
        0.6458333333        0.1570790000
        0.6666666667        0.1570790000
        0.6875000000        0.1570790000
        0.7083333333        0.1570790000
        0.7291666667        0.1570790000
        0.7500000000        0.1570790000
        0.7708333333        0.1570790000
        0.7916666667        0.1570790000
        0.8125000000        0.1570790000
        0.8333333333        0.1570790000
        0.8541666667        0.1570790000
        0.8750000000        0.1570790000
        0.8958333333        0.1570790000
        0.9166666667        0.1570790000
        0.9375000000        0.1570790000
        0.9583333333        0.1570790000
        0.9791666667        0.1570790000
        0.0000000000       -0.1361351333
        0.0000000000       -0.1151912667
        0.0000000000       -0.0942474000
        0.0000000000       -0.0733035333
        0.0000000000       -0.0523596667
        0.0000000000       -0.0314158000
        0.0000000000       -0.0104719333
        0.0000000000        0.0104719333
        0.0000000000        0.0314158000
        0.0000000000        0.0523596667
        0.0000000000        0.0733035333
        0.0000000000        0.0942474000
        0.0000000000        0.1151912667
        0.0000000000        0.1361351333
        0.5003216890       -0.1219314953
        0.4796870968       -0.1219950665
        0.4590222889       -0.1220518059
        0.4176576129       -0.1221618696
        0.4383417503       -0.1221071637
        0.4183665341       -0.0522986571
        0.4081970812       -0.0700821632
        0.3352402000       -0.1228759267
        0.3237560093       -0.1395089176
        0.3152390739       -0.1239048957
        0.3041349085       -0.1404356152
        0.2876951627       -0.1423018931
        0.3441939521       -0.1391589546
        0.3556764472       -0.1224601493
        0.3648898983       -0.1390563650
        0.5099480681       -0.1387109047
        0.4893411468       -0.1386885048
        0.4686292387       -0.1387328664
        0.4478912142       -0.1387886319
        0.4271472349       -0.1388480553
        0.4064089300       -0.1389131571
        0.3856900926       -0.1390308524
        0.3969847205       -0.1222127126
        0.3762950378       -0.1222824346
        0.3133550933        0.1216305541
        0.3035942221        0.1044752901
        0.2926879566        0.1217261941
        0.2937690692        0.0870002030
        0.2829873354        0.1044582628
        0.2719784885        0.1218270785
        0.2731880799        0.0869326235
        0.2623386471        0.1044988843
        0.2961137320       -0.1265042726
        0.2838693790        0.0693045708
        0.2632995211        0.0692172833
        0.0153465408        0.1030693942
        0.0114340376        0.1365317852
        0.0211484066        0.1189092204
        0.2771884003       -0.1340811891
        0.0123979845       -0.1174120057
        0.0256918591       -0.1402503521
        0.0360537908       -0.1181768240
        0.2739196370        0.0514906239
        0.0219918502       -0.0957636136
        0.0117656247       -0.0739051353
        0.0313005907        0.1386792043
        0.0522528068        0.1393205872
        0.0426816660        0.1201980167
        0.0383085502        0.0316936141
        0.0733053807        0.1395434681
        0.0852328965        0.1213943889
        0.0325309825        0.1009179033
        0.0640090020        0.1209794563
        0.0539131596        0.1022530695
        0.0422408740        0.0835530599
        0.0329729852        0.0641152598
        0.0547486843        0.0661426964
        0.0332345419       -0.0008334777
        0.0553489078       -0.0022248579
        0.0767307276        0.0672122311
        0.0652316267        0.0846315604
        0.0441368376        0.0156369836
        0.0440069679        0.0478969164
        0.0562906722        0.0319481310
        0.0666791608        0.0149387849
        0.0943104563        0.1395661126
        0.0429490462       -0.0198908780
        0.0755813348        0.1030532262
        0.0869746601        0.0853755147
        0.0663467407        0.0492420649
        0.0775283514        0.0322266867
        0.0222907914        0.0831937346
        0.0161785189        0.0636587608
        0.0249961913        0.0454273582
        0.0253294429        0.0173304613
        0.0170076807       -0.0009550552
        0.0235286955       -0.0203655759
        0.0156352172       -0.0395998789
        0.0335846864       -0.0370138728
        0.0500057011       -0.1413624817
        0.0718911618       -0.1416505196
        0.0592254898       -0.1186871750
        0.1349154236       -0.1418853587
        0.0219677707       -0.0555559913
        0.0453143127       -0.0565451115
        0.0677814082       -0.0571337910
        0.2512510860        0.1219230539
        0.2525767518        0.0869341924
        0.2416791936        0.1045426139
        0.2305241733        0.1219914597
        0.2319623237        0.0869366208
        0.2210267113        0.1045505469
        0.2098066824        0.1220213866
        0.1891027675        0.1220168663
        0.2003888470        0.1045089544
        0.2113602085        0.0868953470
        0.2015444712        0.0690989858
        0.1907754228        0.0867962277
        0.1797679638        0.1044222626
        0.1684179481        0.1219914567
        0.1477625505        0.1219679569
        0.1591634268        0.1042979210
        0.3226054874        0.1388682652
        0.3019718058        0.1389033959
        0.2812462667        0.1388207005
        0.2604971876        0.1387182543
        0.2397447702        0.1386028613
        0.2189971686        0.1384694985
        0.1982578735        0.1383188635
        0.1775300621        0.1381594826
        0.1568195530        0.1380199038
        0.1361470598        0.1379906840
        0.1152718935        0.1393399554
        0.1062827397        0.1215990446
        0.1702040506        0.0866436289
        0.0968643961        0.1035402582
        0.1604318197        0.0687661948
        0.1496268825        0.0864414162
        0.1272743238        0.1218060536
        0.1385666765        0.1041168978
        0.0559287533       -0.0382210543
        0.0666267056       -0.0203908855
        0.0776243011       -0.0027338357
        0.0883503257        0.0148254994
        0.0988017952        0.0324846952
        0.1505080621        0.0508627370
        0.1178401445        0.1038659287
        0.1398372433        0.0685231291
        0.1289796476        0.0861841742
        0.1081458941        0.0858509492
        0.0879053054        0.0498955731
        0.0981383206        0.0678258745
        0.1191174497        0.0682243551
        0.1090428829        0.0503012262
        0.1298666931        0.0506065580
        0.1404848934        0.0329720718
        0.1515413783       -0.0203585324
        0.1197647345        0.0327326238
        0.1095426110        0.0149227531
        0.1615824103       -0.0023920302
        0.1510423433        0.0153110082
        0.1303892520        0.0151055216
        0.1409713318       -0.0025794130
        0.1202281856       -0.0027536702
        0.0991864000       -0.0028430279
        0.1308801373       -0.0205400822
        0.1100111993       -0.0206695307
        0.0342804417       -0.0756519517
        0.1140636944       -0.1418289061
        0.0931065329       -0.1417617197
        0.1024363312       -0.1188778380
        0.0887076937       -0.0206566809
        0.1233520915       -0.1188498822
        0.0464736571       -0.0966950222
        0.0811789155       -0.1188550015
        0.0782218616       -0.0386712316
        0.0997750263       -0.0387808237
        0.1107438014       -0.0572974225
        0.0895611369       -0.0573276616
        0.1557277628       -0.1419394352
        0.1441211004       -0.1188062292
        0.0572411254       -0.0763791423
        0.0691846734       -0.0970532774
        0.0793650669       -0.0766438657
        0.0908819984       -0.0971279912
        0.1007647489       -0.0766604963
        0.1119867309       -0.0970751229
        0.1217039419       -0.0765561313
        0.1327918403       -0.0969710078
        0.1207924372       -0.0387014786
        0.1315600600       -0.0571569300
        0.1424115224       -0.0764018083
        0.1534701248       -0.0968501886
        0.1765257459       -0.1419907469
        0.1415206611       -0.0385354248
        0.1648349647       -0.1187576134
        0.1973123940       -0.1420267766
        0.1855234957       -0.1186978143
        0.1522048221       -0.0569764983
        0.1630255305       -0.0762349656
        0.1740996384       -0.0967246938
        0.1610811913        0.0331905556
        0.2427082295        0.0691978494
        0.2533541780        0.0514008659
        0.2639515595        0.0336427172
        0.2539904134        0.0158261625
        0.2433833748        0.0335628106
        0.2334029356        0.0157586006
        0.2440565617       -0.0019120173
        0.2221186776        0.0691738166
        0.2327693683        0.0513744549
        0.2033943695       -0.0380492235
        0.2121879853        0.0513355935
        0.2227913539        0.0335344313
        0.1809869514        0.0689607632
        0.2341596420       -0.0195143138
        0.2132416875       -0.0199097868
        0.1710729476        0.0510775132
        0.1916237222        0.0512392440
        0.2233966208       -0.0020053777
        0.2127855156        0.0157120312
        0.2022049908        0.0334813011
        0.1816393972        0.0333666541
        0.1716198106        0.0154959146
        0.1921893020        0.0156310314
        0.2027424637       -0.0021222673
        0.1821590995       -0.0022361475
        0.1927190410       -0.0200451207
        0.1721329320       -0.0201844262
        0.1621319717       -0.0383503021
        0.1827248278       -0.0381840020
        0.1727898123       -0.0567948131
        0.1933513844       -0.0566135391
        0.1836002249       -0.0760682917
        0.1946945751       -0.0965830060
        0.2137993711       -0.0563301501
        0.2041199220       -0.0758881693
        0.2152301151       -0.0963706474
        0.2231353181       -0.0380714341
        0.2337615549       -0.0567421840
        0.2245281247       -0.0757351542
        0.2551279985       -0.0565750132
        0.2450282620       -0.0753896308
        0.2356820542       -0.0958986776
        0.2061779758       -0.1185837590
        0.2180710110       -0.1419959908
        0.2267513384       -0.1182637761
        0.2387328008       -0.1417107991
        0.2589956963       -0.1404119150
        0.2471020720       -0.1173146646
        0.2559699390       -0.0948039496
        0.2654865054       -0.0745085158
        0.2753217367       -0.0555189602
        0.2668945028       -0.1148259677
        0.2760349762       -0.0929830928
        0.2857181226       -0.0733149889
        0.2434679322       -0.0351666481
        0.2649013273       -0.0376649943
        0.2852140386       -0.0371580843
        0.3055952772       -0.0365910369
        0.2956224393       -0.0547157440
        0.2863591118       -0.1110248960
        0.2960251415       -0.0910092736
        0.3059614862       -0.0722409666
        0.3059884253       -0.1079572395
        0.3161259034       -0.0895536656
        0.3259262829       -0.1064237907
        0.3363989784       -0.0887115880
        0.3978676490       -0.0877338927
        0.3872691403       -0.1051644775
        0.3262848534       -0.0714558155
        0.3876744675       -0.0703199429
        0.3462096714       -0.1057104419
        0.3666941317       -0.1053634518
        0.3773248809       -0.0879534283
        0.3568194314       -0.0882438280
        0.3671674284       -0.0705896287
        0.3466947506       -0.0709396031
        0.3978527709       -0.0525494516
        0.3773482603       -0.0528175401
        0.3159836621       -0.0540413315
        0.3568597255       -0.0531268667
        0.3363997243       -0.0535188015
        0.4078716802       -0.1050178860
        0.4284784339       -0.1048826830
        0.4490859294       -0.1047475849
        0.4696870569       -0.1046112538
        0.4902761145       -0.1044726545
        0.3260164270       -0.0360688876
        0.3464695005       -0.0356330847
        0.3669468045       -0.0352784121
        0.3874407254       -0.0349780223
        0.2530560773       -0.0175287912
        0.2630182072        0.0000970350
        0.2730698773        0.0177831910
        0.2946447449        0.0161819505
        0.2747281041       -0.0195924940
        0.2846614525       -0.0017018109
        0.2951566346       -0.0191545008
        0.3051382628       -0.0012488411
        0.3155927071       -0.0186469455
        0.3151379145        0.0166545364
        0.3356073495        0.0171704741
        0.3256005542       -0.0007432861
        0.3360435451       -0.0181646186
        0.3460641408       -0.0002643730
        0.3560714899        0.0176618026
        0.3565117770       -0.0177498896
        0.3665386878        0.0001509897
        0.3769965814       -0.0174020848
        0.3870295975        0.0005020572
        0.2831457532        0.0355255985
        0.3046441292        0.0340856837
        0.2932164332        0.0532839235
        0.3146312074        0.0519888645
        0.3251338965        0.0345753616
        0.3350917635        0.0525133901
        0.3974961366       -0.0171011249
        0.4079463130       -0.0347064551
        0.4180091425       -0.0168281327
        0.3765466418        0.0180919300
        0.3455911511        0.0351185481
        0.3660393421        0.0356521032
        0.3865083793        0.0361173164
        0.3970459702        0.0184495069
        0.3555030535        0.0531384091
        0.3759051112        0.0537842819
        0.4184229275       -0.0875376950
        0.4287266481       -0.0698552177
        0.4075394819        0.0008033813
        0.3032528845        0.0709964857
        0.3245668742        0.0698476306
        0.3132235631        0.0885727828
        0.3344000594        0.0875704794
        0.3231273475        0.1058722712
        0.3441043344        0.1049320013
        0.3331201326        0.1226957997
        0.3438219131        0.1395159408
        0.3655639977        0.1367269875
        0.3538579792        0.1214040909
        0.3449475796        0.0704610281
        0.3545882055        0.0883697909
        0.3652465151        0.0713136012
        0.4284614353       -0.0344496556
        0.3712405776        0.1207169727
        0.3637648125        0.1059333765
        0.3836785760        0.1100605199
        0.3746641219        0.0898908217
        0.4025743161        0.1118761286
        0.3947283171        0.0913484174
        0.3855474577        0.0722222365
        0.4154424352        0.0912607195
        0.4060261770        0.0727191708
        0.3963644940        0.0543005485
        0.4070259073        0.0364682039
        0.4175755728        0.0187385790
        0.4267870030        0.0726557508
        0.4169383373        0.0545695892
        0.4376046292        0.0546425346
        0.4275971678        0.0367015025
        0.4481958233        0.0368599674
        0.4381296142        0.0189731093
        0.4280676130        0.0010686824
        0.4586921588        0.0191695510
        0.4486086094        0.0013045794
        0.4385339836       -0.0165745592
        0.4388869710       -0.0520563319
        0.4489846908       -0.0342054577
        0.4691531807        0.0015117775
        0.4590669370       -0.0163419355
        0.4389817239       -0.0873471188
        0.4492598526       -0.0696333737
        0.4594124238       -0.0518238944
        0.4595401193       -0.0871583836
        0.4796016191       -0.0161360077
        0.4695131097       -0.0339796553
        0.4900415055       -0.0337796546
        0.5004653931       -0.0514169529
        0.4799399657       -0.0516083313
        0.4697942300       -0.0694191048
        0.4800943470       -0.0869734042
        0.4903270081       -0.0692188919
        0.5108563106       -0.0690401067
        0.5006436198       -0.0867964069
        0.5211929581       -0.0866380395
        0.5108601211       -0.1043247375
        0.5314678776       -0.1042034647
        0.5209579812       -0.1217674566
        0.5313299610       -0.1392543488
        0.5417439768       -0.1217690315
        0.5520305452       -0.1394127593
        0.9842521494        0.0418786349
        0.6022047577        0.0205725833
        0.6352064081       -0.1394502132
        0.6451879228       -0.1215100946
        0.6551294564       -0.1035381560
        0.6650765762       -0.0855741284
        0.6750531994       -0.0676381349
        0.6850619936       -0.0497317765
        0.6950939188       -0.0318457126
        0.7051367624       -0.0139650437
        0.7151759879        0.0039355978
        0.7251943750        0.0219067975
        0.7046940580        0.0216865383
        0.6841929820        0.0214691097
        0.6636929043        0.0212492789
        0.6431939295        0.0210276996
        0.6226973761        0.0208026057
        0.5455167946        0.1417753183
        0.6121372026        0.0387313318
        0.3909326148        0.1301762572
        0.4086501275        0.1410799295
        0.4267123220        0.1419736329
        0.4474675412        0.1396357890
        0.4684928884        0.1407176029
        0.4892907384        0.1391760921
        0.5098075039        0.1407514237
        0.5292903068        0.1401817187
        0.8431348561       -0.1400966266
        0.8639342939       -0.1401696220
        0.9056132820       -0.1403193407
        0.8847515340       -0.1402445632
        0.7391709890       -0.1397548825
        0.8223410130       -0.1400253084
        0.8015485090       -0.1399554548
        0.9884628254       -0.1378503656
        0.9686168817       -0.1398767863
        0.9265593919       -0.1403769230
        0.9476076662       -0.1403364750
        0.7807561591       -0.1398870533
        0.7599636784       -0.1398201697
        0.8313564968       -0.1211586279
        0.8520502429       -0.1211252989
        0.8727660745       -0.1210950831
        0.8199621483       -0.1025953813
        0.8106690692       -0.1211936567
        0.7899831591       -0.1212299107
        0.8818833707       -0.1022657472
        0.6559979026       -0.1395087981
        0.6767914623       -0.1395685947
        0.6975848728       -0.1396292312
        0.7183780572       -0.1396912468
        0.8935447337       -0.1210701430
        0.9144657941       -0.1210472127
        0.9789289534       -0.1195688597
        0.9356333968       -0.1209891778
        0.9570933378       -0.1207273853
        0.7692975841       -0.1212673041
        0.7486120902       -0.1213058520
        0.6658705794       -0.1214694139
        0.6865557688       -0.1214279496
        0.7072411616       -0.1213863757
        0.7279266180       -0.1213455665
        0.9881762786        0.0101390722
        0.9777259201        0.0266641368
        0.9658726921        0.0077165154
        0.9856566389       -0.1034790446
        0.9674492202       -0.1021440280
        0.7993564358       -0.1027112409
        0.7581473206       -0.1029453505
        0.7787517503       -0.1028279278
        0.6757307757       -0.1034204234
        0.6963346382       -0.1033015211
        0.7169387535       -0.1031822934
        0.7375429951       -0.1030634905
        0.6856251609       -0.0854046932
        0.7061761267       -0.0852347485
        0.7267272782       -0.0850645900
        0.7472785208       -0.0848946534
        0.9547141093       -0.0112095303
        0.9784280331       -0.0108091594
        0.9853353447       -0.0646186330
        0.9823250843       -0.0838916919
        0.9564479415       -0.0837131000
        0.9454696995       -0.1020855877
        0.9027118702       -0.1021794506
        0.9238446868       -0.1021198139
        0.8405723705       -0.1024808203
        0.8612000122       -0.1023693186
        0.7678298264       -0.0847250562
        0.7883812584       -0.0845558371
        0.8089332202       -0.0843870675
        0.8294877177       -0.0842190711
        0.9435897670       -0.0295350412
        0.9881875477       -0.0313152055
        0.9661680309       -0.0298777663
        0.6955721161       -0.0674389157
        0.7160932786       -0.0672399902
        0.7366145518       -0.0670409774
        0.7571358616       -0.0668420483
        0.9781941742       -0.0487944619
        0.9667352527       -0.0656466392
        0.9550755946       -0.0477565384
        0.9328573432       -0.0474956546
        0.9882211131        0.0738054607
        0.9654126409        0.0769562480
        0.9423228644        0.0783242347
        0.9777132529        0.0572787902
        0.9538788496        0.0593079497
        0.9314702884        0.0599168602
        0.9099092989        0.0600242053
        0.9648737061        0.0419519868
        0.9426470401        0.0419585785
        0.9208417956        0.0418761064
        0.9541530628        0.0248453163
        0.9318923446        0.0242200484
        0.9104084843        0.0239028291
        0.9443165535       -0.0655258089
        0.9338839772       -0.0836334824
        0.9224400731       -0.0654640901
        0.9123594923       -0.0836556449
        0.8913736240       -0.0837535711
        0.8500530559       -0.0840532051
        0.8706570019       -0.0838940373
        0.9202479437        0.0787978008
        0.9089291632        0.0986291878
        0.8878657030        0.0986464680
        0.7055664459       -0.0495178409
        0.7260730865       -0.0493047477
        0.7465797856       -0.0490916071
        0.7670864725       -0.0488784516
        0.8996453999        0.0417260279
        0.9431656772        0.0067070018
        0.9212909235        0.0062395372
        0.9000944903        0.0059487635
        0.9323532667       -0.0115090824
        0.9217366768       -0.0295523672
        0.9113578291       -0.0475074805
        0.9012209080       -0.0655312285
        0.9108399738       -0.0117516943
        0.9005361468       -0.0296942977
        0.8903834076       -0.0476399031
        0.8804052051       -0.0656760138
        0.8898742058       -0.0119753045
        0.8797386212       -0.0298849976
        0.8696960749       -0.0478244492
        0.8597810351       -0.0658560890
        0.8392299468       -0.0660492099
        0.7776572022       -0.0666432483
        0.7981787482       -0.0664446272
        0.8187014869       -0.0662463600
        0.8989500952        0.0788731558
        0.8780931598        0.0787868422
        0.8574368523        0.0786423927
        0.7155923024       -0.0316255860
        0.7360929094       -0.0314065863
        0.7565934953       -0.0311874487
        0.7770940362       -0.0309682759
        0.8894493945        0.0236629850
        0.8793027592        0.0057099867
        0.8691971489       -0.0121955206
        0.8591343570       -0.0300948445
        0.7875931962       -0.0486653201
        0.8491319542       -0.0480288571
        0.8081003914       -0.0484522928
        0.8286102594       -0.0482396936
        0.8889089989        0.0599351804
        0.8682050924        0.0597718126
        0.8476258415        0.0595833110
        0.8270887560        0.0593875617
        0.8788446969        0.0415380218
        0.7975947159       -0.0307490974
        0.8687726997        0.0234403806
        0.8587024586        0.0054848608
        0.8486423470       -0.0124160456
        0.8386040331       -0.0303114233
        0.8180965261       -0.0305300113
        0.8582352587        0.0413333149
        0.8376988578        0.0411227173
        0.8171848630        0.0409104649
        0.7256332680       -0.0137431187
        0.7461319013       -0.0135218705
        0.7666303913       -0.0133006736
        0.7871288830       -0.0130794636
        0.8482164307        0.0232208926
        0.8381748723        0.0052628745
        0.8281293043       -0.0126370464
        0.8076278073       -0.0128582372
        0.7356742866        0.0041567717
        0.7561727630        0.0043779671
        0.7766712368        0.0045991204
        0.8277013586        0.0230018107
        0.8176696003        0.0050415223
        0.7971698688        0.0048202982
        0.8065631814        0.0591901259
        0.8071976645        0.0227827713
        0.7966764095        0.0406978758
        0.7866965049        0.0225637637
        0.7761690462        0.0404852846
        0.6198289826        0.0969672317
        0.7661957965        0.0223447979
        0.7860401106        0.0589924520
        0.6403664789        0.0972433310
        0.6609527478        0.0974080529
        0.7456951859        0.0221258531
        0.7556618443        0.0402727646
        0.7655174323        0.0587948559
        0.6815556121        0.0975360639
        0.7021631416        0.0976539835
        0.7227716333        0.0977697406
        0.7433801273        0.0978853300
        0.7546316754        0.0778098506
        0.7449947541        0.0585973958
        0.7351546593        0.0400603506
        0.8368545340        0.0784799810
        0.8162943549        0.0783129910
        0.7751855663        0.0779774070
        0.7957394889        0.0781451750
        0.7639884319        0.0980011901
        0.8052048794        0.0982339421
        0.7845965704        0.0981174063
        0.9305998946        0.0983782479
        0.9779376711        0.0960321875
        0.9533428381        0.0976283252
        0.8258151752        0.0983504461
        0.8670929365        0.0985713301
        0.8464353344        0.0984651885
        0.9875573766        0.1167672558
        0.9744095013        0.1395100763
        0.9639164561        0.1181387211
        0.9500729931        0.1406535342
        0.9407094552        0.1190053065
        0.9281328706        0.1410508363
        0.9187385114        0.1193791535
        0.9068914717        0.1412263353
        0.8974860522        0.1194989935
        0.8859270939        0.1413204600
        0.8765825181        0.1195110385
        0.8650756897        0.1413855422
        0.8558242030        0.1194842914
        0.8442653979        0.1414417771
        0.8351165667        0.1194459758
        0.8234677059        0.1414961124
        0.8144234665        0.1194050906
        0.8026731199        0.1415505551
        0.7937336461        0.1193641006
        0.7818790445        0.1416055599
        0.7730442576        0.1193235467
        0.7610848976        0.1416611796
        0.7523547148        0.1192835029
        0.7402905690        0.1417173786
        0.7316649270        0.1192439286
        0.7194960500        0.1417740815
        0.7109749551        0.1192046319
        0.6987014210        0.1418310602
        0.6902852165        0.1191647190
        0.6779071187        0.1418873497
        0.6695975597        0.1191202560
        0.6571149878        0.1419389195
        0.6489188481        0.1190561441
        0.6363317875        0.1419705843
        0.6282711778        0.1189219625
        0.6155804483        0.1419292810
        0.5949406737        0.1416272288
        0.5747390297        0.1402943575
        0.5567268666        0.1338397412
        0.5381062619        0.1265294587
        0.7340776688        0.0776425025
        0.7244720343        0.0584000505
        0.7146476337        0.0398481137
        0.6077181026        0.1185679804
        0.5994109729        0.0964093074
        0.4989168192        0.1230234898
        0.5192950406        0.1239254006
        0.7135235703        0.0774752005
        0.7039492358        0.0582025535
        0.6941398918        0.0396354701
        0.5874262128        0.1175917751
        0.5677508785        0.1151062351
        0.5484550922        0.1113987741
        0.5090710151        0.1070502587
        0.5289897253        0.1084622879
        0.6929697235        0.0773071973
        0.6834268847        0.0580039328
        0.6736333421        0.0394214999
        0.6724176019        0.0771354899
        0.6629066554        0.0578010224
        0.6518720237        0.0769496749
        0.6531284649        0.0392041889
        0.6326281466        0.0389775307
        0.6423928242        0.0575843931
        0.6313460139        0.0767202964
        0.6218949615        0.0573323613
        0.6108671818        0.0763822462
        0.5904757504        0.0758357713
        0.5192912720        0.0904629761
        0.5792210883        0.0952941444
        0.5592634454        0.0935680903
        0.5393545234        0.0917530078
        0.4128196204        0.1260438951
        0.4365472524        0.1240714823
        0.4574749609        0.1231607681
        0.4788155612        0.1228309389
        0.4249715842        0.1081953311
        0.4469577964        0.1071268761
        0.4680454743        0.1065664614
        0.4887375461        0.1065347817
        0.4363929071        0.0899763340
        0.4576657509        0.0897674037
        0.4784537427        0.0896034628
        0.4989914376        0.0898046538
        0.6014278164        0.0570100934
        0.5810025668        0.0565897610
        0.5701905009        0.0750266446
        0.5499661682        0.0740733074
        0.5297131265        0.0732266798
        0.4473186360        0.0720851737
        0.4682573236        0.0722985153
        0.4888789548        0.0723652134
        0.5093604078        0.0726561091
        0.5606113363        0.0560916104
        0.5402233813        0.0555966793
        0.4579811273        0.0543747343
        0.4787673113        0.0547641144
        0.4993206617        0.0549212898
        0.5198017147        0.0551942123
        0.5916603669        0.0384557451
        0.5817163099        0.0203397307
        0.5711973403        0.0381531925
        0.5507389693        0.0378470954
        0.4685224960        0.0367344262
        0.4892414072        0.0371761843
        0.5097738672        0.0373491205
        0.5302696065        0.0375718207
        0.6946779595        0.0037137333
        0.6741789742        0.0034937478
        0.6536809961        0.0032726272
        0.6331835868        0.0030521575
        0.6126870645        0.0028339341
        0.6846372223       -0.0141861589
        0.6641385011       -0.0144056589
        0.6436405486       -0.0146249227
        0.6231428199       -0.0148403856
        0.6026450857       -0.0150478342
        0.5612291044        0.0201124527
        0.4790155769        0.0191131357
        0.4997030092        0.0195539443
        0.5202302054        0.0197184230
        0.5407365423        0.0199029336
        0.5921913139        0.0026214868
        0.5716948906        0.0024205354
        0.4894917290        0.0014936836
        0.5101601599        0.0019164055
        0.5306844087        0.0020713963
        0.5511943110        0.0022368401
        0.5821463387       -0.0152416867
        0.4999611867       -0.0161269040
        0.5206143198       -0.0157250177
        0.5411348692       -0.0155756025
        0.5616441970       -0.0154174076
        0.6745922918       -0.0320644750
        0.6540916491       -0.0322806527
        0.6335917873       -0.0324941464
        0.6130920172       -0.0326995226
        0.5925916625       -0.0328910692
        0.5104239475       -0.0337472552
        0.5310637389       -0.0333654806
        0.5515808245       -0.0332194588
        0.5720889534       -0.0330641906
        0.5208732914       -0.0513640067
        0.5415037603       -0.0510027588
        0.5620206401       -0.0508612448
        0.6645543672       -0.0499436131
        0.6440479295       -0.0501510043
        0.6235424249       -0.0503520192
        0.6030370577       -0.0505398961
        0.5825306435       -0.0507096576
        0.6545312868       -0.0678339341
        0.6340109332       -0.0680225462
        0.6134919504       -0.0682006063
        0.5929734362       -0.0683617450
        0.5312975374       -0.0689720416
        0.5519283871       -0.0686360735
        0.5724534455       -0.0685046216
        0.5416870763       -0.0865681575
        0.5623362018       -0.0862700024
        0.6445252945       -0.0857384953
        0.6239762444       -0.0858931257
        0.6034295667       -0.0860346805
        0.5828841604       -0.0861591704
        0.5520503365       -0.1041629665
        0.5727368424       -0.1039203678
        0.6345258048       -0.1036500655
        0.6139254423       -0.1037524115
        0.5933297647       -0.1038433050
        0.6245029911       -0.1215472820
        0.5624092581       -0.1217898284
        0.5831539090       -0.1216106282
        0.6038223714       -0.1215821826
        0.5727869225       -0.1394924010
        0.6144102762       -0.1393952499
        0.5936148989       -0.1393651614
 
         2        51       113
        51       167       113
       113       167       166
        51        50       167
       167       168       166
       113       166       114
       167        50       206
       168       170       166
       167       206       168
       114       166       115
        50        49       206
       166       170       115
       168       280       170
       208       168       206
       206        49       207
       115       170       171
       170       280       274
       208       280       168
       206       207       208
        49        48       207
       171       170       274
       115       171       116
       280       288       274
       280       208       289
       208       207       281
       207        48       276
       171       274       210
       116       171       117
       274       288       211
       280       289       288
       208       281       289
       207       276       281
        48        47       276
       210       274       211
       171       210       117
       211       288       212
       289       290       288
       289       281       291
       276       277       281
        47       275       276
       211       205       210
       117       210       204
       290       212       288
       247       211       212
       289       291       290
       291       281       277
       277       276       275
        47        46       275
       210       205       204
       211       247       205
       117       204       118
       290       285       212
       247       212       282
       291       292       290
       291       277       293
       277       275       279
        46       209       275
       204       205       203
       247       193       205
       118       204       203
       212       285       282
       292       285       290
       248       247       282
       291       293       292
       277       279       293
       275       209       279
        46        45       209
       205       193       203
       247       248       193
       118       203       119
       282       285       283
       284       285       292
       248       282       278
       294       292       293
       293       279       295
       279       209       287
       209        45       286
       193       184       203
       248       185       193
       119       203       202
       284       283       285
       283       278       282
       294       284       292
       249       248       278
       294       293       295
       279       287       295
       209       286       287
        45        44       286
       184       202       203
       185       184       193
       248       249       185
       119       202       120
       284       296       283
       273       278       283
       294       297       284
       249       278       271
       294       295       298
       299       295       287
       287       286       302
       286        44       300
       184       201       202
       185       188       184
       185       249       191
       120       202       201
       296       273       283
       284       297       296
       273       271       278
       297       294       298
       250       249       271
       298       295       299
       299       287       302
       286       300       302
        43       300        44
       188       201       184
       188       185       191
       249       250       191
       120       201       121
       296       272       273
       297       301       296
       271       273       270
       298       305       297
       250       271       265
       298       299       306
       299       302       307
       300       304       302
        43       303       300
       201       188       175
       191       190       188
       191       250       197
       121       201       200
       270       273       272
       296       301       272
       297       305       301
       265       271       270
       305       298       306
       251       250       265
       306       299       307
       302       304       307
       303       304       300
       303        43        42
       188       190       175
       201       175       200
       191       197       190
       250       251       197
       121       200       122
       270       272       269
       301       263       272
       305       336       301
       268       265       270
       305       306       338
       251       265       264
       306       307       340
       341       307       304
       304       303       351
       352       303        42
       175       190       189
       175       189       200
       190       197       196
       197       251       257
       122       200       199
       263       269       272
       268       270       269
       301       336       263
       336       305       338
       265       268       264
       338       306       340
       260       251       264
       340       307       341
       341       304       351
       303       352       351
       352        42        41
       190       196       189
       200       189       182
       197       257       196
       260       257       251
       200       182       199
       122       199       123
       269       263       266
       267       268       269
       263       336       335
       336       338       337
       264       268       262
       338       340       339
       260       264       261
       341       343       340
       341       351       344
       351       352       353
       354       352        41
       196       183       189
       189       183       182
       257       186       196
       258       257       260
       182       198       199
       123       199       198
       266       263       335
       267       269       266
       262       268       267
       335       336       337
       338       339       337
       261       264       262
       340       343       339
       259       260       261
       343       341       344
       351       353       344
       354       353       352
       354        41        40
       186       183       196
       183       181       182
       257       258       186
       260       259       258
       182       181       198
       123       198       124
       266       335       333
       267       266       330
       308       262       267
       334       335       337
       318       337       339
       262       252       261
       339       343       342
       259       261       254
       343       344       347
       344       353       350
       354       356       353
       355       354        40
       186       187       183
       183       187       181
       258       195       186
       256       258       259
       198       181       178
       124       198       162
       334       333       335
       330       266       333
       308       267       330
       262       308       252
       318       334       337
       342       318       339
       252       254       261
       343       347       342
       259       254       255
       344       350       347
       353       356       350
       356       354       355
       355        40        39
       186       195       187
       187       180       181
       256       195       258
       256       259       255
       178       181       180
       162       198       178
       124       162       125
       334       332       333
       333       331       330
       329       308       330
       252       308       324
       323       334       318
       342       345       318
       254       252       243
       342       347       346
       244       255       254
       347       350       349
       350       356       357
       360       356       355
       165       355        39
       187       195       194
       187       194       180
       256       242       195
       255       253       256
       174       178       180
       164       162       178
       162       164       125
       332       331       333
       323       332       334
       329       330       331
       329       324       308
       243       252       324
       318       345       323
       345       342       346
       254       243       244
       346       347       349
       246       255       244
       350       357       349
       360       357       356
       165       360       355
       165        39       138
       194       195       242
       179       180       194
       253       242       256
       246       253       255
       179       174       180
       164       178       174
       125       164       163
       332       327       331
       323       326       332
       331       328       329
       325       324       329
       321       243       324
       345       322       323
       346       363       345
       241       244       243
       346       349       348
       228       246       244
       349       357       358
       357       360       361
       368       360       165
       138        39        38
       159       165       138
       177       194       242
       177       179       194
       240       242       253
       246       245       253
       173       174       179
       172       164       174
       164       172       163
       125       163       126
       327       328       331
       332       326       327
       322       326       323
       328       325       329
       321       324       325
       321       241       243
       345       363       322
       363       346       348
       241       228       244
       348       349       358
       228       227       246
       358       357       361
       368       361       360
       159       368       165
       138        38       137
       159       138       137
       240       177       242
       176       179       177
       245       240       253
       227       245       246
       176       173       179
       173       172       174
       172        66       163
       126       163         4
       328       327       320
       327       326       314
       326       322       315
       328       319       325
       223       321       325
       224       241       321
       322       363       399
       364       363       348
       225       228       241
       348       358       359
       226       227       228
       358       361       362
       361       368       369
       371       368       159
       137        38        37
       136       159       137
       240       192       177
       176       177       192
       239       240       245
       238       245       227
       176        68       173
       173        67       172
       163        66         4
        67        66       172
       327       314       320
       328       320       319
       314       326       315
       322       399       315
       319       223       325
       223       224       321
       225       241       224
       399       363       364
       364       348       359
       226       228       225
       359       358       362
       226       237       227
       362       361       369
       371       369       368
       136       371       159
       135       137        37
       135       136       137
       239       192       240
        69       176       192
       238       239       245
       238       227       237
        68        67       173
        69        68       176
       320       314       313
       320       317       319
       314       315       312
       315       399       400
       319       316       223
       222       224       223
       221       225       224
       403       399       364
       365       364       359
       220       226       225
       359       362       367
       236       237       226
       362       369       370
       369       371       372
       373       371       136
        36       135        37
       136       135       134
       239        70       192
        70        69       192
       238        71       239
       237        72       238
       314       312       313
       320       313       317
       317       316       319
       315       400       312
       403       400       399
       316       222       223
       222       221       224
       221       220       225
       403       364       365
       365       359       367
       220       236       226
       367       362       370
       236        73       237
       370       369       372
       373       372       371
       136       134       373
        36       139       135
       139       134       135
        71        70       239
        72        71       238
        73        72       237
       313       312       311
       317       313       310
       316       317       309
       312       400       401
       404       400       403
       217       222       316
       218       221       222
       219       220       221
       405       403       365
       366       365       367
       235       236       220
       367       370       387
        74        73       236
       370       372       377
       372       373       374
       134       379       373
        35       139        36
       139       140       134
       312       401       311
       310       313       311
       309       317       310
       309       217       316
       404       401       400
       405       404       403
       218       222       217
       219       221       218
       219       235       220
       405       365       366
       366       367       387
       235        74       236
       387       370       377
       377       372       374
       379       374       373
       140       379       134
        35       141       139
       139       141       140
       311       401       418
       310       311       169
       310       161       309
       217       309       214
       401       404       402
       404       405       406
       215       218       217
       218       216       219
       234       235       219
       407       405       366
       366       387       395
        75        74       235
       377       389       387
       374       384       377
       382       374       379
       140       380       379
        34       141        35
       150       140       141
       418       401       402
       311       418       169
       310       169       161
       161       214       309
       217       214       215
       402       404       406
       407       406       405
       216       218       215
       216       234       219
       234        75       235
       407       366       395
       387       389       395
       384       389       377
       382       384       374
       380       382       379
       150       380       140
       148       141        34
       148       150       141
       402       419       418
       169       418       420
       161       169       160
       214       161       157
       158       215       214
       406       408       402
       410       406       407
       213       216       215
       233       234       216
        76        75       234
       395       411       407
       389       396       395
       384       388       389
       382       383       384
       380       381       382
       376       380       150
        33       148        34
       148       149       150
       420       418       419
       408       419       402
       169       420       160
       157       161       160
       158       214       157
       213       215       158
       410       408       406
       411       410       407
       233       216       213
       233        76       234
       396       411       395
       389       388       396
       384       383       388
       382       381       383
       380       376       381
       150       149       376
       147       148        33
       147       149       148
       421       420       419
       408       422       419
       160       420       437
       157       160       154
       155       158       157
       156       213       158
       410       409       408
       412       410       411
       233       213       232
        77        76       233
       396       414       411
       388       397       396
       383       386       388
       381       378       383
       375       381       376
       149       390       376
        32       147        33
       147       130       149
       421       419       422
       437       420       421
       408       409       422
       160       437       154
       157       154       155
       156       158       155
       232       213       156
       409       410       412
       414       412       411
       232        77       233
       397       414       396
       397       388       386
       378       386       383
       378       381       375
       390       375       376
       149       130       390
       146       147        32
       146       130       147
       422       423       421
       421       438       437
       409       428       422
       154       437       439
       155       154       152
       155       153       156
       232       156       231
       413       409       412
       415       412       414
        78        77       232
       416       414       397
       397       386       398
       385       386       378
       378       375       133
       390       434       375
       130       391       390
        31       146        32
       146       131       130
       423       438       421
       428       423       422
       439       437       438
       413       428       409
       154       439       152
       155       152       153
       153       231       156
       231        78       232
       415       413       412
       416       415       414
       416       397       398
       398       386       385
       385       378       133
       133       375       434
       391       434       390
       131       391       130
       145       146        31
       145       131       146
       423       447       438
       432       423       428
       438       440       439
       428       413       429
       152       439       441
       152       151       153
       230       231       153
        79        78       231
       427       413       415
       415       416       417
       416       398       424
       398       385       425
       133       132       385
       435       133       434
       391       477       434
       131       392       391
        30       145        31
       145       129       131
       447       440       438
       432       447       423
       432       428       429
       441       439       440
       413       427       429
       151       152       441
       151       230       153
       231       230        79
       427       415       417
       417       416       424
       398       425       424
       132       425       385
       133       435       132
       434       477       435
       392       477       391
       131       129       392
       144       145        30
       144       129       145
       448       440       447
       447       432       449
       429       433       432
       440       442       441
       427       430       429
       443       151       441
       229       230       151
       230        80        79
       417       431       427
       436       417       424
       426       424       425
       450       425       132
       132       435       473
       477       478       435
       392       480       477
       129       393       392
        29       144        30
       144       128       129
       448       447       449
       448       442       440
       432       433       449
       430       433       429
       442       443       441
       431       430       427
       229       151       443
       230       229        80
       436       431       417
       426       436       424
       425       450       426
       450       132       473
       435       478       473
       477       480       478
       393       480       392
       129       128       393
       143       144        29
       143       128       144
       448       449       454
       452       442       448
       433       457       449
       430       460       433
       442       446       443
       461       430       431
       444       229       443
       229        81        80
       462       431       436
       436       426       469
       450       472       426
       450       473       474
       479       473       478
       480       486       478
       393       487       480
       128       394       393
        28       143        29
       143       127       128
       454       449       457
       452       448       454
       452       446       442
       460       457       433
       461       460       430
       443       446       444
       462       461       431
       444        81       229
       436       469       462
       426       472       469
       472       450       474
       479       474       473
       478       486       479
       480       487       486
       394       487       393
       394       128       127
       142       143        28
       142       127       143
       456       454       457
       453       452       454
       451       446       452
       460       459       457
       460       461       464
       446       445       444
       462       466       461
       444        82        81
       468       462       469
       471       469       472
       472       474       476
       482       474       479
       486       485       479
       488       486       487
       487       394       490
       394       127       492
        27       142        28
       142       494       127
       459       456       457
       456       453       454
       451       452       453
       451       445       446
       464       459       460
       461       466       464
       444       445        82
       468       466       462
       471       468       469
       476       471       472
       482       476       474
       479       485       482
       488       485       486
       487       490       488
       394       492       490
       127       494       492
        27       495       142
       142       495       494
       459       458       456
       456       455       453
       517       451       453
       517       445       451
       464       463       459
       465       464       466
       445        83        82
       467       466       468
       471       470       468
       476       475       471
       482       481       476
       485       483       482
       484       485       488
       490       489       488
       492       491       490
       494       493       492
        26       495        27
       495       496       494
       455       456       458
       458       459       463
       453       455       517
       517        83       445
       463       464       465
       467       465       466
       470       467       468
       475       470       471
       481       475       476
       483       481       482
       485       484       483
       489       484       488
       491       489       490
       493       491       492
       496       493       494
        26       497       495
       495       497       496
       800       455       458
       804       458       463
       455       796       517
       517        84        83
       813       463       465
       467       819       465
       470       827       467
       475       842       470
       481       848       475
       483       853       481
       483       484       862
       489       866       484
       491       878       489
       493       881       491
       496       887       493
        25       497        26
       497       893       496
       804       800       458
       800       796       455
       813       804       463
       796       518       517
       518        84       517
       465       819       813
       467       827       819
       470       842       827
       475       848       842
       481       853       848
       483       862       853
       484       866       862
       489       878       866
       491       881       878
       493       887       881
       496       893       887
        25       896       497
       497       896       893
       804       801       800
       800       797       796
       813       805       804
       796       519       518
       518        85        84
       819       814       813
       827       820       819
       842       828       827
       848       843       842
       853       849       848
       862       854       853
       866       863       862
       878       867       866
       881       879       878
       881       887       882
       887       893       888
        24       896        25
       893       896       894
       801       797       800
       805       801       804
       797       519       796
       814       805       813
       518       519        85
       820       814       819
       828       820       827
       843       828       842
       849       843       848
       854       849       853
       863       854       862
       867       863       866
       879       867       878
       882       879       881
       888       882       887
       894       888       893
        24       898       896
       898       894       896
       801       798       797
       805       802       801
       520       519       797
       814       806       805
       519        86        85
       820       815       814
       828       821       820
       843       829       828
       849       844       843
       854       850       849
       863       855       854
       867       864       863
       879       868       867
       882       880       879
       888       886       882
       894       891       888
        23       898        24
       898       895       894
       798       520       797
       802       798       801
       806       802       805
       520        86       519
       815       806       814
       821       815       820
       829       821       828
       844       829       843
       850       844       849
       855       850       854
       864       855       863
       868       864       867
       880       868       879
       886       880       882
       891       886       888
       895       891       894
       897       898        23
       898       897       895
       521       520       798
       802       799       798
       806       803       802
       520        87        86
       815       807       806
       821       816       815
       829       822       821
       844       830       829
       850       845       844
       855       851       850
       864       856       855
       868       865       864
       880       873       868
       886       877       880
       891       885       886
       895       890       891
        22       897        23
       895       897       892
       799       521       798
       521        87       520
       803       799       802
       807       803       806
       816       807       815
       822       816       821
       830       822       829
       845       830       844
       851       845       850
       856       851       855
       865       856       864
       873       865       868
       880       877       873
       886       885       877
       891       890       885
       895       892       890
       500       897        22
       892       897       500
       799       522       521
       521        88        87
       803       769       799
       807       777       803
       816       792       807
       822       812       816
       830       818       822
       845       826       830
       851       841       845
       856       847       851
       865       852       856
       873       861       865
       877       872       873
       885       876       877
       890       884       885
       890       892       889
        21       500        22
       892       500       501
       521       522        88
       799       769       522
       803       777       769
       807       792       777
       816       812       792
       822       818       812
       830       826       818
       845       841       826
       851       847       841
       856       852       847
       865       861       852
       873       872       861
       877       876       872
       885       884       876
       890       889       884
       889       892       501
        21       545       500
       501       500       545
       522        89        88
       523       522       769
       777       770       769
       777       792       778
       812       795       792
       818       811       812
       826       817       818
       841       825       826
       847       824       841
       846       847       852
       861       840       852
       872       860       861
       876       871       872
       884       875       876
       884       889       883
       889       501       502
        20       545        21
       556       501       545
       523        89       522
       770       523       769
       778       770       777
       795       778       792
       812       811       795
       818       817       811
       826       825       817
       824       825       841
       847       846       824
       840       846       852
       861       860       840
       872       871       860
       876       875       871
       884       883       875
       883       889       502
       556       502       501
        20       546       545
       546       556       545
       523        90        89
       770       524       523
       778       763       770
       795       776       778
       811       794       795
       810       811       817
       825       809       817
       824       823       825
       846       499       824
       840       835       846
       860       839       840
       871       859       860
       875       870       871
       883       874       875
       883       502       503
       502       556       568
        19       546        20
       546       557       556
       523       524        90
       770       763       524
       778       776       763
       795       794       776
       811       810       794
       809       810       817
       825       823       809
       499       823       824
       846       835       499
       840       839       835
       860       859       839
       871       870       859
       875       874       870
       874       883       503
       503       502       568
       568       556       557
        19       547       546
       547       557       546
       524        91        90
       763       515       524
       776       762       763
       794       775       776
       810       793       794
       810       809       791
       823       808       809
       499       516       823
       835       514       499
       835       839       834
       859       838       839
       870       858       859
       874       869       870
       874       503       504
       503       568       572
       557       569       568
        18       547        19
       547       558       557
       515        91       524
       763       762       515
       776       775       762
       794       793       775
       810       791       793
       791       809       808
       516       808       823
       499       514       516
       835       834       514
       834       839       838
       859       858       838
       870       869       858
       869       874       504
       504       503       572
       572       568       569
       558       569       557
        18       548       547
       548       558       547
       515        92        91
       762        92       515
       775       761       762
       793       774       775
       793       791       768
       808       790       791
       789       808       516
       516       514       786
       834       513       514
       838       833       834
       858       837       838
       869       857       858
       869       504       505
       504       572       593
       569       573       572
       558       570       569
        17       548        18
       548       559       558
       762       761        92
       775       774       761
       793       768       774
       768       791       790
       789       790       808
       786       789       516
       514       513       786
       834       833       513
       838       837       833
       858       857       837
       857       869       505
       505       504       593
       593       572       573
       570       573       569
       559       570       558
       529       548        17
       529       559       548
       761        93        92
       774       760       761
       774       768       767
       790       696       768
       790       789       788
       786       787       789
       513       785       786
       833       512       513
       837       832       833
       857       836       837
       857       505       506
       505       593       624
       573       594       593
       570       574       573
       559       571       570
        16       529        17
       555       559       529
       761       760        93
       774       767       760
       696       767       768
       790       788       696
       787       788       789
       786       785       787
       513       512       785
       833       832       512
       837       836       832
       836       857       506
       506       505       624
       593       594       624
       574       594       573
       571       574       570
       555       571       559
        16       537       529
       555       529       537
       760        94        93
       767       759       760
       696       758       767
       788       699       696
       788       787       784
       785       783       787
       512       781       785
       832       511       512
       836       831       832
       836       506       507
       506       624       651
       625       624       594
       574       595       594
       571       575       574
       566       571       555
        15       537        16
       554       555       537
       760       759        94
       767       758       759
       696       699       758
       788       784       699
       783       784       787
       781       783       785
       512       511       781
       832       831       511
       831       836       507
       507       506       651
       624       625       651
       625       594       595
       575       595       574
       571       566       575
       555       554       566
       536       537        15
       536       554       537
       759        95        94
       759       758       757
       699       756       758
       784       700       699
       784       783       782
       781       780       783
       511       773       781
       831       510       511
       831       507       508
       507       651       677
       625       652       651
       625       595       626
       575       596       595
       566       586       575
       554       567       566
        14       536        15
       543       554       536
       759       757        95
       756       757       758
       700       756       699
       784       782       700
       780       782       783
       773       780       781
       510       773       511
       510       831       508
       508       507       677
       651       652       677
       626       652       625
       595       596       626
       586       596       575
       567       586       566
       543       567       554
       531       536        14
       531       543       536
       757        96        95
       757       756       755
       700       754       756
       700       782       704
       782       780       779
       773       772       780
       510       766       773
       510       508       509
       508       677       685
       678       677       652
       652       626       653
       596       627       626
       586       645       596
       567       587       586
       565       567       543
        13       531        14
       542       543       531
       757       755        96
       756       754       755
       704       754       700
       782       779       704
       772       779       780
       766       772       773
       766       510       509
       509       508       685
       677       678       685
       678       652       653
       626       627       653
       645       627       596
       587       645       586
       567       565       587
       543       542       565
       530       531        13
       530       542       531
       755        97        96
       755       754       753
       704       752       754
       779       705       704
       779       772       771
       765       772       766
       766       509       710
       685       701       509
       686       685       678
       653       679       678
       627       654       653
       645       659       627
       587       646       645
       565       588       587
       565       542       541
        12       530        13
       538       542       530
       755       753        97
       752       753       754
       704       705       752
       779       771       705
       771       772       765
       766       710       765
       509       701       710
       685       686       701
       686       678       679
       654       679       653
       659       654       627
       646       659       645
       588       646       587
       565       541       588
       542       538       541
        12       525       530
       530       525       538
       753        98        97
       753       752       751
       705       750       752
       771       706       705
       771       765       764
       709       765       710
       710       701       702
       701       686       697
       679       687       686
       654       680       679
       668       654       659
       646       661       659
       588       647       646
       541       589       588
       538       584       541
       525        12        11
       525       539       538
       753       751        98
       752       750       751
       705       706       750
       771       764       706
       764       765       709
       709       710       702
       697       702       701
       686       687       697
       680       687       679
       668       680       654
       668       659       661
       647       661       646
       589       647       588
       584       589       541
       539       584       538
       526       525        11
       526       539       525
       751        99        98
       751       750       749
       706       748       750
       764       707       706
       764       709       708
       709       702       703
       695       702       697
       694       697       687
       680       690       687
       668       684       680
       661       673       668
       647       662       661
       647       589       644
       584       619       589
       585       584       539
        11        10       526
       540       539       526
       751       749        99
       748       749       750
       706       707       748
       764       708       707
       709       703       708
       695       703       702
       694       695       697
       694       687       690
       684       690       680
       673       684       668
       662       673       661
       662       647       644
       589       619       644
       585       619       584
       585       539       540
       526        10       528
       540       526       528
       749       100        99
       749       748       747
       707       746       748
       715       707       708
       703       713       708
       698       703       695
       694       693       695
       692       694       690
       689       690       684
       683       684       673
       673       662       672
       662       644       660
       619       643       644
       620       619       585
       585       540       544
        10         9       528
       540       528       549
       749       747       100
       746       747       748
       715       746       707
       708       713       715
       703       698       713
       693       698       695
       693       694       692
       689       692       690
       689       684       683
       673       672       683
       662       660       672
       644       643       660
       620       643       619
       585       544       620
       540       549       544
       528         9       527
       549       528       527
       747       101       100
       747       746       745
       715       744       746
       713       717       715
       698       714       713
       693       691       698
       676       693       692
       692       689       688
       682       689       683
       671       683       672
       658       672       660
       642       660       643
       620       639       643
       544       618       620
       549       582       544
         9         8       527
       549       527       550
       747       745       101
       746       744       745
       717       744       715
       714       717       713
       691       714       698
       691       693       676
       688       676       692
       688       689       682
       682       683       671
       671       672       658
       658       660       642
       639       642       643
       620       618       639
       544       582       618
       550       582       549
       527         8       534
       527       534       550
       745       102       101
       745       744       743
       717       742       744
       714       716       717
       712       714       691
       666       691       676
       688       675       676
       682       681       688
       670       682       671
       657       671       658
       641       658       642
       638       642       639
       618       635       639
       582       617       618
       582       550       583
         8         7       534
       550       534       552
       745       743       102
       744       742       743
       717       716       742
       714       712       716
       712       691       666
       676       675       666
       688       681       675
       681       682       670
       670       671       657
       657       658       641
       641       642       638
       638       639       635
       618       617       635
       583       617       582
       550       552       583
       534         7       535
       534       535       552
       743       103       102
       743       742       741
       716       740       742
       712       721       716
       712       666       711
       675       665       666
       681       674       675
       669       681       670
       656       670       657
       640       657       641
       637       641       638
       634       638       635
       616       635       617
       583       615       617
       552       581       583
         7         6       535
       552       535       553
       743       741       103
       742       740       741
       721       740       716
       712       711       721
       666       665       711
       675       674       665
       674       681       669
       669       670       656
       656       657       640
       640       641       637
       637       638       634
       634       635       616
       616       617       615
       615       583       581
       553       581       552
         6       533       535
       535       533       553
       741       104       103
       741       740       739
       721       738       740
       711       723       721
       665       650       711
       664       665       674
       669       667       674
       655       669       656
       631       656       640
       637       636       640
       633       637       634
       600       634       616
       614       616       615
       580       615       581
       581       553       564
         6         5       533
       533       551       553
       741       739       104
       740       738       739
       723       738       721
       711       650       723
       664       650       665
       667       664       674
       667       669       655
       655       656       631
       636       631       640
       636       637       633
       633       634       600
       600       616       614
       614       615       580
       580       581       564
       551       564       553
       533         5       532
       551       533       532
       739       105       104
       739       738       737
       738       723       736
       650       722       723
       649       650       664
       663       664       667
       628       667       655
       655       631       613
       630       631       636
       632       636       633
       590       633       600
       600       614       599
       614       580       598
       580       564       579
       563       564       551
       532         5         1
        64       551       532
       739       737       105
       738       736       737
       722       736       723
       649       722       650
       663       649       664
       663       667       628
       655       613       628
       613       631       630
       632       630       636
       632       633       590
       590       600       599
       599       614       598
       598       580       579
       563       579       564
        64       563       551
        65       532         1
        64       532        65
       737       106       105
       737       736       735
       734       736       722
       649       623       722
       648       649       663
       628       607       663
       613       610       628
       613       630       612
       630       632       629
       576       632       590
       592       590       599
       597       599       598
       578       598       579
        63       579       563
        63       563        64
       737       735       106
       736       734       735
       623       734       722
       649       648       623
       607       648       663
       607       628       610
       613       612       610
       612       630       629
       629       632       576
       592       576       590
       592       599       597
       597       598       578
        62       578       579
        62       579        63
       735       107       106
       735       734       733
       732       734       623
       622       623       648
       648       607       621
       607       610       606
       612       609       610
       612       629       611
       562       629       576
       577       576       592
       592       597       591
        61       597       578
        61       578        62
       735       733       107
       732       733       734
       622       732       623
       621       622       648
       607       606       621
       610       609       606
       612       611       609
       611       629       562
       562       576       577
       577       592       591
       591       597        61
       733       108       107
       733       732       731
       730       732       622
       718       622       621
       606       603       621
       605       606       609
       609       611       608
       561       611       562
       562       577       560
        59       577       591
        60       591        61
       733       731       108
       731       732       730
       730       622       718
       621       603       718
       606       605       603
       608       605       609
       608       611       561
       561       562       560
       560       577        59
        59       591        60
       731       109       108
       731       730       729
       728       730       718
       603       720       718
       602       603       605
       604       605       608
       498       608       561
        57       561       560
        58       560        59
       731       729       109
       729       730       728
       728       718       720
       602       720       603
       604       602       605
       604       608       498
       498       561        57
        57       560        58
       729       110       109
       728       727       729
       726       728       720
       719       720       602
       601       602       604
       604       498        56
        56       498        57
       729       727       110
       727       728       726
       719       726       720
       601       719       602
       601       604        56
       727       111       110
       726       725       727
       724       726       719
        54       719       601
        55       601        56
       727       725       111
       725       726       724
        54       724       719
        54       601        55
       725       112       111
        52       725       724
        53       724        54
        52       112       725
        52       724        53
        52         3       112
