   8.64781583    4.61036016    8.64781583  
   4.61036016    8.30892830    3.36785637  
   8.27464125    2.20636227    8.28839328  
   1.05764435    8.34068127   -0.08082479  
   8.44628995   -1.20511308    8.57052205  
  -2.32444840    8.74390078   -3.43071298  
   8.93596821   -4.53200723    9.12897976  
  -5.63305038    9.31884725   -6.73492972  
   9.54262828   -7.82778961    9.76766359  
  -8.92031592    9.98898878  -10.01382896  
  10.20895129  -11.10770440   10.46604392  
 -12.19170495   10.72750764  -13.27454298  
  10.99052399  -14.35696809   11.25445908  
 -15.43914885   11.51992428  -16.52092268  
  11.78629465  -17.60245577   12.03885584  
 -18.68766147   12.30736814  -19.76862491  
  12.61030500  -20.84043301   12.91505671  
 -21.91175843   13.22146977  -22.98264202  
  13.52919260  -24.05317726   13.83865137  
 -25.12325083   14.14784015  -26.19339620  
  14.43139074  -27.27036015   14.75781544  
 -28.33592155   15.09350803  -29.39901813  
  15.43106615  -30.46161857   15.77016882  
 -31.52380822   16.11125382  -32.58547067  
  16.45404852  -33.64667842   16.78389098  
 -34.71133086   17.11038922  -35.77687271  
  17.47308902  -36.83278662   17.83784478  
 -37.88815374   18.20450316  -38.94301484  
  18.57324459  -39.99732195   18.94367150  
 -41.05118081   19.31612272  -42.10450128  
  19.65596078  -43.16649536   20.03560862  
 -44.21790187   20.42722673  -45.26612484  
  20.82051728  -46.31390302   21.21623617  
 -47.36103537   21.61365789  -48.40771485  
  22.01339786  -49.45377777   22.40685359  
 -50.50151202   22.80046715  -51.54920429  
  23.21654366  -52.59092246   23.63415469  
 -53.63223251   24.04167228  -54.67622695  
  24.47071401  -55.71449696   24.91126721  
 -56.74970545   25.27102397  -57.80640207  
  25.53556391  -58.88842198   25.53556391  
 -58.88842198  