   7.15225754   43.60590138    7.15225754  
  43.60590138    6.73760193   42.20004363  
   6.83406933   40.97973789    7.01958840  
  39.79176040    7.22922224   38.61253725  
   7.49034987   37.45200779    7.75001445  
  36.29094721    8.03128091   35.13772871  
   8.31946162   33.98702028    8.60551462  
  32.83553943    8.89711997   31.68607424  
   9.21793270   30.54721215    9.53950176  
  29.40862463    9.84978432   28.26593979  
  10.17452056   27.12850204   10.53413535  
  26.00372619   10.89940607   24.88100360  
  11.26548985   23.75857617   11.63236826  
  22.63643721   12.00000912   21.51457505  
  12.35709583   20.38888143   12.70843823  
  19.26110247   13.09699615   18.14683378  
  13.51191090   17.04213337   13.92763701  
  15.93772750   14.34414643   14.83360600  
  14.76141127   13.72975873   15.17681928  
  12.62523738   15.57941542   11.51606496  
  15.98463663   10.40784552   16.43152700  
   9.31475315   16.88606007    8.22443530  
  17.34132478    7.13438306   17.79729203  
   6.04458585   18.25393273    4.95503313  
  18.70278374    3.86265253   19.14483851  
   2.76780470   19.60321039    1.67888045  
  20.09215116    0.60105356   20.58175477  
  -0.47653271   21.07196925   -1.55389721  
  21.56276263   -2.63105155   22.05376771  
  -3.70812904   22.53126894   -4.79010880  
  23.00890370   -5.87204009   23.50834010  
  -6.94605678   24.01378425   -8.01789247  
  24.52846216   -9.08637606   25.04948398  
 -10.15255663   25.57103641  -11.21854457  
  26.09308879  -12.28435102   26.61561048  
 -13.34998709   27.13883278  -14.41536883  
  27.66580765  -15.47938827   28.20439974  
 -16.53919034   28.74336903  -17.59885548  
  29.27944877  -18.65956960   29.83216778  
 -19.71424320   30.35992032  -20.77798032  
  30.90879696  -21.83404881   30.90879696  
 -21.83404881  