   6.79468649   44.68301672    6.79468649  
  44.68301672    6.36541548   43.23909884  
   6.47576888   42.00257242    6.70075216  
  40.81010120    6.94458282   39.62487351  
   7.22675861   38.45438283    7.51460300  
  37.28607074    7.82783180   36.12751452  
   8.13911295   34.96820978    8.45126340  
  33.80923913    8.76897250   32.65240481  
   9.11408403   31.50610195    9.46011059  
  30.36015075    9.80702153   29.21453945  
  10.16464988   28.07304712   10.54646638  
  26.94085091   10.93553264   25.81144097  
  11.32559637   24.68241439   11.71661010  
  23.55375291   12.10854077   22.42544384  
  12.50135530   21.29747446   12.89154984  
  20.16849815   13.30380960   19.04800207  
  13.74218745   17.93754383   14.18155257  
  16.82746503   14.62188211   15.71775688  
  15.06314718   14.60840829   15.50529067  
  13.49939729   15.94827711   12.39071025  
  16.38620085   11.28007749   16.85448864  
  10.18111441   17.33171499    9.08558665  
  17.80983682    7.99040305   18.28881551  
   6.89554876   18.76860650    5.80100665  
  19.24917276    4.70676251   19.73047759  
   3.61280221   20.21163374    2.51878478  
  20.72271805    1.43626949   21.23459830  
   0.35406011   21.74722029   -0.72786420  
  22.26054268   -1.80951933   22.77452729  
  -2.89091995   23.28913599   -3.97208071  
  23.79925230   -5.05496802   24.32233459  
  -6.13287217   24.86445454   -7.20345966  
  25.40730337   -8.27376703   25.95084157  
  -9.34380944   26.49502995  -10.41360199  
  27.03982931  -11.48315971   27.58520050  
 -12.55249766   28.13049059  -13.62186679  
  28.69020107  -14.68569379   29.25049671  
 -15.74929590   29.81125505  -16.81272018  
  30.37330608  -17.87564764   30.94700990  
 -18.93409664   31.49044864  -20.00417729  
  32.06264170  -21.06320692   32.06264170  
 -21.06320692  