   5.32958760   51.49798260    5.32958760  
  51.49798260    4.70112451   49.82587690  
   4.86989469   48.50655432    5.15569171  
  47.23901720    5.47179499   45.98489088  
   5.81691341   44.74360403    6.12545056  
  43.48612963    6.46345031   42.24169270  
   6.88230056   41.03303287    7.22585761  
  39.79105510    7.59929283   38.56229870  
   8.07263188   37.37775067    8.53730063  
  36.18936595    8.93402295   34.97091431  
   9.37858499   33.77363218    9.85491592  
  32.59040809   10.32819795   31.40583482  
  10.82248090   30.23055466   11.31811694  
  29.05587325   11.87515741   27.90836388  
  12.42559721   26.75793364   12.93427955  
  25.58902534   13.39259123   24.39782756  
  13.85017873   23.20630933   14.35145437  
  22.03412349   14.94306392   20.90191126  
  15.54943690   19.77623198   16.13641575  
  18.64197061   16.65681512   17.47824720  
  17.18338543   16.31725450   17.79859265  
  15.19548445   18.39885401   14.06710072  
  19.00398880   12.94087352   19.60737290  
  11.81387164   20.16396060   10.66616190  
  20.66377730    9.49333048   21.27604386  
   8.37025916   21.89355150    7.24950707  
  22.51174541    6.12905865   23.13430567  
   5.01054239   23.81557237    3.91800427  
  24.46084338    2.80953773   25.09013672  
   1.69400092   25.72488389    0.58087748  
  26.35806753   -0.53293784   26.99782693  
  -1.64384332   27.64226887   -2.75267674  
  28.27999328   -3.86448272   28.95194998  
  -4.96114060   29.62092199   -6.05911923  
  30.29625820   -7.15428165   30.96456611  
  -8.25255415   31.61316549   -9.35954786  
  32.31433548  -10.44327858   32.95246382  
 -11.55490583   33.43932579  -12.73346984  
  33.98598591  -13.88557262   34.42691337  
 -15.08446308   34.87421995  -16.28053072  
  35.76469979  -17.28049008   35.76469979  
 -17.28049008  