   5.65991818   49.47708707    5.65991818  
  49.47708707    5.23873918   47.94296135  
   5.44468940   46.68934474    5.75139630  
  45.48079566    6.07031901   44.27771060  
   6.39012173   43.07501916    6.72137374  
  41.87744888    7.11344766   40.70708368  
   7.49701705   39.53291449    7.88323821  
  38.35993140    8.28361389   37.19327950  
   8.71045392   36.03846487    9.14002889  
  34.88487354    9.57259527   33.73262024  
  10.02107826   32.58748630   10.48045573  
  31.44722536   10.94382133   30.30874826  
  11.41009242   29.17157077   11.87949018  
  28.03579182   12.35172423   26.90128150  
  12.82680029   25.76804240   13.30473092  
  24.63608011   13.80249896   23.51299091  
  14.30924557   22.39391775   14.81917220  
  21.27626698   15.33211510   20.15996536  
  15.84795683   19.04496036   16.36676785  
  17.93128349   16.88846980   16.81889971  
  17.41509352   15.70871740   17.95562425  
  14.60475556   18.50118987   13.50304578  
  19.04954426   12.40258339   19.60098875  
  11.30350317   20.15525442   10.20568485  
  20.71210257    9.10902164   21.27237442  
   8.01388982   21.84063371    6.92233071  
  22.41650153    5.83417482   22.99585638  
   4.74757866   23.57810789    3.66227814  
  24.16291260    2.57811964   24.75065689  
   1.49527599   25.34134603    0.41374954  
  25.93665527   -0.66571037   26.54098106  
  -1.74113728   27.14852051   -2.81512673  
  27.75917140   -3.88772447   28.37274511  
  -4.95901486   28.98893726   -6.02913405  
  29.60811670   -7.09791704   30.23052364  
  -8.16525641   30.85942079   -9.22969277  
  31.48886039  -10.29388649   32.12144847  
 -11.35667193   32.75686656  -12.41819153  
  33.38948535  -13.48096323   34.02131309  
 -14.54408876   34.62394557  -15.62027306  
  35.25337260  -16.68447240   35.25337260  
 -16.68447240  