   6.34373998   46.08425495    6.34373998  
  46.08425495    5.89849314   44.59611810  
   6.05661479   43.35666525    6.32023956  
  42.16069649    6.59949477   40.97116997  
   6.91073254   39.79482535    7.23045721  
  38.62197870    7.58316644   37.46272694  
   7.93570340   36.30340417    8.27379755  
  35.13812867    8.63349293   33.98175631  
   9.00972696   32.83220052    9.38464022  
  31.68210036    9.76143627   30.53277621  
  10.16374056   29.39396552   10.57930094  
  28.26061844   10.99118432   27.12575587  
  11.39859115   25.98904824   11.83160158  
  24.86289337   12.26109610   23.73528938  
  12.69249327   22.60846959   13.12575380  
  21.48241781   13.59776536   20.37233762  
  14.07819771   19.26572814   14.54219745  
  18.15234581   15.00822240   17.03979819  
  15.47622635   15.92806623   15.94629726  
  14.81718618   16.41837262   13.70713229  
  16.89924578   12.60070450   17.42186185  
  11.51148144   17.92811806   10.41551550  
  18.43055688    9.31797620   18.93499259  
   8.22125993   19.44141936    7.12536429  
  19.94968792    6.03022777   20.45975058  
   4.93583070   20.98194428    3.84643356  
  21.51973064    2.76346307   22.05907106  
   1.68113311   22.59625285    0.59791344  
  23.13489362   -0.48470489   23.67512199  
  -1.56666888   24.21698129   -2.64796066  
  24.76032158   -3.72864204   25.33102638  
  -4.79804488   25.90844891   -5.86467895  
  26.48335279   -6.93235110   27.05146051  
  -8.00282435   27.62108675   -9.07267173  
  28.19209931  -10.14194773   28.76444901  
 -11.21067261   29.34055536  -12.27784915  
  29.92444231  -13.34181885   30.50951231  
 -14.40530093   31.10584844  -15.46413958  
  31.70030297  -16.52375375   32.29792545  
 -17.58206222   32.86412346  -18.65332258  
  33.46207573  -19.71149512   33.46207573  
 -19.71149512  