  12.33003732  -30.39178416   12.33003732  
 -30.39178416   12.11279315  -31.58212481  
  12.10497891  -32.73524336   12.04837608  
 -33.89703313   12.02393788  -35.05310626  
  12.01709648  -36.20605190   12.05858278  
 -37.35040823   12.10669257  -38.49358737  
  12.21623616  -39.62584783   12.32154177  
 -40.75886152   12.42663585  -41.89191280  
  12.53442869  -43.02448443   12.66095768  
 -44.15372607   12.77873564  -45.28452304  
  12.89629365  -46.41535910   13.04190700  
 -47.54120887   13.22296139  -48.66075968  
  13.39910907  -49.78118256   13.55649733  
 -50.90493956   13.71383208  -52.02870608  
  13.87155889  -53.15240291   14.02956481  
 -54.27605014   14.19158094  -55.39898463  
  14.40773460  -56.51229723   14.63073063  
 -57.62439373   14.83148637  -58.74044300  
  15.02764532  -59.85730927   15.22495615  
 -60.97397081   15.42287625  -62.09052407  
  15.62531234  -63.20627470   15.85425765  
 -64.31731383   16.10960987  -65.42365964  
  16.35256159  -66.53220940   16.58269040  
 -67.64303818   16.81428546  -68.75360637  
  17.04682757  -69.86400624   17.28118953  
 -70.97408266   17.51881197  -72.08357959  
  17.80452412  -73.18452952   18.08390160  
 -74.28660530   18.36450939  -75.38846243  
  18.62749675  -76.49345124   18.89247546  
 -77.59808613   19.15906254  -78.70243517  
  19.42706706  -79.80653228   19.69852215  
 -80.91001612   19.99531137  -82.00899731  
  20.29483878  -83.10749183   20.61470268  
 -84.20237195   20.92403050  -85.29912464  
  21.22670386  -86.39706004   21.53231552  
 -87.49447321   21.83941623  -88.59162173  
  22.17567237  -89.68358844   22.51138827  
 -90.77565117   22.82938128  -91.87086380  
  23.17941156  -92.96038242   23.53051790  
 -94.04970980   23.76946684  -95.15897097  
  24.03738298  -96.26308379   24.03738298  
 -96.26308379  