  12.32283621  -29.73912848   12.32283621  
 -29.73912848   12.08702786  -30.92598257  
  11.99265355  -32.08744156   11.90488036  
 -33.24771530   11.86016331  -34.40025813  
  11.87439648  -35.54221618   11.91973189  
 -36.67858970   11.98871693  -37.81071682  
  12.10212219  -38.93486811   12.21040967  
 -40.05993831   12.31815147  -41.18510649  
  12.44334175  -42.30714172   12.57170508  
 -43.42860722   12.69019795  -44.55184500  
  12.80714457  -45.67536041   12.96993896  
 -46.79064367   13.14962233  -47.90289443  
  13.32958185  -49.01509561   13.50530445  
 -50.12805754   13.66205970  -51.24442515  
  13.81853746  -52.36084258   13.97532050  
 -53.47720520   14.14586758  -54.59109642  
  14.36524337  -55.69622024   14.58648761  
 -56.80100857   14.80827245  -57.90569983  
  15.01026748  -59.01394444   15.20552127  
 -60.12339947   15.40175467  -61.23267860  
  15.60155595  -62.34131711   15.83747377  
 -63.44347073   16.09039869  -64.54257066  
  16.34419189  -65.64151469   16.58989599  
 -66.74191114   16.81877971  -67.84532777  
  17.04938518  -68.94843525   17.28086651  
 -70.05138547   17.52257305  -71.15249971  
  17.80537096  -72.24623581   18.09011622  
 -73.33962226   18.37218552  -74.43348919  
  18.64871297  -75.52835118   18.91090167  
 -76.62578776   19.17417065  -77.72303037  
  19.43984218  -78.81984159   19.71325358  
 -79.91526308   20.00760479  -81.00692474  
  20.31496882  -82.09624989   20.63535040  
 -83.18323768   20.95616313  -84.27014806  
  21.25820959  -85.36042801   21.55987322  
 -86.45077669   21.86547522  -87.54041822  
  22.19840245  -88.62515339   22.54332827  
 -89.70773416   22.86688290  -90.79415222  
  23.21299710  -91.87651962   23.56823673  
 -92.95724850   23.80456371  -94.05932866  
  24.06878838  -95.15639967   24.06878838  
 -95.15639967  