   5.69454627   49.28051151    5.69454627  
  49.28051151    5.27228485   47.74875486  
   5.47605009   46.49593711    5.78021845  
  45.28785600    6.09841478   44.08602535  
   6.41862666   42.88509276    6.74943277  
  41.68888065    7.13685617   40.51789551  
   7.52092769   39.34541689    7.90779923  
  38.17418587    8.30408444   37.00714929  
   8.73138873   35.85393390    9.16167556  
  34.70204745    9.59348834   33.55084090  
  10.02900519   32.40128479   10.48746068  
  31.26194944   10.95123823   30.12498546  
  11.41816067   28.98942274   11.88790971  
  27.85511947   12.36056951   26.72211315  
  12.83610461   25.59038798   13.30088173  
  24.45386936   13.79267060   23.32938639  
  14.29990782   22.21178674   14.81019328  
  21.09554529   15.32341611   19.98061266  
  15.83963366   18.86701437   16.35877159  
  17.75471733   16.87889323   16.64285859  
  17.39191421   15.52783601   17.93078946  
  14.42433333   18.47641689   13.32383922  
  19.02513308   12.22472137   19.57675316  
  11.12689740   20.13099670   10.03024237  
  20.68807475    8.93485031   21.24242265  
   7.83824179   21.79945758    6.74283052  
  22.37609489    5.65615348   22.95565889  
   4.57078050   23.53780953    3.48656005  
  24.12267317    2.40354842   24.71021109  
   1.32172838   25.30018570    0.24099406  
  25.88202905   -0.84336331   26.48359884  
  -1.91893117   27.09190748   -2.99149640  
  27.70281660   -4.06290293   28.31616107  
  -5.13322434   28.93192267   -6.20246875  
  29.55011267   -7.27063113   30.16968961  
  -8.33817554   30.78371689   -9.40819271  
  31.41343324  -10.47121929   32.04553740  
 -11.53318194   32.67981406  -12.59417659  
  33.30569474  -13.65891224   33.93681845  
 -14.72131175   34.53839687  -15.79687576  
  35.16530778  -16.86115237   35.16530778  
 -16.86115237  