   5.30578285   50.37600929    5.30578285  
  50.37600929    5.07988520   48.91288201  
   5.24791016   47.62798709    5.47247516  
  46.36867401    5.79191348   45.15228686  
   6.11377459   43.93699591    6.44280359  
  42.72494812    6.82587744   41.53735320  
   7.20403100   40.34753207    7.59031893  
  39.16139138    8.02027701   37.99500947  
   8.45595613   36.83121608    8.88410318  
  35.66401477    9.32291630   34.50163937  
   9.78313032   33.34894692   10.24186726  
  32.19558617   10.70077695   31.04230357  
  11.16634769   29.89203480   11.64838387  
  28.74921591   12.14440632   27.61272517  
  12.64521334   26.47839925   13.14207917  
  25.34229010   13.64233697   24.20771568  
  14.13890753   23.07147294   14.66092101  
  21.94674198   15.19002432   20.82521886  
  15.72319143   19.70553443   16.25639881  
  18.58586820   16.78817041   17.46555236  
  17.33178959   16.35059702   17.88500942  
  15.23998554   18.44032017   14.13032012  
  19.00048217   13.02284965   19.56456077  
  11.91715129   20.12957498   10.81187623  
  20.69412504    9.70639118   21.27694357  
   8.60917179   21.86255984    7.51321825  
  22.44680048    6.41664230   23.03567465  
   5.32216281   23.62947284    4.22991123  
  24.23070414    3.14102280   24.83676400  
   2.05431906   25.44668295    0.96936140  
  26.06103629   -0.11358990   26.67389037  
  -1.19721955   27.28898575   -2.27983511  
  27.91177102   -3.35897134   28.54125142  
  -4.43507832   29.17443815   -5.50950835  
  29.81170106   -6.58209410   30.45224444  
  -7.65319558   31.09449753   -8.72352349  
  31.73818255   -9.79320352   32.38918622  
 -10.85957218   33.03476940  -11.92839338  
  33.66411492  -13.00456139   34.31922221  
 -14.06907335   34.89967263  -15.16736421  
  35.46188707  -16.27390603   35.46188707  
 -16.27390603  