  12.32308095  -30.81026372   12.32308095  
 -30.81026372   12.20226518  -31.99421062  
  12.19580492  -33.15808188   12.17344455  
 -34.32474449   12.14400803  -35.49264934  
  12.15682886  -36.65313572   12.18950147  
 -37.81013704   12.23125027  -38.96554498  
  12.30556429  -40.11523595   12.41273112  
 -41.25915946   12.51060972  -42.40471356  
  12.60805695  -43.55034339   12.72927939  
 -44.69179938   12.84816493  -45.83366561  
  12.96673564  -46.97558712   13.09231456  
 -48.11627830   13.26515212  -49.24867301  
  13.42548355  -50.38326323   13.58420622  
 -51.51813588   13.74325815  -52.65295072  
  13.90262579  -53.78771014   14.06240373  
 -54.92239753   14.22241744  -56.05704353  
  14.42169659  -57.18479630   14.62561410  
 -58.31173478   14.82344887  -59.43974112  
  15.02204101  -60.56761450   15.22159648  
 -61.69531876   15.42206568  -62.82286261  
  15.62675579  -63.94966546   15.84463381  
 -65.07415311   16.08897556  -66.19399494  
  16.32102167  -67.31599531   16.55401268  
 -68.43782981   16.78866723  -69.55937227  
  17.02436600  -70.68073141   17.26156698  
 -71.80182683   17.50011576  -72.92268563  
  17.77064914  -74.03792939   18.05876168  
 -75.15008706   18.32806884  -76.26554609  
  18.59915769  -77.38069233   18.87098261  
 -78.49570936   19.14432923  -79.61045925  
  19.41868004  -80.72503284   19.69421921  
 -81.83939782   19.99159342  -82.94992955  
  20.29551172  -84.05931243   20.60753566  
 -85.16727234   20.91205643  -86.27654946  
  21.22408005  -87.38450942   21.53684405  
 -88.49233940   21.85178938  -89.59978645  
  22.19193308  -90.70280980   22.51663838  
 -91.80854343   22.82631604  -92.91691524  
  23.16564239  -94.02008208   23.49147207  
 -95.12561832   23.73129204  -96.24625397  
  24.00631684  -97.36070924   24.00631684  
 -97.36070924  