   8.02334098   17.58100364    8.02334098  
  17.58100364    7.70003360   16.32442078  
   7.69516745   15.16011977    7.72902836  
  14.00704157    7.80211539   12.86533080  
   7.92818172   11.73897303    8.07122128  
  10.61753397    8.26690126    9.51134970  
   8.47813728    8.40967346    8.68702123  
   7.30731561    8.89932643    6.20594921  
   9.14382946    5.11391349    9.38413958  
   4.02066271    9.62138679    2.92652431  
   9.86938242    1.83550072   10.14778392  
   0.75328853   10.43101003   -0.32752553  
  10.71545425   -1.40798659   11.00036779  
  -2.48831165   11.27928615   -3.57037406  
  11.55713851   -4.65274539   11.83633998  
  -5.73472576   12.14060932   -6.80944165  
  12.46650951   -7.87788908   12.79415273  
  -8.94583140   13.12360954  -10.01324816  
  13.45069846  -11.08135110   13.77145519  
 -12.15128908   14.09378395  -13.22077148  
  14.41836665  -14.28960072   14.77365015  
 -15.34953309   15.13510679  -16.40767654  
  15.49827884  -17.46532287   15.86332184  
 -18.52242702   16.22031689  -19.58186340  
  16.57578604  -20.64174197   16.93305999  
 -21.70109753   17.30202235  -22.75706588  
  17.69253127  -23.80679019   18.08485460  
 -24.85598870   18.47899196  -25.90466152  
  18.87258499  -26.95349209   19.25627747  
 -28.00519176   19.64206690  -29.05628374  
  20.02959030  -30.10687324   20.44134931  
 -31.15043944   20.86016544  -32.19196054  
  21.28100035  -33.23289661   21.70384258  
 -34.27325098   22.11957525  -35.31566565  
  22.53208371  -36.35901466   22.94659389  
 -37.40178359   23.37000103  -38.44197425  
  23.81222256  -39.47671265   24.25331168  
 -40.51177921   24.68535552  -41.54946702  
  25.13669939  -42.58156182   25.59949075  
 -43.61033924   26.01613688  -44.65248919  
  26.36576984  -45.71405904   26.36576984  
 -45.71405904  