  12.17740271  -30.96998046   12.17740271  
 -30.96998046   12.17493476  -32.14940987  
  12.24062683  -33.31692345   12.27482324  
 -34.48994315   12.26909805  -35.66994199  
  12.25792811  -36.85089269   12.30370436  
 -38.02188798   12.34745517  -39.19323736  
  12.38273125  -40.36606831   12.48066245  
 -41.52794580   12.58365867  -42.68893781  
  12.68600591  -43.85004329   12.79045893  
 -45.01078062   12.89519081  -46.17146921  
  13.02093077  -47.32848513   13.15156235  
 -48.48464590   13.28343017  -49.64059055  
  13.41442669  -50.79668751   13.56962261  
 -51.94855391   13.73083256  -53.09936892  
  13.90003492  -54.24878669   14.07449842  
 -55.39728470   14.24944733  -56.54569785  
  14.43550225  -57.69216943   14.62425174  
 -58.83816994   14.82252802  -59.98250497  
  15.02167028  -61.12668860   15.22064783  
 -62.27090103   15.42237024  -63.41463360  
  15.63733752  -64.55605068   15.85904514  
 -65.69628941   16.08222697  -66.83627042  
  16.31185947  -67.97512370   16.54915773  
 -69.11263686   16.79083153  -70.24938507  
  17.03389733  -71.38588993   17.27729119  
 -72.52233744   17.52147968  -73.65864603  
  17.80235456  -74.78854106   18.07341143  
 -75.92015248   18.34246786  -77.05211362  
  18.61206674  -78.18397994   18.88319870  
 -79.31557823   19.15466382  -80.44711829  
  19.43380661  -81.57731612   19.71376939  
 -82.70737060   20.00815704  -83.83490331  
  20.32236169  -84.95897158   20.63104128  
 -86.08400575   20.93944345  -87.20908841  
  21.24876346  -88.33401062   21.56013625  
 -89.45857396   21.87775586  -90.58204523  
  22.21855821  -91.70146365   22.53780451  
 -92.82465053   22.87080846  -93.94543228  
  23.21895140  -95.06356741   23.48093049  
 -96.19676583   23.69624751  -97.33812177  
  23.97749055  -98.46795243   23.97749055  
 -98.46795243  