   7.58887344   39.94647591    7.58887344  
  39.94647591    7.24190820   38.61559608  
   7.26990848   37.40859796    7.38834300  
  36.23147765    7.53116133   35.06241330  
   7.73407372   33.91320293    7.93792743  
  32.76430354    8.17695806   31.62702597  
   8.42239833   30.49186602    8.68562024  
  29.36258080    8.94982112   28.23361901  
   9.21350477   27.10448633    9.47981453  
  25.97622128    9.75592141   24.85119301  
  10.04683054   23.73105514   10.36652273  
  22.62042666   10.68968811   21.51094566  
  11.01374069   20.40175777   11.33683157  
  19.29225215   11.65644130   18.18159643  
  11.97706396   17.07127536   12.29870800  
  15.96129173   12.64897436   14.86076439  
  13.02014329   13.76714288   13.39222618  
  12.67382332   13.76526252   11.58081877  
  14.13451055   10.48656262   14.50313936  
   9.39210190   14.87267946    8.29794225  
  15.24464527    7.20458401   15.65067891  
   6.12248116   16.06278382    5.04238414  
  16.47577096    3.96257859   16.88824585  
   2.88260381   17.29677939    1.80132687  
  17.70628912    0.72037245   18.11686671  
  -0.36022916   18.54017642   -1.43662432  
  18.98682963   -2.50530722   19.43432616  
  -3.57371150   19.88279153   -4.64179569  
  20.32798567   -5.71096063   20.77220856  
  -6.78044647   21.21726173   -7.84965799  
  21.66318788   -8.91858109   22.13374672  
  -9.97936600   22.61093204  -11.03796166  
  23.08889477  -12.09630046   23.56646182  
 -13.15477000   24.04008103  -14.21454382  
  24.51448783  -15.27405745   24.98976548  
 -16.33328335   25.47189668  -17.39024497  
  25.96974958  -18.44201243   26.46580330  
 -19.49437431   26.95959358  -20.54748399  
  27.45968882  -21.59851062   27.97026320  
 -22.64607514   28.47131840  -23.69678462  
  28.96353518  -24.75041415   28.96353518  
 -24.75041415  