/*--------------------------------*- C++ -*----------------------------------*\
  =========                 |
  \\      /  F ield         | OpenFOAM: The Open Source CFD Toolbox
   \\    /   O peration     | Website:  https://openfoam.org
    \\  /    A nd           | Version:  6
     \\/     M anipulation  |
\*---------------------------------------------------------------------------*/
FoamFile
{
    version     2.0;
    format      ascii;
    class       volVectorField;
    location    "192";
    object      U;
}
// * * * * * * * * * * * * * * * * * * * * * * * * * * * * * * * * * * * * * //

dimensions      [0 1 -1 0 0 0 0];

internalField   nonuniform List<vector> 
4000
(
(400 -1.90712e-09 0)
(400 -3.92402e-09 0)
(400 -5.87465e-09 0)
(400 -7.76055e-09 0)
(400 -9.36595e-09 0)
(400 -1.08558e-08 0)
(400 -1.1821e-08 0)
(400 -1.25627e-08 0)
(400 -1.23785e-08 0)
(400 -1.17373e-08 0)
(400 -9.66973e-09 0)
(400 -6.85797e-09 0)
(400 -2.21797e-09 0)
(400 3.33763e-09 0)
(400 1.07595e-08 0)
(400 1.896e-08 0)
(400 2.85209e-08 0)
(400 3.83365e-08 0)
(400 4.85129e-08 0)
(400 5.81404e-08 0)
(400 6.69065e-08 0)
(400 7.42656e-08 0)
(400 7.96732e-08 0)
(400 8.29836e-08 0)
(400 8.36731e-08 0)
(400 8.18991e-08 0)
(400 7.74052e-08 0)
(400 7.04799e-08 0)
(400 6.12959e-08 0)
(400 5.01096e-08 0)
(400 3.75332e-08 0)
(400 2.372e-08 0)
(400 9.56225e-09 0)
(400 -4.8424e-09 0)
(400 -1.8617e-08 0)
(399.999 -3.16489e-08 0)
(400.012 -4.34854e-08 0)
(399.838 -5.41639e-08 0)
(402.254 -6.41331e-08 0)
(368.573 -8.70185e-05 0)
(427.372 -86.9463 0)
(408.775 -161.528 0)
(396.824 -226.38 0)
(397.828 -283.846 0)
(399.693 -334.836 0)
(399.88 -380.021 0)
(399.768 -420.082 0)
(399.808 -455.624 0)
(399.871 -487.171 0)
(399.903 -515.178 0)
(399.923 -540.044 0)
(399.94 -562.118 0)
(399.953 -581.706 0)
(399.963 -599.076 0)
(399.97 -614.467 0)
(399.976 -628.087 0)
(399.98 -640.121 0)
(399.984 -650.734 0)
(399.987 -660.072 0)
(399.989 -668.263 0)
(399.991 -675.423 0)
(399.993 -681.656 0)
(399.994 -687.054 0)
(399.995 -691.698 0)
(399.996 -695.662 0)
(399.996 -699.014 0)
(399.997 -701.81 0)
(399.997 -704.106 0)
(399.998 -705.948 0)
(399.998 -707.379 0)
(399.998 -708.438 0)
(399.998 -709.159 0)
(399.999 -709.573 0)
(399.999 -709.708 0)
(399.999 -709.589 0)
(399.999 -709.239 0)
(399.999 -708.677 0)
(399.999 -707.923 0)
(399.999 -706.992 0)
(399.999 -705.899 0)
(400 -704.657 0)
(400 -703.278 0)
(400 -701.773 0)
(400 -700.152 0)
(400 -698.422 0)
(399.999 -696.592 0)
(400.004 -694.668 0)
(399.985 -692.658 0)
(400.055 -690.56 0)
(399.792 -688.407 0)
(400.165 -688.407 0)
(400.01 -688.407 0)
(399.984 -688.407 0)
(400 -688.407 0)
(400.002 -688.407 0)
(400 -688.407 0)
(400 -688.407 0)
(400 -688.407 0)
(400 -688.407 0)
(400 -688.407 0)
(400 -688.407 0)
(400 -688.407 0)
(400 -688.407 0)
(400 -688.407 0)
(400 -688.407 0)
(400 -688.407 0)
(400 -688.407 0)
(400 -688.407 0)
(400 -688.407 0)
(400 -688.407 0)
(400 -688.407 0)
(400 -688.407 0)
(400 -688.407 0)
(400 -688.407 0)
(400 -688.407 0)
(400 -688.407 0)
(400 -688.407 0)
(400 -688.407 0)
(400 -688.407 0)
(400 -688.407 0)
(400 -688.407 0)
(400 -688.407 0)
(400 -688.407 0)
(400 -688.407 0)
(400 -688.407 0)
(400 -688.407 0)
(400 -688.407 0)
(400 -688.407 0)
(400 -688.407 0)
(400 -688.407 0)
(400 -688.407 0)
(400 -688.407 0)
(400 -688.407 0)
(400 -688.407 0)
(400 -688.407 0)
(400 -688.407 0)
(400 -688.407 0)
(400 -688.407 0)
(400 -688.407 0)
(400 -688.407 0)
(400 -688.407 0)
(400 -688.407 0)
(400 -688.407 0)
(400 -688.407 0)
(400 -688.407 0)
(400 -688.407 0)
(400 -688.407 0)
(400 -688.407 0)
(400 -688.407 0)
(400 -688.407 0)
(400 -688.406 0)
(400 -688.406 0)
(400 -688.406 0)
(400 -688.406 0)
(400 -688.406 0)
(400 -688.406 0)
(400 -688.405 0)
(400 -688.405 0)
(400 -688.404 0)
(400 -688.403 0)
(400 -688.402 0)
(400 -688.4 0)
(400 -688.399 0)
(400 -688.396 0)
(400 -688.393 0)
(400 -688.389 0)
(400 -688.384 0)
(400 -688.378 0)
(400 -688.37 0)
(400 -688.361 0)
(400 -688.349 0)
(400 -688.335 0)
(400 -688.317 0)
(400 -688.296 0)
(400 -688.271 0)
(400 -688.24 0)
(400 -688.204 0)
(400 -688.16 0)
(400 -688.109 0)
(400 -688.048 0)
(400 -687.978 0)
(400 -687.895 0)
(400 -687.799 0)
(400 -687.687 0)
(400 -687.559 0)
(400 -687.411 0)
(400 -687.243 0)
(400 -687.051 0)
(400 -686.833 0)
(400 -686.587 0)
(400 -686.309 0)
(400 -685.999 0)
(400 -685.651 0)
(400 -685.264 0)
(400 -684.835 0)
(400 -684.361 0)
(400 -683.838 0)
(400 -683.264 0)
(400 -682.636 0)
(400 -681.951 0)
(400 3.24902e-09 0)
(400 6.10302e-09 0)
(400 8.58284e-09 0)
(400 1.07968e-08 0)
(400 1.27964e-08 0)
(400 1.48172e-08 0)
(400 1.68785e-08 0)
(400 1.92658e-08 0)
(400 2.18343e-08 0)
(400 2.48458e-08 0)
(400 2.79357e-08 0)
(400 3.1299e-08 0)
(400 3.43678e-08 0)
(400 3.72615e-08 0)
(400 3.93367e-08 0)
(400 4.06916e-08 0)
(400 4.08045e-08 0)
(400 3.98059e-08 0)
(400 3.74349e-08 0)
(400 3.385e-08 0)
(400 2.90752e-08 0)
(400 2.32556e-08 0)
(400 1.66235e-08 0)
(400 9.2754e-09 0)
(400 1.51765e-09 0)
(400 -6.60866e-09 0)
(400 -1.48607e-08 0)
(400 -2.32222e-08 0)
(400 -3.15959e-08 0)
(400 -3.99289e-08 0)
(400 -4.82515e-08 0)
(400 -5.64076e-08 0)
(400 -6.44561e-08 0)
(400 -7.21358e-08 0)
(400 -7.94548e-08 0)
(399.999 -8.61726e-08 0)
(400.012 -9.23113e-08 0)
(399.838 -9.78184e-08 0)
(402.254 -1.02524e-07 0)
(368.573 -8.7051e-05 0)
(427.372 -86.9463 0)
(408.775 -161.528 0)
(396.824 -226.38 0)
(397.828 -283.846 0)
(399.693 -334.836 0)
(399.88 -380.021 0)
(399.768 -420.082 0)
(399.808 -455.624 0)
(399.871 -487.171 0)
(399.903 -515.178 0)
(399.923 -540.044 0)
(399.94 -562.118 0)
(399.953 -581.706 0)
(399.963 -599.076 0)
(399.97 -614.467 0)
(399.976 -628.087 0)
(399.98 -640.121 0)
(399.984 -650.734 0)
(399.987 -660.072 0)
(399.989 -668.263 0)
(399.991 -675.423 0)
(399.993 -681.656 0)
(399.994 -687.054 0)
(399.995 -691.698 0)
(399.996 -695.662 0)
(399.996 -699.014 0)
(399.997 -701.81 0)
(399.997 -704.106 0)
(399.998 -705.948 0)
(399.998 -707.379 0)
(399.998 -708.438 0)
(399.998 -709.159 0)
(399.999 -709.573 0)
(399.999 -709.708 0)
(399.999 -709.589 0)
(399.999 -709.239 0)
(399.999 -708.677 0)
(399.999 -707.923 0)
(399.999 -706.992 0)
(399.999 -705.899 0)
(400 -704.657 0)
(400 -703.278 0)
(400 -701.773 0)
(400 -700.152 0)
(400 -698.422 0)
(399.999 -696.592 0)
(400.004 -694.668 0)
(399.985 -692.658 0)
(400.055 -690.56 0)
(399.792 -688.407 0)
(400.165 -688.407 0)
(400.01 -688.407 0)
(399.984 -688.407 0)
(400 -688.407 0)
(400.002 -688.407 0)
(400 -688.407 0)
(400 -688.407 0)
(400 -688.407 0)
(400 -688.407 0)
(400 -688.407 0)
(400 -688.407 0)
(400 -688.407 0)
(400 -688.407 0)
(400 -688.407 0)
(400 -688.407 0)
(400 -688.407 0)
(400 -688.407 0)
(400 -688.407 0)
(400 -688.407 0)
(400 -688.407 0)
(400 -688.407 0)
(400 -688.407 0)
(400 -688.407 0)
(400 -688.407 0)
(400 -688.407 0)
(400 -688.407 0)
(400 -688.407 0)
(400 -688.407 0)
(400 -688.407 0)
(400 -688.407 0)
(400 -688.407 0)
(400 -688.407 0)
(400 -688.407 0)
(400 -688.407 0)
(400 -688.407 0)
(400 -688.407 0)
(400 -688.407 0)
(400 -688.407 0)
(400 -688.407 0)
(400 -688.407 0)
(400 -688.407 0)
(400 -688.407 0)
(400 -688.407 0)
(400 -688.407 0)
(400 -688.407 0)
(400 -688.407 0)
(400 -688.407 0)
(400 -688.407 0)
(400 -688.407 0)
(400 -688.407 0)
(400 -688.407 0)
(400 -688.407 0)
(400 -688.407 0)
(400 -688.407 0)
(400 -688.407 0)
(400 -688.407 0)
(400 -688.407 0)
(400 -688.407 0)
(400 -688.407 0)
(400 -688.407 0)
(400 -688.406 0)
(400 -688.406 0)
(400 -688.406 0)
(400 -688.406 0)
(400 -688.406 0)
(400 -688.406 0)
(400 -688.405 0)
(400 -688.405 0)
(400 -688.404 0)
(400 -688.403 0)
(400 -688.402 0)
(400 -688.4 0)
(400 -688.399 0)
(400 -688.396 0)
(400 -688.393 0)
(400 -688.389 0)
(400 -688.384 0)
(400 -688.378 0)
(400 -688.37 0)
(400 -688.361 0)
(400 -688.349 0)
(400 -688.335 0)
(400 -688.317 0)
(400 -688.296 0)
(400 -688.271 0)
(400 -688.24 0)
(400 -688.204 0)
(400 -688.16 0)
(400 -688.109 0)
(400 -688.048 0)
(400 -687.978 0)
(400 -687.895 0)
(400 -687.799 0)
(400 -687.687 0)
(400 -687.559 0)
(400 -687.411 0)
(400 -687.243 0)
(400 -687.051 0)
(400 -686.833 0)
(400 -686.587 0)
(400 -686.309 0)
(400 -685.999 0)
(400 -685.651 0)
(400 -685.264 0)
(400 -684.835 0)
(400 -684.361 0)
(400 -683.838 0)
(400 -683.264 0)
(400 -682.636 0)
(400 -681.951 0)
(400 3.5423e-09 0)
(400 6.81327e-09 0)
(400 9.76589e-09 0)
(400 1.24693e-08 0)
(400 1.49675e-08 0)
(400 1.7509e-08 0)
(400 2.01111e-08 0)
(400 2.30399e-08 0)
(400 2.60691e-08 0)
(400 2.93488e-08 0)
(400 3.23219e-08 0)
(400 3.49899e-08 0)
(400 3.65322e-08 0)
(400 3.68828e-08 0)
(400 3.52167e-08 0)
(400 3.15941e-08 0)
(400 2.5514e-08 0)
(400 1.72993e-08 0)
(400 6.94449e-09 0)
(400 -5.01092e-09 0)
(400 -1.81451e-08 0)
(400 -3.18714e-08 0)
(400 -4.55603e-08 0)
(400 -5.87398e-08 0)
(400 -7.08206e-08 0)
(400 -8.15257e-08 0)
(400 -9.05003e-08 0)
(400 -9.76538e-08 0)
(400 -1.02958e-07 0)
(400 -1.06439e-07 0)
(400 -1.08352e-07 0)
(400 -1.08745e-07 0)
(400 -1.08003e-07 0)
(400 -1.06149e-07 0)
(400 -1.03526e-07 0)
(399.999 -1.00181e-07 0)
(400.012 -9.63131e-08 0)
(399.838 -9.1964e-08 0)
(402.254 -8.7003e-08 0)
(368.573 -8.70263e-05 0)
(427.372 -86.9463 0)
(408.775 -161.528 0)
(396.824 -226.38 0)
(397.828 -283.846 0)
(399.693 -334.836 0)
(399.88 -380.021 0)
(399.768 -420.082 0)
(399.808 -455.624 0)
(399.871 -487.171 0)
(399.903 -515.178 0)
(399.923 -540.044 0)
(399.94 -562.118 0)
(399.953 -581.706 0)
(399.963 -599.076 0)
(399.97 -614.467 0)
(399.976 -628.087 0)
(399.98 -640.121 0)
(399.984 -650.734 0)
(399.987 -660.072 0)
(399.989 -668.263 0)
(399.991 -675.423 0)
(399.993 -681.656 0)
(399.994 -687.054 0)
(399.995 -691.698 0)
(399.996 -695.662 0)
(399.996 -699.014 0)
(399.997 -701.81 0)
(399.997 -704.106 0)
(399.998 -705.948 0)
(399.998 -707.379 0)
(399.998 -708.438 0)
(399.998 -709.159 0)
(399.999 -709.573 0)
(399.999 -709.708 0)
(399.999 -709.589 0)
(399.999 -709.239 0)
(399.999 -708.677 0)
(399.999 -707.923 0)
(399.999 -706.992 0)
(399.999 -705.899 0)
(400 -704.657 0)
(400 -703.278 0)
(400 -701.773 0)
(400 -700.152 0)
(400 -698.422 0)
(399.999 -696.592 0)
(400.004 -694.668 0)
(399.985 -692.658 0)
(400.055 -690.56 0)
(399.792 -688.407 0)
(400.165 -688.407 0)
(400.01 -688.407 0)
(399.984 -688.407 0)
(400 -688.407 0)
(400.002 -688.407 0)
(400 -688.407 0)
(400 -688.407 0)
(400 -688.407 0)
(400 -688.407 0)
(400 -688.407 0)
(400 -688.407 0)
(400 -688.407 0)
(400 -688.407 0)
(400 -688.407 0)
(400 -688.407 0)
(400 -688.407 0)
(400 -688.407 0)
(400 -688.407 0)
(400 -688.407 0)
(400 -688.407 0)
(400 -688.407 0)
(400 -688.407 0)
(400 -688.407 0)
(400 -688.407 0)
(400 -688.407 0)
(400 -688.407 0)
(400 -688.407 0)
(400 -688.407 0)
(400 -688.407 0)
(400 -688.407 0)
(400 -688.407 0)
(400 -688.407 0)
(400 -688.407 0)
(400 -688.407 0)
(400 -688.407 0)
(400 -688.407 0)
(400 -688.407 0)
(400 -688.407 0)
(400 -688.407 0)
(400 -688.407 0)
(400 -688.407 0)
(400 -688.407 0)
(400 -688.407 0)
(400 -688.407 0)
(400 -688.407 0)
(400 -688.407 0)
(400 -688.407 0)
(400 -688.407 0)
(400 -688.407 0)
(400 -688.407 0)
(400 -688.407 0)
(400 -688.407 0)
(400 -688.407 0)
(400 -688.407 0)
(400 -688.407 0)
(400 -688.407 0)
(400 -688.407 0)
(400 -688.407 0)
(400 -688.407 0)
(400 -688.407 0)
(400 -688.406 0)
(400 -688.406 0)
(400 -688.406 0)
(400 -688.406 0)
(400 -688.406 0)
(400 -688.406 0)
(400 -688.405 0)
(400 -688.405 0)
(400 -688.404 0)
(400 -688.403 0)
(400 -688.402 0)
(400 -688.4 0)
(400 -688.399 0)
(400 -688.396 0)
(400 -688.393 0)
(400 -688.389 0)
(400 -688.384 0)
(400 -688.378 0)
(400 -688.37 0)
(400 -688.361 0)
(400 -688.349 0)
(400 -688.335 0)
(400 -688.317 0)
(400 -688.296 0)
(400 -688.271 0)
(400 -688.24 0)
(400 -688.204 0)
(400 -688.16 0)
(400 -688.109 0)
(400 -688.048 0)
(400 -687.978 0)
(400 -687.895 0)
(400 -687.799 0)
(400 -687.687 0)
(400 -687.559 0)
(400 -687.411 0)
(400 -687.243 0)
(400 -687.051 0)
(400 -686.833 0)
(400 -686.587 0)
(400 -686.309 0)
(400 -685.999 0)
(400 -685.651 0)
(400 -685.264 0)
(400 -684.835 0)
(400 -684.361 0)
(400 -683.838 0)
(400 -683.264 0)
(400 -682.636 0)
(400 -681.951 0)
(400 3.77031e-09 0)
(400 7.40179e-09 0)
(400 1.0818e-08 0)
(400 1.40256e-08 0)
(400 1.71032e-08 0)
(400 2.01696e-08 0)
(400 2.33293e-08 0)
(400 2.66159e-08 0)
(400 2.99626e-08 0)
(400 3.3165e-08 0)
(400 3.59029e-08 0)
(400 3.77299e-08 0)
(400 3.81551e-08 0)
(400 3.66652e-08 0)
(400 3.28524e-08 0)
(400 2.64344e-08 0)
(400 1.73597e-08 0)
(400 5.77528e-09 0)
(400 -7.93904e-09 0)
(400 -2.32513e-08 0)
(400 -3.9503e-08 0)
(400 -5.59927e-08 0)
(400 -7.20195e-08 0)
(400 -8.6936e-08 0)
(400 -1.00181e-07 0)
(400 -1.11299e-07 0)
(400 -1.19955e-07 0)
(400 -1.25938e-07 0)
(400 -1.29156e-07 0)
(400 -1.29632e-07 0)
(400 -1.27476e-07 0)
(400 -1.22887e-07 0)
(400 -1.16114e-07 0)
(400 -1.07459e-07 0)
(400 -9.72529e-08 0)
(399.999 -8.58497e-08 0)
(400.012 -7.3617e-08 0)
(399.838 -6.0804e-08 0)
(402.254 -4.75267e-08 0)
(368.573 -8.69792e-05 0)
(427.372 -86.9463 0)
(408.775 -161.528 0)
(396.824 -226.38 0)
(397.828 -283.846 0)
(399.693 -334.836 0)
(399.88 -380.021 0)
(399.768 -420.082 0)
(399.808 -455.624 0)
(399.871 -487.171 0)
(399.903 -515.178 0)
(399.923 -540.044 0)
(399.94 -562.118 0)
(399.953 -581.706 0)
(399.963 -599.076 0)
(399.97 -614.467 0)
(399.976 -628.087 0)
(399.98 -640.121 0)
(399.984 -650.734 0)
(399.987 -660.072 0)
(399.989 -668.263 0)
(399.991 -675.423 0)
(399.993 -681.656 0)
(399.994 -687.054 0)
(399.995 -691.698 0)
(399.996 -695.662 0)
(399.996 -699.014 0)
(399.997 -701.81 0)
(399.997 -704.106 0)
(399.998 -705.948 0)
(399.998 -707.379 0)
(399.998 -708.438 0)
(399.998 -709.159 0)
(399.999 -709.573 0)
(399.999 -709.708 0)
(399.999 -709.589 0)
(399.999 -709.239 0)
(399.999 -708.677 0)
(399.999 -707.923 0)
(399.999 -706.992 0)
(399.999 -705.899 0)
(400 -704.657 0)
(400 -703.278 0)
(400 -701.773 0)
(400 -700.152 0)
(400 -698.422 0)
(399.999 -696.592 0)
(400.004 -694.668 0)
(399.985 -692.658 0)
(400.055 -690.56 0)
(399.792 -688.407 0)
(400.165 -688.407 0)
(400.01 -688.407 0)
(399.984 -688.407 0)
(400 -688.407 0)
(400.002 -688.407 0)
(400 -688.407 0)
(400 -688.407 0)
(400 -688.407 0)
(400 -688.407 0)
(400 -688.407 0)
(400 -688.407 0)
(400 -688.407 0)
(400 -688.407 0)
(400 -688.407 0)
(400 -688.407 0)
(400 -688.407 0)
(400 -688.407 0)
(400 -688.407 0)
(400 -688.407 0)
(400 -688.407 0)
(400 -688.407 0)
(400 -688.407 0)
(400 -688.407 0)
(400 -688.407 0)
(400 -688.407 0)
(400 -688.407 0)
(400 -688.407 0)
(400 -688.407 0)
(400 -688.407 0)
(400 -688.407 0)
(400 -688.407 0)
(400 -688.407 0)
(400 -688.407 0)
(400 -688.407 0)
(400 -688.407 0)
(400 -688.407 0)
(400 -688.407 0)
(400 -688.407 0)
(400 -688.407 0)
(400 -688.407 0)
(400 -688.407 0)
(400 -688.407 0)
(400 -688.407 0)
(400 -688.407 0)
(400 -688.407 0)
(400 -688.407 0)
(400 -688.407 0)
(400 -688.407 0)
(400 -688.407 0)
(400 -688.407 0)
(400 -688.407 0)
(400 -688.407 0)
(400 -688.407 0)
(400 -688.407 0)
(400 -688.407 0)
(400 -688.407 0)
(400 -688.407 0)
(400 -688.407 0)
(400 -688.407 0)
(400 -688.407 0)
(400 -688.406 0)
(400 -688.406 0)
(400 -688.406 0)
(400 -688.406 0)
(400 -688.406 0)
(400 -688.406 0)
(400 -688.405 0)
(400 -688.405 0)
(400 -688.404 0)
(400 -688.403 0)
(400 -688.402 0)
(400 -688.4 0)
(400 -688.399 0)
(400 -688.396 0)
(400 -688.393 0)
(400 -688.389 0)
(400 -688.384 0)
(400 -688.378 0)
(400 -688.37 0)
(400 -688.361 0)
(400 -688.349 0)
(400 -688.335 0)
(400 -688.317 0)
(400 -688.296 0)
(400 -688.271 0)
(400 -688.24 0)
(400 -688.204 0)
(400 -688.16 0)
(400 -688.109 0)
(400 -688.048 0)
(400 -687.978 0)
(400 -687.895 0)
(400 -687.799 0)
(400 -687.687 0)
(400 -687.559 0)
(400 -687.411 0)
(400 -687.243 0)
(400 -687.051 0)
(400 -686.833 0)
(400 -686.587 0)
(400 -686.309 0)
(400 -685.999 0)
(400 -685.651 0)
(400 -685.264 0)
(400 -684.835 0)
(400 -684.361 0)
(400 -683.838 0)
(400 -683.264 0)
(400 -682.636 0)
(400 -681.951 0)
(400 3.80959e-09 0)
(400 7.61292e-09 0)
(400 1.13137e-08 0)
(400 1.49035e-08 0)
(400 1.84205e-08 0)
(400 2.19398e-08 0)
(400 2.5484e-08 0)
(400 2.90396e-08 0)
(400 3.24408e-08 0)
(400 3.54597e-08 0)
(400 3.7689e-08 0)
(400 3.87177e-08 0)
(400 3.8023e-08 0)
(400 3.52117e-08 0)
(400 2.99111e-08 0)
(400 2.20048e-08 0)
(400 1.14988e-08 0)
(400 -1.32529e-09 0)
(400 -1.60578e-08 0)
(400 -3.21139e-08 0)
(400 -4.8848e-08 0)
(400 -6.55787e-08 0)
(400 -8.16332e-08 0)
(400 -9.64033e-08 0)
(400 -1.09326e-07 0)
(400 -1.19947e-07 0)
(400 -1.27879e-07 0)
(400 -1.32848e-07 0)
(400 -1.34677e-07 0)
(400 -1.3329e-07 0)
(400 -1.28737e-07 0)
(400 -1.21147e-07 0)
(400 -1.10785e-07 0)
(400 -9.79835e-08 0)
(400 -8.31922e-08 0)
(399.999 -6.69123e-08 0)
(400.012 -4.96794e-08 0)
(399.838 -3.1974e-08 0)
(402.254 -1.41381e-08 0)
(368.573 -8.69424e-05 0)
(427.372 -86.9463 0)
(408.775 -161.528 0)
(396.824 -226.38 0)
(397.828 -283.846 0)
(399.693 -334.836 0)
(399.88 -380.021 0)
(399.768 -420.082 0)
(399.808 -455.624 0)
(399.871 -487.171 0)
(399.903 -515.178 0)
(399.923 -540.044 0)
(399.94 -562.118 0)
(399.953 -581.706 0)
(399.963 -599.076 0)
(399.97 -614.467 0)
(399.976 -628.087 0)
(399.98 -640.121 0)
(399.984 -650.734 0)
(399.987 -660.072 0)
(399.989 -668.263 0)
(399.991 -675.423 0)
(399.993 -681.656 0)
(399.994 -687.054 0)
(399.995 -691.698 0)
(399.996 -695.662 0)
(399.996 -699.014 0)
(399.997 -701.81 0)
(399.997 -704.106 0)
(399.998 -705.948 0)
(399.998 -707.379 0)
(399.998 -708.438 0)
(399.998 -709.159 0)
(399.999 -709.573 0)
(399.999 -709.708 0)
(399.999 -709.589 0)
(399.999 -709.239 0)
(399.999 -708.677 0)
(399.999 -707.923 0)
(399.999 -706.992 0)
(399.999 -705.899 0)
(400 -704.657 0)
(400 -703.278 0)
(400 -701.773 0)
(400 -700.152 0)
(400 -698.422 0)
(399.999 -696.592 0)
(400.004 -694.668 0)
(399.985 -692.658 0)
(400.055 -690.56 0)
(399.792 -688.407 0)
(400.165 -688.407 0)
(400.01 -688.407 0)
(399.984 -688.407 0)
(400 -688.407 0)
(400.002 -688.407 0)
(400 -688.407 0)
(400 -688.407 0)
(400 -688.407 0)
(400 -688.407 0)
(400 -688.407 0)
(400 -688.407 0)
(400 -688.407 0)
(400 -688.407 0)
(400 -688.407 0)
(400 -688.407 0)
(400 -688.407 0)
(400 -688.407 0)
(400 -688.407 0)
(400 -688.407 0)
(400 -688.407 0)
(400 -688.407 0)
(400 -688.407 0)
(400 -688.407 0)
(400 -688.407 0)
(400 -688.407 0)
(400 -688.407 0)
(400 -688.407 0)
(400 -688.407 0)
(400 -688.407 0)
(400 -688.407 0)
(400 -688.407 0)
(400 -688.407 0)
(400 -688.407 0)
(400 -688.407 0)
(400 -688.407 0)
(400 -688.407 0)
(400 -688.407 0)
(400 -688.407 0)
(400 -688.407 0)
(400 -688.407 0)
(400 -688.407 0)
(400 -688.407 0)
(400 -688.407 0)
(400 -688.407 0)
(400 -688.407 0)
(400 -688.407 0)
(400 -688.407 0)
(400 -688.407 0)
(400 -688.407 0)
(400 -688.407 0)
(400 -688.407 0)
(400 -688.407 0)
(400 -688.407 0)
(400 -688.407 0)
(400 -688.407 0)
(400 -688.407 0)
(400 -688.407 0)
(400 -688.407 0)
(400 -688.407 0)
(400 -688.407 0)
(400 -688.406 0)
(400 -688.406 0)
(400 -688.406 0)
(400 -688.406 0)
(400 -688.406 0)
(400 -688.406 0)
(400 -688.405 0)
(400 -688.405 0)
(400 -688.404 0)
(400 -688.403 0)
(400 -688.402 0)
(400 -688.4 0)
(400 -688.399 0)
(400 -688.396 0)
(400 -688.393 0)
(400 -688.389 0)
(400 -688.384 0)
(400 -688.378 0)
(400 -688.37 0)
(400 -688.361 0)
(400 -688.349 0)
(400 -688.335 0)
(400 -688.317 0)
(400 -688.296 0)
(400 -688.271 0)
(400 -688.24 0)
(400 -688.204 0)
(400 -688.16 0)
(400 -688.109 0)
(400 -688.048 0)
(400 -687.978 0)
(400 -687.895 0)
(400 -687.799 0)
(400 -687.687 0)
(400 -687.559 0)
(400 -687.411 0)
(400 -687.243 0)
(400 -687.051 0)
(400 -686.833 0)
(400 -686.587 0)
(400 -686.309 0)
(400 -685.999 0)
(400 -685.651 0)
(400 -685.264 0)
(400 -684.835 0)
(400 -684.361 0)
(400 -683.838 0)
(400 -683.264 0)
(400 -682.636 0)
(400 -681.951 0)
(400 3.68008e-09 0)
(400 7.43964e-09 0)
(400 1.11738e-08 0)
(400 1.48456e-08 0)
(400 1.84673e-08 0)
(400 2.20549e-08 0)
(400 2.55988e-08 0)
(400 2.9007e-08 0)
(400 3.21061e-08 0)
(400 3.4602e-08 0)
(400 3.61388e-08 0)
(400 3.62918e-08 0)
(400 3.46718e-08 0)
(400 3.09326e-08 0)
(400 2.48771e-08 0)
(400 1.64441e-08 0)
(400 5.76779e-09 0)
(400 -6.87064e-09 0)
(400 -2.10424e-08 0)
(400 -3.62301e-08 0)
(400 -5.18588e-08 0)
(400 -6.73352e-08 0)
(400 -8.20767e-08 0)
(400 -9.55228e-08 0)
(400 -1.07156e-07 0)
(400 -1.16503e-07 0)
(400 -1.23155e-07 0)
(400 -1.26778e-07 0)
(400 -1.27127e-07 0)
(400 -1.24077e-07 0)
(400 -1.17618e-07 0)
(400 -1.07889e-07 0)
(400 -9.51576e-08 0)
(400 -7.9838e-08 0)
(400 -6.24618e-08 0)
(399.999 -4.3657e-08 0)
(400.012 -2.40942e-08 0)
(399.838 -4.40076e-09 0)
(402.254 1.48242e-08 0)
(368.573 -8.69132e-05 0)
(427.372 -86.9463 0)
(408.775 -161.528 0)
(396.824 -226.38 0)
(397.828 -283.846 0)
(399.693 -334.836 0)
(399.88 -380.021 0)
(399.768 -420.082 0)
(399.808 -455.624 0)
(399.871 -487.171 0)
(399.903 -515.178 0)
(399.923 -540.044 0)
(399.94 -562.118 0)
(399.953 -581.706 0)
(399.963 -599.076 0)
(399.97 -614.467 0)
(399.976 -628.087 0)
(399.98 -640.121 0)
(399.984 -650.734 0)
(399.987 -660.072 0)
(399.989 -668.263 0)
(399.991 -675.423 0)
(399.993 -681.656 0)
(399.994 -687.054 0)
(399.995 -691.698 0)
(399.996 -695.662 0)
(399.996 -699.014 0)
(399.997 -701.81 0)
(399.997 -704.106 0)
(399.998 -705.948 0)
(399.998 -707.379 0)
(399.998 -708.438 0)
(399.998 -709.159 0)
(399.999 -709.573 0)
(399.999 -709.708 0)
(399.999 -709.589 0)
(399.999 -709.239 0)
(399.999 -708.677 0)
(399.999 -707.923 0)
(399.999 -706.992 0)
(399.999 -705.899 0)
(400 -704.657 0)
(400 -703.278 0)
(400 -701.773 0)
(400 -700.152 0)
(400 -698.422 0)
(399.999 -696.592 0)
(400.004 -694.668 0)
(399.985 -692.658 0)
(400.055 -690.56 0)
(399.792 -688.407 0)
(400.165 -688.407 0)
(400.01 -688.407 0)
(399.984 -688.407 0)
(400 -688.407 0)
(400.002 -688.407 0)
(400 -688.407 0)
(400 -688.407 0)
(400 -688.407 0)
(400 -688.407 0)
(400 -688.407 0)
(400 -688.407 0)
(400 -688.407 0)
(400 -688.407 0)
(400 -688.407 0)
(400 -688.407 0)
(400 -688.407 0)
(400 -688.407 0)
(400 -688.407 0)
(400 -688.407 0)
(400 -688.407 0)
(400 -688.407 0)
(400 -688.407 0)
(400 -688.407 0)
(400 -688.407 0)
(400 -688.407 0)
(400 -688.407 0)
(400 -688.407 0)
(400 -688.407 0)
(400 -688.407 0)
(400 -688.407 0)
(400 -688.407 0)
(400 -688.407 0)
(400 -688.407 0)
(400 -688.407 0)
(400 -688.407 0)
(400 -688.407 0)
(400 -688.407 0)
(400 -688.407 0)
(400 -688.407 0)
(400 -688.407 0)
(400 -688.407 0)
(400 -688.407 0)
(400 -688.407 0)
(400 -688.407 0)
(400 -688.407 0)
(400 -688.407 0)
(400 -688.407 0)
(400 -688.407 0)
(400 -688.407 0)
(400 -688.407 0)
(400 -688.407 0)
(400 -688.407 0)
(400 -688.407 0)
(400 -688.407 0)
(400 -688.407 0)
(400 -688.407 0)
(400 -688.407 0)
(400 -688.407 0)
(400 -688.407 0)
(400 -688.407 0)
(400 -688.406 0)
(400 -688.406 0)
(400 -688.406 0)
(400 -688.406 0)
(400 -688.406 0)
(400 -688.406 0)
(400 -688.405 0)
(400 -688.405 0)
(400 -688.404 0)
(400 -688.403 0)
(400 -688.402 0)
(400 -688.4 0)
(400 -688.399 0)
(400 -688.396 0)
(400 -688.393 0)
(400 -688.389 0)
(400 -688.384 0)
(400 -688.378 0)
(400 -688.37 0)
(400 -688.361 0)
(400 -688.349 0)
(400 -688.335 0)
(400 -688.317 0)
(400 -688.296 0)
(400 -688.271 0)
(400 -688.24 0)
(400 -688.204 0)
(400 -688.16 0)
(400 -688.109 0)
(400 -688.048 0)
(400 -687.978 0)
(400 -687.895 0)
(400 -687.799 0)
(400 -687.687 0)
(400 -687.559 0)
(400 -687.411 0)
(400 -687.243 0)
(400 -687.051 0)
(400 -686.833 0)
(400 -686.587 0)
(400 -686.309 0)
(400 -685.999 0)
(400 -685.651 0)
(400 -685.264 0)
(400 -684.835 0)
(400 -684.361 0)
(400 -683.838 0)
(400 -683.264 0)
(400 -682.636 0)
(400 -681.951 0)
(400 3.37737e-09 0)
(400 6.89956e-09 0)
(400 1.04544e-08 0)
(400 1.39907e-08 0)
(400 1.74914e-08 0)
(400 2.09415e-08 0)
(400 2.42863e-08 0)
(400 2.74063e-08 0)
(400 3.00923e-08 0)
(400 3.20599e-08 0)
(400 3.29622e-08 0)
(400 3.24452e-08 0)
(400 3.01825e-08 0)
(400 2.59378e-08 0)
(400 1.95871e-08 0)
(400 1.11537e-08 0)
(400 7.94197e-10 0)
(400 -1.12019e-08 0)
(400 -2.44506e-08 0)
(400 -3.84941e-08 0)
(400 -5.28329e-08 0)
(400 -6.69441e-08 0)
(400 -8.02983e-08 0)
(400 -9.23704e-08 0)
(400 -1.0265e-07 0)
(400 -1.10659e-07 0)
(400 -1.15967e-07 0)
(400 -1.18225e-07 0)
(400 -1.17183e-07 0)
(400 -1.12722e-07 0)
(400 -1.0487e-07 0)
(400 -9.38145e-08 0)
(400 -7.98986e-08 0)
(400 -6.36143e-08 0)
(400 -4.55759e-08 0)
(399.999 -2.64783e-08 0)
(400.012 -7.04483e-09 0)
(399.838 1.20245e-08 0)
(402.254 3.00399e-08 0)
(368.573 -8.69e-05 0)
(427.372 -86.9463 0)
(408.775 -161.528 0)
(396.824 -226.38 0)
(397.828 -283.846 0)
(399.693 -334.836 0)
(399.88 -380.021 0)
(399.768 -420.082 0)
(399.808 -455.624 0)
(399.871 -487.171 0)
(399.903 -515.178 0)
(399.923 -540.044 0)
(399.94 -562.118 0)
(399.953 -581.706 0)
(399.963 -599.076 0)
(399.97 -614.467 0)
(399.976 -628.087 0)
(399.98 -640.121 0)
(399.984 -650.734 0)
(399.987 -660.072 0)
(399.989 -668.263 0)
(399.991 -675.423 0)
(399.993 -681.656 0)
(399.994 -687.054 0)
(399.995 -691.698 0)
(399.996 -695.662 0)
(399.996 -699.014 0)
(399.997 -701.81 0)
(399.997 -704.106 0)
(399.998 -705.948 0)
(399.998 -707.379 0)
(399.998 -708.438 0)
(399.998 -709.159 0)
(399.999 -709.573 0)
(399.999 -709.708 0)
(399.999 -709.589 0)
(399.999 -709.239 0)
(399.999 -708.677 0)
(399.999 -707.923 0)
(399.999 -706.992 0)
(399.999 -705.899 0)
(400 -704.657 0)
(400 -703.278 0)
(400 -701.773 0)
(400 -700.152 0)
(400 -698.422 0)
(399.999 -696.592 0)
(400.004 -694.668 0)
(399.985 -692.658 0)
(400.055 -690.56 0)
(399.792 -688.407 0)
(400.165 -688.407 0)
(400.01 -688.407 0)
(399.984 -688.407 0)
(400 -688.407 0)
(400.002 -688.407 0)
(400 -688.407 0)
(400 -688.407 0)
(400 -688.407 0)
(400 -688.407 0)
(400 -688.407 0)
(400 -688.407 0)
(400 -688.407 0)
(400 -688.407 0)
(400 -688.407 0)
(400 -688.407 0)
(400 -688.407 0)
(400 -688.407 0)
(400 -688.407 0)
(400 -688.407 0)
(400 -688.407 0)
(400 -688.407 0)
(400 -688.407 0)
(400 -688.407 0)
(400 -688.407 0)
(400 -688.407 0)
(400 -688.407 0)
(400 -688.407 0)
(400 -688.407 0)
(400 -688.407 0)
(400 -688.407 0)
(400 -688.407 0)
(400 -688.407 0)
(400 -688.407 0)
(400 -688.407 0)
(400 -688.407 0)
(400 -688.407 0)
(400 -688.407 0)
(400 -688.407 0)
(400 -688.407 0)
(400 -688.407 0)
(400 -688.407 0)
(400 -688.407 0)
(400 -688.407 0)
(400 -688.407 0)
(400 -688.407 0)
(400 -688.407 0)
(400 -688.407 0)
(400 -688.407 0)
(400 -688.407 0)
(400 -688.407 0)
(400 -688.407 0)
(400 -688.407 0)
(400 -688.407 0)
(400 -688.407 0)
(400 -688.407 0)
(400 -688.407 0)
(400 -688.407 0)
(400 -688.407 0)
(400 -688.407 0)
(400 -688.407 0)
(400 -688.406 0)
(400 -688.406 0)
(400 -688.406 0)
(400 -688.406 0)
(400 -688.406 0)
(400 -688.406 0)
(400 -688.405 0)
(400 -688.405 0)
(400 -688.404 0)
(400 -688.403 0)
(400 -688.402 0)
(400 -688.4 0)
(400 -688.399 0)
(400 -688.396 0)
(400 -688.393 0)
(400 -688.389 0)
(400 -688.384 0)
(400 -688.378 0)
(400 -688.37 0)
(400 -688.361 0)
(400 -688.349 0)
(400 -688.335 0)
(400 -688.317 0)
(400 -688.296 0)
(400 -688.271 0)
(400 -688.24 0)
(400 -688.204 0)
(400 -688.16 0)
(400 -688.109 0)
(400 -688.048 0)
(400 -687.978 0)
(400 -687.895 0)
(400 -687.799 0)
(400 -687.687 0)
(400 -687.559 0)
(400 -687.411 0)
(400 -687.243 0)
(400 -687.051 0)
(400 -686.833 0)
(400 -686.587 0)
(400 -686.309 0)
(400 -685.999 0)
(400 -685.651 0)
(400 -685.264 0)
(400 -684.835 0)
(400 -684.361 0)
(400 -683.838 0)
(400 -683.264 0)
(400 -682.636 0)
(400 -681.951 0)
(400 2.9588e-09 0)
(400 6.0936e-09 0)
(400 9.29762e-09 0)
(400 1.25088e-08 0)
(400 1.56906e-08 0)
(400 1.87972e-08 0)
(400 2.17477e-08 0)
(400 2.43966e-08 0)
(400 2.65329e-08 0)
(400 2.78826e-08 0)
(400 2.81451e-08 0)
(400 2.70192e-08 0)
(400 2.42568e-08 0)
(400 1.9687e-08 0)
(400 1.32525e-08 0)
(400 5.00879e-09 0)
(400 -4.86919e-09 0)
(400 -1.611e-08 0)
(400 -2.83587e-08 0)
(400 -4.12036e-08 0)
(400 -5.41902e-08 0)
(400 -6.6836e-08 0)
(400 -7.86438e-08 0)
(400 -8.91103e-08 0)
(400 -9.77469e-08 0)
(400 -1.04096e-07 0)
(400 -1.07764e-07 0)
(400 -1.08443e-07 0)
(400 -1.05947e-07 0)
(400 -1.00233e-07 0)
(400 -9.14123e-08 0)
(400 -7.97568e-08 0)
(400 -6.5687e-08 0)
(400 -4.97508e-08 0)
(400 -3.2588e-08 0)
(399.999 -1.48862e-08 0)
(400.012 2.67117e-09 0)
(399.838 1.94417e-08 0)
(402.254 3.47281e-08 0)
(368.573 -8.68984e-05 0)
(427.372 -86.9463 0)
(408.775 -161.528 0)
(396.824 -226.38 0)
(397.828 -283.846 0)
(399.693 -334.836 0)
(399.88 -380.021 0)
(399.768 -420.082 0)
(399.808 -455.624 0)
(399.871 -487.171 0)
(399.903 -515.178 0)
(399.923 -540.044 0)
(399.94 -562.118 0)
(399.953 -581.706 0)
(399.963 -599.076 0)
(399.97 -614.467 0)
(399.976 -628.087 0)
(399.98 -640.121 0)
(399.984 -650.734 0)
(399.987 -660.072 0)
(399.989 -668.263 0)
(399.991 -675.423 0)
(399.993 -681.656 0)
(399.994 -687.054 0)
(399.995 -691.698 0)
(399.996 -695.662 0)
(399.996 -699.014 0)
(399.997 -701.81 0)
(399.997 -704.106 0)
(399.998 -705.948 0)
(399.998 -707.379 0)
(399.998 -708.438 0)
(399.998 -709.159 0)
(399.999 -709.573 0)
(399.999 -709.708 0)
(399.999 -709.589 0)
(399.999 -709.239 0)
(399.999 -708.677 0)
(399.999 -707.923 0)
(399.999 -706.992 0)
(399.999 -705.899 0)
(400 -704.657 0)
(400 -703.278 0)
(400 -701.773 0)
(400 -700.152 0)
(400 -698.422 0)
(399.999 -696.592 0)
(400.004 -694.668 0)
(399.985 -692.658 0)
(400.055 -690.56 0)
(399.792 -688.407 0)
(400.165 -688.407 0)
(400.01 -688.407 0)
(399.984 -688.407 0)
(400 -688.407 0)
(400.002 -688.407 0)
(400 -688.407 0)
(400 -688.407 0)
(400 -688.407 0)
(400 -688.407 0)
(400 -688.407 0)
(400 -688.407 0)
(400 -688.407 0)
(400 -688.407 0)
(400 -688.407 0)
(400 -688.407 0)
(400 -688.407 0)
(400 -688.407 0)
(400 -688.407 0)
(400 -688.407 0)
(400 -688.407 0)
(400 -688.407 0)
(400 -688.407 0)
(400 -688.407 0)
(400 -688.407 0)
(400 -688.407 0)
(400 -688.407 0)
(400 -688.407 0)
(400 -688.407 0)
(400 -688.407 0)
(400 -688.407 0)
(400 -688.407 0)
(400 -688.407 0)
(400 -688.407 0)
(400 -688.407 0)
(400 -688.407 0)
(400 -688.407 0)
(400 -688.407 0)
(400 -688.407 0)
(400 -688.407 0)
(400 -688.407 0)
(400 -688.407 0)
(400 -688.407 0)
(400 -688.407 0)
(400 -688.407 0)
(400 -688.407 0)
(400 -688.407 0)
(400 -688.407 0)
(400 -688.407 0)
(400 -688.407 0)
(400 -688.407 0)
(400 -688.407 0)
(400 -688.407 0)
(400 -688.407 0)
(400 -688.407 0)
(400 -688.407 0)
(400 -688.407 0)
(400 -688.407 0)
(400 -688.407 0)
(400 -688.407 0)
(400 -688.407 0)
(400 -688.406 0)
(400 -688.406 0)
(400 -688.406 0)
(400 -688.406 0)
(400 -688.406 0)
(400 -688.406 0)
(400 -688.405 0)
(400 -688.405 0)
(400 -688.404 0)
(400 -688.403 0)
(400 -688.402 0)
(400 -688.4 0)
(400 -688.399 0)
(400 -688.396 0)
(400 -688.393 0)
(400 -688.389 0)
(400 -688.384 0)
(400 -688.378 0)
(400 -688.37 0)
(400 -688.361 0)
(400 -688.349 0)
(400 -688.335 0)
(400 -688.317 0)
(400 -688.296 0)
(400 -688.271 0)
(400 -688.24 0)
(400 -688.204 0)
(400 -688.16 0)
(400 -688.109 0)
(400 -688.048 0)
(400 -687.978 0)
(400 -687.895 0)
(400 -687.799 0)
(400 -687.687 0)
(400 -687.559 0)
(400 -687.411 0)
(400 -687.243 0)
(400 -687.051 0)
(400 -686.833 0)
(400 -686.587 0)
(400 -686.309 0)
(400 -685.999 0)
(400 -685.651 0)
(400 -685.264 0)
(400 -684.835 0)
(400 -684.361 0)
(400 -683.838 0)
(400 -683.264 0)
(400 -682.636 0)
(400 -681.951 0)
(400 2.40504e-09 0)
(400 5.00449e-09 0)
(400 7.69444e-09 0)
(400 1.04045e-08 0)
(400 1.30792e-08 0)
(400 1.56521e-08 0)
(400 1.8023e-08 0)
(400 2.00432e-08 0)
(400 2.15118e-08 0)
(400 2.21913e-08 0)
(400 2.18285e-08 0)
(400 2.01898e-08 0)
(400 1.70902e-08 0)
(400 1.24233e-08 0)
(400 6.17524e-09 0)
(400 -1.56528e-09 0)
(400 -1.06155e-08 0)
(400 -2.07078e-08 0)
(400 -3.15088e-08 0)
(400 -4.26318e-08 0)
(400 -5.36544e-08 0)
(400 -6.41305e-08 0)
(400 -7.36026e-08 0)
(400 -8.16199e-08 0)
(400 -8.77549e-08 0)
(400 -9.163e-08 0)
(400 -9.29411e-08 0)
(400 -9.1488e-08 0)
(400 -8.71937e-08 0)
(400 -8.01213e-08 0)
(400 -7.04768e-08 0)
(400 -5.86038e-08 0)
(400 -4.49617e-08 0)
(400 -3.0098e-08 0)
(400 -1.46107e-08 0)
(399.999 8.96374e-10 0)
(400.012 1.58559e-08 0)
(399.838 2.97544e-08 0)
(402.254 4.20604e-08 0)
(368.573 -8.68941e-05 0)
(427.372 -86.9463 0)
(408.775 -161.528 0)
(396.824 -226.38 0)
(397.828 -283.846 0)
(399.693 -334.836 0)
(399.88 -380.021 0)
(399.768 -420.082 0)
(399.808 -455.624 0)
(399.871 -487.171 0)
(399.903 -515.178 0)
(399.923 -540.044 0)
(399.94 -562.118 0)
(399.953 -581.706 0)
(399.963 -599.076 0)
(399.97 -614.467 0)
(399.976 -628.087 0)
(399.98 -640.121 0)
(399.984 -650.734 0)
(399.987 -660.072 0)
(399.989 -668.263 0)
(399.991 -675.423 0)
(399.993 -681.656 0)
(399.994 -687.054 0)
(399.995 -691.698 0)
(399.996 -695.662 0)
(399.996 -699.014 0)
(399.997 -701.81 0)
(399.997 -704.106 0)
(399.998 -705.948 0)
(399.998 -707.379 0)
(399.998 -708.438 0)
(399.998 -709.159 0)
(399.999 -709.573 0)
(399.999 -709.708 0)
(399.999 -709.589 0)
(399.999 -709.239 0)
(399.999 -708.677 0)
(399.999 -707.923 0)
(399.999 -706.992 0)
(399.999 -705.899 0)
(400 -704.657 0)
(400 -703.278 0)
(400 -701.773 0)
(400 -700.152 0)
(400 -698.422 0)
(399.999 -696.592 0)
(400.004 -694.668 0)
(399.985 -692.658 0)
(400.055 -690.56 0)
(399.792 -688.407 0)
(400.165 -688.407 0)
(400.01 -688.407 0)
(399.984 -688.407 0)
(400 -688.407 0)
(400.002 -688.407 0)
(400 -688.407 0)
(400 -688.407 0)
(400 -688.407 0)
(400 -688.407 0)
(400 -688.407 0)
(400 -688.407 0)
(400 -688.407 0)
(400 -688.407 0)
(400 -688.407 0)
(400 -688.407 0)
(400 -688.407 0)
(400 -688.407 0)
(400 -688.407 0)
(400 -688.407 0)
(400 -688.407 0)
(400 -688.407 0)
(400 -688.407 0)
(400 -688.407 0)
(400 -688.407 0)
(400 -688.407 0)
(400 -688.407 0)
(400 -688.407 0)
(400 -688.407 0)
(400 -688.407 0)
(400 -688.407 0)
(400 -688.407 0)
(400 -688.407 0)
(400 -688.407 0)
(400 -688.407 0)
(400 -688.407 0)
(400 -688.407 0)
(400 -688.407 0)
(400 -688.407 0)
(400 -688.407 0)
(400 -688.407 0)
(400 -688.407 0)
(400 -688.407 0)
(400 -688.407 0)
(400 -688.407 0)
(400 -688.407 0)
(400 -688.407 0)
(400 -688.407 0)
(400 -688.407 0)
(400 -688.407 0)
(400 -688.407 0)
(400 -688.407 0)
(400 -688.407 0)
(400 -688.407 0)
(400 -688.407 0)
(400 -688.407 0)
(400 -688.407 0)
(400 -688.407 0)
(400 -688.407 0)
(400 -688.407 0)
(400 -688.407 0)
(400 -688.406 0)
(400 -688.406 0)
(400 -688.406 0)
(400 -688.406 0)
(400 -688.406 0)
(400 -688.406 0)
(400 -688.405 0)
(400 -688.405 0)
(400 -688.404 0)
(400 -688.403 0)
(400 -688.402 0)
(400 -688.4 0)
(400 -688.399 0)
(400 -688.396 0)
(400 -688.393 0)
(400 -688.389 0)
(400 -688.384 0)
(400 -688.378 0)
(400 -688.37 0)
(400 -688.361 0)
(400 -688.349 0)
(400 -688.335 0)
(400 -688.317 0)
(400 -688.296 0)
(400 -688.271 0)
(400 -688.24 0)
(400 -688.204 0)
(400 -688.16 0)
(400 -688.109 0)
(400 -688.048 0)
(400 -687.978 0)
(400 -687.895 0)
(400 -687.799 0)
(400 -687.687 0)
(400 -687.559 0)
(400 -687.411 0)
(400 -687.243 0)
(400 -687.051 0)
(400 -686.833 0)
(400 -686.587 0)
(400 -686.309 0)
(400 -685.999 0)
(400 -685.651 0)
(400 -685.264 0)
(400 -684.835 0)
(400 -684.361 0)
(400 -683.838 0)
(400 -683.264 0)
(400 -682.636 0)
(400 -681.951 0)
(400 1.77186e-09 0)
(400 3.7265e-09 0)
(400 5.76897e-09 0)
(400 7.82535e-09 0)
(400 9.82884e-09 0)
(400 1.16999e-08 0)
(400 1.33332e-08 0)
(400 1.45871e-08 0)
(400 1.52904e-08 0)
(400 1.52488e-08 0)
(400 1.4273e-08 0)
(400 1.21968e-08 0)
(400 8.90664e-09 0)
(400 4.35646e-09 0)
(400 -1.41699e-09 0)
(400 -8.29521e-09 0)
(400 -1.60797e-08 0)
(400 -2.45074e-08 0)
(400 -3.326e-08 0)
(400 -4.19824e-08 0)
(400 -5.02975e-08 0)
(400 -5.78179e-08 0)
(400 -6.4166e-08 0)
(400 -6.89854e-08 0)
(400 -7.1965e-08 0)
(400 -7.28541e-08 0)
(400 -7.14881e-08 0)
(400 -6.78002e-08 0)
(400 -6.18379e-08 0)
(400 -5.37627e-08 0)
(400 -4.38467e-08 0)
(400 -3.24568e-08 0)
(400 -2.00312e-08 0)
(400 -7.05051e-09 0)
(400 5.99726e-09 0)
(399.999 1.8651e-08 0)
(400.012 3.05126e-08 0)
(399.838 4.12519e-08 0)
(402.254 5.04932e-08 0)
(368.573 -8.68884e-05 0)
(427.372 -86.9463 0)
(408.775 -161.528 0)
(396.824 -226.38 0)
(397.828 -283.846 0)
(399.693 -334.836 0)
(399.88 -380.021 0)
(399.768 -420.082 0)
(399.808 -455.624 0)
(399.871 -487.171 0)
(399.903 -515.178 0)
(399.923 -540.044 0)
(399.94 -562.118 0)
(399.953 -581.706 0)
(399.963 -599.076 0)
(399.97 -614.467 0)
(399.976 -628.087 0)
(399.98 -640.121 0)
(399.984 -650.734 0)
(399.987 -660.072 0)
(399.989 -668.263 0)
(399.991 -675.423 0)
(399.993 -681.656 0)
(399.994 -687.054 0)
(399.995 -691.698 0)
(399.996 -695.662 0)
(399.996 -699.014 0)
(399.997 -701.81 0)
(399.997 -704.106 0)
(399.998 -705.948 0)
(399.998 -707.379 0)
(399.998 -708.438 0)
(399.998 -709.159 0)
(399.999 -709.573 0)
(399.999 -709.708 0)
(399.999 -709.589 0)
(399.999 -709.239 0)
(399.999 -708.677 0)
(399.999 -707.923 0)
(399.999 -706.992 0)
(399.999 -705.899 0)
(400 -704.657 0)
(400 -703.278 0)
(400 -701.773 0)
(400 -700.152 0)
(400 -698.422 0)
(399.999 -696.592 0)
(400.004 -694.668 0)
(399.985 -692.658 0)
(400.055 -690.56 0)
(399.792 -688.407 0)
(400.165 -688.407 0)
(400.01 -688.407 0)
(399.984 -688.407 0)
(400 -688.407 0)
(400.002 -688.407 0)
(400 -688.407 0)
(400 -688.407 0)
(400 -688.407 0)
(400 -688.407 0)
(400 -688.407 0)
(400 -688.407 0)
(400 -688.407 0)
(400 -688.407 0)
(400 -688.407 0)
(400 -688.407 0)
(400 -688.407 0)
(400 -688.407 0)
(400 -688.407 0)
(400 -688.407 0)
(400 -688.407 0)
(400 -688.407 0)
(400 -688.407 0)
(400 -688.407 0)
(400 -688.407 0)
(400 -688.407 0)
(400 -688.407 0)
(400 -688.407 0)
(400 -688.407 0)
(400 -688.407 0)
(400 -688.407 0)
(400 -688.407 0)
(400 -688.407 0)
(400 -688.407 0)
(400 -688.407 0)
(400 -688.407 0)
(400 -688.407 0)
(400 -688.407 0)
(400 -688.407 0)
(400 -688.407 0)
(400 -688.407 0)
(400 -688.407 0)
(400 -688.407 0)
(400 -688.407 0)
(400 -688.407 0)
(400 -688.407 0)
(400 -688.407 0)
(400 -688.407 0)
(400 -688.407 0)
(400 -688.407 0)
(400 -688.407 0)
(400 -688.407 0)
(400 -688.407 0)
(400 -688.407 0)
(400 -688.407 0)
(400 -688.407 0)
(400 -688.407 0)
(400 -688.407 0)
(400 -688.407 0)
(400 -688.407 0)
(400 -688.407 0)
(400 -688.406 0)
(400 -688.406 0)
(400 -688.406 0)
(400 -688.406 0)
(400 -688.406 0)
(400 -688.406 0)
(400 -688.405 0)
(400 -688.405 0)
(400 -688.404 0)
(400 -688.403 0)
(400 -688.402 0)
(400 -688.4 0)
(400 -688.399 0)
(400 -688.396 0)
(400 -688.393 0)
(400 -688.389 0)
(400 -688.384 0)
(400 -688.378 0)
(400 -688.37 0)
(400 -688.361 0)
(400 -688.349 0)
(400 -688.335 0)
(400 -688.317 0)
(400 -688.296 0)
(400 -688.271 0)
(400 -688.24 0)
(400 -688.204 0)
(400 -688.16 0)
(400 -688.109 0)
(400 -688.048 0)
(400 -687.978 0)
(400 -687.895 0)
(400 -687.799 0)
(400 -687.687 0)
(400 -687.559 0)
(400 -687.411 0)
(400 -687.243 0)
(400 -687.051 0)
(400 -686.833 0)
(400 -686.587 0)
(400 -686.309 0)
(400 -685.999 0)
(400 -685.651 0)
(400 -685.264 0)
(400 -684.835 0)
(400 -684.361 0)
(400 -683.838 0)
(400 -683.264 0)
(400 -682.636 0)
(400 -681.951 0)
(400 1.02857e-09 0)
(400 2.22273e-09 0)
(400 3.49304e-09 0)
(400 4.76364e-09 0)
(400 5.95909e-09 0)
(400 6.99464e-09 0)
(400 7.76609e-09 0)
(400 8.15202e-09 0)
(400 8.0175e-09 0)
(400 7.22917e-09 0)
(400 5.66761e-09 0)
(400 3.2491e-09 0)
(400 -6.30954e-11 0)
(400 -4.24509e-09 0)
(400 -9.21076e-09 0)
(400 -1.48105e-08 0)
(400 -2.08403e-08 0)
(400 -2.70505e-08 0)
(400 -3.31607e-08 0)
(400 -3.88735e-08 0)
(400 -4.38888e-08 0)
(400 -4.792e-08 0)
(400 -5.07071e-08 0)
(400 -5.20339e-08 0)
(400 -5.17371e-08 0)
(400 -4.9727e-08 0)
(400 -4.59867e-08 0)
(400 -4.05874e-08 0)
(400 -3.36785e-08 0)
(400 -2.54884e-08 0)
(400 -1.63059e-08 0)
(400 -6.46608e-09 0)
(400 3.67138e-09 0)
(400 1.3749e-08 0)
(400 2.34324e-08 0)
(399.999 3.24379e-08 0)
(400.012 4.0552e-08 0)
(399.838 4.76262e-08 0)
(402.254 5.34885e-08 0)
(368.573 -8.68884e-05 0)
(427.372 -86.9463 0)
(408.775 -161.528 0)
(396.824 -226.38 0)
(397.828 -283.846 0)
(399.693 -334.836 0)
(399.88 -380.021 0)
(399.768 -420.082 0)
(399.808 -455.624 0)
(399.871 -487.171 0)
(399.903 -515.178 0)
(399.923 -540.044 0)
(399.94 -562.118 0)
(399.953 -581.706 0)
(399.963 -599.076 0)
(399.97 -614.467 0)
(399.976 -628.087 0)
(399.98 -640.121 0)
(399.984 -650.734 0)
(399.987 -660.072 0)
(399.989 -668.263 0)
(399.991 -675.423 0)
(399.993 -681.656 0)
(399.994 -687.054 0)
(399.995 -691.698 0)
(399.996 -695.662 0)
(399.996 -699.014 0)
(399.997 -701.81 0)
(399.997 -704.106 0)
(399.998 -705.948 0)
(399.998 -707.379 0)
(399.998 -708.438 0)
(399.998 -709.159 0)
(399.999 -709.573 0)
(399.999 -709.708 0)
(399.999 -709.589 0)
(399.999 -709.239 0)
(399.999 -708.677 0)
(399.999 -707.923 0)
(399.999 -706.992 0)
(399.999 -705.899 0)
(400 -704.657 0)
(400 -703.278 0)
(400 -701.773 0)
(400 -700.152 0)
(400 -698.422 0)
(399.999 -696.592 0)
(400.004 -694.668 0)
(399.985 -692.658 0)
(400.055 -690.56 0)
(399.792 -688.407 0)
(400.165 -688.407 0)
(400.01 -688.407 0)
(399.984 -688.407 0)
(400 -688.407 0)
(400.002 -688.407 0)
(400 -688.407 0)
(400 -688.407 0)
(400 -688.407 0)
(400 -688.407 0)
(400 -688.407 0)
(400 -688.407 0)
(400 -688.407 0)
(400 -688.407 0)
(400 -688.407 0)
(400 -688.407 0)
(400 -688.407 0)
(400 -688.407 0)
(400 -688.407 0)
(400 -688.407 0)
(400 -688.407 0)
(400 -688.407 0)
(400 -688.407 0)
(400 -688.407 0)
(400 -688.407 0)
(400 -688.407 0)
(400 -688.407 0)
(400 -688.407 0)
(400 -688.407 0)
(400 -688.407 0)
(400 -688.407 0)
(400 -688.407 0)
(400 -688.407 0)
(400 -688.407 0)
(400 -688.407 0)
(400 -688.407 0)
(400 -688.407 0)
(400 -688.407 0)
(400 -688.407 0)
(400 -688.407 0)
(400 -688.407 0)
(400 -688.407 0)
(400 -688.407 0)
(400 -688.407 0)
(400 -688.407 0)
(400 -688.407 0)
(400 -688.407 0)
(400 -688.407 0)
(400 -688.407 0)
(400 -688.407 0)
(400 -688.407 0)
(400 -688.407 0)
(400 -688.407 0)
(400 -688.407 0)
(400 -688.407 0)
(400 -688.407 0)
(400 -688.407 0)
(400 -688.407 0)
(400 -688.407 0)
(400 -688.407 0)
(400 -688.407 0)
(400 -688.406 0)
(400 -688.406 0)
(400 -688.406 0)
(400 -688.406 0)
(400 -688.406 0)
(400 -688.406 0)
(400 -688.405 0)
(400 -688.405 0)
(400 -688.404 0)
(400 -688.403 0)
(400 -688.402 0)
(400 -688.4 0)
(400 -688.399 0)
(400 -688.396 0)
(400 -688.393 0)
(400 -688.389 0)
(400 -688.384 0)
(400 -688.378 0)
(400 -688.37 0)
(400 -688.361 0)
(400 -688.349 0)
(400 -688.335 0)
(400 -688.317 0)
(400 -688.296 0)
(400 -688.271 0)
(400 -688.24 0)
(400 -688.204 0)
(400 -688.16 0)
(400 -688.109 0)
(400 -688.048 0)
(400 -687.978 0)
(400 -687.895 0)
(400 -687.799 0)
(400 -687.687 0)
(400 -687.559 0)
(400 -687.411 0)
(400 -687.243 0)
(400 -687.051 0)
(400 -686.833 0)
(400 -686.587 0)
(400 -686.309 0)
(400 -685.999 0)
(400 -685.651 0)
(400 -685.264 0)
(400 -684.835 0)
(400 -684.361 0)
(400 -683.838 0)
(400 -683.264 0)
(400 -682.636 0)
(400 -681.951 0)
(400 2.31173e-10 0)
(400 5.86811e-10 0)
(400 9.91309e-10 0)
(400 1.37255e-09 0)
(400 1.65466e-09 0)
(400 1.75181e-09 0)
(400 1.57345e-09 0)
(400 1.02666e-09 0)
(400 2.86429e-11 0)
(400 -1.48498e-09 0)
(400 -3.54545e-09 0)
(400 -6.14874e-09 0)
(400 -9.24404e-09 0)
(400 -1.2741e-08 0)
(400 -1.65052e-08 0)
(400 -2.03711e-08 0)
(400 -2.41435e-08 0)
(400 -2.7613e-08 0)
(400 -3.0563e-08 0)
(400 -3.27833e-08 0)
(400 -3.40831e-08 0)
(400 -3.43028e-08 0)
(400 -3.33296e-08 0)
(400 -3.11021e-08 0)
(400 -2.76256e-08 0)
(400 -2.29658e-08 0)
(400 -1.72568e-08 0)
(400 -1.06847e-08 0)
(400 -3.48227e-09 0)
(400 4.09048e-09 0)
(400 1.17608e-08 0)
(400 1.92617e-08 0)
(400 2.63488e-08 0)
(400 3.28109e-08 0)
(400 3.84888e-08 0)
(399.999 4.32813e-08 0)
(400.012 4.71632e-08 0)
(399.838 5.01736e-08 0)
(402.254 5.22589e-08 0)
(368.573 -8.68929e-05 0)
(427.372 -86.9463 0)
(408.775 -161.528 0)
(396.824 -226.38 0)
(397.828 -283.846 0)
(399.693 -334.836 0)
(399.88 -380.021 0)
(399.768 -420.082 0)
(399.808 -455.624 0)
(399.871 -487.171 0)
(399.903 -515.178 0)
(399.923 -540.044 0)
(399.94 -562.118 0)
(399.953 -581.706 0)
(399.963 -599.076 0)
(399.97 -614.467 0)
(399.976 -628.087 0)
(399.98 -640.121 0)
(399.984 -650.734 0)
(399.987 -660.072 0)
(399.989 -668.263 0)
(399.991 -675.423 0)
(399.993 -681.656 0)
(399.994 -687.054 0)
(399.995 -691.698 0)
(399.996 -695.662 0)
(399.996 -699.014 0)
(399.997 -701.81 0)
(399.997 -704.106 0)
(399.998 -705.948 0)
(399.998 -707.379 0)
(399.998 -708.438 0)
(399.998 -709.159 0)
(399.999 -709.573 0)
(399.999 -709.708 0)
(399.999 -709.589 0)
(399.999 -709.239 0)
(399.999 -708.677 0)
(399.999 -707.923 0)
(399.999 -706.992 0)
(399.999 -705.899 0)
(400 -704.657 0)
(400 -703.278 0)
(400 -701.773 0)
(400 -700.152 0)
(400 -698.422 0)
(399.999 -696.592 0)
(400.004 -694.668 0)
(399.985 -692.658 0)
(400.055 -690.56 0)
(399.792 -688.407 0)
(400.165 -688.407 0)
(400.01 -688.407 0)
(399.984 -688.407 0)
(400 -688.407 0)
(400.002 -688.407 0)
(400 -688.407 0)
(400 -688.407 0)
(400 -688.407 0)
(400 -688.407 0)
(400 -688.407 0)
(400 -688.407 0)
(400 -688.407 0)
(400 -688.407 0)
(400 -688.407 0)
(400 -688.407 0)
(400 -688.407 0)
(400 -688.407 0)
(400 -688.407 0)
(400 -688.407 0)
(400 -688.407 0)
(400 -688.407 0)
(400 -688.407 0)
(400 -688.407 0)
(400 -688.407 0)
(400 -688.407 0)
(400 -688.407 0)
(400 -688.407 0)
(400 -688.407 0)
(400 -688.407 0)
(400 -688.407 0)
(400 -688.407 0)
(400 -688.407 0)
(400 -688.407 0)
(400 -688.407 0)
(400 -688.407 0)
(400 -688.407 0)
(400 -688.407 0)
(400 -688.407 0)
(400 -688.407 0)
(400 -688.407 0)
(400 -688.407 0)
(400 -688.407 0)
(400 -688.407 0)
(400 -688.407 0)
(400 -688.407 0)
(400 -688.407 0)
(400 -688.407 0)
(400 -688.407 0)
(400 -688.407 0)
(400 -688.407 0)
(400 -688.407 0)
(400 -688.407 0)
(400 -688.407 0)
(400 -688.407 0)
(400 -688.407 0)
(400 -688.407 0)
(400 -688.407 0)
(400 -688.407 0)
(400 -688.407 0)
(400 -688.407 0)
(400 -688.406 0)
(400 -688.406 0)
(400 -688.406 0)
(400 -688.406 0)
(400 -688.406 0)
(400 -688.406 0)
(400 -688.405 0)
(400 -688.405 0)
(400 -688.404 0)
(400 -688.403 0)
(400 -688.402 0)
(400 -688.4 0)
(400 -688.399 0)
(400 -688.396 0)
(400 -688.393 0)
(400 -688.389 0)
(400 -688.384 0)
(400 -688.378 0)
(400 -688.37 0)
(400 -688.361 0)
(400 -688.349 0)
(400 -688.335 0)
(400 -688.317 0)
(400 -688.296 0)
(400 -688.271 0)
(400 -688.24 0)
(400 -688.204 0)
(400 -688.16 0)
(400 -688.109 0)
(400 -688.048 0)
(400 -687.978 0)
(400 -687.895 0)
(400 -687.799 0)
(400 -687.687 0)
(400 -687.559 0)
(400 -687.411 0)
(400 -687.243 0)
(400 -687.051 0)
(400 -686.833 0)
(400 -686.587 0)
(400 -686.309 0)
(400 -685.999 0)
(400 -685.651 0)
(400 -685.264 0)
(400 -684.835 0)
(400 -684.361 0)
(400 -683.838 0)
(400 -683.264 0)
(400 -682.636 0)
(400 -681.951 0)
(400 -6.51061e-10 0)
(400 -1.21864e-09 0)
(400 -1.76223e-09 0)
(400 -2.34502e-09 0)
(400 -3.04049e-09 0)
(400 -3.92488e-09 0)
(400 -5.0706e-09 0)
(400 -6.52919e-09 0)
(400 -8.32313e-09 0)
(400 -1.04328e-08 0)
(400 -1.27973e-08 0)
(400 -1.53143e-08 0)
(400 -1.78508e-08 0)
(400 -2.02517e-08 0)
(400 -2.23519e-08 0)
(400 -2.39872e-08 0)
(400 -2.50009e-08 0)
(400 -2.52502e-08 0)
(400 -2.46124e-08 0)
(400 -2.29924e-08 0)
(400 -2.033e-08 0)
(400 -1.661e-08 0)
(400 -1.18706e-08 0)
(400 -6.21029e-09 0)
(400 2.12696e-10 0)
(400 7.18431e-09 0)
(400 1.44467e-08 0)
(400 2.17179e-08 0)
(400 2.87096e-08 0)
(400 3.51528e-08 0)
(400 4.08131e-08 0)
(400 4.55089e-08 0)
(400 4.91172e-08 0)
(400 5.15818e-08 0)
(400 5.29111e-08 0)
(399.999 5.31836e-08 0)
(400.012 5.2546e-08 0)
(399.838 5.12071e-08 0)
(402.254 4.92942e-08 0)
(368.573 -8.68994e-05 0)
(427.372 -86.9463 0)
(408.775 -161.528 0)
(396.824 -226.38 0)
(397.828 -283.846 0)
(399.693 -334.836 0)
(399.88 -380.021 0)
(399.768 -420.082 0)
(399.808 -455.624 0)
(399.871 -487.171 0)
(399.903 -515.178 0)
(399.923 -540.044 0)
(399.94 -562.118 0)
(399.953 -581.706 0)
(399.963 -599.076 0)
(399.97 -614.467 0)
(399.976 -628.087 0)
(399.98 -640.121 0)
(399.984 -650.734 0)
(399.987 -660.072 0)
(399.989 -668.263 0)
(399.991 -675.423 0)
(399.993 -681.656 0)
(399.994 -687.054 0)
(399.995 -691.698 0)
(399.996 -695.662 0)
(399.996 -699.014 0)
(399.997 -701.81 0)
(399.997 -704.106 0)
(399.998 -705.948 0)
(399.998 -707.379 0)
(399.998 -708.438 0)
(399.998 -709.159 0)
(399.999 -709.573 0)
(399.999 -709.708 0)
(399.999 -709.589 0)
(399.999 -709.239 0)
(399.999 -708.677 0)
(399.999 -707.923 0)
(399.999 -706.992 0)
(399.999 -705.899 0)
(400 -704.657 0)
(400 -703.278 0)
(400 -701.773 0)
(400 -700.152 0)
(400 -698.422 0)
(399.999 -696.592 0)
(400.004 -694.668 0)
(399.985 -692.658 0)
(400.055 -690.56 0)
(399.792 -688.407 0)
(400.165 -688.407 0)
(400.01 -688.407 0)
(399.984 -688.407 0)
(400 -688.407 0)
(400.002 -688.407 0)
(400 -688.407 0)
(400 -688.407 0)
(400 -688.407 0)
(400 -688.407 0)
(400 -688.407 0)
(400 -688.407 0)
(400 -688.407 0)
(400 -688.407 0)
(400 -688.407 0)
(400 -688.407 0)
(400 -688.407 0)
(400 -688.407 0)
(400 -688.407 0)
(400 -688.407 0)
(400 -688.407 0)
(400 -688.407 0)
(400 -688.407 0)
(400 -688.407 0)
(400 -688.407 0)
(400 -688.407 0)
(400 -688.407 0)
(400 -688.407 0)
(400 -688.407 0)
(400 -688.407 0)
(400 -688.407 0)
(400 -688.407 0)
(400 -688.407 0)
(400 -688.407 0)
(400 -688.407 0)
(400 -688.407 0)
(400 -688.407 0)
(400 -688.407 0)
(400 -688.407 0)
(400 -688.407 0)
(400 -688.407 0)
(400 -688.407 0)
(400 -688.407 0)
(400 -688.407 0)
(400 -688.407 0)
(400 -688.407 0)
(400 -688.407 0)
(400 -688.407 0)
(400 -688.407 0)
(400 -688.407 0)
(400 -688.407 0)
(400 -688.407 0)
(400 -688.407 0)
(400 -688.407 0)
(400 -688.407 0)
(400 -688.407 0)
(400 -688.407 0)
(400 -688.407 0)
(400 -688.407 0)
(400 -688.407 0)
(400 -688.407 0)
(400 -688.406 0)
(400 -688.406 0)
(400 -688.406 0)
(400 -688.406 0)
(400 -688.406 0)
(400 -688.406 0)
(400 -688.405 0)
(400 -688.405 0)
(400 -688.404 0)
(400 -688.403 0)
(400 -688.402 0)
(400 -688.4 0)
(400 -688.399 0)
(400 -688.396 0)
(400 -688.393 0)
(400 -688.389 0)
(400 -688.384 0)
(400 -688.378 0)
(400 -688.37 0)
(400 -688.361 0)
(400 -688.349 0)
(400 -688.335 0)
(400 -688.317 0)
(400 -688.296 0)
(400 -688.271 0)
(400 -688.24 0)
(400 -688.204 0)
(400 -688.16 0)
(400 -688.109 0)
(400 -688.048 0)
(400 -687.978 0)
(400 -687.895 0)
(400 -687.799 0)
(400 -687.687 0)
(400 -687.559 0)
(400 -687.411 0)
(400 -687.243 0)
(400 -687.051 0)
(400 -686.833 0)
(400 -686.587 0)
(400 -686.309 0)
(400 -685.999 0)
(400 -685.651 0)
(400 -685.264 0)
(400 -684.835 0)
(400 -684.361 0)
(400 -683.838 0)
(400 -683.264 0)
(400 -682.636 0)
(400 -681.951 0)
(400 -1.54764e-09 0)
(400 -3.06964e-09 0)
(400 -4.59432e-09 0)
(400 -6.16653e-09 0)
(400 -7.84608e-09 0)
(400 -9.69649e-09 0)
(400 -1.17606e-08 0)
(400 -1.40442e-08 0)
(400 -1.64964e-08 0)
(400 -1.90086e-08 0)
(400 -2.14196e-08 0)
(400 -2.3528e-08 0)
(400 -2.51226e-08 0)
(400 -2.59943e-08 0)
(400 -2.5972e-08 0)
(400 -2.49175e-08 0)
(400 -2.27493e-08 0)
(400 -1.94274e-08 0)
(400 -1.49608e-08 0)
(400 -9.39927e-09 0)
(400 -2.83511e-09 0)
(400 4.59052e-09 0)
(400 1.26926e-08 0)
(400 2.12287e-08 0)
(400 2.99153e-08 0)
(400 3.84255e-08 0)
(400 4.64217e-08 0)
(400 5.35637e-08 0)
(400 5.95495e-08 0)
(400 6.41266e-08 0)
(400 6.71208e-08 0)
(400 6.84404e-08 0)
(400 6.80819e-08 0)
(400 6.61253e-08 0)
(400 6.27284e-08 0)
(399.999 5.81183e-08 0)
(400.012 5.25985e-08 0)
(399.838 4.65391e-08 0)
(402.254 4.01973e-08 0)
(368.573 -8.69123e-05 0)
(427.372 -86.9463 0)
(408.775 -161.528 0)
(396.824 -226.38 0)
(397.828 -283.846 0)
(399.693 -334.836 0)
(399.88 -380.021 0)
(399.768 -420.082 0)
(399.808 -455.624 0)
(399.871 -487.171 0)
(399.903 -515.178 0)
(399.923 -540.044 0)
(399.94 -562.118 0)
(399.953 -581.706 0)
(399.963 -599.076 0)
(399.97 -614.467 0)
(399.976 -628.087 0)
(399.98 -640.121 0)
(399.984 -650.734 0)
(399.987 -660.072 0)
(399.989 -668.263 0)
(399.991 -675.423 0)
(399.993 -681.656 0)
(399.994 -687.054 0)
(399.995 -691.698 0)
(399.996 -695.662 0)
(399.996 -699.014 0)
(399.997 -701.81 0)
(399.997 -704.106 0)
(399.998 -705.948 0)
(399.998 -707.379 0)
(399.998 -708.438 0)
(399.998 -709.159 0)
(399.999 -709.573 0)
(399.999 -709.708 0)
(399.999 -709.589 0)
(399.999 -709.239 0)
(399.999 -708.677 0)
(399.999 -707.923 0)
(399.999 -706.992 0)
(399.999 -705.899 0)
(400 -704.657 0)
(400 -703.278 0)
(400 -701.773 0)
(400 -700.152 0)
(400 -698.422 0)
(399.999 -696.592 0)
(400.004 -694.668 0)
(399.985 -692.658 0)
(400.055 -690.56 0)
(399.792 -688.407 0)
(400.165 -688.407 0)
(400.01 -688.407 0)
(399.984 -688.407 0)
(400 -688.407 0)
(400.002 -688.407 0)
(400 -688.407 0)
(400 -688.407 0)
(400 -688.407 0)
(400 -688.407 0)
(400 -688.407 0)
(400 -688.407 0)
(400 -688.407 0)
(400 -688.407 0)
(400 -688.407 0)
(400 -688.407 0)
(400 -688.407 0)
(400 -688.407 0)
(400 -688.407 0)
(400 -688.407 0)
(400 -688.407 0)
(400 -688.407 0)
(400 -688.407 0)
(400 -688.407 0)
(400 -688.407 0)
(400 -688.407 0)
(400 -688.407 0)
(400 -688.407 0)
(400 -688.407 0)
(400 -688.407 0)
(400 -688.407 0)
(400 -688.407 0)
(400 -688.407 0)
(400 -688.407 0)
(400 -688.407 0)
(400 -688.407 0)
(400 -688.407 0)
(400 -688.407 0)
(400 -688.407 0)
(400 -688.407 0)
(400 -688.407 0)
(400 -688.407 0)
(400 -688.407 0)
(400 -688.407 0)
(400 -688.407 0)
(400 -688.407 0)
(400 -688.407 0)
(400 -688.407 0)
(400 -688.407 0)
(400 -688.407 0)
(400 -688.407 0)
(400 -688.407 0)
(400 -688.407 0)
(400 -688.407 0)
(400 -688.407 0)
(400 -688.407 0)
(400 -688.407 0)
(400 -688.407 0)
(400 -688.407 0)
(400 -688.407 0)
(400 -688.407 0)
(400 -688.406 0)
(400 -688.406 0)
(400 -688.406 0)
(400 -688.406 0)
(400 -688.406 0)
(400 -688.406 0)
(400 -688.405 0)
(400 -688.405 0)
(400 -688.404 0)
(400 -688.403 0)
(400 -688.402 0)
(400 -688.4 0)
(400 -688.399 0)
(400 -688.396 0)
(400 -688.393 0)
(400 -688.389 0)
(400 -688.384 0)
(400 -688.378 0)
(400 -688.37 0)
(400 -688.361 0)
(400 -688.349 0)
(400 -688.335 0)
(400 -688.317 0)
(400 -688.296 0)
(400 -688.271 0)
(400 -688.24 0)
(400 -688.204 0)
(400 -688.16 0)
(400 -688.109 0)
(400 -688.048 0)
(400 -687.978 0)
(400 -687.895 0)
(400 -687.799 0)
(400 -687.687 0)
(400 -687.559 0)
(400 -687.411 0)
(400 -687.243 0)
(400 -687.051 0)
(400 -686.833 0)
(400 -686.587 0)
(400 -686.309 0)
(400 -685.999 0)
(400 -685.651 0)
(400 -685.264 0)
(400 -684.835 0)
(400 -684.361 0)
(400 -683.838 0)
(400 -683.264 0)
(400 -682.636 0)
(400 -681.951 0)
(400 -2.46298e-09 0)
(400 -4.94797e-09 0)
(400 -7.44226e-09 0)
(400 -9.96362e-09 0)
(400 -1.2553e-08 0)
(400 -1.52537e-08 0)
(400 -1.80736e-08 0)
(400 -2.09764e-08 0)
(400 -2.3832e-08 0)
(400 -2.64644e-08 0)
(400 -2.85948e-08 0)
(400 -2.99681e-08 0)
(400 -3.02659e-08 0)
(400 -2.92946e-08 0)
(400 -2.6838e-08 0)
(400 -2.28705e-08 0)
(400 -1.73506e-08 0)
(400 -1.04265e-08 0)
(400 -2.21308e-09 0)
(400 7.02872e-09 0)
(400 1.70748e-08 0)
(400 2.76043e-08 0)
(400 3.8309e-08 0)
(400 4.88273e-08 0)
(400 5.87839e-08 0)
(400 6.78023e-08 0)
(400 7.54969e-08 0)
(400 8.15411e-08 0)
(400 8.56401e-08 0)
(400 8.76012e-08 0)
(400 8.73152e-08 0)
(400 8.47753e-08 0)
(400 8.00863e-08 0)
(400 7.34222e-08 0)
(400 6.50723e-08 0)
(399.999 5.53617e-08 0)
(400.012 4.47318e-08 0)
(399.838 3.36749e-08 0)
(402.254 2.26506e-08 0)
(368.573 -8.6934e-05 0)
(427.372 -86.9463 0)
(408.775 -161.528 0)
(396.824 -226.38 0)
(397.828 -283.846 0)
(399.693 -334.836 0)
(399.88 -380.021 0)
(399.768 -420.082 0)
(399.808 -455.624 0)
(399.871 -487.171 0)
(399.903 -515.178 0)
(399.923 -540.044 0)
(399.94 -562.118 0)
(399.953 -581.706 0)
(399.963 -599.076 0)
(399.97 -614.467 0)
(399.976 -628.087 0)
(399.98 -640.121 0)
(399.984 -650.734 0)
(399.987 -660.072 0)
(399.989 -668.263 0)
(399.991 -675.423 0)
(399.993 -681.656 0)
(399.994 -687.054 0)
(399.995 -691.698 0)
(399.996 -695.662 0)
(399.996 -699.014 0)
(399.997 -701.81 0)
(399.997 -704.106 0)
(399.998 -705.948 0)
(399.998 -707.379 0)
(399.998 -708.438 0)
(399.998 -709.159 0)
(399.999 -709.573 0)
(399.999 -709.708 0)
(399.999 -709.589 0)
(399.999 -709.239 0)
(399.999 -708.677 0)
(399.999 -707.923 0)
(399.999 -706.992 0)
(399.999 -705.899 0)
(400 -704.657 0)
(400 -703.278 0)
(400 -701.773 0)
(400 -700.152 0)
(400 -698.422 0)
(399.999 -696.592 0)
(400.004 -694.668 0)
(399.985 -692.658 0)
(400.055 -690.56 0)
(399.792 -688.407 0)
(400.165 -688.407 0)
(400.01 -688.407 0)
(399.984 -688.407 0)
(400 -688.407 0)
(400.002 -688.407 0)
(400 -688.407 0)
(400 -688.407 0)
(400 -688.407 0)
(400 -688.407 0)
(400 -688.407 0)
(400 -688.407 0)
(400 -688.407 0)
(400 -688.407 0)
(400 -688.407 0)
(400 -688.407 0)
(400 -688.407 0)
(400 -688.407 0)
(400 -688.407 0)
(400 -688.407 0)
(400 -688.407 0)
(400 -688.407 0)
(400 -688.407 0)
(400 -688.407 0)
(400 -688.407 0)
(400 -688.407 0)
(400 -688.407 0)
(400 -688.407 0)
(400 -688.407 0)
(400 -688.407 0)
(400 -688.407 0)
(400 -688.407 0)
(400 -688.407 0)
(400 -688.407 0)
(400 -688.407 0)
(400 -688.407 0)
(400 -688.407 0)
(400 -688.407 0)
(400 -688.407 0)
(400 -688.407 0)
(400 -688.407 0)
(400 -688.407 0)
(400 -688.407 0)
(400 -688.407 0)
(400 -688.407 0)
(400 -688.407 0)
(400 -688.407 0)
(400 -688.407 0)
(400 -688.407 0)
(400 -688.407 0)
(400 -688.407 0)
(400 -688.407 0)
(400 -688.407 0)
(400 -688.407 0)
(400 -688.407 0)
(400 -688.407 0)
(400 -688.407 0)
(400 -688.407 0)
(400 -688.407 0)
(400 -688.407 0)
(400 -688.407 0)
(400 -688.406 0)
(400 -688.406 0)
(400 -688.406 0)
(400 -688.406 0)
(400 -688.406 0)
(400 -688.406 0)
(400 -688.405 0)
(400 -688.405 0)
(400 -688.404 0)
(400 -688.403 0)
(400 -688.402 0)
(400 -688.4 0)
(400 -688.399 0)
(400 -688.396 0)
(400 -688.393 0)
(400 -688.389 0)
(400 -688.384 0)
(400 -688.378 0)
(400 -688.37 0)
(400 -688.361 0)
(400 -688.349 0)
(400 -688.335 0)
(400 -688.317 0)
(400 -688.296 0)
(400 -688.271 0)
(400 -688.24 0)
(400 -688.204 0)
(400 -688.16 0)
(400 -688.109 0)
(400 -688.048 0)
(400 -687.978 0)
(400 -687.895 0)
(400 -687.799 0)
(400 -687.687 0)
(400 -687.559 0)
(400 -687.411 0)
(400 -687.243 0)
(400 -687.051 0)
(400 -686.833 0)
(400 -686.587 0)
(400 -686.309 0)
(400 -685.999 0)
(400 -685.651 0)
(400 -685.264 0)
(400 -684.835 0)
(400 -684.361 0)
(400 -683.838 0)
(400 -683.264 0)
(400 -682.636 0)
(400 -681.951 0)
(400 -3.30329e-09 0)
(400 -6.68408e-09 0)
(400 -1.00719e-08 0)
(400 -1.34469e-08 0)
(400 -1.6828e-08 0)
(400 -2.0218e-08 0)
(400 -2.36149e-08 0)
(400 -2.69001e-08 0)
(400 -2.99407e-08 0)
(400 -3.24194e-08 0)
(400 -3.40799e-08 0)
(400 -3.44807e-08 0)
(400 -3.33892e-08 0)
(400 -3.04231e-08 0)
(400 -2.55478e-08 0)
(400 -1.86015e-08 0)
(400 -9.81943e-09 0)
(400 7.00507e-10 0)
(400 1.25176e-08 0)
(400 2.53393e-08 0)
(400 3.86452e-08 0)
(400 5.20357e-08 0)
(400 6.50055e-08 0)
(400 7.71092e-08 0)
(400 8.79014e-08 0)
(400 9.69495e-08 0)
(400 1.03902e-07 0)
(400 1.08427e-07 0)
(400 1.10315e-07 0)
(400 1.09427e-07 0)
(400 1.05736e-07 0)
(400 9.93482e-08 0)
(400 9.04187e-08 0)
(400 7.92777e-08 0)
(400 6.62389e-08 0)
(399.999 5.1804e-08 0)
(400.012 3.64494e-08 0)
(399.838 2.0836e-08 0)
(402.254 5.48099e-09 0)
(368.573 -8.6955e-05 0)
(427.372 -86.9463 0)
(408.775 -161.528 0)
(396.824 -226.38 0)
(397.828 -283.846 0)
(399.693 -334.836 0)
(399.88 -380.021 0)
(399.768 -420.082 0)
(399.808 -455.624 0)
(399.871 -487.171 0)
(399.903 -515.178 0)
(399.923 -540.044 0)
(399.94 -562.118 0)
(399.953 -581.706 0)
(399.963 -599.076 0)
(399.97 -614.467 0)
(399.976 -628.087 0)
(399.98 -640.121 0)
(399.984 -650.734 0)
(399.987 -660.072 0)
(399.989 -668.263 0)
(399.991 -675.423 0)
(399.993 -681.656 0)
(399.994 -687.054 0)
(399.995 -691.698 0)
(399.996 -695.662 0)
(399.996 -699.014 0)
(399.997 -701.81 0)
(399.997 -704.106 0)
(399.998 -705.948 0)
(399.998 -707.379 0)
(399.998 -708.438 0)
(399.998 -709.159 0)
(399.999 -709.573 0)
(399.999 -709.708 0)
(399.999 -709.589 0)
(399.999 -709.239 0)
(399.999 -708.677 0)
(399.999 -707.923 0)
(399.999 -706.992 0)
(399.999 -705.899 0)
(400 -704.657 0)
(400 -703.278 0)
(400 -701.773 0)
(400 -700.152 0)
(400 -698.422 0)
(399.999 -696.592 0)
(400.004 -694.668 0)
(399.985 -692.658 0)
(400.055 -690.56 0)
(399.792 -688.407 0)
(400.165 -688.407 0)
(400.01 -688.407 0)
(399.984 -688.407 0)
(400 -688.407 0)
(400.002 -688.407 0)
(400 -688.407 0)
(400 -688.407 0)
(400 -688.407 0)
(400 -688.407 0)
(400 -688.407 0)
(400 -688.407 0)
(400 -688.407 0)
(400 -688.407 0)
(400 -688.407 0)
(400 -688.407 0)
(400 -688.407 0)
(400 -688.407 0)
(400 -688.407 0)
(400 -688.407 0)
(400 -688.407 0)
(400 -688.407 0)
(400 -688.407 0)
(400 -688.407 0)
(400 -688.407 0)
(400 -688.407 0)
(400 -688.407 0)
(400 -688.407 0)
(400 -688.407 0)
(400 -688.407 0)
(400 -688.407 0)
(400 -688.407 0)
(400 -688.407 0)
(400 -688.407 0)
(400 -688.407 0)
(400 -688.407 0)
(400 -688.407 0)
(400 -688.407 0)
(400 -688.407 0)
(400 -688.407 0)
(400 -688.407 0)
(400 -688.407 0)
(400 -688.407 0)
(400 -688.407 0)
(400 -688.407 0)
(400 -688.407 0)
(400 -688.407 0)
(400 -688.407 0)
(400 -688.407 0)
(400 -688.407 0)
(400 -688.407 0)
(400 -688.407 0)
(400 -688.407 0)
(400 -688.407 0)
(400 -688.407 0)
(400 -688.407 0)
(400 -688.407 0)
(400 -688.407 0)
(400 -688.407 0)
(400 -688.407 0)
(400 -688.407 0)
(400 -688.406 0)
(400 -688.406 0)
(400 -688.406 0)
(400 -688.406 0)
(400 -688.406 0)
(400 -688.406 0)
(400 -688.405 0)
(400 -688.405 0)
(400 -688.404 0)
(400 -688.403 0)
(400 -688.402 0)
(400 -688.4 0)
(400 -688.399 0)
(400 -688.396 0)
(400 -688.393 0)
(400 -688.389 0)
(400 -688.384 0)
(400 -688.378 0)
(400 -688.37 0)
(400 -688.361 0)
(400 -688.349 0)
(400 -688.335 0)
(400 -688.317 0)
(400 -688.296 0)
(400 -688.271 0)
(400 -688.24 0)
(400 -688.204 0)
(400 -688.16 0)
(400 -688.109 0)
(400 -688.048 0)
(400 -687.978 0)
(400 -687.895 0)
(400 -687.799 0)
(400 -687.687 0)
(400 -687.559 0)
(400 -687.411 0)
(400 -687.243 0)
(400 -687.051 0)
(400 -686.833 0)
(400 -686.587 0)
(400 -686.309 0)
(400 -685.999 0)
(400 -685.651 0)
(400 -685.264 0)
(400 -684.835 0)
(400 -684.361 0)
(400 -683.838 0)
(400 -683.264 0)
(400 -682.636 0)
(400 -681.951 0)
(400 -4.03047e-09 0)
(400 -8.17032e-09 0)
(400 -1.23058e-08 0)
(400 -1.6383e-08 0)
(400 -2.03984e-08 0)
(400 -2.43272e-08 0)
(400 -2.81497e-08 0)
(400 -3.17113e-08 0)
(400 -3.48547e-08 0)
(400 -3.7206e-08 0)
(400 -3.84761e-08 0)
(400 -3.81468e-08 0)
(400 -3.59508e-08 0)
(400 -3.14322e-08 0)
(400 -2.45475e-08 0)
(400 -1.51124e-08 0)
(400 -3.42254e-09 0)
(400 1.03476e-08 0)
(400 2.56146e-08 0)
(400 4.19123e-08 0)
(400 5.85371e-08 0)
(400 7.48757e-08 0)
(400 9.0269e-08 0)
(400 1.04093e-07 0)
(400 1.15834e-07 0)
(400 1.24964e-07 0)
(400 1.31161e-07 0)
(400 1.34089e-07 0)
(400 1.3364e-07 0)
(400 1.29752e-07 0)
(400 1.2253e-07 0)
(400 1.12203e-07 0)
(400 9.90636e-08 0)
(400 8.35881e-08 0)
(400 6.62177e-08 0)
(399.999 4.75954e-08 0)
(400.012 2.82981e-08 0)
(399.838 9.0613e-09 0)
(402.254 -9.54309e-09 0)
(368.573 -8.69729e-05 0)
(427.372 -86.9463 0)
(408.775 -161.528 0)
(396.824 -226.38 0)
(397.828 -283.846 0)
(399.693 -334.836 0)
(399.88 -380.021 0)
(399.768 -420.082 0)
(399.808 -455.624 0)
(399.871 -487.171 0)
(399.903 -515.178 0)
(399.923 -540.044 0)
(399.94 -562.118 0)
(399.953 -581.706 0)
(399.963 -599.076 0)
(399.97 -614.467 0)
(399.976 -628.087 0)
(399.98 -640.121 0)
(399.984 -650.734 0)
(399.987 -660.072 0)
(399.989 -668.263 0)
(399.991 -675.423 0)
(399.993 -681.656 0)
(399.994 -687.054 0)
(399.995 -691.698 0)
(399.996 -695.662 0)
(399.996 -699.014 0)
(399.997 -701.81 0)
(399.997 -704.106 0)
(399.998 -705.948 0)
(399.998 -707.379 0)
(399.998 -708.438 0)
(399.998 -709.159 0)
(399.999 -709.573 0)
(399.999 -709.708 0)
(399.999 -709.589 0)
(399.999 -709.239 0)
(399.999 -708.677 0)
(399.999 -707.923 0)
(399.999 -706.992 0)
(399.999 -705.899 0)
(400 -704.657 0)
(400 -703.278 0)
(400 -701.773 0)
(400 -700.152 0)
(400 -698.422 0)
(399.999 -696.592 0)
(400.004 -694.668 0)
(399.985 -692.658 0)
(400.055 -690.56 0)
(399.792 -688.407 0)
(400.165 -688.407 0)
(400.01 -688.407 0)
(399.984 -688.407 0)
(400 -688.407 0)
(400.002 -688.407 0)
(400 -688.407 0)
(400 -688.407 0)
(400 -688.407 0)
(400 -688.407 0)
(400 -688.407 0)
(400 -688.407 0)
(400 -688.407 0)
(400 -688.407 0)
(400 -688.407 0)
(400 -688.407 0)
(400 -688.407 0)
(400 -688.407 0)
(400 -688.407 0)
(400 -688.407 0)
(400 -688.407 0)
(400 -688.407 0)
(400 -688.407 0)
(400 -688.407 0)
(400 -688.407 0)
(400 -688.407 0)
(400 -688.407 0)
(400 -688.407 0)
(400 -688.407 0)
(400 -688.407 0)
(400 -688.407 0)
(400 -688.407 0)
(400 -688.407 0)
(400 -688.407 0)
(400 -688.407 0)
(400 -688.407 0)
(400 -688.407 0)
(400 -688.407 0)
(400 -688.407 0)
(400 -688.407 0)
(400 -688.407 0)
(400 -688.407 0)
(400 -688.407 0)
(400 -688.407 0)
(400 -688.407 0)
(400 -688.407 0)
(400 -688.407 0)
(400 -688.407 0)
(400 -688.407 0)
(400 -688.407 0)
(400 -688.407 0)
(400 -688.407 0)
(400 -688.407 0)
(400 -688.407 0)
(400 -688.407 0)
(400 -688.407 0)
(400 -688.407 0)
(400 -688.407 0)
(400 -688.407 0)
(400 -688.407 0)
(400 -688.407 0)
(400 -688.406 0)
(400 -688.406 0)
(400 -688.406 0)
(400 -688.406 0)
(400 -688.406 0)
(400 -688.406 0)
(400 -688.405 0)
(400 -688.405 0)
(400 -688.404 0)
(400 -688.403 0)
(400 -688.402 0)
(400 -688.4 0)
(400 -688.399 0)
(400 -688.396 0)
(400 -688.393 0)
(400 -688.389 0)
(400 -688.384 0)
(400 -688.378 0)
(400 -688.37 0)
(400 -688.361 0)
(400 -688.349 0)
(400 -688.335 0)
(400 -688.317 0)
(400 -688.296 0)
(400 -688.271 0)
(400 -688.24 0)
(400 -688.204 0)
(400 -688.16 0)
(400 -688.109 0)
(400 -688.048 0)
(400 -687.978 0)
(400 -687.895 0)
(400 -687.799 0)
(400 -687.687 0)
(400 -687.559 0)
(400 -687.411 0)
(400 -687.243 0)
(400 -687.051 0)
(400 -686.833 0)
(400 -686.587 0)
(400 -686.309 0)
(400 -685.999 0)
(400 -685.651 0)
(400 -685.264 0)
(400 -684.835 0)
(400 -684.361 0)
(400 -683.838 0)
(400 -683.264 0)
(400 -682.636 0)
(400 -681.951 0)
(400 -4.5506e-09 0)
(400 -9.21815e-09 0)
(400 -1.38179e-08 0)
(400 -1.82935e-08 0)
(400 -2.25474e-08 0)
(400 -2.66733e-08 0)
(400 -3.04767e-08 0)
(400 -3.40641e-08 0)
(400 -3.69382e-08 0)
(400 -3.91464e-08 0)
(400 -3.98503e-08 0)
(400 -3.91073e-08 0)
(400 -3.58956e-08 0)
(400 -3.04397e-08 0)
(400 -2.18435e-08 0)
(400 -1.06596e-08 0)
(400 3.56974e-09 0)
(400 1.99432e-08 0)
(400 3.83458e-08 0)
(400 5.77004e-08 0)
(400 7.74122e-08 0)
(400 9.64871e-08 0)
(400 1.1408e-07 0)
(400 1.29468e-07 0)
(400 1.41818e-07 0)
(400 1.50742e-07 0)
(400 1.55655e-07 0)
(400 1.56467e-07 0)
(400 1.53027e-07 0)
(400 1.45467e-07 0)
(400 1.34137e-07 0)
(400 1.19315e-07 0)
(400 1.01769e-07 0)
(400 8.18872e-08 0)
(400 6.0651e-08 0)
(399.999 3.85663e-08 0)
(400.012 1.65647e-08 0)
(399.838 -4.77672e-09 0)
(402.254 -2.49781e-08 0)
(368.573 -8.69896e-05 0)
(427.372 -86.9463 0)
(408.775 -161.528 0)
(396.824 -226.38 0)
(397.828 -283.846 0)
(399.693 -334.836 0)
(399.88 -380.021 0)
(399.768 -420.082 0)
(399.808 -455.624 0)
(399.871 -487.171 0)
(399.903 -515.178 0)
(399.923 -540.044 0)
(399.94 -562.118 0)
(399.953 -581.706 0)
(399.963 -599.076 0)
(399.97 -614.467 0)
(399.976 -628.087 0)
(399.98 -640.121 0)
(399.984 -650.734 0)
(399.987 -660.072 0)
(399.989 -668.263 0)
(399.991 -675.423 0)
(399.993 -681.656 0)
(399.994 -687.054 0)
(399.995 -691.698 0)
(399.996 -695.662 0)
(399.996 -699.014 0)
(399.997 -701.81 0)
(399.997 -704.106 0)
(399.998 -705.948 0)
(399.998 -707.379 0)
(399.998 -708.438 0)
(399.998 -709.159 0)
(399.999 -709.573 0)
(399.999 -709.708 0)
(399.999 -709.589 0)
(399.999 -709.239 0)
(399.999 -708.677 0)
(399.999 -707.923 0)
(399.999 -706.992 0)
(399.999 -705.899 0)
(400 -704.657 0)
(400 -703.278 0)
(400 -701.773 0)
(400 -700.152 0)
(400 -698.422 0)
(399.999 -696.592 0)
(400.004 -694.668 0)
(399.985 -692.658 0)
(400.055 -690.56 0)
(399.792 -688.407 0)
(400.165 -688.407 0)
(400.01 -688.407 0)
(399.984 -688.407 0)
(400 -688.407 0)
(400.002 -688.407 0)
(400 -688.407 0)
(400 -688.407 0)
(400 -688.407 0)
(400 -688.407 0)
(400 -688.407 0)
(400 -688.407 0)
(400 -688.407 0)
(400 -688.407 0)
(400 -688.407 0)
(400 -688.407 0)
(400 -688.407 0)
(400 -688.407 0)
(400 -688.407 0)
(400 -688.407 0)
(400 -688.407 0)
(400 -688.407 0)
(400 -688.407 0)
(400 -688.407 0)
(400 -688.407 0)
(400 -688.407 0)
(400 -688.407 0)
(400 -688.407 0)
(400 -688.407 0)
(400 -688.407 0)
(400 -688.407 0)
(400 -688.407 0)
(400 -688.407 0)
(400 -688.407 0)
(400 -688.407 0)
(400 -688.407 0)
(400 -688.407 0)
(400 -688.407 0)
(400 -688.407 0)
(400 -688.407 0)
(400 -688.407 0)
(400 -688.407 0)
(400 -688.407 0)
(400 -688.407 0)
(400 -688.407 0)
(400 -688.407 0)
(400 -688.407 0)
(400 -688.407 0)
(400 -688.407 0)
(400 -688.407 0)
(400 -688.407 0)
(400 -688.407 0)
(400 -688.407 0)
(400 -688.407 0)
(400 -688.407 0)
(400 -688.407 0)
(400 -688.407 0)
(400 -688.407 0)
(400 -688.407 0)
(400 -688.407 0)
(400 -688.407 0)
(400 -688.406 0)
(400 -688.406 0)
(400 -688.406 0)
(400 -688.406 0)
(400 -688.406 0)
(400 -688.406 0)
(400 -688.405 0)
(400 -688.405 0)
(400 -688.404 0)
(400 -688.403 0)
(400 -688.402 0)
(400 -688.4 0)
(400 -688.399 0)
(400 -688.396 0)
(400 -688.393 0)
(400 -688.389 0)
(400 -688.384 0)
(400 -688.378 0)
(400 -688.37 0)
(400 -688.361 0)
(400 -688.349 0)
(400 -688.335 0)
(400 -688.317 0)
(400 -688.296 0)
(400 -688.271 0)
(400 -688.24 0)
(400 -688.204 0)
(400 -688.16 0)
(400 -688.109 0)
(400 -688.048 0)
(400 -687.978 0)
(400 -687.895 0)
(400 -687.799 0)
(400 -687.687 0)
(400 -687.559 0)
(400 -687.411 0)
(400 -687.243 0)
(400 -687.051 0)
(400 -686.833 0)
(400 -686.587 0)
(400 -686.309 0)
(400 -685.999 0)
(400 -685.651 0)
(400 -685.264 0)
(400 -684.835 0)
(400 -684.361 0)
(400 -683.838 0)
(400 -683.264 0)
(400 -682.636 0)
(400 -681.951 0)
(400 -5.11139e-09 0)
(400 -1.02915e-08 0)
(400 -1.53358e-08 0)
(400 -2.00784e-08 0)
(400 -2.45587e-08 0)
(400 -2.86745e-08 0)
(400 -3.25547e-08 0)
(400 -3.59001e-08 0)
(400 -3.87421e-08 0)
(400 -4.04475e-08 0)
(400 -4.09309e-08 0)
(400 -3.93044e-08 0)
(400 -3.54785e-08 0)
(400 -2.85696e-08 0)
(400 -1.87014e-08 0)
(400 -5.36625e-09 0)
(400 1.09018e-08 0)
(400 2.99788e-08 0)
(400 5.09312e-08 0)
(400 7.30349e-08 0)
(400 9.518e-08 0)
(400 1.16309e-07 0)
(400 1.35421e-07 0)
(400 1.51473e-07 0)
(400 1.63785e-07 0)
(400 1.71638e-07 0)
(400 1.74764e-07 0)
(400 1.72974e-07 0)
(400 1.66403e-07 0)
(400 1.55444e-07 0)
(400 1.40549e-07 0)
(400 1.22568e-07 0)
(400 1.02147e-07 0)
(400 8.03453e-08 0)
(400 5.78868e-08 0)
(399.999 3.57441e-08 0)
(400.012 1.45376e-08 0)
(399.838 -5.24735e-09 0)
(402.254 -2.35863e-08 0)
(368.573 -8.69864e-05 0)
(427.372 -86.9463 0)
(408.775 -161.528 0)
(396.824 -226.38 0)
(397.828 -283.846 0)
(399.693 -334.836 0)
(399.88 -380.021 0)
(399.768 -420.082 0)
(399.808 -455.624 0)
(399.871 -487.171 0)
(399.903 -515.178 0)
(399.923 -540.044 0)
(399.94 -562.118 0)
(399.953 -581.706 0)
(399.963 -599.076 0)
(399.97 -614.467 0)
(399.976 -628.087 0)
(399.98 -640.121 0)
(399.984 -650.734 0)
(399.987 -660.072 0)
(399.989 -668.263 0)
(399.991 -675.423 0)
(399.993 -681.656 0)
(399.994 -687.054 0)
(399.995 -691.698 0)
(399.996 -695.662 0)
(399.996 -699.014 0)
(399.997 -701.81 0)
(399.997 -704.106 0)
(399.998 -705.948 0)
(399.998 -707.379 0)
(399.998 -708.438 0)
(399.998 -709.159 0)
(399.999 -709.573 0)
(399.999 -709.708 0)
(399.999 -709.589 0)
(399.999 -709.239 0)
(399.999 -708.677 0)
(399.999 -707.923 0)
(399.999 -706.992 0)
(399.999 -705.899 0)
(400 -704.657 0)
(400 -703.278 0)
(400 -701.773 0)
(400 -700.152 0)
(400 -698.422 0)
(399.999 -696.592 0)
(400.004 -694.668 0)
(399.985 -692.658 0)
(400.055 -690.56 0)
(399.792 -688.407 0)
(400.165 -688.407 0)
(400.01 -688.407 0)
(399.984 -688.407 0)
(400 -688.407 0)
(400.002 -688.407 0)
(400 -688.407 0)
(400 -688.407 0)
(400 -688.407 0)
(400 -688.407 0)
(400 -688.407 0)
(400 -688.407 0)
(400 -688.407 0)
(400 -688.407 0)
(400 -688.407 0)
(400 -688.407 0)
(400 -688.407 0)
(400 -688.407 0)
(400 -688.407 0)
(400 -688.407 0)
(400 -688.407 0)
(400 -688.407 0)
(400 -688.407 0)
(400 -688.407 0)
(400 -688.407 0)
(400 -688.407 0)
(400 -688.407 0)
(400 -688.407 0)
(400 -688.407 0)
(400 -688.407 0)
(400 -688.407 0)
(400 -688.407 0)
(400 -688.407 0)
(400 -688.407 0)
(400 -688.407 0)
(400 -688.407 0)
(400 -688.407 0)
(400 -688.407 0)
(400 -688.407 0)
(400 -688.407 0)
(400 -688.407 0)
(400 -688.407 0)
(400 -688.407 0)
(400 -688.407 0)
(400 -688.407 0)
(400 -688.407 0)
(400 -688.407 0)
(400 -688.407 0)
(400 -688.407 0)
(400 -688.407 0)
(400 -688.407 0)
(400 -688.407 0)
(400 -688.407 0)
(400 -688.407 0)
(400 -688.407 0)
(400 -688.407 0)
(400 -688.407 0)
(400 -688.407 0)
(400 -688.407 0)
(400 -688.407 0)
(400 -688.407 0)
(400 -688.406 0)
(400 -688.406 0)
(400 -688.406 0)
(400 -688.406 0)
(400 -688.406 0)
(400 -688.406 0)
(400 -688.405 0)
(400 -688.405 0)
(400 -688.404 0)
(400 -688.403 0)
(400 -688.402 0)
(400 -688.4 0)
(400 -688.399 0)
(400 -688.396 0)
(400 -688.393 0)
(400 -688.389 0)
(400 -688.384 0)
(400 -688.378 0)
(400 -688.37 0)
(400 -688.361 0)
(400 -688.349 0)
(400 -688.335 0)
(400 -688.317 0)
(400 -688.296 0)
(400 -688.271 0)
(400 -688.24 0)
(400 -688.204 0)
(400 -688.16 0)
(400 -688.109 0)
(400 -688.048 0)
(400 -687.978 0)
(400 -687.895 0)
(400 -687.799 0)
(400 -687.687 0)
(400 -687.559 0)
(400 -687.411 0)
(400 -687.243 0)
(400 -687.051 0)
(400 -686.833 0)
(400 -686.587 0)
(400 -686.309 0)
(400 -685.999 0)
(400 -685.651 0)
(400 -685.264 0)
(400 -684.835 0)
(400 -684.361 0)
(400 -683.838 0)
(400 -683.264 0)
(400 -682.636 0)
(400 -681.951 0)
(400 -6.25954e-09 0)
(400 -1.238e-08 0)
(400 -1.81491e-08 0)
(400 -2.34689e-08 0)
(400 -2.83207e-08 0)
(400 -3.27037e-08 0)
(400 -3.661e-08 0)
(400 -3.9892e-08 0)
(400 -4.23807e-08 0)
(400 -4.36855e-08 0)
(400 -4.35007e-08 0)
(400 -4.12721e-08 0)
(400 -3.67075e-08 0)
(400 -2.93046e-08 0)
(400 -1.90333e-08 0)
(400 -5.73445e-09 0)
(400 1.01597e-08 0)
(400 2.83035e-08 0)
(400 4.78258e-08 0)
(400 6.79605e-08 0)
(400 8.76356e-08 0)
(400 1.05916e-07 0)
(400 1.21835e-07 0)
(400 1.34575e-07 0)
(400 1.43522e-07 0)
(400 1.4821e-07 0)
(400 1.48501e-07 0)
(400 1.44409e-07 0)
(400 1.36256e-07 0)
(400 1.24523e-07 0)
(400 1.09851e-07 0)
(400 9.30331e-08 0)
(400 7.4829e-08 0)
(400 5.61338e-08 0)
(400 3.76541e-08 0)
(399.999 2.01459e-08 0)
(400.012 4.06423e-09 0)
(399.838 -1.04417e-08 0)
(402.254 -2.38229e-08 0)
(368.573 -8.69824e-05 0)
(427.372 -86.9463 0)
(408.775 -161.528 0)
(396.824 -226.38 0)
(397.828 -283.846 0)
(399.693 -334.836 0)
(399.88 -380.021 0)
(399.768 -420.082 0)
(399.808 -455.624 0)
(399.871 -487.171 0)
(399.903 -515.178 0)
(399.923 -540.044 0)
(399.94 -562.118 0)
(399.953 -581.706 0)
(399.963 -599.076 0)
(399.97 -614.467 0)
(399.976 -628.087 0)
(399.98 -640.121 0)
(399.984 -650.734 0)
(399.987 -660.072 0)
(399.989 -668.263 0)
(399.991 -675.423 0)
(399.993 -681.656 0)
(399.994 -687.054 0)
(399.995 -691.698 0)
(399.996 -695.662 0)
(399.996 -699.014 0)
(399.997 -701.81 0)
(399.997 -704.106 0)
(399.998 -705.948 0)
(399.998 -707.379 0)
(399.998 -708.438 0)
(399.998 -709.159 0)
(399.999 -709.573 0)
(399.999 -709.708 0)
(399.999 -709.589 0)
(399.999 -709.239 0)
(399.999 -708.677 0)
(399.999 -707.923 0)
(399.999 -706.992 0)
(399.999 -705.899 0)
(400 -704.657 0)
(400 -703.278 0)
(400 -701.773 0)
(400 -700.152 0)
(400 -698.422 0)
(399.999 -696.592 0)
(400.004 -694.668 0)
(399.985 -692.658 0)
(400.055 -690.56 0)
(399.792 -688.407 0)
(400.165 -688.407 0)
(400.01 -688.407 0)
(399.984 -688.407 0)
(400 -688.407 0)
(400.002 -688.407 0)
(400 -688.407 0)
(400 -688.407 0)
(400 -688.407 0)
(400 -688.407 0)
(400 -688.407 0)
(400 -688.407 0)
(400 -688.407 0)
(400 -688.407 0)
(400 -688.407 0)
(400 -688.407 0)
(400 -688.407 0)
(400 -688.407 0)
(400 -688.407 0)
(400 -688.407 0)
(400 -688.407 0)
(400 -688.407 0)
(400 -688.407 0)
(400 -688.407 0)
(400 -688.407 0)
(400 -688.407 0)
(400 -688.407 0)
(400 -688.407 0)
(400 -688.407 0)
(400 -688.407 0)
(400 -688.407 0)
(400 -688.407 0)
(400 -688.407 0)
(400 -688.407 0)
(400 -688.407 0)
(400 -688.407 0)
(400 -688.407 0)
(400 -688.407 0)
(400 -688.407 0)
(400 -688.407 0)
(400 -688.407 0)
(400 -688.407 0)
(400 -688.407 0)
(400 -688.407 0)
(400 -688.407 0)
(400 -688.407 0)
(400 -688.407 0)
(400 -688.407 0)
(400 -688.407 0)
(400 -688.407 0)
(400 -688.407 0)
(400 -688.407 0)
(400 -688.407 0)
(400 -688.407 0)
(400 -688.407 0)
(400 -688.407 0)
(400 -688.407 0)
(400 -688.407 0)
(400 -688.407 0)
(400 -688.407 0)
(400 -688.407 0)
(400 -688.406 0)
(400 -688.406 0)
(400 -688.406 0)
(400 -688.406 0)
(400 -688.406 0)
(400 -688.406 0)
(400 -688.405 0)
(400 -688.405 0)
(400 -688.404 0)
(400 -688.403 0)
(400 -688.402 0)
(400 -688.4 0)
(400 -688.399 0)
(400 -688.396 0)
(400 -688.393 0)
(400 -688.389 0)
(400 -688.384 0)
(400 -688.378 0)
(400 -688.37 0)
(400 -688.361 0)
(400 -688.349 0)
(400 -688.335 0)
(400 -688.317 0)
(400 -688.296 0)
(400 -688.271 0)
(400 -688.24 0)
(400 -688.204 0)
(400 -688.16 0)
(400 -688.109 0)
(400 -688.048 0)
(400 -687.978 0)
(400 -687.895 0)
(400 -687.799 0)
(400 -687.687 0)
(400 -687.559 0)
(400 -687.411 0)
(400 -687.243 0)
(400 -687.051 0)
(400 -686.833 0)
(400 -686.587 0)
(400 -686.309 0)
(400 -685.999 0)
(400 -685.651 0)
(400 -685.264 0)
(400 -684.835 0)
(400 -684.361 0)
(400 -683.838 0)
(400 -683.264 0)
(400 -682.636 0)
(400 -681.951 0)
)
;

boundaryField
{
    cyclic1
    {
        type            cyclic;
    }
    cyclic2
    {
        type            cyclic;
    }
    frontAndBack
    {
        type            empty;
    }
    outlet
    {
        type            zeroGradient;
    }
    inlet
    {
        type            fixedValue;
        value           uniform (400 0 0);
    }
}


// ************************************************************************* //
