/*--------------------------------*- C++ -*----------------------------------*\
  =========                 |
  \\      /  F ield         | OpenFOAM: The Open Source CFD Toolbox
   \\    /   O peration     | Website:  https://openfoam.org
    \\  /    A nd           | Version:  6
     \\/     M anipulation  |
\*---------------------------------------------------------------------------*/
FoamFile
{
    version     2.0;
    format      ascii;
    class       volVectorField;
    location    "50";
    object      U;
}
// * * * * * * * * * * * * * * * * * * * * * * * * * * * * * * * * * * * * * //

dimensions      [0 1 -1 0 0 0 0];

internalField   nonuniform List<vector> 
4000
(
(400 4.47267e-14 0)
(400 4.82647e-14 0)
(400 4.86902e-14 0)
(400 6.30455e-14 0)
(400 7.09607e-14 0)
(400 7.70876e-14 0)
(400 8.29017e-14 0)
(400 9.09412e-14 0)
(400 7.99495e-14 0)
(400 6.42265e-14 0)
(400 4.82811e-14 0)
(400 3.83595e-14 0)
(400 2.72073e-14 0)
(400 2.23742e-14 0)
(400 3.23631e-14 0)
(400 4.19774e-14 0)
(400 2.49508e-14 0)
(400 -7.96635e-15 0)
(400 -1.20738e-14 0)
(400 -1.97465e-14 0)
(400 -2.3435e-14 0)
(400 3.69424e-15 0)
(400 1.84538e-14 0)
(400 5.15758e-15 0)
(400 1.42128e-14 0)
(400 1.84197e-14 0)
(400 2.38171e-14 0)
(400 1.47413e-14 0)
(400 8.77023e-15 0)
(400 1.56393e-14 0)
(400 1.27187e-14 0)
(400 9.89199e-15 0)
(400 3.38568e-15 0)
(400 -1.78679e-14 0)
(400 -4.16758e-14 0)
(400 -6.61069e-14 0)
(400 -6.38412e-14 0)
(400 -7.5179e-14 0)
(400 -8.79151e-14 0)
(400 -9.52852e-14 0)
(400 -9.0793e-14 0)
(400 -7.48762e-14 0)
(400 -6.98333e-14 0)
(400 -5.47156e-14 0)
(400 -4.34739e-14 0)
(400 -4.84412e-14 0)
(400 -4.12669e-14 0)
(400 -3.19392e-14 0)
(400 -2.82126e-14 0)
(400 -1.38272e-14 0)
(400 1.58124e-14 0)
(400 1.85622e-14 0)
(400 1.69774e-14 0)
(400 2.43315e-14 0)
(400 3.19306e-14 0)
(400 4.72928e-14 0)
(400 4.72738e-14 0)
(400 3.94403e-14 0)
(400 3.99621e-14 0)
(400 5.21169e-14 0)
(400 6.25247e-14 0)
(400 5.3611e-14 0)
(400 4.58597e-14 0)
(400 2.99686e-14 0)
(400 2.28925e-14 0)
(400 2.59875e-14 0)
(400 1.61347e-14 0)
(400 1.53941e-14 0)
(400 5.31212e-15 0)
(400 -1.09212e-14 0)
(400 -2.92116e-14 0)
(400 -4.81434e-14 0)
(400 -4.65087e-14 0)
(400 -3.86146e-14 0)
(400 -3.56331e-14 0)
(400 -2.51216e-14 0)
(400 -2.36295e-14 0)
(400 -9.87688e-15 0)
(400 -3.45347e-15 0)
(400 -1.97276e-14 0)
(400 -1.23645e-14 0)
(400 3.1793e-15 0)
(400 1.07497e-14 0)
(400 -1.11442e-14 0)
(400 -3.37879e-14 0)
(400 -4.48502e-14 0)
(400 -4.51417e-14 0)
(400 -5.52144e-14 0)
(400 -6.5862e-14 0)
(400 -6.79921e-14 0)
(400 -5.42997e-14 0)
(400 -4.23744e-14 0)
(400 -4.36664e-14 0)
(400 -3.71836e-14 0)
(400 -2.84117e-14 0)
(400 -4.95974e-15 0)
(400 -2.53606e-16 0)
(400 5.87569e-15 0)
(400 1.58229e-14 0)
(400 3.33383e-14 0)
(400 5.11646e-14 0)
(400 3.9545e-14 0)
(400 2.71571e-14 0)
(400 2.72981e-14 0)
(400 3.30085e-14 0)
(400 2.63635e-14 0)
(400 3.06942e-14 0)
(400 2.5405e-14 0)
(400 1.49161e-14 0)
(400 6.66973e-15 0)
(400 -2.97952e-15 0)
(400 -1.15697e-14 0)
(400 -3.09464e-14 0)
(400 -3.28796e-14 0)
(400 -3.12327e-14 0)
(400 -2.51938e-14 0)
(400 -1.39018e-14 0)
(400 -4.19089e-15 0)
(400 -2.54847e-15 0)
(400 1.59888e-14 0)
(400 2.13444e-14 0)
(400 2.74823e-14 0)
(400 4.75114e-14 0)
(400 4.26218e-14 0)
(400 3.17916e-14 0)
(400 3.13877e-14 0)
(400 2.75295e-14 0)
(400 2.82336e-16 0)
(400 -2.97778e-14 0)
(400 -4.6539e-14 0)
(400 -4.83542e-14 0)
(400 -4.28421e-14 0)
(400 -3.80609e-14 0)
(400 -1.6811e-14 0)
(400 -1.22612e-15 0)
(400 -1.50552e-14 0)
(400 -1.84165e-14 0)
(400 -2.11199e-14 0)
(400 -4.13056e-14 0)
(400 -6.63321e-14 0)
(400 -8.19775e-14 0)
(400 -7.29153e-14 0)
(400 -6.58279e-14 0)
(400 -6.07957e-14 0)
(400 -6.75619e-14 0)
(400 -7.63156e-14 0)
(400 -6.19027e-14 0)
(400 -6.35481e-14 0)
(400 -6.8263e-14 0)
(400 -5.81508e-14 0)
(400 -5.43533e-14 0)
(400 -5.23182e-14 0)
(400 -3.45547e-14 0)
(400 -3.06901e-14 0)
(400 -2.33611e-14 0)
(400 -2.50944e-14 0)
(400 -2.45488e-14 0)
(400 -1.47412e-14 0)
(400 -4.2396e-15 0)
(400 -2.76762e-15 0)
(400 3.30608e-15 0)
(400 2.59692e-14 0)
(400 4.25819e-14 0)
(400 4.3943e-14 0)
(400 4.2107e-14 0)
(400 5.19543e-14 0)
(400 4.52864e-14 0)
(400 2.36411e-14 0)
(400 5.40657e-15 0)
(400 -1.32685e-15 0)
(400 -8.83993e-15 0)
(400 -1.69599e-14 0)
(400 -2.51191e-14 0)
(400 -3.3178e-14 0)
(400 -2.42998e-14 0)
(400 -1.20651e-14 0)
(400 -1.67302e-14 0)
(400 -2.48045e-14 0)
(400 -4.54354e-14 0)
(400 -5.1989e-14 0)
(400 -4.01804e-14 0)
(400 -2.87034e-14 0)
(400 -3.41729e-14 0)
(400 -3.60139e-14 0)
(400 -3.61981e-14 0)
(400 -5.64111e-14 0)
(400 -6.71135e-14 0)
(400 -6.31313e-14 0)
(400 -5.18657e-14 0)
(400 -3.90652e-14 0)
(400 -2.69558e-14 0)
(400 -1.53434e-14 0)
(400 -1.47977e-15 0)
(400 3.6262e-15 0)
(400 8.57324e-15 0)
(400 1.30328e-14 0)
(400 1.61915e-14 0)
(400 5.3278e-15 0)
(400 -8.24066e-15 0)
(400 -1.69086e-15 0)
(400 1.45567e-14 0)
(400 1.46231e-14 0)
(400 2.63891e-14 0)
(400 3.59846e-14 0)
(400 4.25793e-14 0)
(400 6.33414e-14 0)
(400 7.83682e-14 0)
(400 7.65858e-14 0)
(400 7.26592e-14 0)
(400 8.22988e-14 0)
(400 7.20718e-14 0)
(400 4.83734e-14 0)
(400 2.85835e-14 0)
(400 1.98342e-14 0)
(400 2.12853e-14 0)
(400 3.00188e-14 0)
(400 3.85501e-14 0)
(400 4.38952e-14 0)
(400 4.09125e-14 0)
(400 4.04331e-14 0)
(400 3.38386e-14 0)
(400 2.83006e-14 0)
(400 1.66023e-14 0)
(400 2.06245e-14 0)
(400 4.13292e-14 0)
(400 4.49321e-14 0)
(400 4.63878e-14 0)
(400 2.66476e-14 0)
(400 1.50671e-14 0)
(400 1.62148e-14 0)
(400 1.5138e-14 0)
(400 2.82309e-14 0)
(400 2.37407e-14 0)
(400 -7.27984e-15 0)
(400 -3.83792e-14 0)
(400 -5.98168e-14 0)
(400 -6.80007e-14 0)
(400 -7.73475e-14 0)
(400 -8.40013e-14 0)
(400 -8.12984e-14 0)
(400 -6.38212e-14 0)
(400 -4.35739e-14 0)
(400 -4.12282e-14 0)
(400 -2.95788e-14 0)
(400 -2.21069e-14 0)
(400 -1.21108e-14 0)
(400 -6.65051e-15 0)
(400 -1.16995e-14 0)
(400 -1.64986e-14 0)
(400 -1.87534e-14 0)
(400 -1.07115e-15 0)
(400 2.00162e-15 0)
(400 7.07827e-15 0)
(400 2.55257e-14 0)
(400 4.24311e-14 0)
(400 5.80999e-14 0)
(400 5.39373e-14 0)
(400 5.85807e-14 0)
(400 7.18723e-14 0)
(400 6.87932e-14 0)
(400 7.0646e-14 0)
(400 7.2242e-14 0)
(400 6.99142e-14 0)
(400 7.8161e-14 0)
(400 7.7255e-14 0)
(400 6.34186e-14 0)
(400 5.20035e-14 0)
(400 5.59243e-14 0)
(400 5.99963e-14 0)
(400 3.93246e-14 0)
(400 2.81786e-15 0)
(400 -1.29948e-14 0)
(400 -2.25693e-14 0)
(400 -2.46453e-14 0)
(400 -1.79294e-15 0)
(400 7.67289e-15 0)
(400 -3.7091e-17 0)
(400 6.43137e-15 0)
(400 2.8446e-15 0)
(400 -9.31523e-15 0)
(400 -6.08012e-15 0)
(400 8.84092e-15 0)
(400 5.79094e-15 0)
(400 8.3019e-15 0)
(400 6.53385e-15 0)
(400 -1.1144e-14 0)
(400 -4.25122e-14 0)
(400 -7.07937e-14 0)
(400 -9.902e-14 0)
(400 -1.12294e-13 0)
(400 -1.1602e-13 0)
(400 -1.19023e-13 0)
(400 -1.35911e-13 0)
(400 -1.26395e-13 0)
(400 -1.27838e-13 0)
(400 -1.23605e-13 0)
(400 -1.01788e-13 0)
(400 -9.9642e-14 0)
(400 -8.49218e-14 0)
(400 -5.4993e-14 0)
(400 -4.18647e-14 0)
(400 -2.71005e-14 0)
(400 -1.72687e-14 0)
(400 1.11196e-14 0)
(400 1.78859e-14 0)
(400 3.02527e-14 0)
(400 3.09558e-14 0)
(400 4.1241e-14 0)
(400 4.97158e-14 0)
(400 5.61845e-14 0)
(400 4.28e-14 0)
(400 5.04904e-14 0)
(400 6.63196e-14 0)
(400 7.53529e-14 0)
(400 6.19715e-14 0)
(400 4.58666e-14 0)
(400 4.70391e-14 0)
(400 4.58178e-14 0)
(400 4.4615e-14 0)
(400 3.92298e-14 0)
(400 3.75929e-14 0)
(400 4.57598e-14 0)
(400 5.39043e-14 0)
(400 4.1185e-14 0)
(400 2.59721e-14 0)
(400 1.1471e-14 0)
(400 1.12146e-14 0)
(400 1.81814e-15 0)
(400 -1.55736e-14 0)
(400 -2.89946e-14 0)
(400 -4.15052e-14 0)
(400 -3.5733e-14 0)
(400 -3.41407e-14 0)
(400 -2.33474e-14 0)
(400 -1.16603e-14 0)
(400 9.06569e-16 0)
(400 1.08445e-14 0)
(400 5.66876e-15 0)
(400 -3.73058e-15 0)
(400 -2.59964e-14 0)
(400 -2.48527e-14 0)
(400 -2.76458e-14 0)
(400 -4.96364e-14 0)
(400 -5.73436e-14 0)
(400 -5.86897e-14 0)
(400 -6.20561e-14 0)
(400 -6.28376e-14 0)
(400 -5.80988e-14 0)
(400 -4.24252e-14 0)
(400 -3.4856e-14 0)
(400 -4.39135e-14 0)
(400 -4.63244e-14 0)
(400 -3.33251e-14 0)
(400 -3.4678e-15 0)
(400 1.16358e-14 0)
(400 1.6272e-15 0)
(400 -1.29492e-14 0)
(400 -4.41093e-15 0)
(400 1.96245e-14 0)
(400 4.15872e-14 0)
(400 5.32398e-14 0)
(400 7.48999e-14 0)
(400 1.01278e-13 0)
(400 1.03141e-13 0)
(400 1.00975e-13 0)
(400 1.02902e-13 0)
(400 9.53167e-14 0)
(400 9.06801e-14 0)
(400 6.91615e-14 0)
(400 3.83927e-14 0)
(400 1.09393e-14 0)
(400 -2.98995e-15 0)
(400 -6.64933e-15 0)
(400 -3.77325e-15 0)
(400 -1.99741e-14 0)
(400 -2.27536e-14 0)
(400 -2.61851e-14 0)
(400 -3.58166e-14 0)
(400 -6.32333e-14 0)
(400 -7.95645e-14 0)
(400 -8.54427e-14 0)
(400 -9.50516e-14 0)
(400 -1.2576e-13 0)
(400 -1.37803e-13 0)
(400 -1.33753e-13 0)
(400 -1.41678e-13 0)
(400 -1.35074e-13 0)
(400 -1.2512e-13 0)
(400 -1.05368e-13 0)
(400 -9.05378e-14 0)
(400 -8.7888e-14 0)
(400 -8.65833e-14 0)
(400 -7.93434e-14 0)
(400 -6.61714e-14 0)
(400 -4.97479e-14 0)
(400 -4.18183e-14 0)
(400 -3.3691e-14 0)
(400 -2.00134e-14 0)
(400 -1.39184e-14 0)
(400 -3.56624e-15 0)
(400 -3.68189e-15 0)
(400 -2.0912e-16 0)
(400 1.02687e-14 0)
(400 1.35574e-14 0)
(400 1.99142e-14 0)
(400 4.05338e-14 0)
(400 4.7881e-14 0)
(400 4.02989e-14 0)
(400 4.34645e-14 0)
(400 5.03596e-14 0)
(400 4.52076e-14 0)
(400 3.03552e-14 0)
(400 3.87673e-15 0)
(400 1.91603e-15 0)
(400 4.79571e-15 0)
(400 1.77832e-14 0)
(400 1.9569e-14 0)
(400 3.80517e-14 0)
(400 3.49341e-14 0)
(400 1.83871e-14 0)
(400 7.16826e-15 0)
(400 -9.01148e-15 0)
(400 -5.74623e-15 0)
(400 3.0272e-14 0)
(400 4.22206e-14 0)
(400 4.61819e-14 0)
(400 3.24886e-14 0)
(400 2.21854e-14 0)
(400 2.16967e-14 0)
(400 1.38991e-14 0)
(400 4.85778e-15 0)
(400 -7.89063e-15 0)
(400 -1.73237e-14 0)
(400 -1.96939e-14 0)
(400 -3.1457e-14 0)
(400 -4.59718e-14 0)
(400 -6.94027e-14 0)
(400 -7.67707e-14 0)
(400 -7.27723e-14 0)
(400 -6.74336e-14 0)
(400 -6.024e-14 0)
(400 -5.15138e-14 0)
(400 -4.2665e-14 0)
(400 -2.72146e-14 0)
(400 -3.22378e-14 0)
(400 -1.86702e-14 0)
(400 -1.60607e-14 0)
(400 -2.84748e-14 0)
(400 -2.76496e-14 0)
(400 -3.89073e-14 0)
(400 -3.81691e-14 0)
(400 -8.56625e-15 0)
(400 9.21405e-15 0)
(400 1.22056e-14 0)
(400 1.67689e-14 0)
(400 2.54272e-14 0)
(400 3.14236e-14 0)
(400 4.47567e-14 0)
(400 4.66633e-14 0)
(400 5.0098e-14 0)
(400 3.93851e-14 0)
(400 3.78799e-14 0)
(400 6.95979e-14 0)
(400 9.4908e-14 0)
(400 8.02901e-14 0)
(400 4.89528e-14 0)
(400 2.14672e-14 0)
(400 1.2484e-14 0)
(400 1.13387e-14 0)
(400 -5.03016e-15 0)
(400 -2.76008e-14 0)
(400 -3.37748e-14 0)
(400 -4.25146e-14 0)
(400 -4.20871e-14 0)
(400 -2.7222e-14 0)
(400 -3.28144e-14 0)
(400 -3.89798e-14 0)
(400 -4.28988e-14 0)
(400 -5.47873e-14 0)
(400 -4.22018e-14 0)
(400 -2.7465e-14 0)
(400 -3.04995e-14 0)
(400 -3.2961e-14 0)
(400 -1.35223e-14 0)
(400 1.07686e-14 0)
(400 2.27219e-14 0)
(400 1.58859e-14 0)
(400 8.92363e-15 0)
(400 -3.812e-15 0)
(400 -5.50333e-15 0)
(400 -2.81817e-14 0)
(400 -3.51422e-14 0)
(400 -4.1025e-14 0)
(400 -3.92812e-14 0)
(400 -3.89922e-14 0)
(400 -4.13207e-14 0)
(400 -2.91778e-14 0)
(400 -2.21533e-14 0)
(400 -1.06246e-14 0)
(400 7.52115e-15 0)
(400 1.72377e-14 0)
(400 3.2243e-14 0)
(400 4.16467e-14 0)
(400 5.33457e-14 0)
(400 5.27892e-14 0)
(400 5.88032e-14 0)
(400 6.07018e-14 0)
(400 4.68381e-14 0)
(400 5.24288e-14 0)
(400 5.53565e-14 0)
(400 3.10544e-14 0)
(400 1.7081e-14 0)
(400 3.58662e-14 0)
(400 3.40168e-14 0)
(400 2.0695e-14 0)
(400 6.78232e-15 0)
(400 -4.35468e-15 0)
(400 -1.19417e-14 0)
(400 4.79492e-15 0)
(400 -5.17355e-15 0)
(400 2.06754e-15 0)
(400 5.21812e-15 0)
(400 2.27332e-14 0)
(400 3.77578e-14 0)
(400 3.47641e-14 0)
(400 1.97841e-14 0)
(400 1.21044e-14 0)
(400 5.81161e-15 0)
(400 7.77508e-15 0)
(400 -1.64075e-14 0)
(400 -4.60306e-14 0)
(400 -5.41919e-14 0)
(400 -4.85145e-14 0)
(400 -4.31782e-14 0)
(400 -4.35996e-14 0)
(400 -2.63154e-14 0)
(400 -3.47897e-15 0)
(400 -7.47131e-15 0)
(400 -4.0084e-15 0)
(400 -9.19643e-15 0)
(400 -1.66871e-14 0)
(400 -3.16307e-14 0)
(400 -5.60266e-14 0)
(400 -6.70372e-14 0)
(400 -6.48132e-14 0)
(400 -6.87651e-14 0)
(400 -7.74194e-14 0)
(400 -6.1168e-14 0)
(400 -5.18374e-14 0)
(400 -4.58383e-14 0)
(400 -4.19912e-14 0)
(400 -4.41958e-14 0)
(400 -4.7945e-14 0)
(400 -4.42562e-14 0)
(400 -4.34707e-14 0)
(400 -5.35603e-14 0)
(400 -6.25454e-14 0)
(400 -4.98537e-14 0)
(400 -2.7241e-14 0)
(400 2.37119e-15 0)
(400 1.61541e-14 0)
(400 2.82654e-14 0)
(400 4.41063e-14 0)
(400 5.89555e-14 0)
(400 7.00638e-14 0)
(400 7.02883e-14 0)
(400 8.63696e-14 0)
(400 8.98119e-14 0)
(400 8.77959e-14 0)
(400 8.17938e-14 0)
(400 7.64818e-14 0)
(400 6.35895e-14 0)
(400 5.84033e-14 0)
(400 7.95811e-14 0)
(400 7.95229e-14 0)
(400 7.91048e-14 0)
(400 7.5535e-14 0)
(400 6.51007e-14 0)
(400 5.20908e-14 0)
(400 2.69387e-14 0)
(400 3.27299e-15 0)
(400 -9.60706e-15 0)
(400 -1.02692e-14 0)
(400 -1.04038e-14 0)
(400 -1.12426e-14 0)
(400 -1.01675e-14 0)
(400 -2.26299e-14 0)
(400 -3.05208e-14 0)
(400 -3.3608e-14 0)
(400 -3.82841e-14 0)
(400 -3.9245e-14 0)
(400 -4.31983e-14 0)
(400 -5.30268e-14 0)
(400 -4.1822e-14 0)
(400 -3.6385e-14 0)
(400 -3.77817e-14 0)
(400 -3.88518e-14 0)
(400 -1.50455e-14 0)
(400 -5.22078e-15 0)
(400 -1.12835e-14 0)
(400 8.55109e-15 0)
(400 9.44505e-15 0)
(400 1.68968e-14 0)
(400 3.36089e-14 0)
(400 4.06759e-14 0)
(400 3.6449e-14 0)
(400 3.3418e-14 0)
(400 2.54461e-14 0)
(400 2.0091e-14 0)
(400 1.85701e-14 0)
(400 1.42087e-14 0)
(400 5.87653e-15 0)
(400 -3.83514e-15 0)
(400 6.28923e-15 0)
(400 1.47407e-14 0)
(400 2.24363e-14 0)
(400 1.79438e-14 0)
(400 3.2288e-14 0)
(400 3.91079e-14 0)
(400 3.25094e-14 0)
(400 1.21205e-14 0)
(400 6.12467e-15 0)
(400 9.14492e-15 0)
(400 1.9844e-14 0)
(400 1.1376e-14 0)
(400 6.45284e-15 0)
(400 6.10387e-15 0)
(400 1.17334e-14 0)
(400 1.73071e-14 0)
(400 2.10848e-14 0)
(400 3.01464e-14 0)
(400 2.01634e-14 0)
(400 4.60636e-15 0)
(400 2.51142e-16 0)
(400 -4.7161e-15 0)
(400 -2.5033e-14 0)
(400 -5.50604e-14 0)
(400 -7.1091e-14 0)
(400 -5.80103e-14 0)
(400 -6.42159e-14 0)
(400 -6.16862e-14 0)
(400 -6.44991e-14 0)
(400 -5.1366e-14 0)
(400 -3.90448e-14 0)
(400 -2.39518e-14 0)
(400 -1.41846e-14 0)
(400 2.69316e-15 0)
(400 5.86308e-15 0)
(400 1.19327e-15 0)
(400 -1.82695e-15 0)
(400 -6.54485e-16 0)
(400 2.00666e-14 0)
(400 1.74298e-14 0)
(400 1.14622e-14 0)
(400 2.87207e-15 0)
(400 1.53914e-15 0)
(400 2.10061e-14 0)
(400 3.06388e-14 0)
(400 2.22433e-14 0)
(400 3.10004e-14 0)
(400 3.4658e-14 0)
(400 3.05337e-14 0)
(400 5.66883e-14 0)
(400 8.37554e-14 0)
(400 7.57589e-14 0)
(400 6.29449e-14 0)
(400 4.2505e-14 0)
(400 2.23551e-14 0)
(400 2.16786e-14 0)
(400 1.07703e-14 0)
(400 4.962e-17 0)
(400 -5.39573e-15 0)
(400 -2.17268e-14 0)
(400 -2.82164e-14 0)
(400 -3.0717e-14 0)
(400 -3.07377e-14 0)
(400 -2.38954e-14 0)
(400 -2.79771e-14 0)
(400 -2.64125e-14 0)
(400 -1.73556e-14 0)
(400 -1.50707e-14 0)
(400 -1.26879e-14 0)
(400 -8.798e-15 0)
(400 -3.48575e-15 0)
(400 -5.5455e-15 0)
(400 -4.295e-15 0)
(400 1.07905e-14 0)
(400 2.17758e-15 0)
(400 -2.66174e-14 0)
(400 -5.39389e-14 0)
(400 -6.41353e-14 0)
(400 -7.04606e-14 0)
(400 -7.20219e-14 0)
(400 -7.62994e-14 0)
(400 -6.69516e-14 0)
(400 -5.43678e-14 0)
(400 -5.42953e-14 0)
(400 -3.63303e-14 0)
(400 -9.96369e-15 0)
(400 4.64892e-15 0)
(400 3.57717e-15 0)
(400 2.08357e-15 0)
(400 -1.45747e-15 0)
(400 -3.05489e-15 0)
(400 3.12127e-15 0)
(400 6.87673e-15 0)
(400 1.67398e-14 0)
(400 1.83064e-14 0)
(400 2.50537e-14 0)
(400 3.35556e-14 0)
(400 3.54226e-14 0)
(400 3.84497e-14 0)
(400 6.12577e-14 0)
(400 5.73856e-14 0)
(400 5.23232e-14 0)
(400 4.31745e-14 0)
(400 3.2369e-14 0)
(400 2.96546e-14 0)
(400 4.28339e-14 0)
(400 2.74756e-14 0)
(400 1.16752e-14 0)
(400 8.66601e-15 0)
(400 2.0752e-14 0)
(400 3.65716e-14 0)
(400 4.03216e-14 0)
(400 3.68039e-14 0)
(400 1.55676e-14 0)
(400 1.09159e-14 0)
(400 1.3238e-14 0)
(400 1.48838e-15 0)
(400 1.31141e-15 0)
(400 -6.7587e-15 0)
(400 -1.50035e-14 0)
(400 -2.18042e-14 0)
(400 -1.8801e-14 0)
(400 -2.37486e-14 0)
(400 -1.65378e-14 0)
(400 -1.25073e-14 0)
(400 -9.00857e-15 0)
(400 -1.6487e-14 0)
(400 -3.17415e-14 0)
(400 -3.874e-14 0)
(400 -4.88311e-14 0)
(400 -5.95147e-14 0)
(400 -5.88588e-14 0)
(400 -6.28537e-14 0)
(400 -6.97198e-14 0)
(400 -6.86551e-14 0)
(400 -5.89092e-14 0)
(400 -4.44359e-14 0)
(400 -2.83289e-14 0)
(400 -2.24459e-14 0)
(400 -9.65818e-15 0)
(400 -2.54561e-15 0)
(400 -8.32942e-15 0)
(400 -1.94779e-15 0)
(400 1.26394e-14 0)
(400 1.50062e-14 0)
(400 2.75268e-14 0)
(400 2.75381e-14 0)
(400 3.80148e-14 0)
(400 3.69204e-14 0)
(400 2.07349e-14 0)
(400 3.00921e-14 0)
(400 4.47177e-14 0)
(400 5.46308e-14 0)
(400 6.83264e-14 0)
(400 6.08232e-14 0)
(400 6.07895e-14 0)
(400 5.5437e-14 0)
(400 5.59184e-14 0)
(400 4.82483e-14 0)
(400 3.80921e-14 0)
(400 3.46714e-14 0)
(400 3.62558e-14 0)
(400 4.70879e-14 0)
(400 4.38986e-14 0)
(400 3.13952e-14 0)
(400 2.96776e-14 0)
(400 4.15742e-15 0)
(400 -1.83943e-14 0)
(400 -2.27968e-14 0)
(400 -1.35109e-14 0)
(400 -2.1761e-14 0)
(400 -3.83551e-14 0)
(400 -3.53492e-14 0)
(400 -4.45383e-14 0)
(400 -5.2594e-14 0)
(400 -6.5884e-14 0)
(400 -7.24214e-14 0)
(400 -5.79442e-14 0)
(400 -5.14403e-14 0)
(400 -5.52696e-14 0)
(400 -6.161e-14 0)
(400 -5.42035e-14 0)
(400 -4.83252e-14 0)
(400 -4.01548e-14 0)
(400 -2.30697e-14 0)
(400 -2.4167e-14 0)
(400 -2.51089e-14 0)
(400 1.8645e-14 0)
(400 2.6213e-14 0)
(400 2.40237e-14 0)
(400 2.77871e-14 0)
(400 3.7897e-14 0)
(400 3.75682e-14 0)
(400 2.86085e-14 0)
(400 3.02843e-14 0)
(400 2.20343e-14 0)
(400 1.68505e-14 0)
(400 4.04719e-15 0)
(400 -6.62081e-15 0)
(400 1.48321e-14 0)
(400 2.87298e-14 0)
(400 3.09294e-14 0)
(400 7.45858e-15 0)
(400 -2.37301e-15 0)
(400 -8.1877e-15 0)
(400 -6.05367e-15 0)
(400 2.38822e-14 0)
(400 2.33579e-14 0)
(400 2.42248e-14 0)
(400 1.42952e-14 0)
(400 -3.74925e-15 0)
(400 -2.09365e-14 0)
(400 -4.27698e-14 0)
(400 -5.51158e-14 0)
(400 -4.67738e-14 0)
(400 -3.50928e-14 0)
(400 -3.25825e-14 0)
(400 -2.25597e-14 0)
(400 -1.43979e-14 0)
(400 -1.43347e-14 0)
(400 -3.12975e-14 0)
(400 -4.09166e-14 0)
(400 -4.61272e-14 0)
(400 -5.35962e-14 0)
(400 -5.5217e-14 0)
(400 -3.4355e-14 0)
(400 -7.40245e-15 0)
(400 2.95644e-15 0)
(400 2.1552e-15 0)
(400 7.06037e-15 0)
(400 1.28685e-14 0)
(400 2.59887e-14 0)
(400 2.37659e-14 0)
(400 2.18778e-14 0)
(400 2.7094e-14 0)
(400 2.07028e-14 0)
(400 1.86447e-14 0)
(400 2.38896e-14 0)
(400 2.00996e-14 0)
(400 2.39587e-15 0)
(400 -6.74402e-15 0)
(400 5.11409e-15 0)
(400 1.5071e-14 0)
(400 3.0366e-14 0)
(400 2.10709e-14 0)
(400 1.09389e-14 0)
(400 9.28996e-15 0)
(400 3.1212e-14 0)
(400 4.63021e-14 0)
(400 4.13657e-14 0)
(400 3.70225e-14 0)
(400 3.17458e-14 0)
(400 2.59761e-14 0)
(400 1.85838e-14 0)
(400 7.03561e-15 0)
(400 -6.11888e-15 0)
(400 -6.82519e-15 0)
(400 -4.17627e-15 0)
(400 -1.09934e-14 0)
(400 -2.35856e-14 0)
(400 -4.20487e-14 0)
(400 -5.57324e-14 0)
(400 -4.43286e-14 0)
(400 -3.30162e-14 0)
(400 -3.17468e-14 0)
(400 -1.60791e-14 0)
(400 -1.09484e-14 0)
(400 -1.51771e-14 0)
(400 -1.13995e-15 0)
(400 1.33687e-14 0)
(400 2.10294e-14 0)
(400 8.02749e-15 0)
(400 5.88681e-15 0)
(400 1.69275e-14 0)
(400 2.12494e-14 0)
(400 9.25329e-15 0)
(400 -2.24373e-14 0)
(400 -3.37299e-14 0)
(400 -4.31879e-14 0)
(400 -3.96716e-14 0)
(400 -4.70648e-14 0)
(400 -4.17978e-14 0)
(400 -4.06746e-14 0)
(400 -4.42291e-14 0)
(400 -3.43443e-14 0)
(400 -3.09534e-14 0)
(400 -4.05891e-14 0)
(400 -5.22097e-14 0)
(400 -5.77552e-14 0)
(400 -6.84957e-14 0)
(400 -8.6664e-14 0)
(400 -7.5219e-14 0)
(400 -7.28369e-14 0)
(400 -7.77741e-14 0)
(400 -5.86975e-14 0)
(400 -5.09991e-14 0)
(400 -5.16399e-14 0)
(400 -3.45976e-14 0)
(400 -9.92609e-15 0)
(400 3.81221e-15 0)
(400 2.42954e-14 0)
(400 2.83969e-14 0)
(400 2.72395e-14 0)
(400 4.13988e-14 0)
(400 5.68703e-14 0)
(400 4.78177e-14 0)
(400 4.03585e-14 0)
(400 2.80888e-14 0)
(400 4.33103e-14 0)
(400 5.64557e-14 0)
(400 7.45377e-14 0)
(400 9.68005e-14 0)
(400 1.05173e-13 0)
(400 1.07665e-13 0)
(400 1.1222e-13 0)
(400 1.10438e-13 0)
(400 9.80965e-14 0)
(400 9.39585e-14 0)
(400 8.97454e-14 0)
(400 6.99703e-14 0)
(400 5.10079e-14 0)
(400 4.47012e-14 0)
(400 4.13526e-14 0)
(400 3.5966e-14 0)
(400 3.09868e-14 0)
(400 1.40989e-16 0)
(400 -1.63097e-14 0)
(400 -2.49125e-14 0)
(400 -2.85655e-14 0)
(400 -2.91227e-14 0)
(400 -3.65064e-14 0)
(400 -4.05847e-14 0)
(400 -3.65749e-14 0)
(400 -3.79507e-14 0)
(400 -4.27334e-14 0)
(400 -3.95662e-14 0)
(400 -3.05327e-14 0)
(400 -3.04822e-14 0)
(400 -2.8636e-14 0)
(400 -1.22466e-14 0)
(400 5.10474e-15 0)
(400 -1.27864e-15 0)
(400 5.23613e-15 0)
(400 1.70235e-14 0)
(400 1.54709e-14 0)
(400 4.44313e-15 0)
(400 6.94929e-15 0)
(400 2.8121e-14 0)
(400 2.57048e-14 0)
(400 4.3266e-15 0)
(400 5.66301e-15 0)
(400 1.83186e-14 0)
(400 2.44539e-14 0)
(400 3.10899e-14 0)
(400 4.32454e-14 0)
(400 5.49999e-14 0)
(400 5.57078e-14 0)
(400 4.31479e-14 0)
(400 4.78775e-14 0)
(400 4.7322e-14 0)
(400 3.64279e-14 0)
(400 4.01372e-14 0)
(400 3.25617e-14 0)
(400 2.38789e-14 0)
(400 3.22154e-14 0)
(400 3.30199e-14 0)
(400 3.0475e-14 0)
(400 1.74383e-14 0)
(400 6.99068e-15 0)
(400 1.17159e-14 0)
(400 6.35618e-15 0)
(400 -6.54041e-16 0)
(400 6.76933e-17 0)
(400 1.25645e-14 0)
(400 5.96331e-15 0)
(400 -6.78064e-15 0)
(400 -9.43552e-15 0)
(400 -1.8052e-14 0)
(400 -2.57359e-14 0)
(400 -2.93482e-14 0)
(400 -3.90708e-14 0)
(400 -6.20867e-14 0)
(400 -6.77437e-14 0)
(400 -5.99351e-14 0)
(400 -5.35653e-14 0)
(400 -4.91792e-14 0)
(400 -4.69183e-14 0)
(400 1.71652e-14 0)
(400 2.81992e-14 0)
(400 1.83978e-14 0)
(400 4.835e-15 0)
(400 3.15121e-15 0)
(400 -1.02455e-14 0)
(400 -1.99469e-14 0)
(400 -2.71934e-14 0)
(400 -1.49138e-14 0)
(400 -1.3787e-14 0)
(400 -8.4651e-15 0)
(400 1.18078e-15 0)
(400 3.20225e-14 0)
(400 4.4517e-14 0)
(400 4.29572e-14 0)
(400 2.15574e-14 0)
(400 -5.26781e-17 0)
(400 -8.36951e-15 0)
(400 -2.42507e-15 0)
(400 1.03354e-14 0)
(400 2.53513e-14 0)
(400 3.99244e-14 0)
(400 4.37121e-14 0)
(400 2.44161e-14 0)
(400 -6.75611e-15 0)
(400 -2.46144e-14 0)
(400 -4.66529e-14 0)
(400 -3.51944e-14 0)
(400 -1.9549e-14 0)
(400 -2.33525e-14 0)
(400 -1.60542e-14 0)
(400 -6.64536e-15 0)
(400 -1.25337e-15 0)
(400 -1.45549e-14 0)
(400 -1.98835e-14 0)
(400 -1.69106e-14 0)
(400 -1.11111e-14 0)
(400 -4.93189e-15 0)
(400 7.62778e-16 0)
(400 2.20021e-14 0)
(400 3.77285e-14 0)
(400 3.9615e-14 0)
(400 2.87582e-14 0)
(400 1.86042e-14 0)
(400 1.30661e-14 0)
(400 8.53988e-15 0)
(400 -2.61492e-15 0)
(400 -2.21547e-15 0)
(400 2.60828e-16 0)
(400 1.02485e-15 0)
(400 1.19604e-14 0)
(400 -1.27305e-14 0)
(400 -1.53684e-14 0)
(400 -1.99161e-14 0)
(400 -1.54533e-14 0)
(400 -9.39356e-15 0)
(400 -6.05223e-15 0)
(400 -2.00647e-14 0)
(400 -3.05386e-14 0)
(400 -1.97388e-14 0)
(400 1.22571e-14 0)
(400 4.56688e-14 0)
(400 4.59539e-14 0)
(400 3.38817e-14 0)
(400 3.54887e-14 0)
(400 2.1515e-14 0)
(400 2.42652e-14 0)
(400 2.53789e-14 0)
(400 1.19531e-14 0)
(400 1.137e-14 0)
(400 1.66166e-14 0)
(400 2.02071e-14 0)
(400 1.15924e-14 0)
(400 -1.21089e-14 0)
(400 -2.22472e-14 0)
(400 -2.67496e-14 0)
(400 -3.51227e-14 0)
(400 -3.7241e-14 0)
(400 -2.31692e-14 0)
(400 -1.16058e-14 0)
(400 -7.8616e-15 0)
(400 -9.24262e-16 0)
(400 7.03564e-15 0)
(400 -8.27193e-15 0)
(400 -2.4034e-15 0)
(400 7.90056e-15 0)
(400 5.75528e-15 0)
(400 1.11084e-14 0)
(400 1.17859e-14 0)
(400 2.09556e-14 0)
(400 2.85006e-14 0)
(400 3.6969e-14 0)
(400 4.59798e-14 0)
(400 2.90133e-14 0)
(400 2.33937e-14 0)
(400 7.90665e-15 0)
(400 1.1669e-14 0)
(400 1.13354e-14 0)
(400 -1.75254e-14 0)
(400 -3.17075e-14 0)
(400 -3.42111e-14 0)
(400 -2.6423e-14 0)
(400 -2.74459e-14 0)
(400 -4.16341e-14 0)
(400 -4.35657e-14 0)
(400 -4.41465e-14 0)
(400 -3.97152e-14 0)
(400 -3.16514e-14 0)
(400 -2.69262e-14 0)
(400 -2.61253e-14 0)
(400 -2.81423e-15 0)
(400 1.17482e-14 0)
(400 1.72152e-14 0)
(400 4.47392e-14 0)
(400 4.4677e-14 0)
(400 5.10237e-14 0)
(400 6.32418e-14 0)
(400 7.22329e-14 0)
(400 5.03119e-14 0)
(400 4.6622e-14 0)
(400 4.74851e-14 0)
(400 5.37741e-14 0)
(400 5.27812e-14 0)
(400 5.22237e-14 0)
(400 6.27613e-14 0)
(400 6.39821e-14 0)
(400 7.66691e-14 0)
(400 8.42159e-14 0)
(400 7.67526e-14 0)
(400 7.20259e-14 0)
(400 6.84045e-14 0)
(400 6.30888e-14 0)
(400 4.76447e-14 0)
(400 3.56405e-14 0)
(400 1.95569e-14 0)
(400 1.36424e-14 0)
(400 1.00317e-14 0)
(400 -2.0657e-15 0)
(400 -3.71371e-14 0)
(400 -5.37733e-14 0)
(400 -5.61537e-14 0)
(400 -4.05611e-14 0)
(400 -2.2844e-14 0)
(400 -1.69581e-14 0)
(400 -2.88573e-14 0)
(400 -1.16518e-14 0)
(400 -1.03196e-15 0)
(400 -1.20422e-14 0)
(400 -3.9023e-14 0)
(400 -5.03051e-14 0)
(400 -5.14039e-14 0)
(400 -4.1208e-14 0)
(400 -2.73294e-14 0)
(400 -2.48032e-14 0)
(400 -2.30879e-14 0)
(400 -1.70356e-14 0)
(400 -1.20586e-14 0)
(400 -7.82251e-15 0)
(400 -1.15387e-14 0)
(400 -3.49391e-15 0)
(400 1.11132e-15 0)
(400 3.47758e-15 0)
(400 6.38061e-15 0)
(400 2.3958e-15 0)
(400 9.23396e-15 0)
(400 1.67358e-14 0)
(400 2.08569e-14 0)
(400 4.36953e-14 0)
(400 6.82019e-14 0)
(400 9.39652e-14 0)
(400 8.96372e-14 0)
(400 8.07475e-14 0)
(400 6.57099e-14 0)
(400 5.39734e-14 0)
(400 5.72844e-14 0)
(400 3.74601e-14 0)
(400 2.66125e-14 0)
(400 3.55153e-14 0)
(400 3.7942e-14 0)
(400 4.41461e-14 0)
(400 4.82208e-14 0)
(400 3.45805e-14 0)
(400 3.52242e-14 0)
(400 3.88755e-14 0)
(400 3.63573e-14 0)
(400 2.59613e-14 0)
(400 2.57144e-14 0)
(400 2.17554e-14 0)
(400 2.76232e-14 0)
(400 3.37017e-14 0)
(400 1.2786e-14 0)
(400 6.60124e-15 0)
(400 1.70228e-14 0)
(400 8.19004e-15 0)
(400 -2.23819e-14 0)
(400 -3.55891e-14 0)
(400 -3.50417e-14 0)
(400 -4.76546e-14 0)
(400 -5.1531e-14 0)
(400 -6.76391e-14 0)
(400 -7.90838e-15 0)
(400 -1.01755e-14 0)
(400 -1.81155e-15 0)
(400 -9.9958e-17 0)
(400 -9.61448e-15 0)
(400 -3.35471e-14 0)
(400 -2.46539e-14 0)
(400 -2.25121e-14 0)
(400 -1.68155e-14 0)
(400 -1.53495e-14 0)
(400 -4.40852e-16 0)
(400 -2.95859e-15 0)
(400 -4.8595e-15 0)
(400 1.59209e-14 0)
(400 1.7601e-14 0)
(400 1.45793e-14 0)
(400 1.34566e-14 0)
(400 1.75933e-16 0)
(400 1.66774e-15 0)
(400 -5.17919e-15 0)
(400 -3.53866e-15 0)
(400 -2.03176e-15 0)
(400 -6.74349e-15 0)
(400 -3.37725e-14 0)
(400 -5.06533e-14 0)
(400 -4.57657e-14 0)
(400 -3.77407e-14 0)
(400 -3.87557e-14 0)
(400 -4.60977e-14 0)
(400 -4.5315e-14 0)
(400 -2.54475e-14 0)
(400 -5.49482e-15 0)
(400 1.03372e-14 0)
(400 2.04328e-16 0)
(400 8.98186e-15 0)
(400 2.53726e-14 0)
(400 4.60978e-14 0)
(400 5.79503e-14 0)
(400 5.32067e-14 0)
(400 4.98122e-14 0)
(400 6.77781e-14 0)
(400 6.83385e-14 0)
(400 5.37136e-14 0)
(400 3.12355e-14 0)
(400 2.41761e-14 0)
(400 4.3565e-14 0)
(400 5.36451e-14 0)
(400 5.09681e-14 0)
(400 4.82292e-14 0)
(400 4.00983e-14 0)
(400 2.74234e-14 0)
(400 6.9283e-15 0)
(400 1.15134e-15 0)
(400 -2.61877e-15 0)
(400 -1.92129e-15 0)
(400 -5.31253e-15 0)
(400 -9.19097e-15 0)
(400 -1.02669e-14 0)
(400 1.08081e-15 0)
(400 1.25813e-14 0)
(400 2.64872e-14 0)
(400 4.3965e-14 0)
(400 3.41241e-14 0)
(400 2.38675e-14 0)
(400 3.73113e-14 0)
(400 3.96088e-14 0)
(400 4.282e-14 0)
(400 3.1158e-14 0)
(400 1.80621e-14 0)
(400 1.99687e-14 0)
(400 1.39272e-14 0)
(400 1.74187e-14 0)
(400 1.58555e-14 0)
(400 1.53558e-14 0)
(400 2.33381e-14 0)
(400 1.68979e-14 0)
(400 1.80983e-14 0)
(400 1.96e-14 0)
(400 2.21182e-14 0)
(400 3.43411e-14 0)
(400 3.94055e-14 0)
(400 3.53657e-14 0)
(400 4.18374e-14 0)
(400 3.56002e-14 0)
(400 4.26613e-14 0)
(400 3.71455e-14 0)
(400 2.47576e-14 0)
(400 1.67899e-14 0)
(400 2.21946e-14 0)
(400 3.0924e-14 0)
(400 4.16052e-14 0)
(400 3.71537e-14 0)
(400 3.16591e-14 0)
(400 3.97298e-14 0)
(400 3.25693e-14 0)
(400 1.56652e-14 0)
(400 1.68027e-14 0)
(400 -7.39351e-15 0)
(400 -2.15636e-14 0)
(400 -3.82351e-14 0)
(400 -5.89312e-14 0)
(400 -7.0833e-14 0)
(400 -8.97125e-14 0)
(400 -9.43445e-14 0)
(400 -1.10743e-13 0)
(400 -1.12773e-13 0)
(400 -1.03582e-13 0)
(400 -1.05699e-13 0)
(400 -9.10128e-14 0)
(400 -6.29083e-14 0)
(400 -2.44615e-14 0)
(400 2.41422e-15 0)
(400 1.7453e-14 0)
(400 3.22864e-14 0)
(400 3.04691e-14 0)
(400 5.30969e-14 0)
(400 7.13262e-14 0)
(400 8.15256e-14 0)
(400 8.3332e-14 0)
(400 8.60423e-14 0)
(400 9.34065e-14 0)
(400 1.07634e-13 0)
(400 1.06232e-13 0)
(400 1.02575e-13 0)
(400 1.0447e-13 0)
(400 1.13392e-13 0)
(400 1.22394e-13 0)
(400 1.27961e-13 0)
(400 1.22824e-13 0)
(400 1.26214e-13 0)
(400 1.26209e-13 0)
(400 1.18972e-13 0)
(400 1.05448e-13 0)
(400 9.2565e-14 0)
(400 6.3257e-14 0)
(400 5.07081e-14 0)
(400 4.42239e-14 0)
(400 3.34629e-14 0)
(400 3.72569e-14 0)
(400 3.44279e-14 0)
(400 2.92758e-14 0)
(400 4.0853e-14 0)
(400 4.32938e-14 0)
(400 4.17348e-14 0)
(400 2.00685e-14 0)
(400 1.67655e-14 0)
(400 2.09101e-14 0)
(400 -7.37301e-16 0)
(400 -2.94567e-14 0)
(400 -6.63074e-14 0)
(400 -7.00579e-14 0)
(400 -4.91311e-14 0)
(400 -4.27881e-14 0)
(400 -4.86765e-14 0)
(400 -4.14863e-14 0)
(400 -3.02092e-14 0)
(400 -1.75452e-14 0)
(400 -2.31435e-14 0)
(400 -1.91917e-14 0)
(400 -2.20247e-14 0)
(400 -2.90117e-14 0)
(400 -1.79347e-14 0)
(400 -3.18286e-15 0)
(400 -2.16216e-14 0)
(400 -4.78155e-14 0)
(400 -3.96601e-14 0)
(400 -2.74676e-14 0)
(400 -1.35048e-14 0)
(400 8.63463e-15 0)
(400 2.1908e-14 0)
(400 3.07535e-14 0)
(400 1.52834e-14 0)
(400 -6.34656e-15 0)
(400 -2.78234e-14 0)
(400 -3.6902e-14 0)
(400 -2.88393e-14 0)
(400 -1.82749e-14 0)
(400 -1.96115e-14 0)
(400 -6.42787e-15 0)
(400 1.62845e-15 0)
(400 3.33378e-14 0)
(400 5.46518e-14 0)
(400 6.22923e-14 0)
(400 7.56831e-14 0)
(400 6.46782e-14 0)
(400 5.54285e-14 0)
(400 5.15082e-14 0)
(400 3.66193e-14 0)
(400 3.95712e-14 0)
(400 4.08408e-14 0)
(400 4.38408e-14 0)
(400 5.36489e-14 0)
(400 5.77475e-14 0)
(400 4.54077e-14 0)
(400 3.59965e-14 0)
(400 2.23489e-14 0)
(400 2.66248e-15 0)
(400 -3.02378e-14 0)
(400 -4.67203e-14 0)
(400 -5.70122e-14 0)
(400 -1.83169e-14 0)
(400 -1.41747e-14 0)
(400 4.04344e-15 0)
(400 1.78302e-14 0)
(400 2.25155e-14 0)
(400 1.92073e-14 0)
(400 2.703e-14 0)
(400 4.07166e-14 0)
(400 3.94309e-14 0)
(400 3.1192e-14 0)
(400 1.37963e-14 0)
(400 -2.09462e-14 0)
(400 -4.84587e-14 0)
(400 -5.39967e-14 0)
(400 -5.57138e-14 0)
(400 -3.94926e-14 0)
(400 -2.32757e-14 0)
(400 -3.77382e-14 0)
(400 -3.31478e-14 0)
(400 -2.34328e-14 0)
(400 -1.96265e-14 0)
(400 -2.19322e-14 0)
(400 -2.54472e-14 0)
(400 -4.39627e-14 0)
(400 -2.78791e-14 0)
(400 -4.54951e-15 0)
(400 2.22158e-14 0)
(400 2.06114e-14 0)
(400 8.53062e-16 0)
(400 -7.6205e-15 0)
(400 8.91105e-17 0)
(400 2.61398e-14 0)
(400 4.35373e-14 0)
(400 4.9192e-14 0)
(400 5.78284e-14 0)
(400 6.51261e-14 0)
(400 7.53636e-14 0)
(400 8.37741e-14 0)
(400 9.12304e-14 0)
(400 7.60531e-14 0)
(400 7.22458e-14 0)
(400 7.26398e-14 0)
(400 6.32122e-14 0)
(400 3.78869e-14 0)
(400 2.16942e-14 0)
(400 2.55942e-14 0)
(400 2.88204e-14 0)
(400 2.73126e-14 0)
(400 1.90073e-14 0)
(400 1.19362e-14 0)
(400 -2.21587e-14 0)
(400 -4.54319e-14 0)
(400 -5.17587e-14 0)
(400 -4.37729e-14 0)
(400 -3.47708e-14 0)
(400 -4.57865e-14 0)
(400 -5.06543e-14 0)
(400 -3.61143e-14 0)
(400 -9.33137e-15 0)
(400 -1.18927e-14 0)
(400 -1.43254e-14 0)
(400 -1.73109e-15 0)
(400 -1.0213e-14 0)
(400 -1.52529e-14 0)
(400 -1.25203e-14 0)
(400 1.47471e-14 0)
(400 1.79891e-14 0)
(400 6.10167e-15 0)
(400 3.97253e-15 0)
(400 7.53567e-15 0)
(400 -9.31029e-16 0)
(400 -4.36512e-15 0)
(400 4.03426e-15 0)
(400 2.23147e-14 0)
(400 3.77291e-14 0)
(400 5.25239e-14 0)
(400 5.88859e-14 0)
(400 6.59061e-14 0)
(400 5.57756e-14 0)
(400 5.05753e-14 0)
(400 4.44941e-14 0)
(400 3.72696e-14 0)
(400 2.98782e-14 0)
(400 2.66312e-14 0)
(400 2.08553e-14 0)
(400 1.15841e-14 0)
(400 1.19585e-14 0)
(400 3.23863e-14 0)
(400 5.20571e-14 0)
(400 5.25198e-14 0)
(400 5.18003e-14 0)
(400 5.21848e-14 0)
(400 5.49425e-14 0)
(400 7.81781e-14 0)
(400 7.27027e-14 0)
(400 6.44693e-14 0)
(400 6.92293e-14 0)
(400 5.2146e-14 0)
(400 3.35951e-14 0)
(400 4.19479e-15 0)
(400 -2.77798e-14 0)
(400 -4.73656e-14 0)
(400 -6.17682e-14 0)
(400 -7.52325e-14 0)
(400 -8.55879e-14 0)
(400 -9.20853e-14 0)
(400 -9.09218e-14 0)
(400 -1.0007e-13 0)
(400 -9.52278e-14 0)
(400 -7.75147e-14 0)
(400 -5.08225e-14 0)
(400 -2.52374e-14 0)
(400 -1.92336e-14 0)
(400 -9.30854e-16 0)
(400 2.44208e-14 0)
(400 3.24776e-14 0)
(400 4.17725e-14 0)
(400 4.70956e-14 0)
(400 5.04774e-14 0)
(400 6.5955e-14 0)
(400 7.47041e-14 0)
(400 7.23174e-14 0)
(400 6.96656e-14 0)
(400 5.55198e-14 0)
(400 5.24629e-14 0)
(400 5.51085e-14 0)
(400 4.44754e-14 0)
(400 4.13144e-14 0)
(400 3.41594e-14 0)
(400 3.31104e-14 0)
(400 3.81696e-14 0)
(400 3.45784e-14 0)
(400 1.38873e-14 0)
(400 7.76746e-15 0)
(400 1.99925e-14 0)
(400 2.21662e-14 0)
(400 1.64743e-14 0)
(400 2.30722e-14 0)
(400 4.14224e-14 0)
(400 5.71791e-14 0)
(400 7.60189e-14 0)
(400 7.05173e-14 0)
(400 6.34363e-14 0)
(400 6.00371e-14 0)
(400 7.01044e-14 0)
(400 4.49688e-14 0)
(400 2.7941e-14 0)
(400 2.30545e-14 0)
(400 1.78495e-14 0)
(400 5.85437e-15 0)
(400 -6.30849e-15 0)
(400 -8.90447e-15 0)
(400 -2.0335e-14 0)
(400 -1.294e-14 0)
(400 -3.5964e-15 0)
(400 -2.57283e-16 0)
(400 1.85336e-15 0)
(400 -1.52815e-15 0)
(400 -2.19914e-14 0)
(400 -2.20537e-14 0)
(400 -2.78614e-14 0)
(400 -2.61266e-14 0)
(400 -1.54651e-14 0)
(400 -2.48128e-14 0)
(400 -4.76035e-14 0)
(400 -5.06499e-14 0)
(400 -3.64431e-14 0)
(400 -2.5746e-14 0)
(400 -5.86374e-15 0)
(400 1.01152e-14 0)
(400 1.67751e-14 0)
(400 1.54016e-14 0)
(400 -7.88731e-16 0)
(400 -2.40886e-14 0)
(400 -2.78673e-14 0)
(400 -1.42933e-14 0)
(400 9.6838e-15 0)
(400 1.6208e-14 0)
(400 2.9651e-14 0)
(400 4.80505e-14 0)
(400 6.93022e-14 0)
(400 1.03287e-13 0)
(400 1.19876e-13 0)
(400 1.31413e-13 0)
(400 1.24503e-13 0)
(400 1.19178e-13 0)
(400 1.16446e-13 0)
(400 1.09538e-13 0)
(400 9.69296e-14 0)
(400 8.90836e-14 0)
(400 9.40212e-14 0)
(400 9.61204e-14 0)
(400 7.91539e-14 0)
(400 7.23917e-14 0)
(400 6.92005e-14 0)
(400 6.56405e-14 0)
(400 3.98157e-14 0)
(400 2.83221e-14 0)
(400 1.88449e-14 0)
(400 2.04249e-14 0)
(400 -1.31811e-14 0)
(400 1.1274e-14 0)
(400 2.76246e-14 0)
(400 3.55076e-14 0)
(400 4.78475e-14 0)
(400 5.15713e-14 0)
(400 4.38044e-14 0)
(400 3.90894e-14 0)
(400 4.36527e-14 0)
(400 4.11729e-14 0)
(400 1.65117e-14 0)
(400 1.44285e-14 0)
(400 4.51564e-16 0)
(400 -3.68956e-14 0)
(400 -4.51441e-14 0)
(400 -4.32153e-14 0)
(400 -3.67542e-14 0)
(400 -2.13328e-14 0)
(400 -2.73248e-14 0)
(400 -3.52014e-14 0)
(400 -2.60587e-14 0)
(400 -2.72757e-14 0)
(400 -2.63509e-14 0)
(400 -2.32912e-14 0)
(400 -9.03191e-15 0)
(400 -3.86996e-15 0)
(400 7.42067e-15 0)
(400 1.54866e-14 0)
(400 1.4062e-14 0)
(400 5.66556e-15 0)
(400 1.71284e-15 0)
(400 8.82857e-15 0)
(400 1.44323e-14 0)
(400 3.78077e-14 0)
(400 4.09434e-14 0)
(400 5.42356e-14 0)
(400 7.31322e-14 0)
(400 6.70087e-14 0)
(400 7.43681e-14 0)
(400 8.04367e-14 0)
(400 7.79264e-14 0)
(400 7.83932e-14 0)
(400 8.10753e-14 0)
(400 6.22963e-14 0)
(400 4.73878e-14 0)
(400 1.97885e-14 0)
(400 1.82461e-14 0)
(400 2.10379e-14 0)
(400 2.22998e-14 0)
(400 1.74935e-14 0)
(400 -9.19118e-15 0)
(400 -3.28901e-14 0)
(400 -4.01546e-14 0)
(400 -3.60556e-14 0)
(400 -5.51531e-14 0)
(400 -6.7188e-14 0)
(400 -6.88334e-14 0)
(400 -5.89682e-14 0)
(400 -4.92369e-14 0)
(400 -4.73923e-14 0)
(400 -5.86905e-14 0)
(400 -7.31958e-14 0)
(400 -6.25286e-14 0)
(400 -4.72972e-14 0)
(400 -4.11011e-14 0)
(400 -1.78695e-14 0)
(400 -6.07385e-15 0)
(400 -7.68532e-15 0)
(400 -3.91127e-15 0)
(400 6.14372e-15 0)
(400 2.08597e-14 0)
(400 2.83659e-14 0)
(400 3.81937e-14 0)
(400 6.14192e-14 0)
(400 7.62619e-14 0)
(400 8.73083e-14 0)
(400 7.00182e-14 0)
(400 5.26602e-14 0)
(400 4.14658e-14 0)
(400 3.44779e-14 0)
(400 3.28263e-14 0)
(400 2.12495e-14 0)
(400 6.62302e-15 0)
(400 -3.81246e-15 0)
(400 -1.20338e-14 0)
(400 -1.96218e-14 0)
(400 -1.8197e-14 0)
(400 -1.33355e-15 0)
(400 8.18107e-15 0)
(400 1.59839e-14 0)
(400 1.51456e-14 0)
(400 1.60424e-14 0)
(400 3.04737e-14 0)
(400 3.74282e-14 0)
(400 3.56176e-14 0)
(400 2.92571e-14 0)
(400 2.0827e-14 0)
(400 1.08746e-14 0)
(400 -1.20128e-14 0)
(400 -3.89043e-14 0)
(400 -6.22525e-14 0)
(400 -8.02866e-14 0)
(400 -6.94464e-14 0)
(400 -8.00926e-14 0)
(400 -8.49374e-14 0)
(400 -8.36156e-14 0)
(400 -8.01607e-14 0)
(400 -8.37057e-14 0)
(400 -9.6189e-14 0)
(400 -9.02926e-14 0)
(400 -8.03942e-14 0)
(400 -7e-14 0)
(400 -4.94202e-14 0)
(400 -2.60551e-14 0)
(400 1.08929e-14 0)
(400 1.55118e-14 0)
(400 8.1278e-15 0)
(400 1.0812e-14 0)
(400 1.38253e-15 0)
(400 1.92592e-14 0)
(400 4.12266e-14 0)
(400 2.94133e-14 0)
(400 2.6201e-14 0)
(400 3.39449e-14 0)
(400 3.68949e-14 0)
(400 3.33605e-14 0)
(400 3.56047e-14 0)
(400 3.95625e-14 0)
(400 4.63083e-14 0)
(400 6.74071e-14 0)
(400 8.38047e-14 0)
(400 7.24349e-14 0)
(400 7.0523e-14 0)
(400 6.16367e-14 0)
(400 6.45469e-14 0)
(400 6.35647e-14 0)
(400 5.28174e-14 0)
(400 6.183e-14 0)
(400 8.18883e-14 0)
(400 9.26261e-14 0)
(400 9.7732e-14 0)
(400 7.82097e-14 0)
(400 6.01028e-14 0)
(400 4.80672e-14 0)
(400 5.81494e-14 0)
(400 3.50168e-14 0)
(400 1.05705e-15 0)
(400 -1.91695e-14 0)
(400 -1.61012e-14 0)
(400 1.20703e-14 0)
(400 1.56766e-14 0)
(400 -2.53192e-15 0)
(400 -2.61385e-14 0)
(400 -2.89807e-14 0)
(400 -1.70725e-14 0)
(400 -4.97233e-15 0)
(400 -9.74416e-15 0)
(400 -2.22301e-14 0)
(400 -2.38915e-14 0)
(400 -1.68039e-14 0)
(400 -1.7851e-14 0)
(400 -3.05461e-14 0)
(400 -1.97562e-14 0)
(400 -1.71239e-14 0)
(400 -1.26252e-14 0)
(400 -1.78139e-14 0)
(400 -2.57849e-14 0)
(400 -2.50328e-14 0)
(400 -2.18634e-14 0)
(400 -2.00939e-15 0)
(400 6.73654e-15 0)
(400 1.71014e-14 0)
(400 1.64502e-14 0)
(400 1.36982e-14 0)
(400 2.59478e-14 0)
(400 3.81867e-14 0)
(400 5.5688e-14 0)
(400 6.32644e-14 0)
(400 6.05781e-14 0)
(400 6.29152e-14 0)
(400 5.2802e-14 0)
(400 5.28694e-14 0)
(400 5.58559e-14 0)
(400 5.23434e-14 0)
(400 7.07972e-14 0)
(400 7.20426e-14 0)
(400 7.05815e-14 0)
(400 8.03971e-14 0)
(400 7.5303e-14 0)
(400 6.55618e-14 0)
(400 7.02228e-14 0)
(400 5.93335e-14 0)
(400 5.09061e-14 0)
(400 4.31171e-14 0)
(400 4.13753e-14 0)
(400 3.57254e-14 0)
(400 2.85585e-14 0)
(400 1.81241e-14 0)
(400 1.24745e-14 0)
(400 6.70315e-15 0)
(400 -3.36345e-14 0)
(400 -1.32345e-14 0)
(400 8.25988e-15 0)
(400 -2.13094e-15 0)
(400 2.75835e-16 0)
(400 1.85689e-14 0)
(400 1.19207e-14 0)
(400 -3.67271e-15 0)
(400 -1.08976e-14 0)
(400 -2.41823e-14 0)
(400 -3.18601e-14 0)
(400 -2.03038e-14 0)
(400 -2.08219e-14 0)
(400 -4.83803e-14 0)
(400 -5.36848e-14 0)
(400 -6.01269e-14 0)
(400 -5.45275e-14 0)
(400 -4.2172e-14 0)
(400 -4.62795e-14 0)
(400 -5.28858e-14 0)
(400 -4.94656e-14 0)
(400 -5.10843e-14 0)
(400 -4.92717e-14 0)
(400 -4.26331e-14 0)
(400 -3.40328e-14 0)
(400 -2.86153e-14 0)
(400 -2.63766e-14 0)
(400 -1.47529e-14 0)
(400 -4.50771e-15 0)
(400 3.68587e-16 0)
(400 -1.0464e-15 0)
(400 -9.51068e-15 0)
(400 -4.5919e-15 0)
(400 7.82714e-15 0)
(400 1.57002e-14 0)
(400 2.97117e-14 0)
(400 4.70079e-14 0)
(400 6.27596e-14 0)
(400 6.73871e-14 0)
(400 7.28707e-14 0)
(400 6.62436e-14 0)
(400 6.90733e-14 0)
(400 6.59461e-14 0)
(400 5.48709e-14 0)
(400 3.56524e-14 0)
(400 1.6626e-14 0)
(400 2.04143e-14 0)
(400 1.97743e-14 0)
(400 2.43473e-14 0)
(400 1.64604e-14 0)
(400 -5.62237e-15 0)
(400 -1.18703e-14 0)
(400 -2.40944e-14 0)
(400 -3.79097e-14 0)
(400 -3.41715e-14 0)
(400 -2.00502e-14 0)
(400 -1.65842e-14 0)
(400 -1.37375e-14 0)
(400 -2.03511e-14 0)
(400 -1.13037e-14 0)
(400 -1.3618e-14 0)
(400 -2.6698e-14 0)
(400 -2.30718e-14 0)
(400 -1.79377e-14 0)
(400 -1.1839e-15 0)
(400 7.85782e-15 0)
(400 1.57639e-14 0)
(400 2.71185e-14 0)
(400 3.73418e-14 0)
(400 4.99953e-14 0)
(400 7.59293e-14 0)
(400 8.97506e-14 0)
(400 8.83585e-14 0)
(400 1.01431e-13 0)
(400 1.07511e-13 0)
(400 9.26295e-14 0)
(400 7.26416e-14 0)
(400 4.66655e-14 0)
(400 2.89255e-14 0)
(400 8.3369e-15 0)
(400 -5.38014e-15 0)
(400 -1.99104e-14 0)
(400 -1.94378e-14 0)
(400 -7.04076e-15 0)
(400 8.75324e-15 0)
(400 1.87312e-14 0)
(400 2.71419e-14 0)
(400 2.8675e-14 0)
(400 4.06612e-14 0)
(400 4.98785e-14 0)
(400 4.8476e-14 0)
(400 4.70072e-14 0)
(400 5.73467e-14 0)
(400 5.75752e-14 0)
(400 6.82641e-14 0)
(400 7.55619e-14 0)
(400 5.52472e-14 0)
(400 4.63572e-14 0)
(400 3.72371e-14 0)
(400 3.16666e-14 0)
(400 1.96124e-14 0)
(400 -7.97085e-15 0)
(400 -1.21463e-15 0)
(400 5.71228e-15 0)
(400 3.57951e-15 0)
(400 5.65425e-16 0)
(400 -1.26303e-14 0)
(400 -2.60801e-14 0)
(400 -2.58662e-14 0)
(400 -8.32598e-15 0)
(400 -5.91167e-15 0)
(400 -1.20637e-14 0)
(400 -4.22816e-15 0)
(400 2.83939e-15 0)
(400 1.6772e-14 0)
(400 2.23433e-14 0)
(400 1.09123e-14 0)
(400 1.03396e-14 0)
(400 1.99507e-14 0)
(400 2.56261e-14 0)
(400 2.80676e-14 0)
(400 2.15518e-14 0)
(400 7.33775e-15 0)
(400 8.40682e-15 0)
(400 -4.75747e-15 0)
(400 -1.47966e-14 0)
(400 -5.17982e-15 0)
(400 -5.6673e-15 0)
(400 9.3709e-15 0)
(400 2.80722e-14 0)
(400 3.00853e-14 0)
(400 2.30568e-14 0)
(400 3.53388e-14 0)
(400 2.89607e-14 0)
(400 1.62006e-14 0)
(400 1.27319e-14 0)
(400 1.24566e-14 0)
(400 2.40414e-14 0)
(400 5.02912e-14 0)
(400 7.1978e-14 0)
(400 7.5342e-14 0)
(400 7.15862e-14 0)
(400 5.90471e-14 0)
(400 4.07795e-14 0)
(400 2.65275e-14 0)
(400 2.17907e-14 0)
(400 2.39104e-15 0)
(400 -1.47541e-14 0)
(400 -7.69814e-15 0)
(400 8.19232e-15 0)
(400 1.36568e-14 0)
(400 1.02461e-14 0)
(400 -7.48021e-15 0)
(400 -2.5378e-14 0)
(400 -1.71598e-14 0)
(400 -6.04706e-15 0)
(400 -1.54256e-14 0)
(400 -1.92111e-14 0)
(400 -9.48416e-15 0)
(400 -1.34465e-14 0)
(400 -1.19535e-14 0)
(400 -1.46725e-14 0)
(400 -8.29345e-15 0)
(400 3.22916e-15 0)
(400 5.5486e-15 0)
(400 7.23682e-16 0)
(400 -6.22612e-15 0)
(400 -1.41902e-14 0)
(400 -2.77343e-14 0)
(400 -2.64394e-14 0)
(400 -1.63957e-14 0)
(400 -8.94822e-15 0)
(400 1.20322e-14 0)
(400 2.48029e-14 0)
(400 3.17942e-14 0)
(400 3.69044e-14 0)
(400 4.28971e-14 0)
(400 4.11317e-14 0)
(400 3.10162e-14 0)
(400 2.59146e-14 0)
(400 2.01352e-14 0)
(400 9.15561e-15 0)
(400 1.40437e-14 0)
(400 3.90733e-15 0)
(400 1.17704e-14 0)
(400 2.62189e-14 0)
(400 4.38249e-14 0)
(400 6.76668e-14 0)
(400 6.63368e-14 0)
(400 5.34917e-14 0)
(400 5.51426e-14 0)
(400 5.15333e-14 0)
(400 5.54374e-14 0)
(400 4.29337e-14 0)
(400 4.17602e-14 0)
(400 4.62614e-14 0)
(400 4.79483e-14 0)
(400 1.46278e-14 0)
(400 -8.25075e-16 0)
(400 -1.18779e-14 0)
(400 -2.79926e-14 0)
(400 -1.98316e-14 0)
(400 -1.90496e-15 0)
(400 -7.42637e-15 0)
(400 -7.1184e-15 0)
(400 4.59094e-15 0)
(400 1.0787e-14 0)
(400 7.53277e-15 0)
(400 -5.0028e-15 0)
(400 -1.92348e-14 0)
(400 -1.57786e-14 0)
(400 -2.02713e-14 0)
(400 -2.18946e-14 0)
(400 -4.20116e-14 0)
(400 -6.50036e-14 0)
(400 -5.8154e-14 0)
(400 -4.61355e-14 0)
(400 -4.16636e-14 0)
(400 -3.92614e-14 0)
(400 -4.91728e-14 0)
(400 -5.73385e-14 0)
(400 -5.78466e-14 0)
(400 -4.88351e-14 0)
(400 -2.46572e-14 0)
(400 -2.22035e-14 0)
(400 -1.39984e-14 0)
(400 4.06225e-15 0)
(400 2.03445e-14 0)
(400 2.07911e-14 0)
(400 1.01962e-14 0)
(400 1.5049e-14 0)
(400 2.69301e-14 0)
(400 3.83944e-14 0)
(400 3.624e-14 0)
(400 4.16781e-14 0)
(400 3.62069e-14 0)
(400 3.6305e-14 0)
(400 6.20654e-14 0)
(400 7.13873e-14 0)
(400 6.16469e-14 0)
(400 4.94133e-14 0)
(400 5.52818e-14 0)
(400 5.96145e-14 0)
(400 5.91135e-14 0)
(400 3.43373e-14 0)
(400 3.45963e-14 0)
(400 3.4492e-14 0)
(400 4.3262e-14 0)
(400 2.81454e-14 0)
(400 9.58452e-15 0)
(400 -3.53087e-15 0)
(400 -1.79862e-14 0)
(400 -3.43734e-14 0)
(400 -4.67848e-14 0)
(400 -3.61048e-14 0)
(400 -3.32772e-14 0)
(400 -3.51325e-14 0)
(400 -5.23853e-14 0)
(400 -7.90491e-14 0)
(400 -8.04733e-14 0)
(400 -6.84058e-14 0)
(400 -6.97791e-14 0)
(400 -7.1698e-14 0)
(400 -7.70758e-14 0)
(400 -6.36292e-14 0)
(400 -6.24709e-14 0)
(400 -6.78199e-14 0)
(400 -4.88086e-14 0)
(400 -2.1796e-14 0)
(400 -9.98632e-15 0)
(400 7.88434e-15 0)
(400 2.83243e-14 0)
(400 4.43637e-14 0)
(400 5.06063e-14 0)
(400 4.96134e-14 0)
(400 3.78608e-14 0)
(400 2.28976e-14 0)
(400 1.33216e-14 0)
(400 9.51029e-15 0)
(400 -2.36004e-14 0)
(400 -4.89249e-14 0)
(400 -3.75765e-14 0)
(400 -2.32394e-14 0)
(400 -1.79248e-14 0)
(400 1.05405e-14 0)
(400 4.70085e-14 0)
(400 6.73981e-14 0)
(400 8.50762e-14 0)
(400 9.33578e-14 0)
(400 9.33079e-14 0)
(400 8.15543e-14 0)
(400 8.45254e-14 0)
(400 9.00124e-14 0)
(400 8.01079e-14 0)
(400 7.95542e-14 0)
(400 9.10562e-14 0)
(400 7.44605e-14 0)
(400 6.58238e-14 0)
(400 5.19081e-14 0)
(400 5.11974e-14 0)
(400 4.84928e-14 0)
(400 3.82993e-14 0)
(400 3.07087e-14 0)
(400 2.68588e-14 0)
(400 2.01038e-14 0)
(400 1.17324e-14 0)
(400 -1.06955e-14 0)
(400 -2.10413e-14 0)
(400 -2.13303e-14 0)
(400 -1.96611e-14 0)
(400 -2.15628e-14 0)
(400 -3.13581e-14 0)
(400 -3.3276e-14 0)
(400 -3.63038e-14 0)
(400 -4.78945e-14 0)
(400 -4.68887e-14 0)
(400 -3.72603e-14 0)
(400 -3.16793e-14 0)
(400 -1.42755e-14 0)
(400 -1.2611e-14 0)
(400 -1.91434e-14 0)
(400 -1.96395e-14 0)
(400 -2.36933e-14 0)
(400 -3.10706e-14 0)
(400 -3.93097e-14 0)
(400 -3.73116e-14 0)
(400 -2.95566e-14 0)
(400 -2.67679e-14 0)
(400 -1.4826e-14 0)
(400 -1.23153e-14 0)
(400 -2.77154e-14 0)
(400 -3.15439e-14 0)
(400 -2.9554e-14 0)
(400 -3.34327e-14 0)
(400 -2.34748e-14 0)
(400 -1.19431e-14 0)
(400 -9.76201e-15 0)
(400 -3.35769e-15 0)
(400 7.29521e-15 0)
(400 1.37396e-14 0)
(400 2.77113e-14 0)
(400 4.01647e-14 0)
(400 3.63665e-14 0)
(400 1.59194e-14 0)
(400 -7.65669e-16 0)
(400 1.38638e-15 0)
(400 7.26432e-15 0)
(400 1.31785e-14 0)
(400 1.27697e-14 0)
(400 1.91352e-15 0)
(400 1.02168e-15 0)
(400 9.39747e-15 0)
(400 1.7058e-14 0)
(400 6.78598e-15 0)
(400 -1.34821e-15 0)
(400 -1.95287e-14 0)
(400 -2.78534e-14 0)
(400 -3.09005e-14 0)
(400 -5.08235e-14 0)
(400 -7.2023e-14 0)
(400 -7.806e-14 0)
(400 -6.76174e-14 0)
(400 -6.11501e-14 0)
(400 -4.11017e-14 0)
(400 -2.64504e-14 0)
(400 -3.75244e-14 0)
(400 -3.39657e-14 0)
(400 -1.90906e-14 0)
(400 -2.35993e-14 0)
(400 -2.10771e-14 0)
(400 -2.4166e-14 0)
(400 -3.18822e-14 0)
(400 -1.85185e-14 0)
(400 -6.12896e-15 0)
(400 -5.68909e-15 0)
(400 -2.60439e-14 0)
(400 -3.03352e-14 0)
(400 -2.39011e-14 0)
(400 -2.12665e-14 0)
(400 -2.34276e-14 0)
(400 -1.52658e-14 0)
(400 3.95475e-15 0)
(400 1.11136e-14 0)
(400 -4.92555e-15 0)
(400 -2.39165e-15 0)
(400 1.00752e-15 0)
(400 -2.25865e-15 0)
(400 1.98687e-14 0)
(400 3.75781e-14 0)
(400 5.16918e-14 0)
(400 3.11803e-14 0)
(400 1.17218e-14 0)
(400 4.98592e-17 0)
(400 -7.08098e-16 0)
(400 6.92881e-15 0)
(400 1.05762e-14 0)
(400 3.52469e-15 0)
(400 -9.62733e-15 0)
(400 -1.99528e-14 0)
(400 -1.35769e-14 0)
(400 -7.2004e-15 0)
(400 -1.27617e-14 0)
(400 -1.19788e-14 0)
(400 -7.9354e-15 0)
(400 -1.30811e-14 0)
(400 -2.03177e-14 0)
(400 -8.64641e-15 0)
(400 7.3612e-15 0)
(400 6.04946e-15 0)
(400 2.01032e-14 0)
(400 4.23125e-14 0)
(400 4.80788e-14 0)
(400 4.26388e-14 0)
(400 2.2232e-14 0)
(400 -1.38522e-14 0)
(400 -1.13167e-14 0)
(400 -2.33383e-14 0)
(400 -2.95794e-14 0)
(400 -4.03419e-14 0)
(400 -5.36714e-14 0)
(400 -5.81406e-14 0)
(400 -6.70828e-14 0)
(400 -6.63948e-14 0)
(400 -5.98215e-14 0)
(400 -5.1059e-14 0)
(400 -4.37788e-14 0)
(400 -2.55936e-14 0)
(400 -6.53991e-15 0)
(400 3.56955e-15 0)
(400 1.76865e-14 0)
(400 2.46368e-14 0)
(400 4.35353e-14 0)
(400 4.50107e-14 0)
(400 3.51241e-14 0)
(400 3.40188e-14 0)
(400 4.61597e-14 0)
(400 4.48214e-14 0)
(400 4.31137e-14 0)
(400 4.80137e-14 0)
(400 5.33305e-14 0)
(400 5.82904e-14 0)
(400 5.80664e-14 0)
(400 6.51924e-14 0)
(400 6.41221e-14 0)
(400 4.83994e-14 0)
(400 4.28202e-14 0)
(400 3.27727e-14 0)
(400 3.20487e-14 0)
(400 2.12172e-14 0)
(400 8.18958e-15 0)
(400 1.68822e-14 0)
(400 1.61836e-14 0)
(400 1.0513e-14 0)
(400 5.4406e-15 0)
(400 -1.21094e-14 0)
(400 -2.26727e-14 0)
(400 -3.02707e-14 0)
(400 -4.42309e-14 0)
(400 -4.40693e-14 0)
(400 -5.50943e-14 0)
(400 -5.25445e-14 0)
(400 -4.92344e-14 0)
(400 -4.82974e-14 0)
(400 -4.10134e-14 0)
(400 -3.7247e-14 0)
(400 -4.8006e-14 0)
(400 -4.09876e-14 0)
(400 -2.95968e-14 0)
(400 -2.08889e-14 0)
(400 1.75005e-15 0)
(400 1.59111e-15 0)
(400 8.90723e-15 0)
(400 3.7557e-14 0)
(400 3.83345e-14 0)
(400 4.02151e-14 0)
(400 3.03987e-14 0)
(400 2.26488e-14 0)
(400 1.91141e-14 0)
(400 1.52789e-14 0)
(400 1.93318e-14 0)
(400 2.33715e-14 0)
(400 3.03006e-14 0)
(400 3.18782e-14 0)
(400 4.65342e-14 0)
(400 5.83319e-14 0)
(400 6.53016e-14 0)
(400 6.39337e-14 0)
(400 7.53291e-14 0)
(400 8.22695e-14 0)
(400 8.21942e-14 0)
(400 8.63638e-14 0)
(400 8.84715e-14 0)
(400 9.57633e-14 0)
(400 8.62711e-14 0)
(400 8.84761e-14 0)
(400 7.63049e-14 0)
(400 5.57237e-14 0)
(400 3.89675e-14 0)
(400 3.98197e-14 0)
(400 2.97414e-14 0)
(400 2.89366e-14 0)
(400 3.45746e-14 0)
(400 2.01183e-14 0)
(400 9.18741e-15 0)
(400 3.58955e-16 0)
(400 -4.4434e-15 0)
(400 -9.02558e-15 0)
(400 8.9371e-15 0)
(400 1.51423e-14 0)
(400 7.46047e-15 0)
(400 -4.2903e-15 0)
(400 -1.29498e-14 0)
(400 -3.7804e-15 0)
(400 -1.32931e-14 0)
(400 -1.83995e-14 0)
(400 -1.35934e-14 0)
(400 -1.67433e-14 0)
(400 -7.07454e-15 0)
(400 3.24972e-15 0)
(400 -1.70405e-15 0)
(400 -6.49413e-15 0)
(400 -7.09373e-15 0)
(400 -6.67217e-15 0)
(400 -5.77513e-15 0)
(400 -9.38818e-15 0)
(400 -6.63779e-15 0)
(400 1.43624e-14 0)
(400 2.65507e-14 0)
(400 3.0877e-14 0)
(400 2.20674e-14 0)
(400 1.19124e-14 0)
(400 1.58331e-14 0)
(400 1.12347e-14 0)
(400 9.78195e-15 0)
(400 1.21143e-14 0)
(400 2.0154e-14 0)
(400 2.49118e-14 0)
(400 3.1368e-14 0)
(400 3.44477e-14 0)
(400 4.21181e-14 0)
(400 4.45976e-14 0)
(400 5.1527e-14 0)
(400 4.80724e-14 0)
(400 5.04949e-14 0)
(400 4.3544e-14 0)
(400 5.13412e-14 0)
(400 6.36744e-14 0)
(400 6.4599e-14 0)
(400 6.37576e-14 0)
(400 5.32753e-14 0)
(400 5.63719e-14 0)
(400 6.09006e-14 0)
(400 6.65602e-14 0)
(400 6.12904e-14 0)
(400 4.06954e-14 0)
(400 2.02416e-14 0)
(400 1.15628e-14 0)
(400 2.04707e-15 0)
(400 -1.59512e-14 0)
(400 -3.49356e-14 0)
(400 -4.41287e-14 0)
(400 -3.7227e-14 0)
(400 -3.26409e-14 0)
(400 -3.29864e-14 0)
(400 -2.44847e-14 0)
(400 -2.9506e-14 0)
(400 -4.18772e-14 0)
(400 -3.81087e-14 0)
(400 -2.3869e-14 0)
(400 -2.01374e-14 0)
(400 -1.45277e-14 0)
(400 -2.02099e-14 0)
(400 -2.83931e-14 0)
(400 -3.97743e-15 0)
(400 6.61907e-15 0)
(400 4.60107e-15 0)
(400 -1.35159e-14 0)
(400 -1.78146e-14 0)
(400 -1.8443e-14 0)
(400 -1.77028e-14 0)
(400 -2.35443e-14 0)
(400 -1.894e-14 0)
(400 -2.66325e-14 0)
(400 -2.46729e-14 0)
(400 -1.6755e-14 0)
(400 -7.10509e-15 0)
(400 -1.77292e-14 0)
(400 -2.11016e-14 0)
(400 8.85656e-15 0)
(400 4.54772e-14 0)
(400 4.424e-14 0)
(400 2.54374e-14 0)
(400 1.01094e-14 0)
(400 3.30566e-14 0)
(400 3.45307e-14 0)
(400 2.90123e-14 0)
(400 1.77281e-14 0)
(400 3.05383e-14 0)
(400 2.34969e-14 0)
(400 2.07986e-14 0)
(400 -2.51867e-14 0)
(400 -3.09989e-14 0)
(400 -3.63583e-14 0)
(400 -3.11078e-14 0)
(400 -3.0776e-14 0)
(400 -4.46709e-14 0)
(400 -5.31691e-14 0)
(400 -3.62512e-14 0)
(400 -1.71334e-14 0)
(400 1.65906e-15 0)
(400 2.06559e-14 0)
(400 3.02126e-14 0)
(400 2.4943e-14 0)
(400 2.3855e-14 0)
(400 2.6381e-14 0)
(400 1.05159e-14 0)
(400 -8.66412e-15 0)
(400 -1.5915e-14 0)
(400 -9.00512e-15 0)
(400 3.78338e-15 0)
(400 7.91186e-16 0)
(400 -8.87795e-15 0)
(400 -3.04662e-14 0)
(400 -3.92949e-14 0)
(400 -3.46248e-14 0)
(400 -1.98276e-14 0)
(400 -1.57639e-14 0)
(400 -1.58867e-14 0)
(400 7.58889e-15 0)
(400 4.74304e-14 0)
(400 5.5126e-14 0)
(400 5.63308e-14 0)
(400 4.32821e-14 0)
(400 2.94919e-14 0)
(400 3.11534e-14 0)
(400 4.42516e-14 0)
(400 4.39904e-14 0)
(400 3.1706e-14 0)
(400 2.35638e-14 0)
(400 3.58748e-14 0)
(400 4.3371e-14 0)
(400 2.49933e-14 0)
(400 1.75871e-14 0)
(400 1.17866e-14 0)
(400 2.64222e-14 0)
(400 2.22743e-14 0)
(400 9.03754e-15 0)
(400 1.54703e-15 0)
(400 7.04579e-15 0)
(400 5.7109e-15 0)
(400 2.20483e-14 0)
(400 3.02022e-14 0)
(400 2.20264e-14 0)
(400 1.24105e-14 0)
(400 -1.34127e-14 0)
(400 -2.05903e-14 0)
(400 -1.96131e-14 0)
(400 -1.53037e-14 0)
(400 -1.83275e-14 0)
(400 -2.55941e-14 0)
(400 -4.00587e-14 0)
(400 -5.13169e-14 0)
(400 -5.56599e-14 0)
(400 -3.56018e-14 0)
(400 -4.05839e-14 0)
(400 -4.93236e-14 0)
(400 -2.45405e-14 0)
(400 -9.4087e-15 0)
(400 -3.8092e-15 0)
(400 6.29218e-15 0)
(400 1.14212e-15 0)
(400 -3.07608e-15 0)
(400 1.36315e-14 0)
(400 2.95376e-14 0)
(400 4.71114e-14 0)
(400 4.38102e-14 0)
(400 3.65018e-14 0)
(400 1.89806e-14 0)
(400 3.90115e-15 0)
(400 2.12515e-14 0)
(400 3.57989e-14 0)
(400 4.22509e-14 0)
(400 5.34726e-14 0)
(400 6.86693e-14 0)
(400 6.43182e-14 0)
(400 5.59277e-14 0)
(400 6.08013e-14 0)
(400 7.08367e-14 0)
(400 7.38643e-14 0)
(400 8.22013e-14 0)
(400 1.03334e-13 0)
(400 1.17943e-13 0)
(400 1.16465e-13 0)
(400 1.09835e-13 0)
(400 1.09181e-13 0)
(400 8.84613e-14 0)
(400 7.76546e-14 0)
(400 7.46522e-14 0)
(400 7.05861e-14 0)
(400 5.94476e-14 0)
(400 5.26097e-14 0)
(400 4.17587e-14 0)
(400 1.65022e-14 0)
(400 5.4827e-15 0)
(400 1.17929e-15 0)
(400 -1.7611e-14 0)
(400 -2.39379e-14 0)
(400 -1.79593e-14 0)
(400 -5.45386e-15 0)
(400 -9.76523e-15 0)
(400 -2.67625e-14 0)
(400 -2.57562e-14 0)
(400 -1.62733e-14 0)
(400 -1.34584e-14 0)
(400 -1.30623e-14 0)
(400 -2.03488e-14 0)
(400 -3.19719e-14 0)
(400 -3.05927e-14 0)
(400 -3.09631e-14 0)
(400 -3.3545e-14 0)
(400 -3.67536e-14 0)
(400 -2.62138e-14 0)
(400 -2.17907e-14 0)
(400 -2.34123e-14 0)
(400 -3.20171e-14 0)
(400 -3.23187e-14 0)
(400 -2.50906e-14 0)
(400 -1.7756e-14 0)
(400 -3.33934e-14 0)
(400 -4.58506e-14 0)
(400 -5.16458e-14 0)
(400 -4.53979e-14 0)
(400 -4.25309e-14 0)
(400 -4.05113e-14 0)
(400 -2.86344e-14 0)
(400 -3.32638e-14 0)
(400 -2.96496e-14 0)
(400 -1.81979e-14 0)
(400 -8.05135e-15 0)
(400 1.32664e-14 0)
(400 1.30003e-14 0)
(400 1.36634e-14 0)
(400 2.35613e-14 0)
(400 3.55228e-14 0)
(400 4.12333e-14 0)
(400 5.15484e-14 0)
(400 7.11663e-14 0)
(400 8.95089e-14 0)
(400 9.53814e-14 0)
(400 1.01815e-13 0)
(400 9.09107e-14 0)
(400 8.38075e-14 0)
(400 7.856e-14 0)
(400 6.64686e-14 0)
(400 4.40313e-14 0)
(400 2.69975e-14 0)
(400 9.00398e-15 0)
(400 7.48728e-15 0)
(400 2.35895e-15 0)
(400 -2.32519e-14 0)
(400 -4.24898e-14 0)
(400 -5.49061e-14 0)
(400 -6.50508e-14 0)
(400 -7.27027e-14 0)
(400 -7.71892e-14 0)
(400 -6.77546e-14 0)
(400 -7.86471e-14 0)
(400 -9.29799e-14 0)
(400 -8.24562e-14 0)
(400 -7.80599e-14 0)
(400 -5.14765e-14 0)
(400 -1.89329e-14 0)
(400 2.98335e-15 0)
(400 1.0637e-14 0)
(400 1.37621e-14 0)
(400 2.96241e-14 0)
(400 2.11668e-14 0)
(400 1.59542e-14 0)
(400 1.89241e-14 0)
(400 2.34721e-14 0)
(400 2.14484e-14 0)
(400 1.73009e-14 0)
(400 1.78713e-14 0)
(400 3.42536e-14 0)
(400 1.77852e-14 0)
(400 1.42021e-14 0)
(400 1.71292e-14 0)
(400 3.30557e-15 0)
(400 4.22433e-15 0)
(400 -3.19561e-15 0)
(400 -5.12541e-15 0)
(400 -6.43949e-15 0)
(400 -1.42378e-14 0)
(400 -1.69036e-14 0)
(400 -3.04071e-14 0)
(400 -2.89377e-14 0)
(400 -1.9297e-14 0)
(400 2.21319e-15 0)
(400 1.65512e-14 0)
(400 1.63483e-14 0)
(400 -3.17288e-14 0)
(400 -5.23678e-14 0)
(400 -5.43062e-14 0)
(400 -5.20647e-14 0)
(400 -4.45801e-14 0)
(400 -4.63711e-14 0)
(400 -4.65088e-14 0)
(400 -4.55473e-14 0)
(400 -2.47914e-14 0)
(400 -9.58299e-15 0)
(400 -1.3784e-14 0)
(400 -9.82778e-15 0)
(400 8.72399e-15 0)
(400 2.28554e-14 0)
(400 2.67439e-14 0)
(400 1.55909e-14 0)
(400 1.58504e-14 0)
(400 2.36724e-14 0)
(400 2.59741e-14 0)
(400 1.82156e-14 0)
(400 7.64597e-15 0)
(400 1.53689e-14 0)
(400 6.39385e-15 0)
(400 9.75565e-15 0)
(400 8.25408e-15 0)
(400 1.50891e-14 0)
(400 1.46305e-14 0)
(400 1.75015e-14 0)
(400 3.82291e-14 0)
(400 4.92479e-14 0)
(400 5.53734e-14 0)
(400 4.9624e-14 0)
(400 4.41424e-14 0)
(400 4.94682e-14 0)
(400 5.18718e-14 0)
(400 3.44583e-14 0)
(400 2.16784e-14 0)
(400 1.45884e-14 0)
(400 1.278e-14 0)
(400 1.64303e-14 0)
(400 4.8762e-15 0)
(400 -2.60884e-14 0)
(400 -5.04092e-14 0)
(400 -4.84373e-14 0)
(400 -3.13942e-14 0)
(400 -3.51545e-14 0)
(400 -3.31133e-14 0)
(400 -3.19884e-14 0)
(400 -2.56817e-14 0)
(400 -7.16152e-15 0)
(400 1.89625e-15 0)
(400 7.99138e-15 0)
(400 1.10583e-15 0)
(400 -8.3752e-15 0)
(400 -1.44732e-14 0)
(400 -2.00845e-14 0)
(400 -2.24893e-14 0)
(400 -1.36596e-14 0)
(400 -2.80201e-14 0)
(400 -2.30881e-14 0)
(400 -3.19646e-14 0)
(400 -3.91265e-14 0)
(400 -5.88888e-14 0)
(400 -7.10093e-14 0)
(400 -7.41739e-14 0)
(400 -6.06795e-14 0)
(400 -4.67634e-14 0)
(400 -3.53781e-14 0)
(400 -1.7339e-14 0)
(400 -3.77735e-14 0)
(400 -5.51573e-14 0)
(400 -4.68887e-14 0)
(400 -3.38103e-14 0)
(400 -2.23203e-14 0)
(400 -1.32594e-14 0)
(400 -1.94863e-15 0)
(400 1.68572e-14 0)
(400 1.53735e-14 0)
(400 1.67357e-14 0)
(400 1.84018e-14 0)
(400 1.61355e-14 0)
(400 2.77062e-14 0)
(400 3.9859e-14 0)
(400 4.09905e-14 0)
(400 2.59749e-14 0)
(400 2.96331e-14 0)
(400 5.59853e-14 0)
(400 6.48086e-14 0)
(400 7.10526e-14 0)
(400 7.26924e-14 0)
(400 7.60533e-14 0)
(400 8.98407e-14 0)
(400 8.71818e-14 0)
(400 9.296e-14 0)
(400 7.29951e-14 0)
(400 4.98581e-14 0)
(400 4.17403e-14 0)
(400 4.00478e-14 0)
(400 4.06951e-14 0)
(400 3.69433e-14 0)
(400 4.19833e-14 0)
(400 3.06934e-14 0)
(400 2.66257e-14 0)
(400 1.73562e-14 0)
(400 9.77707e-15 0)
(400 1.45046e-14 0)
(400 3.37934e-14 0)
(400 2.12533e-14 0)
(400 8.69085e-15 0)
(400 -8.1865e-15 0)
(400 -2.64206e-14 0)
(400 -2.45131e-14 0)
(400 -1.36863e-14 0)
(400 -5.43298e-15 0)
(400 -1.71427e-14 0)
(400 -1.71955e-14 0)
(400 -1.12838e-14 0)
(400 -1.89164e-14 0)
(400 -2.83971e-14 0)
(400 -4.20674e-14 0)
(400 -5.10175e-14 0)
(400 -5.5832e-14 0)
(400 -5.31961e-14 0)
(400 -4.42579e-14 0)
(400 -4.17827e-14 0)
(400 -3.20281e-14 0)
(400 -4.43033e-14 0)
(400 -4.27651e-14 0)
(400 -3.78846e-14 0)
(400 -3.79201e-14 0)
(400 -3.65444e-14 0)
(400 -3.56183e-14 0)
(400 -2.27385e-14 0)
(400 -1.80296e-14 0)
(400 -2.5871e-14 0)
(400 -2.66224e-14 0)
(400 -3.16578e-14 0)
(400 -2.5825e-14 0)
(400 -1.20732e-14 0)
(400 -3.08495e-15 0)
(400 -1.12936e-14 0)
(400 -6.07102e-15 0)
(400 2.72356e-14 0)
(400 4.27076e-14 0)
(400 4.76354e-14 0)
(400 5.88953e-14 0)
(400 8.01351e-14 0)
(400 9.42342e-14 0)
(400 9.55974e-14 0)
(400 9.66731e-14 0)
(400 1.0511e-13 0)
(400 1.05498e-13 0)
(400 1.03168e-13 0)
(400 9.22764e-14 0)
(400 6.80187e-14 0)
(400 5.25256e-14 0)
(400 5.19052e-14 0)
(400 5.50749e-14 0)
(400 5.14844e-14 0)
(400 3.19814e-14 0)
(400 8.48121e-15 0)
(400 -7.04554e-15 0)
(400 -3.73343e-14 0)
(400 -5.35023e-14 0)
(400 -5.93292e-14 0)
(400 -5.86966e-14 0)
(400 -6.47511e-14 0)
(400 -7.86746e-14 0)
(400 -9.12444e-14 0)
(400 -8.18205e-14 0)
(400 -5.15974e-14 0)
(400 -1.60553e-14 0)
(400 1.14183e-14 0)
(400 -4.24448e-15 0)
(400 -5.87516e-15 0)
(400 1.64921e-15 0)
(400 1.33114e-14 0)
(400 1.59661e-14 0)
(400 1.61005e-14 0)
(400 1.30472e-14 0)
(400 3.57492e-15 0)
(400 -1.72884e-14 0)
(400 -2.10376e-14 0)
(400 3.1213e-15 0)
(400 7.76173e-15 0)
(400 3.73639e-15 0)
(400 1.98824e-14 0)
(400 2.57761e-14 0)
(400 1.01723e-14 0)
(400 -1.6947e-14 0)
(400 -2.70448e-14 0)
(400 -2.47645e-14 0)
(400 -3.40906e-14 0)
(400 -6.11124e-14 0)
(400 -5.784e-14 0)
(400 -4.71092e-14 0)
(400 -1.88397e-14 0)
(400 1.59567e-15 0)
(400 2.89345e-14 0)
(400 3.5623e-14 0)
(400 -2.40807e-14 0)
(400 -3.97378e-14 0)
(400 -3.70322e-14 0)
(400 -3.81296e-14 0)
(400 -4.30518e-14 0)
(400 -3.96606e-14 0)
(400 -2.045e-14 0)
(400 -2.3288e-14 0)
(400 -4.53341e-15 0)
(400 6.83632e-15 0)
(400 -1.92581e-15 0)
(400 -7.35486e-15 0)
(400 -2.83324e-15 0)
(400 9.44356e-15 0)
(400 1.26801e-15 0)
(400 -3.60859e-15 0)
(400 -5.40569e-16 0)
(400 -6.65517e-15 0)
(400 -1.52263e-14 0)
(400 -1.7727e-14 0)
(400 -2.16581e-14 0)
(400 -1.2066e-14 0)
(400 2.58515e-15 0)
(400 9.85803e-15 0)
(400 2.13869e-14 0)
(400 1.15278e-14 0)
(400 8.63032e-15 0)
(400 1.68986e-14 0)
(400 1.66535e-14 0)
(400 8.07597e-16 0)
(400 -1.79558e-15 0)
(400 -1.20633e-14 0)
(400 -7.04756e-16 0)
(400 2.81772e-14 0)
(400 3.4484e-14 0)
(400 3.26039e-14 0)
(400 2.50323e-14 0)
(400 3.12128e-14 0)
(400 3.44096e-14 0)
(400 1.62569e-14 0)
(400 4.77349e-15 0)
(400 -1.99533e-14 0)
(400 -4.19036e-14 0)
(400 -3.39748e-14 0)
(400 -4.08663e-14 0)
(400 -3.39192e-14 0)
(400 -1.85295e-14 0)
(400 -1.09739e-14 0)
(400 8.93236e-15 0)
(400 2.63501e-14 0)
(400 2.17374e-14 0)
(400 3.28108e-14 0)
(400 4.21909e-14 0)
(400 4.69322e-14 0)
(400 5.09123e-14 0)
(400 4.30588e-14 0)
(400 1.77542e-14 0)
(400 8.75968e-15 0)
(400 1.37322e-14 0)
(400 2.5202e-14 0)
(400 1.40543e-14 0)
(400 1.19998e-14 0)
(400 1.64581e-15 0)
(400 -2.41135e-14 0)
(400 -1.60565e-14 0)
(400 2.45401e-16 0)
(400 1.25548e-14 0)
(400 1.91485e-14 0)
(400 2.10729e-14 0)
(400 1.25952e-14 0)
(400 3.51496e-15 0)
(400 1.14101e-14 0)
(400 2.23951e-14 0)
(400 1.07915e-14 0)
(400 1.17304e-14 0)
(400 2.14988e-14 0)
(400 3.11376e-14 0)
(400 4.59595e-14 0)
(400 4.74875e-14 0)
(400 4.11841e-14 0)
(400 3.4127e-14 0)
(400 2.7965e-14 0)
(400 2.1996e-14 0)
(400 2.57076e-14 0)
(400 3.32432e-14 0)
(400 3.98337e-14 0)
(400 5.89659e-14 0)
(400 5.89133e-14 0)
(400 6.62631e-14 0)
(400 7.89052e-14 0)
(400 7.73373e-14 0)
(400 8.23458e-14 0)
(400 8.52275e-14 0)
(400 9.3782e-14 0)
(400 6.75267e-14 0)
(400 5.43292e-14 0)
(400 4.45297e-14 0)
(400 2.12043e-14 0)
(400 1.5606e-14 0)
(400 1.99809e-14 0)
(400 2.75973e-14 0)
(400 2.64799e-14 0)
(400 3.761e-14 0)
(400 4.97969e-14 0)
(400 3.86755e-14 0)
(400 4.70206e-14 0)
(400 5.75193e-14 0)
(400 4.41688e-14 0)
(400 2.13214e-14 0)
(400 -8.86703e-16 0)
(400 2.45684e-15 0)
(400 -6.97242e-15 0)
(400 -2.82917e-14 0)
(400 -4.38645e-14 0)
(400 -4.92084e-14 0)
(400 -4.08359e-14 0)
(400 -3.56794e-14 0)
(400 -4.72706e-14 0)
(400 -4.69118e-14 0)
(400 -4.45886e-14 0)
(400 -4.83744e-14 0)
(400 -7.09636e-14 0)
(400 -8.87557e-14 0)
(400 -9.08735e-14 0)
(400 -8.41228e-14 0)
(400 -7.4811e-14 0)
(400 -8.56474e-14 0)
(400 -9.21673e-14 0)
(400 -6.96537e-14 0)
(400 -5.49564e-14 0)
(400 -2.54541e-14 0)
(400 -1.60729e-14 0)
(400 -4.31793e-15 0)
(400 3.90635e-15 0)
(400 -1.24077e-14 0)
(400 -1.52394e-14 0)
(400 -1.92852e-14 0)
(400 -2.0358e-14 0)
(400 -1.5719e-14 0)
(400 -1.40553e-14 0)
(400 -4.02714e-15 0)
(400 3.04436e-15 0)
(400 3.2191e-14 0)
(400 5.64868e-14 0)
(400 6.24858e-14 0)
(400 7.85185e-14 0)
(400 9.25015e-14 0)
(400 8.83192e-14 0)
(400 8.94315e-14 0)
(400 7.8204e-14 0)
(400 8.87263e-14 0)
(400 9.6728e-14 0)
(400 8.07579e-14 0)
(400 6.50647e-14 0)
(400 5.31539e-14 0)
(400 5.42011e-14 0)
(400 5.70909e-14 0)
(400 4.43078e-14 0)
(400 2.96665e-14 0)
(400 1.34112e-14 0)
(400 -8.9709e-15 0)
(400 -1.20398e-14 0)
(400 -3.55029e-14 0)
(400 -5.06886e-14 0)
(400 -5.9196e-14 0)
(400 -4.99952e-14 0)
(400 -3.93519e-14 0)
(400 -4.14951e-14 0)
(400 -5.20076e-14 0)
(400 -4.56411e-14 0)
(400 -1.33174e-14 0)
(400 1.16635e-14 0)
(400 1.99123e-14 0)
(400 1.32786e-14 0)
(400 1.08926e-14 0)
(400 3.1949e-14 0)
(400 4.61159e-14 0)
(400 4.04828e-14 0)
(400 2.67292e-14 0)
(400 2.10922e-14 0)
(400 2.07974e-14 0)
(400 4.89789e-15 0)
(400 -1.89959e-14 0)
(400 -3.69839e-14 0)
(400 -4.40563e-14 0)
(400 -2.49133e-14 0)
(400 -1.42803e-14 0)
(400 -5.31051e-15 0)
(400 -2.29785e-14 0)
(400 -3.88143e-14 0)
(400 -2.71089e-14 0)
(400 -1.69927e-14 0)
(400 -2.36072e-14 0)
(400 -4.07316e-14 0)
(400 -3.23632e-14 0)
(400 -1.44286e-14 0)
(400 7.18067e-15 0)
(400 1.53485e-15 0)
(400 -3.49438e-15 0)
(400 -9.12293e-15 0)
(400 1.11282e-15 0)
(400 2.52296e-15 0)
(400 -3.53097e-14 0)
(400 -5.45007e-14 0)
(400 -6.08826e-14 0)
(400 -5.36463e-14 0)
(400 -5.47062e-14 0)
(400 -5.90076e-14 0)
(400 -4.90875e-14 0)
(400 -4.55797e-14 0)
(400 -3.49709e-14 0)
(400 -2.01925e-14 0)
(400 -1.1463e-14 0)
(400 1.25824e-14 0)
(400 2.92754e-14 0)
(400 1.69296e-14 0)
(400 2.31834e-14 0)
(400 1.76066e-14 0)
(400 1.76171e-14 0)
(400 3.3418e-14 0)
(400 2.83892e-14 0)
(400 1.5717e-14 0)
(400 1.25064e-14 0)
(400 1.27931e-14 0)
(400 1.42498e-14 0)
(400 4.47623e-15 0)
(400 1.21181e-14 0)
(400 8.13734e-15 0)
(400 -2.6073e-14 0)
(400 -5.07665e-14 0)
(400 -5.87782e-14 0)
(400 -6.77437e-14 0)
(400 -4.99697e-14 0)
(400 -2.78487e-14 0)
(400 -1.81521e-14 0)
(400 -1.02886e-14 0)
(400 -3.47851e-15 0)
(400 3.19171e-15 0)
(400 6.14705e-15 0)
(400 -1.01154e-14 0)
(400 -2.72143e-14 0)
(400 -2.53547e-14 0)
(400 -1.52229e-14 0)
(400 -1.0414e-14 0)
(400 -2.93038e-14 0)
(400 -3.36375e-14 0)
(400 -3.34349e-14 0)
(400 -1.3835e-14 0)
(400 7.86121e-15 0)
(400 1.26703e-14 0)
(400 -4.25292e-15 0)
(400 -1.45023e-14 0)
(400 -1.0838e-15 0)
(400 1.62365e-14 0)
(400 5.31001e-15 0)
(400 -1.25577e-14 0)
(400 -3.12308e-14 0)
(400 -4.56972e-14 0)
(400 -3.83178e-14 0)
(400 -4.38413e-14 0)
(400 -5.35337e-14 0)
(400 -6.97229e-14 0)
(400 -5.69851e-14 0)
(400 -6.09453e-14 0)
(400 -5.68076e-14 0)
(400 -4.26762e-14 0)
(400 -3.97255e-14 0)
(400 -3.5039e-14 0)
(400 -3.05528e-14 0)
(400 -1.64847e-14 0)
(400 2.66129e-15 0)
(400 9.00544e-15 0)
(400 6.91367e-15 0)
(400 6.04783e-15 0)
(400 3.60885e-15 0)
(400 6.12581e-15 0)
(400 -4.32543e-15 0)
(400 -4.58083e-16 0)
(400 -6.13561e-15 0)
(400 -1.45445e-14 0)
(400 -1.23128e-14 0)
(400 -1.54747e-14 0)
(400 -1.9283e-14 0)
(400 -2.98436e-14 0)
(400 -1.23709e-14 0)
(400 8.20066e-16 0)
(400 7.27508e-15 0)
(400 1.01509e-14 0)
(400 8.5371e-15 0)
(400 1.33059e-14 0)
(400 2.83763e-14 0)
(400 4.53352e-14 0)
(400 4.75972e-14 0)
(400 3.47683e-14 0)
(400 3.34411e-14 0)
(400 4.25008e-14 0)
(400 3.33749e-14 0)
(400 2.30249e-14 0)
(400 1.49187e-14 0)
(400 1.79283e-14 0)
(400 2.21168e-14 0)
(400 2.87309e-14 0)
(400 3.66057e-14 0)
(400 4.89108e-14 0)
(400 5.10855e-14 0)
(400 4.22358e-14 0)
(400 2.36733e-14 0)
(400 1.79872e-14 0)
(400 1.24115e-14 0)
(400 4.58315e-15 0)
(400 9.95673e-15 0)
(400 2.91165e-16 0)
(400 -2.55181e-14 0)
(400 -5.373e-14 0)
(400 -6.75747e-14 0)
(400 -7.92976e-14 0)
(400 -7.67847e-14 0)
(400 -7.51219e-14 0)
(400 -7.90725e-14 0)
(400 -7.00263e-14 0)
(400 -7.45153e-14 0)
(400 -8.80427e-14 0)
(400 -1.02449e-13 0)
(400 -1.14019e-13 0)
(400 -1.03546e-13 0)
(400 -9.75139e-14 0)
(400 -9.36498e-14 0)
(400 -9.57651e-14 0)
(400 -9.32753e-14 0)
(400 -6.81794e-14 0)
(400 -4.45828e-14 0)
(400 -3.14728e-14 0)
(400 -2.58051e-14 0)
(400 -3.34386e-14 0)
(400 -1.95432e-14 0)
(400 -2.12814e-14 0)
(400 -1.41638e-14 0)
(400 -1.61584e-14 0)
(400 -1.91774e-14 0)
(400 -7.70216e-15 0)
(400 1.76331e-14 0)
(400 2.50666e-14 0)
(400 1.35838e-14 0)
(400 8.69467e-15 0)
(400 1.28564e-14 0)
(400 2.67555e-14 0)
(400 2.43424e-14 0)
(400 1.94617e-14 0)
(400 3.30209e-14 0)
(400 3.3055e-14 0)
(400 1.17655e-14 0)
(400 1.13167e-14 0)
(400 1.48765e-14 0)
(400 -5.48113e-17 0)
(400 7.86887e-15 0)
(400 2.3383e-14 0)
(400 2.77546e-14 0)
(400 1.71584e-14 0)
(400 -3.38593e-15 0)
(400 -1.85711e-14 0)
(400 -3.06196e-14 0)
(400 -5.51919e-14 0)
(400 -7.20198e-14 0)
(400 -7.60578e-14 0)
(400 -8.2983e-14 0)
(400 -9.0519e-14 0)
(400 -8.94466e-14 0)
(400 -9.25354e-14 0)
(400 -8.285e-14 0)
(400 -6.53611e-14 0)
(400 -4.79442e-14 0)
(400 -3.15092e-14 0)
(400 -3.23783e-14 0)
(400 -2.28429e-14 0)
(400 -1.60631e-14 0)
(400 7.72486e-15 0)
(400 5.21137e-15 0)
(400 -6.16595e-15 0)
(400 -2.39653e-15 0)
(400 2.11177e-14 0)
(400 3.73272e-14 0)
(400 3.99805e-14 0)
(400 2.43934e-14 0)
(400 -5.17393e-15 0)
(400 -1.07128e-14 0)
(400 8.83381e-15 0)
(400 1.40315e-14 0)
(400 7.28055e-15 0)
(400 -4.24253e-15 0)
(400 -1.06755e-14 0)
(400 -5.57258e-15 0)
(400 9.10362e-15 0)
(400 1.97594e-14 0)
(400 2.67075e-14 0)
(400 3.54371e-14 0)
(400 4.77583e-14 0)
(400 3.88277e-14 0)
(400 2.45068e-14 0)
(400 1.27088e-14 0)
(400 1.17475e-14 0)
(400 1.02471e-14 0)
(400 1.38996e-14 0)
(400 -3.36627e-14 0)
(400 -6.14637e-14 0)
(400 -7.37487e-14 0)
(400 -7.13179e-14 0)
(400 -7.61314e-14 0)
(400 -7.65739e-14 0)
(400 -7.53396e-14 0)
(400 -5.77087e-14 0)
(400 -3.31275e-14 0)
(400 -1.11122e-14 0)
(400 1.1954e-14 0)
(400 3.23419e-14 0)
(400 5.33319e-14 0)
(400 6.03361e-14 0)
(400 6.87395e-14 0)
(400 6.13177e-14 0)
(400 4.54631e-14 0)
(400 3.09388e-14 0)
(400 4.17726e-14 0)
(400 3.937e-14 0)
(400 2.80165e-14 0)
(400 7.311e-15 0)
(400 9.70597e-15 0)
(400 1.69371e-14 0)
(400 2.41702e-14 0)
(400 1.91456e-14 0)
(400 4.60391e-15 0)
(400 -1.70737e-14 0)
(400 -3.07586e-14 0)
(400 -4.0456e-14 0)
(400 -3.42913e-14 0)
(400 -2.17655e-14 0)
(400 -3.33244e-15 0)
(400 -9.95235e-16 0)
(400 5.0417e-16 0)
(400 2.75941e-15 0)
(400 4.31699e-15 0)
(400 1.26101e-14 0)
(400 1.03219e-14 0)
(400 1.37644e-14 0)
(400 2.26252e-14 0)
(400 2.3506e-14 0)
(400 1.74012e-14 0)
(400 5.55813e-15 0)
(400 -1.83878e-14 0)
(400 -2.24864e-14 0)
(400 -1.77319e-14 0)
(400 -1.09574e-14 0)
(400 -1.6769e-14 0)
(400 -3.61434e-14 0)
(400 -1.74352e-14 0)
(400 7.19397e-15 0)
(400 3.9161e-15 0)
(400 -8.71043e-15 0)
(400 -1.12282e-14 0)
(400 -9.3073e-15 0)
(400 6.01157e-15 0)
(400 -2.18587e-14 0)
(400 -2.61742e-14 0)
(400 -2.81135e-14 0)
(400 -2.08804e-14 0)
(400 -1.24754e-14 0)
(400 -2.85447e-14 0)
(400 -2.57745e-14 0)
(400 -3.14548e-14 0)
(400 -2.3225e-14 0)
(400 -9.06802e-15 0)
(400 -6.40059e-15 0)
(400 1.2858e-14 0)
(400 9.53038e-15 0)
(400 -8.83111e-15 0)
(400 -8.82246e-15 0)
(400 -3.57409e-14 0)
(400 -3.91095e-14 0)
(400 -3.5908e-14 0)
(400 -3.57571e-14 0)
(400 -3.01425e-14 0)
(400 -3.55546e-14 0)
(400 -3.88433e-14 0)
(400 -3.99486e-14 0)
(400 -4.58497e-14 0)
(400 -5.23342e-14 0)
(400 -6.00986e-14 0)
(400 -5.52464e-14 0)
(400 -5.08476e-14 0)
(400 -5.091e-14 0)
(400 -4.91446e-14 0)
(400 -5.34708e-14 0)
(400 -4.49147e-14 0)
(400 -5.36281e-14 0)
(400 -5.99804e-14 0)
(400 -6.3949e-14 0)
(400 -4.09872e-14 0)
(400 -3.33324e-14 0)
(400 -2.95211e-14 0)
(400 -1.90679e-14 0)
(400 1.86663e-15 0)
(400 2.30977e-14 0)
(400 3.07726e-14 0)
(400 3.76601e-14 0)
(400 4.79458e-14 0)
(400 5.09894e-14 0)
(400 5.81902e-14 0)
(400 6.2542e-14 0)
(400 5.99164e-14 0)
(400 6.77573e-14 0)
(400 6.27673e-14 0)
(400 6.16318e-14 0)
(400 4.9743e-14 0)
(400 4.02396e-14 0)
(400 3.30494e-14 0)
(400 9.94985e-15 0)
(400 -3.8322e-16 0)
(400 -2.21014e-14 0)
(400 -2.79041e-14 0)
(400 -1.7901e-14 0)
(400 -3.40537e-14 0)
(400 -4.95297e-14 0)
(400 -6.70319e-14 0)
(400 -8.53447e-14 0)
(400 -9.43167e-14 0)
(400 -1.03322e-13 0)
(400 -9.47759e-14 0)
(400 -9.50621e-14 0)
(400 -9.52685e-14 0)
(400 -8.24522e-14 0)
(400 -7.8123e-14 0)
(400 -6.33666e-14 0)
(400 -6.67778e-14 0)
(400 -5.51261e-14 0)
(400 -3.99299e-14 0)
(400 -3.88079e-14 0)
(400 -2.72951e-14 0)
(400 -2.81081e-14 0)
(400 -1.8227e-14 0)
(400 -2.4195e-14 0)
(400 -4.15809e-14 0)
(400 -3.70788e-14 0)
(400 -3.2339e-14 0)
(400 -3.06265e-14 0)
(400 -4.57931e-14 0)
(400 -4.1892e-14 0)
(400 -2.13417e-14 0)
(400 -1.60764e-14 0)
(400 -1.80772e-14 0)
(400 -8.87239e-15 0)
(400 1.3095e-15 0)
(400 1.66277e-14 0)
(400 9.97456e-15 0)
(400 5.81124e-15 0)
(400 1.93647e-15 0)
(400 1.47271e-14 0)
(400 3.0466e-14 0)
(400 3.78679e-14 0)
(400 3.54037e-14 0)
(400 3.7559e-14 0)
(400 4.22194e-14 0)
(400 5.29533e-14 0)
(400 6.14623e-14 0)
(400 2.93479e-14 0)
(400 6.01004e-15 0)
(400 5.28436e-16 0)
(400 -1.38585e-15 0)
(400 -1.69463e-14 0)
(400 -3.20833e-14 0)
(400 -4.44536e-14 0)
(400 -4.21193e-14 0)
(400 -3.35519e-14 0)
(400 -2.62639e-14 0)
(400 -2.22121e-14 0)
(400 -1.26499e-14 0)
(400 -7.30293e-16 0)
(400 1.428e-15 0)
(400 -3.98361e-15 0)
(400 -2.78043e-14 0)
(400 -3.54637e-14 0)
(400 -3.244e-14 0)
(400 -1.27901e-14 0)
(400 -1.21481e-14 0)
(400 -3.25922e-14 0)
(400 -3.55633e-14 0)
(400 -2.98833e-14 0)
(400 -1.20791e-14 0)
(400 -4.31507e-16 0)
(400 1.24592e-14 0)
(400 8.85556e-15 0)
(400 1.06452e-14 0)
(400 1.25608e-14 0)
(400 8.46118e-15 0)
(400 1.23394e-14 0)
(400 3.42167e-14 0)
(400 5.35421e-14 0)
(400 5.91249e-14 0)
(400 4.6701e-14 0)
(400 2.50943e-14 0)
(400 2.21348e-14 0)
(400 1.86257e-14 0)
(400 2.1079e-14 0)
(400 1.00747e-14 0)
(400 -1.03455e-14 0)
(400 -8.13097e-15 0)
(400 -2.25826e-15 0)
(400 -2.22651e-14 0)
(400 -3.75232e-14 0)
(400 -3.92668e-14 0)
(400 -3.02862e-14 0)
(400 -5.62134e-14 0)
(400 -6.20773e-14 0)
(400 -4.44208e-14 0)
(400 -1.62094e-14 0)
(400 2.5992e-15 0)
(400 3.04874e-15 0)
(400 -2.0733e-15 0)
(400 5.78478e-15 0)
(400 1.70366e-14 0)
(400 2.50242e-14 0)
(400 1.18399e-14 0)
(400 1.43874e-14 0)
(400 2.99853e-14 0)
(400 3.34858e-14 0)
(400 3.39944e-14 0)
(400 2.34376e-14 0)
(400 6.61342e-15 0)
(400 5.80566e-15 0)
(400 -5.10974e-15 0)
(400 -1.56578e-14 0)
(400 -1.39943e-14 0)
(400 -2.87324e-14 0)
(400 -3.87019e-14 0)
(400 -3.43163e-14 0)
(400 -3.67852e-14 0)
(400 -3.54913e-14 0)
(400 -2.06492e-14 0)
(400 -3.09408e-14 0)
(400 -1.56546e-14 0)
(400 -6.3793e-15 0)
(400 -1.73184e-14 0)
(400 -1.42159e-14 0)
(400 -2.0071e-14 0)
(400 -2.49458e-14 0)
(400 -1.3753e-14 0)
(400 -1.8932e-15 0)
(400 2.8453e-14 0)
(400 3.65621e-14 0)
(400 1.90052e-14 0)
(400 7.53976e-16 0)
(400 -1.18563e-14 0)
(400 -1.6253e-14 0)
(400 -1.03679e-14 0)
(400 1.2242e-15 0)
(400 1.06137e-14 0)
(400 1.91378e-14 0)
(400 3.53499e-14 0)
(400 2.78288e-14 0)
(400 2.56387e-14 0)
(400 3.3901e-14 0)
(400 3.59097e-14 0)
(400 2.33712e-14 0)
(400 1.65943e-14 0)
(400 1.9804e-14 0)
(400 1.57724e-14 0)
(400 6.74115e-15 0)
(400 -2.43725e-15 0)
(400 -1.40483e-14 0)
(400 -1.09758e-14 0)
(400 -1.95534e-14 0)
(400 -1.60678e-14 0)
(400 -3.99503e-15 0)
(400 2.31824e-15 0)
(400 -1.1954e-14 0)
(400 -2.8274e-14 0)
(400 -3.38111e-14 0)
(400 -5.02359e-14 0)
(400 -6.24459e-14 0)
(400 -4.52062e-14 0)
(400 -3.57134e-14 0)
(400 -2.43876e-14 0)
(400 -1.09714e-14 0)
(400 -1.61594e-14 0)
(400 -3.35471e-14 0)
(400 -3.99486e-14 0)
(400 -2.36598e-14 0)
(400 -3.53575e-14 0)
(400 -4.60277e-14 0)
(400 -5.62872e-14 0)
(400 -6.05158e-14 0)
(400 -6.25809e-14 0)
(400 -5.80687e-14 0)
(400 -6.83868e-14 0)
(400 -9.36145e-14 0)
(400 -9.79788e-14 0)
(400 -8.65249e-14 0)
(400 -7.13724e-14 0)
(400 -6.24027e-14 0)
(400 -5.01959e-14 0)
(400 -3.27998e-14 0)
(400 -1.30159e-14 0)
(400 -2.53883e-15 0)
(400 -3.17089e-15 0)
(400 4.84177e-15 0)
(400 2.69511e-14 0)
(400 4.05077e-14 0)
(400 4.65772e-14 0)
(400 4.57871e-14 0)
(400 4.02884e-14 0)
(400 3.83789e-14 0)
(400 3.21716e-14 0)
(400 2.76433e-14 0)
(400 1.49724e-14 0)
(400 -1.17719e-15 0)
(400 -2.45856e-14 0)
(400 -4.18088e-14 0)
(400 -3.55695e-14 0)
(400 -3.55811e-14 0)
(400 -5.40265e-14 0)
(400 -6.6796e-14 0)
(400 -6.94064e-14 0)
(400 -6.52919e-14 0)
(400 -6.07835e-14 0)
(400 -5.74259e-14 0)
(400 -5.69097e-14 0)
(400 -5.23709e-14 0)
(400 -4.87199e-14 0)
(400 -5.27854e-14 0)
(400 -5.71128e-14 0)
(400 -3.71148e-14 0)
(400 -1.91422e-14 0)
(400 -1.16315e-14 0)
(400 -1.13271e-14 0)
(400 -1.98124e-14 0)
(400 -1.3973e-14 0)
(400 2.21846e-16 0)
(400 -7.06781e-16 0)
(400 1.98292e-15 0)
(400 -4.03094e-15 0)
(400 -1.37711e-14 0)
(400 -1.68752e-14 0)
(400 -3.10651e-14 0)
(400 -3.69624e-14 0)
(400 -4.86411e-14 0)
(400 -4.24198e-14 0)
(400 -1.62307e-14 0)
(400 -1.52807e-15 0)
(400 -3.90004e-15 0)
(400 -1.89109e-14 0)
(400 -6.25821e-15 0)
(400 -3.26946e-15 0)
(400 -4.16499e-15 0)
(400 -7.79862e-15 0)
(400 -2.37151e-14 0)
(400 -3.74465e-14 0)
(400 -1.61739e-14 0)
(400 -8.98054e-15 0)
(400 -1.26754e-14 0)
(400 -2.12746e-14 0)
(400 -3.16353e-14 0)
(400 -1.92303e-14 0)
(400 -3.73213e-15 0)
(400 1.30927e-14 0)
(400 7.0388e-15 0)
(400 5.62807e-15 0)
(400 9.87543e-15 0)
(400 1.27478e-14 0)
(400 2.78873e-14 0)
(400 2.97047e-14 0)
(400 4.07137e-14 0)
(400 3.42931e-14 0)
(400 -1.93811e-15 0)
(400 -2.74354e-14 0)
(400 -3.85632e-14 0)
(400 -2.71111e-14 0)
(400 -2.26448e-14 0)
(400 -3.60574e-14 0)
(400 -5.91637e-14 0)
(400 -5.40135e-14 0)
(400 -2.05272e-14 0)
(400 6.99187e-15 0)
(400 1.18574e-14 0)
(400 6.06633e-15 0)
(400 -1.30193e-15 0)
(400 -1.54262e-16 0)
(400 1.0756e-14 0)
(400 1.09597e-14 0)
(400 2.52103e-15 0)
(400 -1.32736e-16 0)
(400 -1.38564e-14 0)
(400 -5.67807e-15 0)
(400 -9.25051e-15 0)
(400 -6.04076e-15 0)
(400 7.44404e-16 0)
(400 1.28451e-14 0)
(400 2.62206e-14 0)
(400 3.32501e-14 0)
(400 1.49917e-14 0)
(400 8.80958e-15 0)
(400 1.63055e-14 0)
(400 2.40546e-14 0)
(400 2.26103e-14 0)
(400 2.84127e-14 0)
(400 1.30168e-15 0)
(400 1.62425e-16 0)
(400 -1.67021e-15 0)
(400 -1.23101e-14 0)
(400 -2.21554e-14 0)
(400 -3.95782e-14 0)
(400 -4.95214e-14 0)
(400 -7.02763e-14 0)
(400 -8.88119e-14 0)
(400 -8.34307e-14 0)
(400 -6.50382e-14 0)
(400 -5.36775e-14 0)
(400 -5.56741e-14 0)
(400 -5.65224e-14 0)
(400 -4.76726e-14 0)
(400 -3.22485e-14 0)
(400 2.17538e-15 0)
(400 2.68801e-14 0)
(400 5.00353e-14 0)
(400 5.89389e-14 0)
(400 4.98204e-14 0)
(400 5.47915e-14 0)
(400 7.21664e-14 0)
(400 4.99239e-14 0)
(400 3.31651e-14 0)
(400 8.03114e-15 0)
(400 -7.38583e-15 0)
(400 -1.29759e-14 0)
(400 1.33294e-15 0)
(400 -8.90302e-15 0)
(400 -2.16788e-14 0)
(400 -4.31774e-14 0)
(400 -4.12966e-14 0)
(400 -3.98591e-14 0)
(400 -3.34695e-14 0)
(400 -3.82218e-14 0)
(400 -4.5536e-14 0)
(400 -6.62105e-14 0)
(400 -8.65163e-14 0)
(400 -1.02606e-13 0)
(400 -9.25997e-14 0)
(400 -8.31457e-14 0)
(400 -8.23553e-14 0)
(400 -5.85857e-14 0)
(400 -4.94377e-14 0)
(400 -4.64411e-14 0)
(400 -5.65998e-14 0)
(400 -7.08392e-14 0)
(400 -6.49406e-14 0)
(400 -5.48598e-14 0)
(400 -2.48046e-14 0)
(400 -1.34108e-14 0)
(400 -2.14924e-14 0)
(400 -1.15592e-14 0)
(400 -3.94938e-15 0)
(400 1.04664e-14 0)
(400 2.70142e-14 0)
(400 2.45597e-14 0)
(400 2.38409e-14 0)
(400 1.88652e-14 0)
(400 2.91201e-14 0)
(400 1.97851e-14 0)
(400 1.34002e-14 0)
(400 2.11173e-14 0)
(400 1.87934e-14 0)
(400 2.29862e-14 0)
(400 8.9501e-15 0)
(400 -5.79537e-15 0)
(400 -4.37494e-16 0)
(400 6.18854e-15 0)
(400 6.19585e-15 0)
(400 -7.9783e-15 0)
(400 -3.14517e-14 0)
(400 -4.9467e-14 0)
(400 -6.22508e-14 0)
(400 -4.39513e-14 0)
(400 -2.77212e-14 0)
(400 -1.82031e-14 0)
(400 1.84555e-15 0)
(400 8.97866e-16 0)
(400 -2.1378e-14 0)
(400 -4.73579e-14 0)
(400 -5.44622e-14 0)
(400 -6.66598e-14 0)
(400 -9.26369e-14 0)
(400 -1.35164e-13 0)
(400 -1.5969e-13 0)
(400 -1.60353e-13 0)
(400 -1.58618e-13 0)
(400 -1.65128e-13 0)
(400 -1.71464e-13 0)
(400 -1.77714e-13 0)
(400 -1.81977e-13 0)
(400 -1.83102e-13 0)
(400 -1.67508e-13 0)
(400 -1.4022e-13 0)
(400 -1.04615e-13 0)
(400 -8.97141e-14 0)
(400 -8.57898e-14 0)
(400 -6.31994e-14 0)
(400 -1.55436e-14 0)
(400 1.8e-14 0)
(400 3.96498e-14 0)
(400 5.97262e-14 0)
(400 7.36424e-14 0)
(400 8.11145e-14 0)
(400 9.72828e-14 0)
(400 1.08474e-13 0)
(400 1.07001e-13 0)
(400 1.03596e-13 0)
(400 9.25229e-14 0)
(400 6.52761e-14 0)
(400 4.98208e-14 0)
(400 4.96733e-14 0)
(400 5.15974e-14 0)
(400 2.95626e-14 0)
(400 -5.8371e-15 0)
(400 -8.36312e-15 0)
(400 -1.56103e-14 0)
(400 -1.38992e-14 0)
(400 -9.66466e-15 0)
(400 -2.90829e-14 0)
(400 -4.10435e-14 0)
(400 -5.25982e-14 0)
(400 -6.15519e-14 0)
(400 -6.75834e-14 0)
(400 -6.44701e-14 0)
(400 -5.93066e-14 0)
(400 -5.00076e-14 0)
(400 -3.57382e-14 0)
(400 -3.37648e-14 0)
(400 -4.08875e-14 0)
(400 -3.4316e-14 0)
(400 -3.39134e-14 0)
(400 -2.38662e-14 0)
(400 -3.24863e-14 0)
(400 -3.00208e-14 0)
(400 -1.45069e-14 0)
(400 -9.83377e-15 0)
(400 -6.68119e-15 0)
(400 -1.12621e-14 0)
(400 2.03048e-15 0)
(400 9.11871e-15 0)
(400 1.35952e-14 0)
(400 1.48129e-14 0)
(400 2.62429e-15 0)
(400 5.26016e-15 0)
(400 6.24298e-15 0)
(400 -1.00099e-14 0)
(400 -9.74425e-15 0)
(400 -1.93514e-14 0)
(400 -1.51514e-14 0)
(400 -6.14186e-15 0)
(400 -3.0048e-16 0)
(400 8.3321e-15 0)
(400 2.29304e-14 0)
(400 3.52139e-14 0)
(400 4.58328e-14 0)
(400 6.02908e-14 0)
(400 6.64235e-14 0)
(400 7.28261e-14 0)
(400 8.66804e-14 0)
(400 9.32095e-14 0)
(400 9.3238e-14 0)
(400 8.20724e-14 0)
(400 7.36429e-14 0)
(400 7.89646e-14 0)
(400 6.43363e-14 0)
(400 2.14083e-14 0)
(400 -3.38775e-14 0)
(400 -6.63208e-14 0)
(400 -8.31992e-14 0)
(400 -8.64925e-14 0)
(400 -1.05497e-13 0)
(400 -1.41159e-13 0)
(400 -1.29871e-13 0)
(400 -1.13835e-13 0)
(400 -8.63371e-14 0)
(400 -7.8847e-14 0)
(400 -8.20027e-14 0)
(400 -7.02316e-14 0)
(400 -6.02861e-14 0)
(400 -5.08347e-14 0)
(400 -4.70195e-14 0)
(400 -5.11789e-14 0)
(400 -5.82884e-14 0)
(400 -5.63505e-14 0)
(400 -5.23692e-14 0)
(400 -4.21186e-14 0)
(400 -3.74554e-14 0)
(400 -2.95515e-14 0)
(400 -2.142e-14 0)
(400 -6.63954e-15 0)
(400 9.0766e-15 0)
(400 2.03554e-14 0)
(400 3.47335e-14 0)
(400 5.90156e-14 0)
(400 8.50428e-14 0)
(400 9.53713e-14 0)
(400 3.94202e-14 0)
(400 4.8094e-14 0)
(400 3.57388e-14 0)
(400 2.66314e-14 0)
(400 3.16111e-14 0)
(400 3.0537e-14 0)
(400 1.83382e-14 0)
(400 1.55975e-14 0)
(400 1.76731e-14 0)
(400 3.04541e-15 0)
(400 -8.88854e-15 0)
(400 -1.60298e-14 0)
(400 -2.99892e-14 0)
(400 -2.89819e-14 0)
(400 -9.67833e-15 0)
(400 -1.38154e-15 0)
(400 -1.13701e-14 0)
(400 -2.46273e-14 0)
(400 -1.32573e-14 0)
(400 -1.93087e-14 0)
(400 -1.00982e-14 0)
(400 1.17785e-15 0)
(400 1.87596e-14 0)
(400 3.55464e-14 0)
(400 3.79045e-14 0)
(400 2.4802e-14 0)
(400 2.2768e-15 0)
(400 -1.24863e-14 0)
(400 -1.09022e-14 0)
(400 5.86944e-15 0)
(400 -1.08029e-14 0)
(400 -4.94773e-14 0)
(400 -6.84371e-14 0)
(400 -5.66877e-14 0)
(400 -5.76388e-14 0)
(400 -3.24657e-14 0)
(400 -3.5566e-14 0)
(400 -4.76778e-14 0)
(400 -6.69909e-14 0)
(400 -7.0841e-14 0)
(400 -6.41881e-14 0)
(400 -5.34438e-14 0)
(400 -5.06987e-14 0)
(400 -4.74807e-14 0)
(400 -4.41263e-14 0)
(400 -4.14908e-14 0)
(400 -3.59042e-14 0)
(400 -3.5056e-14 0)
(400 -2.9495e-14 0)
(400 -1.6222e-14 0)
(400 3.37007e-15 0)
(400 2.709e-14 0)
(400 3.56865e-14 0)
(400 2.2404e-14 0)
(400 1.5341e-14 0)
(400 3.34623e-14 0)
(400 4.71053e-14 0)
(400 4.07758e-14 0)
(400 3.09559e-14 0)
(400 3.20954e-14 0)
(400 2.20821e-14 0)
(400 8.481e-15 0)
(400 -6.62688e-16 0)
(400 -6.13818e-15 0)
(400 -1.38108e-14 0)
(400 -1.462e-14 0)
(400 -2.34351e-14 0)
(400 -2.64316e-14 0)
(400 -5.89222e-14 0)
(400 -7.09825e-14 0)
(400 -5.40064e-14 0)
(400 -5.39713e-14 0)
(400 -4.93395e-14 0)
(400 -5.38408e-14 0)
(400 -7.71709e-14 0)
(400 -7.3378e-14 0)
(400 -6.79182e-14 0)
(400 -5.71558e-14 0)
(400 -4.41217e-14 0)
(400 -3.71657e-14 0)
(400 -2.51341e-14 0)
(400 -2.52998e-14 0)
(400 -3.04762e-14 0)
(400 -5.348e-14 0)
(400 -6.79658e-14 0)
(400 -7.56143e-14 0)
(400 -8.71126e-14 0)
(400 -9.64008e-14 0)
(400 -8.12604e-14 0)
(400 -7.04348e-14 0)
(400 -7.43222e-14 0)
(400 -8.01304e-14 0)
(400 -8.64643e-14 0)
(400 -9.32692e-14 0)
(400 -9.69972e-14 0)
(400 -8.02778e-14 0)
(400 -6.49188e-14 0)
(400 -4.74729e-14 0)
(400 -4.53458e-14 0)
(400 -4.05151e-14 0)
(400 -1.39357e-14 0)
(400 3.11734e-15 0)
(400 -6.02296e-15 0)
(400 -1.77829e-14 0)
(400 -8.14999e-15 0)
(400 -4.44683e-15 0)
(400 1.98662e-15 0)
(400 6.91092e-15 0)
(400 1.40026e-16 0)
(400 -1.38548e-14 0)
(400 -1.7339e-14 0)
(400 -2.93332e-14 0)
(400 -5.78886e-14 0)
(400 -6.90701e-14 0)
(400 -6.5237e-14 0)
(400 -5.27793e-14 0)
(400 -3.98547e-14 0)
(400 -4.0384e-14 0)
(400 -3.75086e-14 0)
(400 -2.85596e-14 0)
(400 -9.25345e-15 0)
(400 3.98337e-15 0)
(400 1.26351e-14 0)
(400 2.05471e-14 0)
(400 2.48811e-14 0)
(400 3.47648e-14 0)
(400 3.6479e-14 0)
(400 1.51623e-14 0)
(400 2.7451e-16 0)
(400 -1.11213e-14 0)
(400 -1.68968e-14 0)
(400 -8.03644e-15 0)
(400 2.76867e-15 0)
(400 1.35384e-14 0)
(400 8.07712e-15 0)
(400 -5.13396e-16 0)
(400 -8.85973e-15 0)
(400 -1.43113e-14 0)
(400 -2.86123e-14 0)
(400 -3.35902e-14 0)
(400 -5.29878e-14 0)
(400 -5.74198e-14 0)
(400 -4.80117e-14 0)
(400 -5.30241e-14 0)
(400 -5.30843e-14 0)
(400 -6.36357e-14 0)
(400 -4.63269e-14 0)
(400 -4.18835e-14 0)
(400 -5.92434e-14 0)
(400 -6.36322e-14 0)
(400 -4.9496e-14 0)
(400 -4.57107e-14 0)
(400 -4.93785e-14 0)
(400 -6.85531e-14 0)
(400 -6.74149e-14 0)
(400 -6.01644e-14 0)
(400 -4.43563e-14 0)
(400 -2.50259e-14 0)
(400 -1.73987e-14 0)
(400 -5.21509e-15 0)
(400 2.8629e-16 0)
(400 1.75953e-14 0)
(400 3.14062e-14 0)
(400 3.83072e-14 0)
(400 4.08667e-14 0)
(400 2.619e-14 0)
(400 2.4246e-14 0)
(400 1.30588e-14 0)
(400 -1.15844e-15 0)
(400 -2.47717e-15 0)
(400 -1.56225e-14 0)
(400 -2.63639e-14 0)
(400 -3.21632e-14 0)
(400 -3.20968e-14 0)
(400 -2.63259e-14 0)
(400 -3.94155e-14 0)
(400 -4.80882e-14 0)
(400 -6.0069e-14 0)
(400 -6.74731e-14 0)
(400 -7.11804e-14 0)
(400 -5.7392e-14 0)
(400 -3.17617e-14 0)
(400 -6.5706e-15 0)
(400 1.21845e-15 0)
(400 8.11229e-15 0)
(400 -2.42003e-15 0)
(400 -2.25203e-14 0)
(400 -1.94334e-14 0)
(400 -2.88267e-14 0)
(400 -2.19966e-14 0)
(400 -2.17681e-14 0)
(400 -2.68155e-14 0)
(400 -2.56822e-14 0)
(400 -2.06591e-14 0)
(400 -3.00535e-14 0)
(400 -3.08662e-14 0)
(400 -2.5442e-14 0)
(400 -2.51946e-14 0)
(400 -1.76309e-14 0)
(400 -3.04181e-15 0)
)
;

boundaryField
{
    cyclic1
    {
        type            cyclic;
    }
    cyclic2
    {
        type            cyclic;
    }
    frontAndBack
    {
        type            empty;
    }
    outlet
    {
        type            zeroGradient;
    }
    inlet
    {
        type            fixedValue;
        value           uniform (400 0 0);
    }
}


// ************************************************************************* //
