/*--------------------------------*- C++ -*----------------------------------*\
  =========                 |
  \\      /  F ield         | OpenFOAM: The Open Source CFD Toolbox
   \\    /   O peration     | Website:  https://openfoam.org
    \\  /    A nd           | Version:  6
     \\/     M anipulation  |
\*---------------------------------------------------------------------------*/
FoamFile
{
    version     2.0;
    format      ascii;
    class       surfaceScalarField;
    location    "120";
    object      phi;
}
// * * * * * * * * * * * * * * * * * * * * * * * * * * * * * * * * * * * * * //

dimensions      [0 3 -1 0 0 0 0];

internalField   nonuniform List<scalar> 
7780
(
2
-1.79134e-17
2
3.30775e-17
2
5.56146e-17
2
4.71145e-17
2
1.00237e-16
2
1.60842e-16
2
1.73353e-16
2
1.24644e-16
2
3.47344e-17
2
-1.04212e-16
2
6.40535e-17
2
2.05572e-17
2
-9.59253e-17
2
-6.32217e-17
2
1.37421e-16
2
2.08104e-16
2
8.1129e-17
2
1.13574e-16
2
5.64537e-17
2
2.53042e-16
2
2.02227e-16
2
1.71289e-16
2
1.5989e-16
2
3.7109e-16
2
5.01546e-16
2
2.64545e-16
2
1.88079e-16
2
3.43938e-16
2
2.52656e-16
2
2.39393e-16
2
2.20103e-16
2
2.79234e-16
2
2.4439e-16
2
7.25035e-18
2
2.16235e-18
2
-3.24724e-17
2
1.16828e-16
2
1.30264e-16
2
7.77468e-17
2
-1.48743e-16
2
-3.57809e-17
2
-7.98672e-17
2
-2.28171e-16
2
-1.21261e-17
2
6.68945e-17
2
5.61918e-17
2
1.38276e-16
2
-5.65897e-18
2
1.22987e-16
2
7.95719e-17
2
-1.73355e-17
2
8.51784e-17
2
1.03665e-16
2
5.28388e-17
2
1.50977e-16
2
4.37065e-17
2
9.44051e-18
2
5.76056e-17
2
-5.79011e-17
2
-1.5175e-16
2
-3.92786e-17
2
-1.03132e-16
2
-3.93624e-17
2
-5.19803e-17
2
1.50163e-16
2
1.44023e-16
2
2.22487e-16
2
1.75897e-16
2
3.94362e-16
2
2.63594e-16
2
3.90785e-16
2
3.27365e-16
2
1.8425e-16
2
1.25876e-16
2
1.93683e-18
2
-2.58487e-16
2
-3.29261e-16
2
-1.11749e-16
2
-1.48292e-16
2
-3.27742e-16
2
-1.3018e-16
2
8.09355e-18
2
-2.07284e-16
2
-1.27107e-16
2
-2.22925e-16
2
-1.29924e-16
2
-9.94198e-17
2
2.91509e-17
2
-4.36141e-17
2
-1.97946e-16
2
-1.76097e-16
2
-1.27046e-16
2
-8.93921e-17
2
-2.1898e-16
2
-2.09507e-16
2
-5.28848e-17
2
-1.22486e-16
2
1.23923e-16
2
2.82822e-17
2
1.48473e-16
2
6.14381e-17
2
8.03056e-17
2
1.65458e-16
2
1.36706e-16
2
-7.94436e-17
2
-1.5169e-16
2
-9.43887e-17
2
-8.34286e-17
2
-9.89731e-17
2
-3.93883e-17
2
1.18564e-16
2
1.31376e-16
2
1.56989e-16
2
3.1857e-16
2
2.73976e-16
2
1.30807e-16
2
1.28746e-16
2
3.23465e-16
2
4.113e-16
2
2.88603e-16
2
2.18762e-16
2
1.44381e-16
2
2.31295e-16
2
1.92684e-16
2
1.82933e-16
2
2.1684e-16
2
1.02503e-17
2
6.23886e-17
2
-4.01781e-17
2
-1.10554e-16
2
-5.79531e-17
2
2.47964e-16
2
1.95918e-16
2
1.2648e-16
2
1.41893e-16
2
1.99617e-16
2
1.47837e-16
2
1.02831e-16
2
1.38998e-16
2
2.27883e-16
2
1.22752e-16
2
1.68794e-16
2
1.92558e-16
2
1.81892e-16
2
2.20567e-16
2
3.40841e-16
2
1.87432e-16
2
1.4052e-16
2
7.89216e-17
2
-1.5315e-16
2
-1.26528e-16
2
-2.05201e-16
2
-1.72232e-17
2
-9.16816e-18
2
2.22552e-16
2
-4.2006e-18
2
-5.73194e-17
2
-1.72487e-17
2
-9.41806e-17
2
-1.2066e-16
2
-1.14404e-16
2
-2.2231e-16
2
-5.08234e-16
2
-1.5336e-16
2
-1.80016e-16
2
-9.91645e-17
2
-2.67517e-16
2
-2.99644e-16
2
-4.18479e-16
2
-4.41497e-16
2
-3.75868e-16
2
-3.21316e-16
2
-2.61808e-16
2
-2.06538e-16
2
-2.14053e-16
2
-2.46823e-17
2
4.85856e-17
2
-3.76876e-17
2
-7.30205e-17
2
-5.48524e-18
2
2.49112e-16
2
3.15225e-16
2
1.35711e-16
2
1.52863e-16
2
2.06777e-16
2
9.53889e-17
2
1.74783e-16
2
1.09405e-16
2
1.64059e-16
2
2.17639e-16
2
2.99776e-16
2
2.62253e-16
2
2.78731e-16
2
2.76106e-16
2
4.43824e-16
2
2.82145e-16
2
2.17517e-16
2
2.47505e-16
2
4.01632e-17
4.73401e-17
2
-2.551e-16
2
-1.26407e-16
2
-5.58226e-17
2
7.88095e-17
2
1.43073e-16
2
2.14781e-16
2
2.64521e-16
2
2.35831e-16
2
8.15627e-17
2
7.84142e-17
2
-7.92069e-17
2
-1.58968e-16
2
4.94888e-17
2
9.2583e-17
2
2.91065e-16
2
1.62464e-16
2
2.4772e-16
2
1.08727e-16
2
1.59614e-16
2
9.82989e-17
2
3.76501e-16
2
3.24896e-16
2
4.72968e-16
2
4.62415e-16
2
5.34715e-16
2
4.02505e-16
2
3.03336e-16
2
3.08301e-16
2
2.93821e-16
2
1.66129e-16
2
5.28688e-17
2
2.07937e-16
2
2.00398e-17
2
1.38497e-16
2
1.55165e-16
2
1.54773e-16
2
2.33543e-16
2
1.67892e-16
2
-1.05556e-16
2
1.98357e-17
2
-1.10199e-16
2
1.1178e-16
2
7.92307e-17
2
2.05052e-16
2
4.96989e-17
2
3.64432e-17
2
1.66928e-17
2
-1.132e-16
2
-6.7068e-18
2
-3.66512e-17
2
-2.39703e-16
2
-1.66817e-16
2
1.47507e-16
2
1.96046e-16
2
2.64854e-17
2
1.954e-16
2
1.47249e-16
2
1.06087e-16
2
-6.71098e-17
2
-1.18618e-16
2
-1.3666e-16
2
-7.36243e-19
2
-5.29368e-17
2
-1.45938e-17
2
3.10506e-17
2
3.58612e-17
2
4.03008e-17
2
6.98988e-18
2
-8.49298e-17
2
2.23789e-16
2
2.38198e-16
2
1.97164e-16
2
1.1899e-16
2
-1.23361e-17
2
2.39728e-17
2
-7.25649e-17
2
-1.41386e-16
2
-7.48334e-17
2
6.18864e-17
2
5.18156e-17
2
-1.8844e-17
2
-8.61054e-18
2
-1.53438e-17
2
7.71117e-17
2
-3.35316e-17
2
-5.71281e-17
2
-1.25824e-16
2
1.09202e-16
2
9.28799e-17
2
1.09111e-16
2
-2.09371e-17
2
1.08681e-16
2
-1.74664e-16
2
2.03846e-17
2
7.53826e-17
2
-5.36024e-17
2
4.65751e-17
2
-9.69768e-17
2
2.35591e-16
2
1.41557e-16
2
1.19614e-16
2
7.27449e-17
2
-4.69593e-17
2
-9.10056e-17
2
-1.42057e-16
2
-2.27994e-16
2
-1.90556e-16
2
-2.75089e-16
2
-1.67982e-16
2
-2.68464e-17
2
-2.80557e-18
2
1.14847e-16
2
1.25283e-17
2
1.36914e-16
2
1.90321e-16
2
2.07347e-16
2
3.60197e-16
2
4.7168e-16
2
4.72834e-16
2
1.75178e-16
2
-1.51468e-17
2
1.01135e-16
2
1.65712e-16
2
1.3076e-16
2
1.00521e-16
2
1.96118e-17
2
2.30945e-16
2
1.55431e-16
2
1.12957e-16
2
9.49522e-17
2
1.1244e-16
2
1.60524e-16
2
4.06906e-16
2
3.23246e-16
2
2.73769e-16
2
1.8039e-16
2
3.80953e-17
2
1.61244e-17
2
-1.26323e-16
2
-8.4014e-17
2
7.07048e-17
2
2.58303e-17
2
-6.65546e-17
2
5.73861e-17
2
3.10295e-16
2
9.58114e-17
2
4.38075e-17
2
1.09023e-16
2
1.99902e-16
2
1.60911e-16
2
-1.54137e-17
2
1.03877e-16
2
-2.95477e-18
2
1.7589e-16
2
1.31287e-16
2
2.55791e-16
2
1.84114e-16
2
2.37879e-17
2
9.76662e-17
2
-4.44371e-17
2
-3.28043e-17
2
-5.55392e-17
2
-8.11293e-17
2
-2.9023e-16
2
-3.49804e-16
2
-4.39352e-16
2
-3.25696e-16
2
-2.19181e-16
2
-3.51102e-16
2
-3.71588e-16
2
-3.49378e-16
2
-3.32289e-16
2
-2.81185e-16
2
-2.1772e-16
2
-1.16349e-16
2
9.34025e-17
2
1.3185e-16
2
7.23473e-17
2
3.09082e-17
2
6.62002e-17
2
1.75691e-16
2
4.36892e-16
2
2.29303e-16
2
1.47416e-16
2
9.6144e-17
2
3.3997e-16
2
2.13764e-16
2
1.43358e-16
2
5.53437e-17
2
3.17149e-17
2
1.03291e-18
2
2.3556e-17
2
2.92035e-16
2
3.28815e-16
2
2.3636e-16
2
1.43903e-16
2
3.18094e-16
2
2.28184e-16
2
1.4532e-16
1.21347e-16
2
-1.71259e-16
2
-1.7985e-16
2
-4.92618e-17
2
1.02262e-16
2
5.48179e-17
2
1.713e-16
2
-3.00037e-17
2
-2.84371e-18
2
6.14021e-17
2
-7.99689e-17
2
5.80368e-17
2
1.5045e-16
2
1.14777e-17
2
1.83598e-18
2
-4.21107e-17
2
1.76074e-16
2
1.13261e-16
2
3.20787e-16
2
1.71026e-16
2
8.26439e-17
2
2.08111e-16
2
3.69856e-16
2
2.87329e-16
2
3.21032e-16
2
2.09917e-16
2
2.87907e-16
2
1.50252e-16
2
2.20275e-16
2
3.21184e-16
2
2.43111e-16
2
3.24646e-16
2
2.31686e-16
2
3.1134e-16
2
3.4039e-16
2
2.55367e-16
2
1.91236e-16
2
5.94497e-17
2
-2.27995e-17
2
1.50344e-16
2
-5.28987e-17
2
-8.1379e-17
2
1.43633e-16
2
1.46843e-16
2
2.01368e-16
2
4.28985e-17
2
7.01493e-18
2
1.18245e-16
2
1.98773e-16
2
1.06766e-16
2
-1.05303e-16
2
-2.19962e-16
2
-2.08184e-16
2
-1.45584e-16
2
-2.0129e-16
2
-1.92499e-16
2
-1.1622e-16
2
-3.63826e-17
2
-3.20996e-17
2
-6.86855e-17
2
5.71142e-17
2
1.40215e-16
2
-4.30565e-17
2
-4.13136e-17
2
4.52558e-17
2
-4.91746e-17
2
-1.02297e-16
2
-6.0593e-17
2
7.34727e-17
2
1.36709e-16
2
1.59382e-16
2
1.58234e-16
2
1.53344e-16
2
1.44006e-16
2
1.53179e-16
2
1.30293e-16
2
7.01226e-17
2
-6.13178e-17
2
-5.52873e-17
2
-1.1021e-16
2
-2.05884e-17
2
-3.19072e-17
2
-9.82143e-17
2
-5.26272e-17
2
-5.77174e-17
2
-1.23934e-17
2
7.39021e-17
2
6.09335e-17
2
-1.08646e-16
2
1.21597e-17
2
-1.05338e-16
2
7.30631e-17
2
1.26632e-16
2
-5.99705e-17
2
-1.97721e-16
2
-1.17412e-16
2
4.45333e-17
2
-7.73412e-17
2
-1.03033e-16
2
-1.50029e-16
2
-1.49064e-16
2
1.4538e-16
2
1.22571e-16
2
1.71412e-16
2
-2.30026e-16
2
-2.0171e-16
2
1.25398e-17
2
-5.4219e-17
2
-1.39786e-16
2
-1.62689e-16
2
-1.85673e-16
2
-1.28482e-16
2
-6.2877e-17
2
1.23088e-16
2
3.96743e-17
2
1.08449e-16
2
1.63677e-16
2
2.93262e-16
2
3.92149e-16
2
3.78485e-16
2
3.82943e-16
2
3.61606e-16
2
2.10006e-16
2
2.48922e-16
2
4.09337e-16
2
2.42363e-16
2
2.27263e-16
2
1.77064e-16
2
1.19425e-16
2
1.17523e-16
2
1.48779e-16
2
1.77751e-16
2
3.06099e-16
2
4.08768e-16
2
4.39517e-16
2
1.11589e-16
2
-1.57799e-16
2
-1.85933e-16
2
-3.94813e-16
2
-6.80465e-17
2
-1.6309e-17
2
-1.80077e-16
2
-1.1507e-16
2
1.00553e-17
2
-1.72261e-17
2
-7.56679e-18
2
8.13819e-17
2
1.58417e-16
2
7.85729e-17
2
5.97881e-18
2
1.02734e-16
2
1.62096e-16
2
1.25682e-16
2
1.20087e-16
2
1.57364e-16
2
1.63291e-16
2
8.6306e-17
2
5.90509e-17
2
9.57227e-17
2
-1.05689e-16
2
4.82115e-18
2
4.73748e-17
2
3.18605e-17
2
9.22966e-17
2
6.59572e-17
2
-2.26436e-16
2
-4.78374e-16
2
-5.25781e-16
2
-5.31174e-16
2
-3.14181e-16
2
-4.71117e-16
2
-4.18024e-16
2
-4.07233e-16
2
-3.98838e-16
2
-2.53601e-16
2
-1.33665e-16
2
-2.13828e-16
2
-2.3346e-16
2
4.98514e-17
2
1.3799e-16
2
7.67687e-17
2
1.28081e-16
2
2.78482e-16
2
2.90672e-16
2
2.03083e-16
2
2.72193e-16
2
1.82943e-16
2
1.97581e-16
2
4.80215e-17
2
6.44184e-17
2
1.68438e-16
2
2.26104e-16
2
3.57179e-16
2
1.77067e-16
2
1.26686e-16
2
1.66425e-16
2
2.43624e-16
2
-1.20163e-16
2
-1.83067e-16
2
-2.58477e-17
1.11871e-16
2
-9.61271e-17
2
-5.96616e-17
2
4.13314e-17
2
1.23874e-16
2
1.7652e-17
2
-1.37095e-16
2
-2.3858e-17
2
-1.16756e-16
2
-4.63799e-17
2
7.93511e-18
2
-1.64292e-16
2
-1.63685e-16
2
4.14896e-17
2
-7.25683e-17
2
-7.46985e-17
2
-9.41211e-17
2
1.23297e-16
2
-3.73015e-17
2
1.23736e-16
2
4.22725e-16
2
3.14073e-16
2
3.31251e-16
2
2.05191e-16
2
2.42415e-16
2
1.31362e-16
2
1.29392e-16
2
3.93136e-16
2
4.02396e-16
2
3.70239e-16
2
3.67964e-16
2
3.1142e-16
2
1.42701e-16
2
1.31421e-16
2
1.63512e-16
2
2.70124e-16
2
2.61085e-16
2
3.58997e-16
2
1.48675e-16
2
6.11545e-17
2
1.8783e-16
2
1.50228e-16
2
-2.72138e-17
2
1.17303e-16
2
-3.38566e-17
2
3.08805e-16
2
2.66217e-16
2
9.42531e-17
2
5.97271e-17
2
-1.57459e-17
2
-7.17334e-17
2
1.36407e-17
2
1.00154e-17
2
-2.87117e-16
2
-1.1619e-16
2
-2.41631e-16
2
-2.34184e-16
2
-1.46342e-16
2
-1.17002e-16
2
2.15306e-16
2
1.7893e-16
2
1.58266e-16
2
1.15625e-16
2
-3.60614e-17
2
-1.51621e-16
2
-9.40022e-17
2
-2.90029e-16
2
-8.16406e-17
2
1.33081e-16
2
1.71703e-16
2
3.01058e-16
2
2.59226e-16
2
2.5369e-16
2
2.94541e-16
2
4.04175e-16
2
3.0205e-16
2
1.85891e-16
2
3.08966e-16
2
3.96775e-18
2
-3.13791e-17
2
-2.8774e-17
2
-6.58526e-17
2
3.78638e-17
2
2.68637e-16
2
5.46593e-17
2
-4.70938e-17
2
-2.48346e-16
2
-2.83176e-17
2
1.82372e-16
2
-3.55205e-17
2
-2.83579e-17
2
2.35685e-17
2
9.70415e-17
2
2.29799e-16
2
1.02557e-17
2
-3.93364e-17
2
-8.96661e-17
2
2.25179e-17
2
1.69917e-16
2
8.21738e-17
2
8.94001e-17
2
-3.81815e-17
2
1.01248e-16
2
2.98712e-17
2
1.26078e-16
2
1.71748e-16
2
-6.57106e-18
2
-1.06591e-16
2
-2.32679e-16
2
-9.72819e-17
2
-1.32394e-16
2
-7.99392e-17
2
-5.60445e-17
2
9.80822e-17
2
1.87459e-17
2
6.37692e-17
2
7.86406e-17
2
7.37973e-17
2
3.64375e-16
2
4.9679e-16
2
3.12325e-16
2
2.18231e-16
2
8.5449e-17
2
2.78189e-16
2
8.55249e-17
2
1.75956e-16
2
2.52007e-17
2
1.07185e-16
2
5.58496e-17
2
2.59489e-16
2
2.43506e-16
2
2.22733e-16
2
1.64476e-16
2
1.79348e-16
2
1.9796e-16
2
9.21386e-17
2
-3.57755e-17
2
-6.01079e-17
2
8.67295e-17
2
-1.57467e-18
2
-9.0913e-17
2
-1.49414e-16
2
-1.51295e-16
2
-2.05298e-17
2
1.01752e-16
2
2.37683e-16
2
2.07068e-16
2
1.76064e-16
2
1.76303e-16
2
1.86954e-16
2
1.99982e-16
2
6.2264e-17
2
4.30751e-17
2
1.72156e-16
2
2.09201e-16
2
1.73001e-16
2
1.52658e-16
2
9.17012e-17
2
1.72693e-16
2
2.15434e-16
2
8.25964e-18
2
1.02788e-16
2
9.0241e-17
2
2.25131e-16
2
1.73671e-16
2
6.48567e-17
2
-9.74379e-17
2
-2.10149e-16
2
-4.36955e-16
2
-3.44463e-16
2
-3.67634e-16
2
-4.57283e-16
2
-4.8707e-16
2
-3.92686e-16
2
-2.99674e-16
2
-2.61585e-16
2
-1.70746e-16
2
-3.02307e-16
2
-3.20474e-16
2
-5.88457e-17
2
1.73853e-17
2
-1.51853e-17
2
-1.0837e-17
2
1.70201e-16
2
6.7106e-17
2
7.54481e-17
2
8.13018e-17
2
3.21692e-17
2
2.53427e-17
2
9.11412e-17
2
1.92807e-16
2
3.10993e-16
2
2.25659e-16
2
2.0912e-16
2
5.84799e-17
2
-7.38821e-17
2
-2.15678e-16
2
-1.3713e-16
2
-7.71269e-17
2
9.06417e-17
1.66195e-16
2
-4.79755e-17
2
-5.17701e-17
2
-1.31349e-16
2
-1.57506e-16
2
2.47816e-17
2
-1.63784e-17
2
7.42711e-17
2
1.69398e-16
2
-7.40689e-18
2
-1.41315e-16
2
9.52934e-20
2
-5.91812e-17
2
-2.71049e-16
2
-1.95227e-16
2
-2.68338e-17
2
1.30386e-17
2
1.39468e-16
2
1.44175e-16
2
1.17728e-16
2
2.83584e-16
2
9.93789e-17
2
-7.11909e-17
2
9.31523e-17
2
2.99515e-17
2
-6.84043e-17
2
9.13878e-17
2
2.87544e-16
2
3.46171e-16
2
1.94007e-16
2
3.00515e-16
2
2.2813e-16
2
3.12582e-16
2
1.33813e-16
2
2.49042e-16
2
3.1127e-16
2
2.80803e-16
2
8.67062e-17
2
3.0317e-16
2
3.23448e-16
2
1.7765e-16
2
4.92502e-17
2
-9.01741e-17
2
-5.51812e-17
2
2.01855e-16
2
2.26494e-17
2
4.02223e-17
2
-1.58634e-17
2
-4.15409e-17
2
4.72826e-17
2
6.2933e-17
2
6.73173e-17
2
-2.22563e-16
2
-2.87637e-16
2
-3.57753e-16
2
-5.33363e-17
2
-1.50763e-16
2
-9.15602e-17
2
7.22434e-17
2
1.04768e-16
2
-3.90321e-18
2
-1.6333e-16
2
2.02591e-16
2
-5.61962e-17
2
-3.51513e-16
2
-3.04051e-16
2
1.49195e-16
2
6.93052e-17
2
-1.70283e-17
2
1.26531e-16
2
1.43996e-16
2
2.39647e-16
2
2.44134e-16
2
2.53021e-16
2
2.92634e-16
2
3.33995e-16
2
4.2792e-16
2
5.75922e-17
2
1.14892e-16
2
-1.23737e-17
2
-1.16615e-16
2
1.39845e-17
2
-1.00302e-16
2
-6.90023e-17
2
-5.73116e-17
2
-6.97165e-17
2
3.07343e-17
2
-1.4111e-16
2
-1.56575e-16
2
-3.57235e-17
2
-4.83042e-17
2
-1.30233e-16
2
-6.15707e-17
2
-7.03544e-17
2
2.26982e-17
2
3.32131e-17
2
3.95075e-17
2
4.20845e-17
2
1.5229e-16
2
1.74268e-16
2
-1.98066e-17
2
-7.71935e-17
2
-1.86915e-16
2
-4.0356e-17
2
5.34302e-17
2
-9.80341e-17
2
7.87119e-17
2
5.71338e-17
2
1.50848e-16
2
1.64061e-16
2
1.54708e-16
2
8.06697e-17
2
1.57026e-16
2
-4.66378e-17
2
2.09187e-16
2
1.64348e-16
2
1.76088e-16
2
2.75258e-16
2
1.48776e-16
2
-9.13837e-17
2
2.3174e-17
2
-6.77778e-17
2
1.98446e-16
2
-1.78302e-16
2
-7.04382e-17
2
8.34928e-18
2
1.15587e-16
2
1.81822e-16
2
2.65527e-16
2
1.94149e-16
2
3.47528e-16
2
2.69758e-16
2
2.68819e-16
2
3.96688e-16
2
8.68492e-17
2
5.14773e-17
2
-1.13265e-17
2
-6.49355e-17
2
-1.79838e-17
2
4.52414e-17
2
1.39562e-16
2
2.52849e-16
2
2.48841e-16
2
1.40423e-16
2
-4.19783e-17
2
-6.57443e-17
2
1.19649e-16
2
-6.64364e-17
2
1.56186e-17
2
1.16271e-16
2
1.42812e-16
2
3.24793e-16
2
3.23957e-16
2
3.60795e-16
2
3.78075e-16
2
1.19426e-16
2
1.74553e-16
2
3.89227e-16
2
2.7544e-16
2
2.33864e-16
2
4.95905e-16
2
3.32419e-16
2
2.60196e-16
2
1.4652e-16
2
1.99356e-16
2
1.71682e-16
2
1.56103e-16
2
-1.23982e-17
2
-2.73322e-17
2
-1.69019e-16
2
-1.34325e-16
2
-2.40669e-16
2
-3.37639e-16
2
-2.70743e-16
2
-2.03772e-16
2
-1.11559e-16
2
-3.11232e-16
2
-3.11898e-16
2
-2.68547e-16
2
-3.53217e-16
2
-2.04354e-16
2
-3.9248e-16
2
-5.12991e-16
2
-3.01517e-16
2
-1.20209e-16
2
3.7219e-18
2
-5.06966e-17
2
-8.74279e-17
2
9.09701e-17
2
2.84223e-16
2
3.85262e-17
2
1.14062e-18
2
1.09517e-16
2
1.31286e-16
2
1.60536e-16
2
9.49086e-17
2
-5.25751e-17
2
2.70518e-16
2
3.3372e-16
2
2.84309e-16
2.75696e-16
2
-9.31969e-19
2
-3.56282e-17
2
-2.07625e-16
2
-1.32884e-16
2
-8.84084e-17
2
-3.44848e-17
2
-3.81333e-17
2
5.06267e-17
2
-2.45231e-17
2
-5.90244e-17
2
-1.39328e-16
2
-8.49958e-17
2
-2.41175e-16
2
-8.31057e-17
2
-1.64218e-17
2
7.72139e-17
2
-6.72882e-17
2
1.1045e-16
2
-1.22224e-17
2
-2.06546e-16
2
-2.09902e-16
2
-1.66376e-16
2
7.44356e-17
2
2.74772e-16
2
2.25114e-16
2
2.34741e-17
2
1.03577e-16
2
2.56576e-16
2
3.65581e-16
2
3.18932e-16
2
3.54665e-16
2
1.89247e-16
2
1.69716e-16
2
2.98773e-16
2
4.42365e-16
2
3.212e-16
2
2.74509e-16
2
1.76917e-16
2
2.3348e-16
2
6.72536e-17
2
-2.63807e-20
2
1.39224e-16
2
1.25225e-16
2
1.05148e-18
2
-9.85652e-17
2
1.31091e-16
2
8.29316e-17
2
-3.92935e-17
2
-3.18489e-16
2
-3.4291e-16
2
-2.19661e-16
2
-4.16565e-16
2
-4.09375e-16
2
-1.66027e-16
2
-1.01876e-16
2
-1.76175e-17
2
1.99739e-17
2
4.99582e-17
2
-2.26806e-17
2
1.43906e-16
2
2.01448e-16
2
-1.33574e-17
2
6.22863e-18
2
4.71219e-17
2
1.40397e-16
2
-1.07629e-16
2
-5.19694e-17
2
5.83321e-17
2
2.12306e-16
2
-9.50462e-17
2
-1.46067e-16
2
1.42044e-16
2
7.92745e-17
2
2.26667e-17
2
2.22639e-16
2
8.13276e-17
2
1.38579e-16
2
-1.25585e-16
2
-6.23318e-17
2
-4.38903e-17
2
-1.66626e-16
2
-6.08841e-17
2
-1.88344e-17
2
-1.42067e-16
2
-1.94528e-16
2
2.33172e-17
2
2.65851e-16
2
8.30494e-17
2
3.54123e-17
2
5.16947e-17
2
1.05023e-16
2
-6.59849e-17
2
4.69171e-17
2
1.83017e-16
2
1.69994e-16
2
1.51302e-16
2
8.95512e-17
2
-7.10422e-17
2
-2.6392e-16
2
-9.77441e-17
2
-3.39181e-16
2
-1.52146e-16
2
-1.58493e-17
2
2.63991e-16
2
2.18788e-16
2
5.76407e-18
2
2.4284e-16
2
2.55079e-16
2
6.31499e-17
2
1.39726e-16
2
1.35827e-16
2
1.78047e-16
2
2.83791e-16
2
2.51971e-16
2
2.43248e-16
2
2.09025e-16
2
2.86072e-16
2
6.89586e-17
2
-4.96094e-17
2
1.41173e-17
2
2.66268e-16
2
-4.31596e-17
2
6.97576e-17
2
9.32904e-17
2
1.61267e-16
2
1.90653e-16
2
2.74624e-16
2
2.28975e-16
2
1.95816e-16
2
1.50764e-16
2
2.16518e-16
2
2.22833e-16
2
7.90987e-17
2
7.71299e-17
2
6.59389e-17
2
4.18928e-17
2
9.1177e-18
2
-1.35148e-17
2
1.62253e-16
2
3.62923e-16
2
3.40409e-16
2
2.75904e-16
2
2.73361e-16
2
4.02651e-17
2
-5.96272e-17
2
-8.09948e-17
2
2.15481e-16
2
2.21446e-16
2
9.7232e-17
2
3.18252e-16
2
2.67408e-16
2
3.94947e-16
2
4.98408e-16
2
3.40547e-16
2
2.04136e-16
2
2.47173e-16
2
2.62224e-16
2
3.63556e-16
2
4.08151e-16
2
4.89511e-16
2
3.67962e-16
2
3.00649e-16
2
2.35969e-16
2
1.02978e-16
2
1.94082e-16
2
1.14062e-16
2
-4.21702e-17
2
7.61099e-17
2
-2.07979e-16
2
-2.2796e-16
2
-1.24954e-16
2
-5.3454e-17
2
-2.50409e-16
2
-1.97258e-16
2
-2.15937e-16
2
-2.71394e-16
2
-2.64736e-16
2
-3.08867e-16
2
-3.41942e-16
2
-3.28427e-16
2
-2.43483e-16
2
-3.00949e-16
2
-1.90681e-16
2
-7.20985e-17
2
-1.14287e-16
2
-8.56761e-17
2
9.6786e-17
2
1.45564e-16
2
1.10677e-16
2
1.5259e-16
2
-9.30001e-18
2
5.27845e-17
2
1.08987e-16
2
2.00914e-16
2
3.08867e-16
2
4.70052e-16
2
4.21752e-16
2
3.40966e-16
2
3.54216e-16
4.61746e-16
2
-1.25608e-16
2
-2.63116e-16
2
-9.04291e-18
2
3.01189e-17
2
-1.10505e-16
2
-9.87124e-17
2
-1.8083e-16
2
-8.09052e-17
2
-1.26774e-18
2
1.68274e-16
2
-3.40663e-17
2
-1.00651e-16
2
1.84635e-16
2
1.25815e-16
2
-6.20847e-17
2
-2.50335e-16
2
-2.11029e-16
2
-2.10039e-16
2
-1.96313e-16
2
-2.2678e-16
2
-3.3061e-16
2
-2.2367e-16
2
-1.45334e-16
2
-1.57061e-16
2
1.60641e-16
2
2.95766e-16
2
3.94084e-16
2
3.22104e-16
2
1.68404e-16
2
1.74517e-16
2
2.51082e-16
2
3.64161e-16
2
3.92307e-16
2
2.05777e-16
2
2.01235e-16
2
1.23031e-16
2
-1.33805e-16
2
1.58218e-16
2
2.03174e-16
2
1.86538e-16
2
1.86569e-16
2
6.52938e-17
2
-2.31736e-17
2
-2.48172e-16
2
-9.52907e-17
2
1.94361e-17
2
1.66972e-16
2
1.22208e-16
2
-5.73885e-17
2
5.19759e-17
2
-2.56285e-16
2
-8.9757e-18
2
5.80975e-17
2
4.93446e-17
2
1.2385e-16
2
6.41253e-17
2
6.35285e-17
2
6.00479e-17
2
7.36088e-17
2
9.47397e-17
2
4.52558e-17
2
6.95502e-18
2
3.8445e-17
2
6.36281e-17
2
6.97042e-17
2
1.46781e-16
2
-2.92141e-17
2
1.45818e-17
2
-5.47213e-17
2
2.8214e-16
2
2.49322e-16
2
-1.83124e-17
2
-9.0726e-17
2
-4.95166e-17
2
-5.17309e-17
2
-1.08268e-16
2
-7.02739e-19
2
6.10967e-17
2
-1.64767e-16
2
-2.2904e-16
2
-2.05212e-16
2
2.11247e-18
2
-1.8077e-16
2
-2.94766e-16
2
-1.48792e-16
2
-1.74922e-16
2
-8.36079e-18
2
3.42254e-17
2
-5.47316e-17
2
4.67113e-17
2
1.39125e-16
2
9.55473e-17
2
1.44369e-16
2
9.63817e-17
2
-4.44452e-17
2
2.54951e-19
2
4.39559e-17
2
5.25487e-17
2
5.72873e-17
2
-4.78969e-18
2
5.65418e-17
2
1.23842e-16
2
7.48686e-17
2
3.03678e-17
2
-4.27861e-17
2
6.20711e-17
2
2.95664e-16
2
1.35659e-16
2
1.79399e-16
2
1.47096e-16
2
1.62156e-16
2
4.48965e-17
2
1.79286e-16
2
1.05644e-16
2
1.04218e-16
2
3.18924e-16
2
-1.46924e-17
2
-1.9739e-16
2
-1.72801e-16
2
-6.52844e-17
2
1.36483e-16
2
9.08642e-17
2
-2.26411e-16
2
1.10305e-16
2
1.38385e-16
2
1.40531e-16
2
5.26104e-17
2
1.22932e-16
2
1.72426e-16
2
-4.39773e-17
2
-2.12781e-17
2
1.1469e-16
2
1.20291e-16
2
1.43758e-16
2
2.25616e-16
2
2.61108e-16
2
2.33587e-16
2
3.59792e-16
2
2.76508e-16
2
3.9708e-16
2
4.13663e-16
2
4.70749e-16
2
2.70226e-16
2
1.86994e-16
2
1.08118e-16
2
2.9244e-17
2
2.29046e-17
2
9.52591e-17
2
2.61635e-16
2
6.50026e-17
2
2.51596e-16
2
4.97167e-16
2
1.84134e-16
2
7.12732e-17
2
2.6425e-16
2
1.32075e-16
2
2.53682e-16
2
1.64579e-16
2
1.99925e-16
2
2.86182e-16
2
3.97953e-16
2
3.90288e-16
2
3.67574e-16
2
2.56953e-16
2
-2.55843e-17
2
2.0787e-16
2
2.44664e-16
2
-1.00115e-17
2
2.60084e-16
2
8.08968e-17
2
1.16735e-16
2
-4.7017e-17
2
-3.25517e-16
2
-3.46726e-16
2
-2.94176e-16
2
-1.4115e-16
2
-2.12579e-16
2
-2.7973e-16
2
-2.51597e-16
2
-3.37072e-16
2
-1.5258e-16
2
-1.72446e-16
2
-9.61746e-17
2
-1.4427e-16
2
-5.36458e-17
2
-2.76262e-17
2
2.14807e-17
2
5.08023e-17
2
-1.40975e-16
2
-1.03051e-16
2
2.36414e-17
2
-7.56636e-17
2
2.76368e-17
2
2.62193e-16
2
8.95015e-17
2
3.6784e-16
2
2.14933e-16
2
2.0504e-16
2
2.01678e-16
3.24183e-16
2
4.8833e-17
2
1.40832e-16
2
9.96206e-17
2
2.07256e-17
2
2.75623e-16
2
8.97505e-17
2
9.9976e-17
2
-3.73402e-17
2
8.8675e-17
2
1.57839e-16
2
2.46931e-16
2
1.02901e-16
2
2.17453e-16
2
1.75545e-16
2
1.63298e-16
2
-1.10383e-16
2
-2.85164e-16
2
-5.12557e-16
2
-1.89893e-16
2
-6.04524e-17
2
-6.98519e-17
2
-2.91512e-17
2
-1.37862e-16
2
-3.01001e-16
2
-3.3289e-16
2
-8.99868e-17
2
-1.41462e-16
2
-1.10288e-16
2
1.72888e-16
2
9.72667e-17
2
2.06334e-16
2
2.8788e-16
2
3.23387e-16
2
2.41673e-16
2
-8.67641e-17
2
-4.2702e-17
2
8.81609e-17
2
-2.21943e-16
2
-3.10227e-16
2
-2.66373e-16
2
-1.20031e-16
2
-1.77291e-16
2
-1.89087e-16
2
-5.73718e-17
2
-3.69163e-17
2
-9.47482e-17
2
1.28757e-16
2
1.43544e-17
2
6.32302e-17
2
6.94654e-17
2
2.31521e-17
2
1.07223e-16
2
1.18154e-16
2
3.36216e-17
2
-8.52313e-17
2
4.51205e-17
2
1.72801e-16
2
1.98649e-16
2
2.1304e-16
2
1.05287e-16
2
1.53977e-17
2
-1.10432e-17
2
-8.04402e-18
2
-2.39772e-17
2
-1.22918e-16
2
-3.38133e-17
2
1.59093e-16
2
1.66056e-16
2
1.12222e-16
2
7.38141e-17
2
1.43459e-16
2
1.01982e-16
2
1.1174e-16
2
-7.18092e-17
2
-2.03724e-16
2
-2.56615e-18
2
-8.6955e-17
2
-3.68774e-17
2
-6.57309e-17
2
-1.45846e-16
2
-4.89882e-17
2
-2.96425e-18
2
-6.97394e-18
2
8.78145e-17
2
-4.11831e-17
2
-1.84196e-16
2
-1.92482e-16
2
7.62484e-17
2
3.83184e-17
2
8.78165e-17
2
2.84581e-16
2
1.6346e-16
2
-6.01296e-17
2
-3.04315e-16
2
-4.66067e-17
2
-4.96265e-17
2
1.21351e-16
2
2.35454e-16
2
1.30367e-16
2
2.68724e-17
2
1.02865e-16
2
1.20468e-16
2
1.45228e-16
2
-1.40602e-16
2
-4.20216e-17
2
4.33889e-17
2
-1.34932e-16
2
3.22747e-16
2
4.80427e-17
2
-2.12891e-16
2
1.02485e-17
2
-1.66716e-16
2
-4.92782e-16
2
-9.94999e-17
2
1.20107e-16
2
1.24586e-17
2
-4.74839e-17
2
-1.50386e-16
2
-1.29234e-16
2
-1.02964e-16
2
-5.86428e-17
2
6.37968e-17
2
2.68444e-16
2
1.08501e-16
2
2.32783e-16
2
1.77289e-16
2
1.6116e-16
2
8.97536e-17
2
1.57556e-16
2
2.66323e-16
2
3.21765e-16
2
2.5233e-16
2
2.10514e-16
2
1.47503e-16
2
3.60193e-16
2
4.02281e-16
2
5.80018e-16
2
3.28115e-16
2
4.349e-16
2
3.32951e-16
2
3.03797e-16
2
2.0507e-16
2
3.94107e-17
2
1.88245e-16
2
4.73151e-17
2
-7.4588e-17
2
1.16921e-16
2
1.9213e-16
2
1.45533e-16
2
1.6461e-16
2
1.333e-16
2
-3.76538e-18
2
-2.24777e-17
2
-1.31635e-16
2
-1.1716e-16
2
-1.28117e-16
2
-3.20343e-16
2
4.34775e-17
2
-3.77412e-17
2
1.87834e-16
2
1.20871e-16
2
1.07598e-16
2
1.56343e-16
2
2.61107e-17
2
8.7405e-17
2
6.17263e-17
2
2.79282e-16
2
4.35104e-16
2
4.77186e-16
2
5.56794e-16
2
3.04055e-16
2
5.90701e-17
2
3.54635e-17
2
-2.68739e-16
2
-3.41728e-16
2
-3.42501e-16
2
-3.16255e-16
2
-3.12206e-16
2
-3.38898e-16
2
-4.54846e-16
2
-6.40282e-16
2
-2.99046e-16
2
-4.7279e-16
2
-2.41423e-16
2
-2.03134e-16
2
-1.87744e-16
2
-3.48009e-16
2
-3.34397e-16
2
-1.12073e-16
2
-4.95568e-17
2
-1.93252e-16
2
-4.00075e-17
2
3.2337e-17
2
5.01168e-17
2
1.50456e-16
2
1.16986e-17
2
1.1172e-16
2
3.01337e-16
2
5.01162e-16
2.91971e-16
2
4.85663e-17
2
6.82398e-17
2
8.25854e-18
2
-3.83818e-17
2
-1.40341e-17
2
1.1792e-16
2
2.01302e-16
2
4.21036e-17
2
-6.72795e-18
2
-2.96066e-18
2
1.40045e-16
2
2.83312e-16
2
1.64592e-16
2
1.57791e-16
2
-2.2888e-17
2
-4.99823e-17
2
-2.20834e-16
2
-9.30767e-17
2
-2.21255e-16
2
-3.24866e-16
2
-2.05737e-16
2
-1.6432e-16
2
-1.87791e-16
2
-3.50202e-16
2
-1.1727e-16
2
-1.6079e-17
2
-1.53204e-16
2
-2.15226e-16
2
-2.50428e-16
2
-8.0305e-17
2
-6.52083e-17
2
-7.03562e-17
2
2.24341e-17
2
4.18573e-17
2
1.2417e-16
2
1.72612e-16
2
3.40488e-16
2
6.74291e-17
2
-1.08756e-16
2
4.42156e-17
2
1.02976e-16
2
2.48068e-16
2
2.4086e-16
2
9.20663e-17
2
-2.24318e-17
2
-7.64309e-17
2
-8.14385e-17
2
2.12827e-16
2
2.17533e-16
2
8.67526e-17
2
1.59583e-16
2
2.54203e-16
2
2.4073e-16
2
5.68099e-17
2
-5.6694e-17
2
1.44856e-16
2
9.25497e-17
2
1.58902e-17
2
8.31029e-17
2
-3.94887e-17
2
-5.92836e-18
2
7.86291e-17
2
-4.7022e-17
2
-7.2048e-17
2
-6.43963e-17
2
4.54992e-17
2
2.99324e-16
2
1.51542e-16
2
1.82715e-16
2
1.80906e-16
2
1.53845e-16
2
1.47437e-16
2
2.979e-17
2
-1.67146e-16
2
-2.60256e-16
2
-5.63983e-17
2
1.36142e-16
2
-3.55519e-17
2
6.21748e-17
2
1.21729e-16
2
1.78278e-16
2
-2.80926e-17
2
-1.15237e-17
2
1.41402e-16
2
1.42484e-18
2
9.62873e-17
2
9.82281e-17
2
4.72855e-17
2
2.75335e-16
2
2.6386e-16
2
1.38844e-16
2
1.85894e-16
2
3.09756e-17
2
1.63638e-18
2
-1.72243e-16
2
-2.1054e-16
2
-2.29443e-16
2
-1.51264e-16
2
9.11424e-17
2
3.05951e-16
2
1.43419e-16
2
3.79568e-18
2
-8.40042e-17
2
-2.03502e-17
2
2.87261e-16
2
1.55588e-16
2
1.82926e-17
2
-1.67886e-16
2
-6.3842e-17
2
-7.09011e-17
2
-1.93081e-16
2
-2.30415e-16
2
-2.76232e-17
2
-8.11451e-17
2
3.69606e-17
2
-4.94738e-18
2
-6.60328e-17
2
-1.76168e-16
2
-1.25896e-16
2
-1.98739e-16
2
-3.34771e-16
2
-4.50308e-17
2
2.39322e-16
2
3.11004e-16
2
1.41535e-16
2
1.75622e-16
2
1.86604e-16
2
2.92689e-16
2
2.05702e-16
2
2.76033e-16
2
3.08805e-16
2
2.56386e-16
2
2.64993e-16
2
3.22918e-16
2
2.28926e-17
2
1.35318e-16
2
2.01418e-16
2
2.72003e-16
2
2.1745e-16
2
1.70879e-16
2
2.23266e-16
2
1.18647e-16
2
7.19581e-17
2
3.33243e-16
2
2.15048e-16
2
2.88215e-16
2
2.70423e-16
2
3.5964e-16
2
3.49735e-16
2
2.44452e-16
2
2.00487e-16
2
-3.65329e-17
2
-1.10184e-16
2
-1.60351e-16
2
4.86833e-17
2
1.86842e-16
2
8.89712e-20
2
-6.31745e-17
2
1.87616e-16
2
-1.8483e-16
2
6.65597e-18
2
-6.57295e-17
2
-1.70601e-16
2
-5.84856e-17
2
5.06888e-17
2
2.0962e-16
2
2.65907e-16
2
3.42547e-16
2
4.33521e-16
2
4.25286e-16
2
3.2072e-16
2
3.00959e-16
2
1.14743e-16
2
1.39547e-16
2
-7.09549e-17
2
-2.20475e-16
2
-1.05469e-16
2
-2.62043e-16
2
-3.66995e-16
2
-2.65967e-16
2
-2.24117e-16
2
-3.94763e-16
2
-5.23633e-16
2
-4.57496e-16
2
-4.25615e-16
2
-4.76179e-16
2
-4.42161e-16
2
-3.19264e-16
2
-2.43812e-16
2
-3.4683e-16
2
-2.90609e-16
2
-2.78086e-16
2
-2.03354e-16
2
-2.979e-16
2
-1.31331e-16
2
-1.20181e-16
2
-2.17208e-17
2
4.1263e-17
2
2.84668e-17
-8.64639e-17
2
-5.86228e-17
2
-4.07324e-17
2
-3.39078e-17
2
-1.7156e-16
2
-2.27823e-16
2
-1.29414e-16
2
-1.69821e-16
2
-1.3661e-16
2
9.06861e-17
2
1.49678e-16
2
2.82616e-17
2
1.92855e-16
2
2.70257e-16
2
1.45709e-16
2
2.53166e-16
2
6.6662e-17
2
4.65086e-17
2
-2.69528e-16
2
-2.1138e-16
2
-1.64457e-16
2
-1.35488e-16
2
-3.11229e-16
2
-2.96991e-16
2
-1.01816e-16
2
-2.73935e-16
2
-2.06453e-16
2
-2.33821e-16
2
-2.10006e-16
2
-3.63543e-16
2
-2.4407e-16
2
-3.04432e-16
2
-1.1173e-16
2
6.58984e-17
2
6.39167e-17
2
2.48105e-16
2
1.56954e-16
2
3.88244e-17
2
1.48562e-16
2
1.50085e-16
2
-4.14933e-17
2
2.15487e-16
2
3.11544e-16
2
3.17455e-16
2
2.25418e-16
2
2.88166e-17
2
-7.60225e-17
2
-3.65619e-17
2
2.63665e-16
2
4.43012e-16
2
2.53573e-16
2
2.80206e-16
2
2.20164e-16
2
9.63509e-17
2
6.17884e-17
2
1.96689e-16
2
8.63966e-17
2
-8.47664e-17
2
7.86005e-17
2
5.49691e-17
2
1.19841e-16
2
-1.133e-16
2
-6.03495e-17
2
-1.35481e-16
2
-6.54803e-17
2
-4.6584e-17
2
-3.72222e-17
2
-1.99746e-16
2
-1.05737e-16
2
-1.8151e-16
2
-1.53253e-16
2
-2.6108e-18
2
6.19918e-17
2
-1.40327e-16
2
-6.8703e-17
2
9.60579e-17
2
1.85347e-16
2
1.12732e-16
2
6.01141e-17
2
1.42336e-16
2
3.31337e-16
2
1.76762e-16
2
1.51033e-16
2
2.78828e-16
2
9.05861e-17
2
2.04712e-16
2
5.47554e-17
2
1.62518e-16
2
1.82737e-16
2
1.27541e-16
2
2.04667e-16
2
1.54764e-17
2
-2.16932e-16
2
-9.91523e-17
2
-1.08977e-16
2
-1.84263e-16
2
-2.26343e-16
2
-2.10421e-16
2
-3.84331e-18
2
7.50642e-17
2
-2.55966e-17
2
-1.97441e-18
2
8.96531e-17
2
3.4497e-16
2
2.39179e-16
2
7.85379e-17
2
9.41629e-17
2
2.97413e-17
2
-9.80706e-17
2
-4.78094e-17
2
9.5272e-17
2
-1.59827e-16
2
-1.02891e-16
2
-1.48977e-16
2
-1.63493e-16
2
-3.09558e-16
2
-3.59031e-16
2
-4.42571e-16
2
-2.56411e-16
2
-4.53786e-16
2
-2.69652e-16
2
-2.0989e-16
2
-1.14877e-16
2
-3.41981e-18
2
2.48044e-16
2
3.35107e-16
2
2.21365e-16
2
1.31322e-16
2
2.21159e-16
2
8.56176e-17
2
2.65189e-16
2
2.77354e-16
2
8.2087e-17
2
2.56992e-16
2
2.51355e-16
2
4.79722e-16
2
1.78136e-16
2
1.51559e-16
2
2.69543e-16
2
-7.65553e-17
2
-1.88013e-17
2
-1.06434e-16
2
1.44571e-17
2
1.96015e-16
2
1.09811e-16
2
-1.17808e-17
2
1.93829e-17
2
2.00347e-18
2
-8.99596e-17
2
-7.61142e-17
2
-6.32529e-18
2
2.82103e-17
2
-1.32376e-16
2
-2.35215e-16
2
-2.38303e-16
2
-2.13858e-16
2
-2.31122e-16
2
-4.4959e-17
2
-1.50953e-16
2
-2.21645e-16
2
-1.08281e-16
2
-1.7074e-16
2
-1.23257e-16
2
-1.53247e-16
2
1.39689e-16
2
4.28249e-16
2
4.65277e-16
2
4.8246e-16
2
4.50267e-16
2
3.31578e-16
2
3.23409e-16
2
1.7365e-16
2
1.41726e-16
2
1.91403e-16
2
1.7826e-16
2
1.30279e-16
2
2.27451e-16
2
6.15231e-17
2
1.58661e-16
2
7.72833e-17
2
5.95324e-17
2
-1.57236e-17
2
-1.20301e-16
2
-1.16557e-16
2
-1.01555e-16
2
-3.28905e-16
2
-2.63859e-16
2
-3.19906e-16
2
-5.2064e-16
2
-4.72215e-16
2
-2.42766e-16
2
-2.02733e-16
2
-2.76629e-16
2
-4.41181e-16
2
-4.43924e-16
2
-3.17795e-16
2
-2.05433e-16
2
-4.9978e-17
2
-9.83071e-17
2
-1.6535e-16
-7.479e-17
2
1.65838e-16
2
2.12316e-17
2
-8.51624e-17
2
-1.06528e-16
2
-2.55602e-16
2
-6.27398e-17
2
-1.04842e-16
2
-4.04606e-17
2
-4.90042e-17
2
4.73509e-17
2
1.27946e-16
2
1.78334e-16
2
3.65335e-16
2
1.89037e-16
2
-2.76754e-16
2
-4.25875e-17
2
2.45785e-17
2
1.48347e-16
2
-5.17529e-17
2
-3.40472e-16
2
-2.72525e-16
2
-1.10676e-16
2
-2.24333e-16
2
-1.38826e-16
2
-3.08914e-16
2
-5.30043e-16
2
-3.06116e-16
2
-3.15108e-16
2
-2.27904e-16
2
-3.20001e-16
2
-3.23638e-16
2
-2.1865e-16
2
-1.87976e-16
2
-1.40557e-16
2
8.6264e-17
2
1.08451e-16
2
-5.35952e-17
2
-5.15321e-17
2
9.81361e-17
2
2.15986e-16
2
9.71515e-17
2
3.80843e-17
2
8.54426e-17
2
1.23141e-16
2
1.67596e-16
2
1.32638e-16
2
-8.65238e-17
2
3.65997e-19
2
7.61746e-17
2
2.30337e-16
2
1.06415e-16
2
-2.00088e-17
2
2.71316e-17
2
9.76811e-17
2
4.48398e-17
2
8.18004e-17
2
3.17908e-16
2
1.95137e-16
2
1.70679e-17
2
-1.16442e-16
2
4.14077e-17
2
-4.40097e-17
2
2.03685e-16
2
1.38582e-16
2
1.60726e-16
2
9.6328e-17
2
-8.26362e-18
2
-2.88111e-17
2
-1.32139e-16
2
-1.59009e-16
2
-1.37169e-16
2
-3.25455e-16
2
-1.50291e-16
2
-4.88157e-17
2
1.20502e-16
2
7.39933e-17
2
-7.46913e-17
2
1.59941e-17
2
1.08619e-16
2
-1.65647e-18
2
1.54777e-16
2
2.6145e-16
2
1.69699e-16
2
-7.67954e-17
2
5.89942e-17
2
3.0151e-16
2
3.47644e-16
2
4.64819e-17
2
-4.34211e-17
2
-9.94203e-18
2
1.46791e-17
2
1.08991e-16
2
2.91462e-17
2
3.06434e-17
2
-3.03383e-17
2
2.35054e-16
2
1.41493e-16
2
-9.19019e-17
2
-1.41151e-16
2
-1.0015e-17
2
1.5378e-16
2
2.39224e-17
2
-1.82369e-16
2
1.03915e-16
2
1.1151e-16
2
5.06347e-17
2
1.96209e-17
2
1.31432e-16
2
7.87173e-17
2
5.81233e-17
2
-7.04718e-17
2
1.46768e-16
2
1.73471e-16
2
-6.71008e-17
2
-1.3396e-16
2
-1.50987e-16
2
3.97458e-17
2
-2.18356e-16
2
-1.94688e-16
2
-1.24635e-16
2
-1.61668e-17
2
-2.05285e-16
2
7.97445e-17
2
-1.78186e-19
2
-6.08858e-17
2
-2.94861e-17
2
1.30167e-16
2
1.10567e-16
2
1.75127e-16
2
3.98365e-17
2
-3.50762e-17
2
7.79221e-17
2
-4.29155e-17
2
-5.20754e-17
2
2.88556e-17
2
4.01471e-16
2
3.58865e-16
2
1.95614e-16
2
1.41832e-16
2
-8.06901e-18
2
-8.39244e-17
2
-1.15895e-16
2
-2.10012e-16
2
-4.0865e-16
2
-2.01786e-16
2
-5.91218e-17
2
-1.2888e-16
2
-7.76893e-17
2
-3.15512e-17
2
-1.20574e-16
2
-2.56105e-16
2
-6.85363e-17
2
1.12017e-16
2
1.53593e-16
2
-1.53031e-16
2
-6.82541e-17
2
4.20198e-17
2
-1.08052e-17
2
-1.19837e-17
2
-3.18818e-17
2
-1.87912e-17
2
5.78335e-18
2
7.07679e-17
2
1.09642e-18
2
1.37918e-16
2
1.62604e-16
2
2.89653e-16
2
2.9626e-16
2
2.39424e-16
2
4.40698e-16
2
4.6057e-16
2
4.21327e-16
2
4.16248e-16
2
1.90026e-16
2
5.70234e-17
2
-1.6082e-16
2
-5.36268e-17
2
-1.31762e-16
2
-3.14354e-17
2
-1.4271e-16
2
-2.33136e-16
2
-1.2832e-16
2
8.38684e-17
2
-1.86064e-16
2
-2.43321e-16
2
-5.82165e-16
2
-5.84502e-16
2
-5.09764e-16
2
-2.54396e-16
2
-2.87408e-16
2
-3.09696e-16
2
-4.28816e-16
2
-6.19995e-16
2
-5.51641e-16
2
-3.89138e-16
2
-2.59592e-16
2
-3.17991e-16
2
-1.4137e-16
2
-2.65951e-17
2.03496e-16
2
1.76087e-16
2
-1.65408e-17
2
5.03201e-17
2
2.35542e-17
2
5.24929e-17
2
-2.08116e-16
2
-1.64918e-16
2
-1.56529e-16
2
-3.33974e-16
2
-3.03931e-17
2
2.58394e-16
2
1.96047e-16
2
6.17338e-17
2
3.19789e-17
2
1.02411e-16
2
8.64384e-17
2
-4.5099e-17
2
4.12921e-17
2
-8.65172e-17
2
-3.04223e-18
2
-2.1487e-16
2
-1.7218e-16
2
-1.96346e-16
2
-1.69823e-16
2
-5.84588e-17
2
-3.42041e-16
2
-4.13801e-16
2
-2.75155e-16
2
-3.82177e-16
2
-2.30161e-16
2
-1.68119e-16
2
-1.60348e-16
2
-1.18491e-16
2
-1.28404e-16
2
-1.61838e-16
2
1.27034e-16
2
5.34726e-17
2
-8.82546e-17
2
-8.1201e-17
2
2.08448e-17
2
1.08278e-16
2
1.66985e-17
2
-9.42615e-17
2
-1.19868e-16
2
1.6354e-16
2
2.37969e-16
2
1.17035e-16
2
-1.53644e-16
2
-2.04294e-16
2
1.68434e-16
2
2.1741e-16
2
1.58867e-16
2
3.84018e-17
2
-1.16632e-17
2
-8.82174e-17
2
9.53857e-17
2
1.18572e-16
2
3.88723e-17
2
-2.50496e-17
2
-1.36549e-17
2
2.78559e-17
2
-8.57278e-17
2
2.13918e-16
2
4.41767e-16
2
3.34877e-16
2
2.07031e-16
2
-4.05634e-17
2
-5.49846e-17
2
8.58041e-18
2
4.70134e-17
2
-2.23179e-16
2
-4.16779e-16
2
-1.25167e-16
2
6.73638e-17
2
2.2682e-17
2
6.54685e-17
2
3.67453e-17
2
1.03933e-16
2
1.14757e-16
2
1.52202e-16
2
7.56338e-17
2
-1.75907e-17
2
1.56901e-16
2
3.03574e-16
2
1.77906e-16
2
1.90379e-16
2
1.2334e-17
2
1.79182e-17
2
-3.88668e-17
2
-4.29027e-17
2
-1.17346e-16
2
1.83364e-17
2
5.05696e-17
2
2.52874e-16
2
2.53246e-16
2
-6.86871e-17
2
-8.9762e-17
2
-1.51477e-16
2
-1.06638e-16
2
-1.04337e-16
2
-1.6674e-16
2
4.92776e-17
2
-8.00283e-17
2
2.42635e-17
2
-2.00849e-17
2
-6.27311e-17
2
-1.71581e-17
2
2.22119e-17
2
4.13454e-17
2
7.53252e-17
2
9.93167e-17
2
-2.55375e-17
2
1.02745e-16
2
1.35032e-16
2
-6.13611e-17
2
-1.39795e-16
2
-2.40798e-16
2
-1.14056e-16
2
6.85676e-17
2
-1.17887e-16
2
-2.06359e-16
2
-1.50825e-16
2
-1.6117e-16
2
6.84077e-18
2
-5.70798e-17
2
1.00636e-16
2
1.77158e-16
2
2.39366e-16
2
2.2566e-16
2
7.25524e-17
2
-3.18509e-17
2
-6.48777e-17
2
-9.09363e-17
2
5.30214e-17
2
9.19992e-17
2
2.37958e-16
2
2.26662e-16
2
1.76413e-16
2
2.16206e-16
2
-1.41639e-17
2
-2.68608e-16
2
-2.51096e-16
2
-1.59907e-16
2
-1.56604e-16
2
-2.98702e-16
2
-2.1541e-16
2
5.93831e-18
2
-4.48168e-17
2
-5.18964e-17
2
-3.26432e-17
2
-3.70806e-17
2
-1.47501e-16
2
-2.3402e-16
2
-1.20587e-17
2
2.07303e-16
2
-3.9769e-17
2
-6.87651e-17
2
-2.46969e-17
2
-6.21146e-17
2
-4.89463e-17
2
-7.14879e-17
2
1.30717e-17
2
-1.17344e-16
2
-1.749e-16
2
-8.45988e-17
2
2.04567e-16
2
2.40429e-16
2
3.02175e-16
2
4.27255e-16
2
3.39293e-16
2
3.91671e-16
2
4.28874e-16
2
4.98992e-16
2
5.08669e-16
2
1.80405e-16
2
1.41428e-16
2
4.57888e-17
2
-8.83202e-17
2
-2.09179e-17
2
-4.4403e-17
2
-8.72804e-17
2
-2.71059e-16
2
-4.3768e-16
2
-6.32555e-16
2
-5.71842e-16
2
-2.72473e-16
2
-9.14711e-17
2
-1.74581e-16
2
-4.51688e-16
2
-4.01945e-16
2
-2.27649e-16
2
-3.01582e-16
2
-1.28094e-16
2
-2.53679e-16
2
-4.58279e-16
2
-4.32847e-16
2
-3.55547e-16
2
-2.74923e-16
2
-6.06256e-17
1.62842e-16
2
6.94144e-17
2
6.79442e-17
2
9.0071e-17
2
9.49337e-17
2
-5.71885e-17
2
-1.73746e-16
2
-1.82135e-16
2
9.34198e-17
2
1.58488e-16
2
-6.59926e-17
2
-1.59715e-16
2
5.98578e-18
2
-8.04194e-17
2
-7.41862e-18
2
1.22004e-16
2
5.49851e-18
2
1.41088e-16
2
2.12518e-16
2
2.61594e-16
2
2.50288e-17
2
8.3883e-17
2
-1.50873e-16
2
-2.5654e-16
2
-2.07531e-16
2
-3.30957e-16
2
-1.86215e-16
2
-3.42764e-16
2
-5.19033e-16
2
-1.94856e-16
2
-2.59489e-16
2
-1.84033e-16
2
-1.30824e-16
2
-1.82816e-16
2
-1.15507e-16
2
-7.81445e-17
2
-7.5503e-17
2
8.20838e-18
2
-4.29342e-17
2
-2.51349e-17
2
2.33446e-16
2
6.2154e-17
2
2.2941e-17
2
-8.10279e-17
2
-1.82807e-16
2
-3.19459e-16
2
-2.54238e-16
2
-2.3439e-16
2
-1.78954e-16
2
-1.31569e-16
2
-1.96446e-16
2
4.23522e-17
2
5.04255e-17
2
5.48375e-17
2
-4.07007e-17
2
-7.13075e-18
2
-9.52442e-17
2
-7.41626e-17
2
-5.69975e-17
2
-4.33726e-17
2
-2.06308e-17
2
9.4969e-18
2
-1.43442e-17
2
-8.7906e-17
2
1.09149e-16
2
1.71435e-16
2
-1.71264e-16
2
-2.09045e-16
2
-1.38097e-16
2
-2.05139e-16
2
-1.63615e-16
2
-1.5647e-16
2
2.06948e-17
2
-6.28938e-17
2
-6.87991e-17
2
1.45889e-16
2
3.33604e-17
2
-6.36856e-18
2
2.28962e-16
2
2.97358e-16
2
1.93655e-16
2
1.51512e-16
2
2.89795e-17
2
-2.54717e-16
2
-2.66893e-16
2
-2.26088e-17
2
1.06762e-16
2
1.1411e-16
2
5.38628e-17
2
-3.39051e-17
2
-1.69551e-16
2
-6.21636e-17
2
-1.13143e-16
2
1.37084e-17
2
-8.37713e-17
2
4.96857e-17
2
1.15269e-17
2
-1.83235e-17
2
-5.13119e-17
2
-1.73006e-17
2
1.23089e-17
2
1.08388e-16
2
-3.9441e-17
2
2.22705e-17
2
-1.57171e-16
2
-4.54753e-17
2
1.81613e-17
2
6.20858e-17
2
-3.93214e-18
2
9.38547e-17
2
1.00575e-16
2
5.8125e-17
2
-1.78566e-16
2
-2.43706e-17
2
5.00973e-17
2
-1.13239e-16
2
-1.37084e-16
2
-1.70746e-16
2
-1.02585e-16
2
-7.68068e-17
2
-2.08991e-16
2
-2.96128e-16
2
-7.31967e-17
2
-1.95967e-16
2
-2.76501e-16
2
-1.608e-16
2
-4.57122e-17
2
1.39348e-17
2
1.35737e-16
2
1.2093e-16
2
4.4196e-17
2
-8.25274e-18
2
-7.30326e-18
2
7.28307e-18
2
-4.83778e-18
2
2.87502e-17
2
-9.70449e-17
2
-1.20189e-16
2
1.19787e-17
2
1.05624e-16
2
1.11592e-16
2
6.66323e-17
2
-1.08908e-16
2
-3.81895e-17
2
-1.42926e-16
2
1.79633e-17
2
-2.68186e-17
2
-1.75161e-16
2
-1.46301e-16
2
-5.92564e-17
2
1.39644e-16
2
1.15002e-16
2
2.87515e-17
2
-7.95438e-17
2
1.12349e-17
2
-5.94921e-17
2
1.89911e-16
2
-5.72592e-17
2
-1.20086e-17
2
-2.61127e-19
2
-2.69294e-17
2
-1.18552e-17
2
-2.17641e-17
2
2.64914e-16
2
4.06911e-16
2
2.97049e-16
2
1.69103e-16
2
1.59199e-16
2
2.04962e-16
2
3.6078e-16
2
3.55849e-16
2
3.96547e-16
2
3.91777e-16
2
5.21085e-16
2
4.73873e-16
2
4.56663e-16
2
5.20371e-16
2
4.03262e-16
2
3.68615e-16
2
2.66294e-16
2
1.29406e-16
2
1.15458e-16
2
-8.81486e-17
2
-2.62819e-16
2
-9.65755e-17
2
-1.14425e-16
2
-1.0689e-16
2
-3.45929e-16
2
-2.33292e-16
2
-4.04961e-16
2
-3.92008e-16
2
-2.90358e-16
2
-3.0529e-16
2
-3.78738e-16
2
-3.33265e-16
2
-3.68651e-16
2
-4.13682e-16
2
-3.54661e-16
2
-3.34167e-16
2
-2.87125e-16
-1.53477e-16
2
1.33997e-16
2
1.04951e-16
2
9.20916e-17
2
-5.32961e-17
2
-4.70616e-17
2
-8.59872e-17
2
-5.46618e-17
2
-3.1221e-16
2
-7.71468e-17
2
8.82874e-17
2
-2.6154e-17
2
9.17292e-17
2
1.99588e-16
2
6.71474e-17
2
-2.1059e-17
2
1.25114e-16
2
8.76675e-17
2
1.7293e-16
2
1.30916e-16
2
2.34444e-16
2
2.5673e-17
2
-2.12527e-16
2
-2.24061e-16
2
-5.02916e-16
2
-4.11852e-16
2
-4.52588e-16
2
-3.81114e-16
2
-3.65474e-16
2
-3.40501e-16
2
-4.07595e-16
2
-2.64161e-16
2
-2.21401e-16
2
-9.69923e-17
2
1.76112e-17
2
-2.95443e-16
2
-1.28867e-16
2
-1.28756e-16
2
1.48797e-16
2
4.51615e-16
2
7.91366e-17
2
-2.66731e-17
2
-8.9393e-17
2
-1.54062e-16
2
-1.66063e-16
2
-2.00575e-16
2
-1.38513e-16
2
1.75781e-16
2
-9.46904e-17
2
-7.04039e-17
2
-3.07453e-17
2
4.30034e-17
2
5.08275e-17
2
1.31225e-16
2
-8.24594e-17
2
8.03024e-17
2
-9.62289e-17
2
-1.85224e-16
2
-2.26897e-18
2
-7.58289e-17
2
-2.71592e-16
2
-1.40279e-16
2
1.15312e-16
2
-5.24938e-17
2
-7.31288e-17
2
-2.56356e-16
2
-1.95064e-16
2
-1.38882e-16
2
1.7284e-17
2
6.10628e-17
2
-2.2768e-16
2
-2.29372e-16
2
-5.57696e-17
2
3.85115e-17
2
1.17525e-16
2
-1.19062e-17
2
-4.15811e-17
2
3.35901e-16
2
2.93832e-16
2
2.79933e-16
2
2.29844e-16
2
1.7334e-16
2
1.02465e-16
2
-5.07561e-17
2
1.28584e-16
2
-1.00623e-16
2
-1.10314e-16
2
-1.47141e-16
2
-2.08022e-16
2
-2.19805e-16
2
-1.70586e-16
2
-7.86201e-17
2
1.98855e-17
2
7.54816e-18
2
-1.68307e-17
2
-3.85467e-17
2
-5.7364e-17
2
-7.8146e-17
2
-4.70729e-17
2
-4.34544e-17
2
1.28163e-16
2
1.97838e-17
2
-1.86425e-16
2
-1.40752e-16
2
-1.03498e-16
2
-9.67653e-17
2
5.2626e-17
2
1.7559e-16
2
5.38338e-17
2
8.61472e-17
2
-1.82193e-17
2
1.4913e-17
2
1.80159e-16
2
7.61972e-18
2
-3.83391e-16
2
-2.78087e-16
2
-3.45061e-16
2
-1.59994e-16
2
1.15039e-18
2
6.00888e-17
2
1.26762e-16
2
1.02874e-16
2
-1.44821e-16
2
-1.99792e-16
2
-2.52879e-16
2
-2.16048e-16
2
-1.59604e-16
2
-1.16037e-16
2
3.63852e-17
2
2.35283e-16
2
1.30126e-16
2
-4.93152e-17
2
-8.17084e-17
2
5.68341e-17
2
2.62994e-18
2
-1.46179e-16
2
-6.72721e-17
2
-1.39681e-16
2
3.18362e-17
2
-8.16686e-17
2
-1.98114e-16
2
-6.18985e-17
2
2.13164e-16
2
8.6019e-17
2
-1.14666e-17
2
-3.5096e-16
2
-3.73488e-16
2
-1.82205e-16
2
-1.7461e-16
2
-4.75005e-17
2
1.7825e-17
2
4.42627e-17
2
1.71921e-16
2
3.04358e-16
2
1.1128e-16
2
-1.48634e-16
2
3.71151e-18
2
6.83031e-17
2
-5.45459e-17
2
-9.66619e-17
2
-1.60436e-16
2
1.0154e-17
2
1.81304e-16
2
2.99775e-16
2
2.42561e-16
2
6.14536e-17
2
4.04314e-18
2
1.46247e-16
2
3.30598e-16
2
2.25876e-16
2
3.27578e-16
2
4.16683e-16
2
3.73049e-16
2
3.365e-16
2
3.21097e-16
2
5.70059e-16
2
5.0223e-16
2
4.33962e-16
2
4.08607e-16
2
5.32657e-16
2
5.4612e-16
2
2.65419e-16
2
1.62928e-16
2
6.08842e-17
2
1.31455e-16
2
1.73956e-16
2
2.20842e-17
2
1.0447e-16
2
7.5247e-17
2
-1.30045e-17
2
-1.59657e-16
2
-4.40688e-16
2
-3.64621e-16
2
-6.11213e-16
2
-4.84418e-16
2
-4.7531e-16
2
-4.57988e-16
2
-5.29723e-16
2
-4.86035e-16
2
-4.69783e-16
-4.50889e-16
2
-3.56058e-17
2
1.10298e-16
2
1.14764e-16
2
1.54012e-16
2
8.33349e-17
2
1.29492e-16
2
-4.93273e-17
2
5.57257e-17
2
1.80881e-16
2
-4.77388e-17
2
-2.13498e-16
2
-1.75699e-16
2
-8.01934e-17
2
5.43114e-17
2
3.27981e-17
2
-8.42243e-17
2
1.4294e-16
2
2.23891e-17
2
1.02479e-16
2
1.52327e-16
2
8.81635e-18
2
3.24327e-18
2
-1.6175e-16
2
-1.61216e-16
2
-2.86182e-16
2
-1.64309e-16
2
-1.63803e-16
2
-8.93964e-17
2
-2.10197e-16
2
-4.32874e-16
2
-1.66096e-16
2
-2.20719e-16
2
-1.31463e-16
2
-3.37661e-16
2
-1.49559e-16
2
-2.08301e-16
2
-2.06924e-16
2
-1.96127e-16
2
-3.47214e-16
2
-4.20631e-16
2
-7.10648e-17
2
-6.07289e-18
2
-1.00642e-16
2
-1.85291e-16
2
-3.37926e-16
2
-1.96997e-16
2
-3.94787e-16
2
-3.17566e-16
2
-2.16039e-16
2
-1.96894e-17
2
2.31401e-17
2
7.91865e-17
2
8.61953e-17
2
1.2238e-18
2
-8.06618e-17
2
-4.51702e-19
2
-8.52986e-17
2
-7.68974e-17
2
1.20649e-17
2
-1.55713e-16
2
-1.00563e-16
2
-1.1206e-16
2
9.41815e-17
2
-1.03287e-16
2
-2.10438e-16
2
-7.02409e-17
2
5.22246e-17
2
-4.89502e-17
2
-1.13045e-16
2
-8.15063e-17
2
-2.97692e-17
2
-3.21582e-17
2
8.3177e-17
2
1.59018e-17
2
4.68874e-17
2
7.43448e-17
2
7.71386e-17
2
1.52578e-16
2
1.02749e-18
2
7.56656e-17
2
1.64021e-16
2
1.71524e-16
2
2.62105e-16
2
8.09055e-17
2
2.59049e-16
2
1.39073e-16
2
-6.45253e-17
2
-1.96232e-16
2
-1.17566e-16
2
-5.8586e-17
2
-8.39552e-18
2
1.16733e-16
2
3.9005e-17
2
4.50975e-19
2
-5.37643e-17
2
4.77219e-17
2
1.35077e-18
2
-1.25637e-16
2
-2.29227e-16
2
-2.72995e-16
2
-1.6464e-16
2
-1.68385e-17
2
-2.99906e-17
2
1.32599e-16
2
5.60248e-17
2
1.441e-16
2
4.43217e-17
2
1.08619e-16
2
9.31767e-17
2
5.57374e-17
2
8.05466e-17
2
-8.76265e-18
2
-2.82149e-16
2
-1.53099e-16
2
-2.92137e-16
2
-1.53601e-16
2
-1.86875e-16
2
-3.07505e-16
2
-2.86477e-16
2
1.25849e-16
2
4.14051e-18
2
-1.61063e-16
2
-3.6613e-16
2
-3.87517e-16
2
-3.76688e-16
2
-3.28482e-16
2
-1.54585e-16
2
-1.65318e-16
2
-1.03771e-16
2
-7.14471e-18
2
1.3638e-18
2
-1.25991e-16
2
-3.37068e-16
2
-2.4077e-16
2
-3.96157e-16
2
-3.19809e-16
2
-3.82406e-17
2
-2.36433e-16
2
-2.32839e-16
2
-1.31607e-16
2
-1.10214e-16
2
-1.77459e-16
2
-1.47649e-16
2
-1.81403e-16
2
-1.55925e-16
2
-1.07988e-16
2
-2.33415e-16
2
-1.91523e-16
2
-3.15794e-16
2
-2.5752e-16
2
-6.46403e-17
2
6.63458e-17
2
-3.03876e-17
2
-2.06665e-16
2
-1.44097e-16
2
-1.19957e-16
2
-1.11922e-16
2
-1.91877e-16
2
-2.11741e-16
2
-1.53923e-16
2
-1.28674e-16
2
8.05879e-17
2
-1.87974e-17
2
9.83748e-17
2
2.2776e-16
2
2.45422e-16
2
1.19575e-16
2
7.98642e-17
2
1.43112e-16
2
2.71995e-16
2
4.69608e-16
2
4.77993e-16
2
3.1641e-16
2
2.87468e-16
2
5.26201e-16
2
4.34666e-16
2
3.49719e-16
2
3.99006e-16
2
1.64679e-16
2
9.11251e-17
2
7.41146e-17
2
7.1008e-17
2
-5.73064e-17
2
1.00224e-16
2
9.77292e-17
2
3.50396e-17
2
1.99939e-16
2
2.7162e-16
2
2.61201e-16
2
2.09561e-17
2
-7.45111e-18
2
1.28848e-16
2
1.43906e-16
2
3.66641e-17
2
-8.89786e-17
2
-2.1431e-17
2
-2.64756e-16
2
-3.89507e-16
2
-3.48017e-16
-4.61031e-16
2
1.45937e-16
2
2.14198e-16
2
-8.97403e-17
2
-5.18415e-17
2
3.64622e-17
2
-7.07261e-18
2
-1.98733e-17
2
-1.21541e-16
2
-6.29786e-17
2
-2.63641e-16
2
-1.92724e-16
2
-4.95187e-17
2
-5.80804e-17
2
9.91081e-17
2
-6.9895e-18
2
-2.01859e-16
2
-1.71573e-16
2
-2.16449e-16
2
-1.87458e-16
2
-1.13237e-16
2
-6.99287e-17
2
-5.24484e-17
2
1.69611e-16
2
2.56645e-16
2
-1.58184e-17
2
-1.9826e-16
2
1.60779e-17
2
-2.07359e-17
2
-2.50343e-17
2
2.40385e-17
2
-5.97815e-17
2
-2.20055e-16
2
-2.31182e-16
2
-1.922e-16
2
-2.13662e-16
2
-1.93238e-16
2
-3.89814e-17
2
-1.12664e-16
2
-2.01868e-16
2
4.00564e-17
2
-1.64019e-16
2
-5.93016e-17
2
2.36992e-17
2
2.42517e-16
2
6.62725e-17
2
-2.68126e-16
2
-2.81378e-16
2
4.38466e-17
2
1.96567e-16
2
-1.03813e-16
2
-1.9838e-16
2
-8.0852e-17
2
-6.39616e-17
2
1.41934e-16
2
-3.00888e-19
2
-1.10093e-16
2
-7.67951e-17
2
-1.58203e-16
2
1.70367e-17
2
1.91569e-16
2
1.24683e-18
2
-6.04428e-17
2
-1.64407e-16
2
-2.47725e-16
2
-2.94488e-17
2
2.39233e-17
2
-6.80655e-17
2
-1.19544e-16
2
-3.34969e-16
2
-2.61832e-16
2
-2.05041e-16
2
-8.82362e-17
2
-2.24521e-16
2
-2.25697e-16
2
-2.20645e-16
2
-4.76281e-17
2
2.33413e-17
2
-2.48095e-17
2
1.11308e-16
2
9.44634e-17
2
6.08782e-18
2
-4.3778e-17
2
4.87438e-17
2
1.02406e-16
2
4.47399e-17
2
3.2591e-17
2
-1.15523e-16
2
-2.99676e-17
2
-7.98674e-17
2
-4.82065e-17
2
5.06703e-17
2
-6.7997e-17
2
-5.04491e-17
2
-5.52538e-17
2
8.91453e-17
2
1.52206e-16
2
1.16008e-16
2
-1.38474e-16
2
-2.75126e-16
2
-2.22939e-16
2
-3.27921e-16
2
-1.16364e-16
2
-9.18194e-18
2
-2.04695e-16
2
-2.57106e-16
2
-3.41869e-16
2
-1.32266e-16
2
-9.86074e-17
2
-8.60156e-17
2
-6.0342e-17
2
3.59329e-17
2
-4.13756e-17
2
-4.95141e-17
2
-4.20494e-16
2
-3.01637e-16
2
-5.01832e-17
2
-6.20342e-17
2
-2.11358e-16
2
-3.24011e-16
2
-3.81466e-16
2
-2.05174e-16
2
-3.6626e-16
2
-5.18318e-16
2
-3.79712e-16
2
-4.16573e-16
2
-4.26489e-16
2
-2.40674e-16
2
-3.88586e-16
2
-3.70653e-16
2
-3.9717e-16
2
-2.52827e-16
2
-1.93987e-16
2
-5.37084e-16
2
-5.59734e-16
2
-3.48017e-16
2
-2.68747e-16
2
-4.17209e-16
2
-4.09777e-16
2
-1.83735e-16
2
-7.26245e-17
2
-1.51729e-16
2
4.17509e-17
2
3.44472e-17
2
2.20898e-17
2
3.49926e-17
2
-1.01205e-16
2
1.58146e-17
2
-6.83991e-17
2
-2.95935e-16
2
-2.4459e-16
2
-2.38235e-16
2
-3.56629e-16
2
-4.47261e-16
2
-2.49523e-16
2
-8.72161e-17
2
-2.68737e-16
2
-1.36482e-16
2
-2.07398e-16
2
-1.58938e-16
2
-5.06718e-17
2
-1.10379e-16
2
-2.44626e-16
2
-1.16607e-16
2
-2.77569e-17
2
1.83571e-17
2
-8.83079e-18
2
-1.08439e-16
2
-3.03438e-16
2
-8.64997e-17
2
7.69973e-17
2
1.3384e-16
2
2.69961e-16
2
9.4806e-17
2
6.96414e-17
2
3.01829e-17
2
-1.80687e-17
2
1.51126e-16
2
2.82905e-16
2
1.38225e-16
2
9.41296e-17
2
2.65686e-16
2
3.50014e-16
2
5.14462e-16
2
4.54786e-16
2
4.68024e-16
2
5.09057e-16
2
5.33707e-16
2
6.1248e-16
2
3.50233e-16
2
1.93716e-16
2
2.36371e-17
2
7.01926e-17
2
2.75328e-16
2
2.41137e-16
2
3.23137e-16
2
7.74535e-17
2
5.93561e-17
2
-1.29139e-16
2
-4.52439e-16
-3.96733e-16
2
-1.11838e-16
2
8.88516e-17
2
6.53822e-17
2
-1.38626e-16
2
-1.19207e-17
2
1.3877e-16
2
3.14741e-16
2
3.15817e-16
2
-2.27467e-17
2
5.83047e-17
2
9.54794e-17
2
-9.18429e-17
2
-1.03672e-16
2
-1.23417e-16
2
-1.05543e-16
2
-5.30779e-17
2
-1.2699e-16
2
-1.02256e-16
2
-2.10825e-16
2
-3.11623e-16
2
-1.12892e-16
2
3.037e-16
2
2.19165e-16
2
-2.65945e-16
2
-1.93159e-17
2
3.76045e-18
2
-8.26259e-17
2
-3.20421e-17
2
-4.29975e-17
2
-3.41919e-17
2
-2.24808e-16
2
-2.10469e-16
2
-1.06759e-16
2
3.18107e-17
2
-9.36104e-17
2
-8.421e-17
2
-1.31353e-16
2
-8.29629e-17
2
2.16896e-17
2
-3.99581e-18
2
5.48943e-17
2
-1.25435e-16
2
-4.57267e-20
2
4.10169e-17
2
4.84325e-17
2
2.45982e-17
2
4.50617e-17
2
7.06134e-17
2
4.86023e-17
2
-1.05714e-16
2
-1.47167e-16
2
-1.37216e-16
2
-4.64888e-17
2
1.98359e-16
2
2.84193e-17
2
-7.19342e-17
2
-1.19388e-16
2
-1.58978e-16
2
-2.07931e-16
2
5.13565e-18
2
1.99574e-17
2
4.80756e-17
2
1.17831e-16
2
1.29477e-16
2
-5.9022e-17
2
-7.8671e-17
2
-3.87269e-17
2
-2.74854e-16
2
-1.81816e-16
2
-2.5488e-16
2
-3.00852e-16
2
-4.67182e-16
2
-2.41374e-16
2
-1.2175e-16
2
-1.018e-16
2
-1.02231e-16
2
4.61929e-18
2
5.7488e-18
2
-6.05741e-17
2
-1.57448e-16
2
-2.07747e-16
2
5.70303e-17
2
6.91463e-17
2
-3.19598e-17
2
5.69323e-18
2
1.65984e-16
2
1.61945e-16
2
-1.1502e-16
2
-1.37724e-16
2
-3.13243e-17
2
6.71607e-18
2
-4.55379e-17
2
-6.13619e-17
2
2.00954e-16
2
2.55604e-16
2
7.24253e-17
2
3.77107e-17
2
1.13764e-16
2
-3.94202e-17
2
-2.44765e-16
2
-2.22928e-16
2
-6.50323e-17
2
-8.18555e-17
2
-1.28979e-16
2
-1.91132e-16
2
1.30909e-16
2
-6.16389e-17
2
-1.71692e-16
2
-3.69673e-16
2
-1.50675e-16
2
-1.41494e-16
2
-7.87742e-17
2
-1.01342e-16
2
5.19848e-17
2
-5.80572e-18
2
-1.91492e-16
2
-3.30367e-16
2
-2.33545e-16
2
3.93046e-17
2
-1.65546e-16
2
-2.0658e-16
2
-5.95506e-17
2
-1.10091e-16
2
-1.93838e-16
2
-2.6638e-16
2
-2.932e-16
2
-7.00281e-16
2
-4.21322e-16
2
-2.63689e-16
2
-3.87058e-16
2
-4.62162e-16
2
-4.81141e-16
2
-3.24997e-16
2
-3.55688e-16
2
-3.8587e-16
2
-3.73517e-16
2
-4.54511e-16
2
-3.15156e-16
2
-3.14353e-16
2
-4.43197e-16
2
-1.5627e-16
2
-2.26099e-16
2
-1.70759e-16
2
2.13786e-17
2
-4.25637e-17
2
-1.38633e-16
2
-5.58082e-18
2
3.62666e-17
2
6.59248e-17
2
-3.945e-17
2
-9.16411e-17
2
-1.81157e-16
2
-2.41314e-16
2
-2.10744e-16
2
-8.85052e-17
2
-1.94307e-16
2
-2.63425e-16
2
-1.63405e-16
2
-1.13195e-16
2
-2.18574e-16
2
-2.71194e-16
2
-3.56781e-16
2
-1.60442e-16
2
-9.86274e-19
2
-1.05507e-16
2
1.88511e-17
2
-1.06139e-16
2
-8.41395e-17
2
-1.05906e-16
2
-1.99967e-16
2
-1.26389e-16
2
-8.68873e-17
2
1.91434e-16
2
1.68393e-17
2
-2.43681e-16
2
-9.91518e-18
2
2.51806e-16
2
1.87345e-16
2
2.37071e-16
2
8.53631e-17
2
2.11475e-16
2
4.1625e-16
2
5.62436e-16
2
3.96162e-16
2
3.83934e-16
2
6.00711e-16
2
3.25405e-16
2
1.82734e-16
2
1.60807e-16
2
3.63464e-16
2
5.12402e-16
2
3.97817e-16
2
3.81314e-16
2
1.95519e-16
2
-3.71643e-17
2
2.44325e-17
2
8.1893e-17
2
9.68713e-17
2
1.27008e-16
-2.4562e-16
2
-3.05065e-17
2
-2.33316e-16
2
-8.57558e-17
2
5.19349e-17
2
-1.50678e-16
2
-1.91917e-16
2
-1.07164e-16
2
1.07572e-16
2
-2.2664e-17
2
-3.7002e-17
2
3.27421e-17
2
-3.51444e-17
2
-3.09779e-16
2
-2.708e-16
2
-1.8509e-16
2
-2.08143e-16
2
-1.06907e-16
2
-3.99496e-17
2
-5.43873e-17
2
7.28119e-17
2
1.16993e-16
2
5.90065e-17
2
1.85199e-16
2
2.82684e-16
2
8.4063e-17
2
9.40119e-17
2
-2.60611e-17
2
-7.00764e-17
2
-1.75774e-16
2
-1.57918e-16
2
-2.05354e-16
2
-1.4987e-16
2
-4.58813e-16
2
-5.74838e-16
2
-4.81301e-16
2
-4.74123e-16
2
-3.40241e-16
2
-1.61403e-16
2
-1.03444e-16
2
-1.40082e-17
2
-1.53929e-16
2
-9.21787e-17
2
-1.22323e-17
2
-4.80487e-17
2
9.19902e-17
2
2.29565e-17
2
4.73334e-17
2
-7.88207e-18
2
-1.45203e-16
2
-6.16287e-17
2
-1.52633e-16
2
-3.01609e-17
2
7.13218e-18
2
1.46996e-16
2
3.38845e-16
2
5.75624e-17
2
4.58488e-17
2
7.2053e-17
2
-4.44466e-17
2
-1.413e-17
2
-1.2901e-17
2
6.38741e-17
2
-6.1259e-17
2
-6.59339e-17
2
1.3241e-16
2
1.77384e-16
2
-1.91245e-16
2
-3.17087e-16
2
-2.36144e-16
2
-2.51288e-16
2
-3.10338e-16
2
-1.61486e-16
2
-2.71091e-16
2
-1.4128e-16
2
-6.52056e-17
2
-1.68389e-16
2
-2.30766e-16
2
-1.78781e-16
2
-3.51561e-16
2
3.10597e-18
2
-9.19847e-17
2
-2.03482e-16
2
-2.32393e-16
2
1.15163e-16
2
2.24963e-16
2
-6.59231e-17
2
-5.15924e-17
2
6.61738e-17
2
1.88227e-16
2
8.96475e-17
2
-3.42809e-16
2
-2.36582e-16
2
2.08689e-16
2
1.89407e-16
2
5.45766e-17
2
1.70624e-17
2
3.46709e-17
2
1.05329e-16
2
1.60659e-16
2
-1.01151e-17
2
-2.54208e-17
2
-1.99075e-16
2
-7.80983e-17
2
2.88498e-17
2
3.03526e-16
2
-2.59336e-17
2
-1.48801e-16
2
-1.97667e-16
2
7.58791e-17
2
1.55068e-16
2
1.41256e-17
2
-1.289e-16
2
-1.04805e-16
2
-2.13332e-17
2
-1.7247e-17
2
4.87978e-17
2
1.57707e-16
2
1.63363e-16
2
2.64873e-17
2
-8.0782e-17
2
-4.60689e-17
2
2.72603e-17
2
-4.72992e-17
2
-2.84483e-16
2
-1.96832e-16
2
-1.15452e-16
2
-1.22458e-16
2
-4.32165e-16
2
-6.10444e-16
2
-4.92154e-16
2
-5.20431e-16
2
-5.95118e-16
2
-5.91902e-16
2
-3.7207e-16
2
-4.24865e-16
2
-3.2771e-16
2
-2.4463e-16
2
-3.57331e-16
2
-5.68278e-16
2
-3.23016e-16
2
-3.39321e-16
2
-2.16337e-16
2
-3.91285e-16
2
-3.24379e-16
2
-6.32966e-17
2
-2.24004e-16
2
-3.00997e-16
2
-3.46005e-16
2
-2.89274e-16
2
-2.13021e-16
2
-1.38699e-16
2
-2.02425e-16
2
-5.37154e-17
2
-1.56833e-16
2
-2.44044e-16
2
-1.35515e-16
2
-1.17972e-16
2
-3.85415e-17
2
-1.52499e-16
2
-1.35096e-16
2
-2.36229e-16
2
-1.39794e-16
2
-1.81473e-16
2
-2.59265e-16
2
-6.54622e-17
2
-3.70682e-16
2
-1.5655e-16
2
-1.65475e-16
2
-3.08858e-16
2
-3.39609e-16
2
-1.97923e-16
2
-1.14308e-16
2
-1.99497e-16
2
-1.30021e-16
2
-1.81289e-16
2
5.28369e-17
2
1.24764e-18
2
1.26659e-16
2
2.21066e-16
2
4.49353e-16
2
3.26306e-16
2
2.37887e-16
2
4.13117e-16
2
4.19849e-16
2
3.12239e-16
2
5.38568e-17
2
2.06125e-16
2
1.21633e-16
2
3.02981e-16
2
3.8139e-16
2
2.11252e-16
2
1.51674e-16
2
1.06194e-16
2
2.16681e-16
2
2.18982e-16
2
-6.62462e-17
2
1.55548e-17
2
9.05135e-17
2
2.8294e-17
-5.45657e-17
2
-9.34172e-17
2
6.49402e-17
2
8.10666e-17
2
4.99058e-18
2
1.86653e-17
2
4.21756e-17
2
-6.61078e-17
2
-2.76682e-16
2
-5.32064e-17
2
5.9952e-17
2
7.97318e-17
2
-1.30111e-16
2
-5.53755e-17
2
-2.13345e-16
2
-1.93478e-16
2
7.92582e-17
2
-1.31591e-16
2
-1.49564e-16
2
2.0365e-17
2
5.98723e-17
2
9.51501e-17
2
3.38259e-17
2
-1.00865e-16
2
-3.98276e-17
2
1.14734e-16
2
1.66456e-16
2
1.75338e-16
2
-7.37589e-18
2
-4.45238e-17
2
1.96966e-16
2
4.66986e-17
2
-1.08272e-16
2
-1.66371e-16
2
-1.98743e-16
2
-3.72079e-16
2
-4.02389e-16
2
-3.77146e-16
2
-2.24646e-16
2
-2.22742e-16
2
-1.89893e-16
2
-1.50941e-16
2
-2.39423e-16
2
-2.98624e-16
2
-2.93595e-16
2
-1.75622e-17
2
-6.13695e-17
2
-2.0865e-17
2
4.4786e-17
2
-8.38711e-17
2
-7.42795e-17
2
-2.40101e-17
2
9.85891e-17
2
4.1484e-17
2
-7.71624e-17
2
-6.25481e-17
2
3.34345e-17
2
-1.96652e-17
2
-1.89216e-16
2
-1.7794e-16
2
-1.77844e-16
2
-3.01467e-17
2
-1.66365e-16
2
-5.4269e-17
2
1.11629e-16
2
4.47735e-17
2
-7.01483e-17
2
-3.81458e-17
2
-3.90613e-17
2
-2.39808e-16
2
-1.66773e-16
2
-6.1047e-17
2
-1.30226e-16
2
-1.63965e-16
2
-2.16463e-16
2
-2.26752e-16
2
-1.91767e-16
2
-3.19972e-16
2
-3.59337e-16
2
-1.37009e-16
2
-2.26372e-16
2
-4.69895e-17
2
-1.69736e-16
2
-1.05198e-16
2
-1.39386e-16
2
-1.18569e-16
2
-1.23426e-16
2
-1.4053e-16
2
7.50354e-17
2
1.30519e-16
2
5.82429e-17
2
-7.18912e-17
2
-9.36932e-17
2
-1.66368e-16
2
2.17428e-17
2
4.26047e-18
2
7.01239e-17
2
3.68627e-17
2
-1.10664e-17
2
1.48216e-17
2
-1.1245e-17
2
1.30086e-16
2
4.53712e-17
2
-1.00687e-16
2
-4.17489e-18
2
1.59699e-16
2
9.48942e-17
2
9.42655e-18
2
3.61678e-17
2
1.38617e-16
2
1.80528e-17
2
-7.51638e-17
2
2.58354e-17
2
1.88638e-17
2
-3.89477e-18
2
1.01767e-17
2
4.24771e-17
2
-3.02561e-17
2
-4.53537e-17
2
-8.52771e-17
2
-2.2396e-17
2
1.2308e-16
2
1.16866e-16
2
1.09356e-16
2
8.03281e-17
2
-7.39006e-18
2
-1.90588e-16
2
-2.70188e-16
2
-3.62867e-16
2
-4.84913e-16
2
-4.04593e-16
2
-2.40678e-16
2
-4.20258e-16
2
-3.34317e-16
2
-3.74252e-16
2
-2.2134e-16
2
-4.08757e-16
2
-2.42294e-16
2
-2.73256e-16
2
-6.73614e-17
2
-1.34323e-16
2
-1.40007e-16
2
-2.61538e-16
2
-2.51171e-17
2
-3.28848e-17
2
-8.49381e-17
2
-2.56291e-17
2
-3.81289e-16
2
-2.22432e-16
2
-8.33271e-17
2
-2.58149e-16
2
-3.95606e-16
2
-3.50015e-16
2
-1.15486e-16
2
-9.58945e-17
2
-1.73508e-16
2
-7.7302e-17
2
-8.019e-17
2
-7.44134e-17
2
-1.57311e-17
2
-2.91748e-16
2
-2.7625e-16
2
-1.76164e-16
2
-1.91546e-16
2
-5.00537e-16
2
-5.15513e-16
2
-1.97787e-16
2
-2.9485e-16
2
-3.9817e-16
2
-4.81845e-16
2
-5.06076e-16
2
-5.76467e-16
2
-4.00367e-16
2
-1.43186e-16
2
-1.85961e-16
2
-8.32713e-18
2
-7.13583e-17
2
-5.66221e-17
2
8.01526e-17
2
8.45192e-18
2
2.86574e-17
2
5.90016e-17
2
1.09392e-16
2
7.27229e-17
2
4.52631e-18
2
-4.942e-17
2
2.45452e-17
2
-1.23521e-16
2
-3.87739e-17
2
1.08282e-16
2
4.97143e-17
2
1.32051e-16
2
9.30123e-17
2
2.7747e-16
2
4.63185e-17
2
-5.42463e-17
2
3.02938e-16
2
2.16176e-16
2
2.29464e-16
2
2.34493e-16
-4.7338e-18
2
2
2
2
2
2
2
2
2
2
2
2
2
2
2
2
2
2
2
2
2
2
2
2
2
2
2
2
2
2
2
2
2
2
2
2
2
2
2
2
2
2
2
2
2
2
2
2
2
2
2
2
2
2
2
2
2
2
2
2
2
2
2
2
2
2
2
2
2
2
2
2
2
2
2
2
2
2
2
2
2
2
2
2
2
2
2
2
2
2
2
2
2
2
2
2
2
2
2
2
2
2
2
2
2
2
2
2
2
2
2
2
2
2
2
2
2
2
2
2
2
2
2
2
2
2
2
2
2
2
2
2
2
2
2
2
2
2
2
2
2
2
2
2
2
2
2
2
2
2
2
2
2
2
2
2
2
2
2
2
2
2
2
2
2
2
2
2
2
2
2
2
2
2
2
2
2
2
2
2
2
2
2
2
2
2
2
2
2
2
2
2
2
2
2
2
2
2
2
)
;

boundaryField
{
    cyclic1
    {
        type            cyclic;
        value           nonuniform List<scalar> 
200
(
2.56233e-16
9.24575e-17
4.91476e-17
1.18293e-16
1.56081e-16
8.0632e-17
6.351e-17
8.67394e-17
1.15971e-17
1.62121e-17
-1.22731e-16
-1.72375e-16
-2.7038e-16
-1.1176e-16
-6.8212e-17
9.48472e-17
2.1882e-16
2.35532e-16
2.78095e-16
6.66977e-17
9.09985e-17
6.7573e-17
6.49349e-17
1.55159e-16
2.61905e-16
4.26769e-16
2.33349e-16
3.01547e-17
1.19157e-16
3.77719e-17
-3.03162e-17
-1.92734e-16
-1.33882e-16
-1.122e-16
-1.63828e-16
-2.55374e-16
-2.48386e-16
-2.44657e-16
-2.64731e-16
-1.34757e-16
-1.28362e-16
-1.4337e-16
5.24575e-17
-4.47687e-17
1.88175e-18
1.03787e-16
-8.01124e-17
-1.84379e-16
-1.76387e-16
5.00009e-17
4.14269e-16
1.04891e-16
3.06617e-17
-2.95872e-17
-5.56677e-17
1.82353e-17
-8.87317e-17
-1.70131e-16
-1.52404e-17
1.71303e-16
6.33376e-17
6.09992e-17
1.3469e-16
1.00885e-16
-3.94585e-17
8.32921e-17
2.59562e-16
2.86562e-16
2.91456e-16
6.68405e-17
-1.08406e-16
-3.6539e-17
4.66577e-17
-9.69045e-17
-3.97691e-16
-2.4303e-16
-7.72421e-17
-1.36456e-16
-1.34059e-16
-5.5005e-17
-1.79058e-16
-1.85322e-16
-1.46124e-16
-8.44163e-17
-6.01536e-17
-2.13904e-16
-1.99439e-16
-2.77687e-16
-1.45585e-16
-8.4027e-17
7.61592e-17
-9.0479e-17
-4.37589e-17
-1.16544e-16
-1.17647e-16
-9.90666e-17
2.86431e-17
2.96026e-17
1.59153e-16
2.65974e-16
2.70831e-16
7.95484e-17
-1.10977e-16
-1.03558e-16
-2.12929e-16
-1.67102e-16
-5.25215e-17
2.15743e-16
-2.88954e-18
-1.35517e-16
9.15587e-18
7.15763e-17
9.26423e-17
4.7653e-17
1.70488e-16
1.17867e-16
1.11784e-16
5.46106e-17
1.21248e-17
2.65916e-16
2.08211e-16
3.03161e-16
2.93721e-16
4.66857e-17
1.73553e-17
-4.36495e-17
-2.52696e-16
-3.88073e-16
-4.06869e-16
-2.59611e-16
-2.51397e-16
-2.06792e-16
-3.47835e-16
-2.36793e-16
-7.67515e-17
4.69294e-18
-4.92771e-18
1.41121e-16
-4.51587e-17
-2.35372e-16
-7.46539e-17
-1.88864e-16
-1.14749e-16
4.32112e-17
1.18647e-16
2.12975e-16
2.24361e-16
-9.85551e-17
-2.94093e-16
-2.68616e-16
-2.64458e-16
-1.11755e-16
-2.03527e-16
-1.79819e-16
-1.48096e-16
-2.0661e-16
-1.37781e-16
-1.77305e-16
-1.08468e-16
5.46646e-17
6.39556e-18
-1.06802e-16
-2.11956e-16
-3.01071e-16
-2.40302e-16
-3.82071e-16
-2.3284e-16
-9.80811e-17
-1.66732e-16
-1.95739e-16
-3.74241e-16
-3.34607e-16
-2.50936e-16
6.66639e-17
1.84424e-16
-7.43589e-17
-8.00789e-17
-1.82641e-16
-3.57934e-17
8.13299e-17
7.62213e-17
-1.36686e-16
-1.31409e-16
-8.21015e-17
-4.20972e-17
5.22667e-17
1.80982e-16
1.98234e-16
8.49142e-17
1.17892e-16
1.75824e-16
1.44823e-16
-1.11705e-16
1.12314e-16
3.10495e-16
2.70273e-16
1.73393e-16
-5.1456e-17
-2.49679e-16
-2.87572e-16
)
;
    }
    cyclic2
    {
        type            cyclic;
        value           nonuniform List<scalar> 
200
(
-2.56233e-16
-9.24575e-17
-4.91476e-17
-1.18293e-16
-1.56081e-16
-8.0632e-17
-6.351e-17
-8.67394e-17
-1.15971e-17
-1.62121e-17
1.22731e-16
1.72375e-16
2.7038e-16
1.1176e-16
6.8212e-17
-9.48472e-17
-2.1882e-16
-2.35532e-16
-2.78095e-16
-6.66977e-17
-9.09985e-17
-6.7573e-17
-6.49349e-17
-1.55159e-16
-2.61905e-16
-4.26769e-16
-2.33349e-16
-3.01547e-17
-1.19157e-16
-3.77719e-17
3.03162e-17
1.92734e-16
1.33882e-16
1.122e-16
1.63828e-16
2.55374e-16
2.48386e-16
2.44657e-16
2.64731e-16
1.34757e-16
1.28362e-16
1.4337e-16
-5.24575e-17
4.47687e-17
-1.88175e-18
-1.03787e-16
8.01124e-17
1.84379e-16
1.76387e-16
-5.00009e-17
-4.14269e-16
-1.04891e-16
-3.06617e-17
2.95872e-17
5.56677e-17
-1.82353e-17
8.87317e-17
1.70131e-16
1.52404e-17
-1.71303e-16
-6.33376e-17
-6.09992e-17
-1.3469e-16
-1.00885e-16
3.94585e-17
-8.32921e-17
-2.59562e-16
-2.86562e-16
-2.91456e-16
-6.68405e-17
1.08406e-16
3.6539e-17
-4.66577e-17
9.69045e-17
3.97691e-16
2.4303e-16
7.72421e-17
1.36456e-16
1.34059e-16
5.5005e-17
1.79058e-16
1.85322e-16
1.46124e-16
8.44163e-17
6.01536e-17
2.13904e-16
1.99439e-16
2.77687e-16
1.45585e-16
8.4027e-17
-7.61592e-17
9.0479e-17
4.37589e-17
1.16544e-16
1.17647e-16
9.90666e-17
-2.86431e-17
-2.96026e-17
-1.59153e-16
-2.65974e-16
-2.70831e-16
-7.95484e-17
1.10977e-16
1.03558e-16
2.12929e-16
1.67102e-16
5.25215e-17
-2.15743e-16
2.88954e-18
1.35517e-16
-9.15587e-18
-7.15763e-17
-9.26423e-17
-4.7653e-17
-1.70488e-16
-1.17867e-16
-1.11784e-16
-5.46106e-17
-1.21248e-17
-2.65916e-16
-2.08211e-16
-3.03161e-16
-2.93721e-16
-4.66857e-17
-1.73553e-17
4.36495e-17
2.52696e-16
3.88073e-16
4.06869e-16
2.59611e-16
2.51397e-16
2.06792e-16
3.47835e-16
2.36793e-16
7.67515e-17
-4.69294e-18
4.92771e-18
-1.41121e-16
4.51587e-17
2.35372e-16
7.46539e-17
1.88864e-16
1.14749e-16
-4.32112e-17
-1.18647e-16
-2.12975e-16
-2.24361e-16
9.85551e-17
2.94093e-16
2.68616e-16
2.64458e-16
1.11755e-16
2.03527e-16
1.79819e-16
1.48096e-16
2.0661e-16
1.37781e-16
1.77305e-16
1.08468e-16
-5.46646e-17
-6.39556e-18
1.06802e-16
2.11956e-16
3.01071e-16
2.40302e-16
3.82071e-16
2.3284e-16
9.80811e-17
1.66732e-16
1.95739e-16
3.74241e-16
3.34607e-16
2.50936e-16
-6.66639e-17
-1.84424e-16
7.43589e-17
8.00789e-17
1.82641e-16
3.57934e-17
-8.13299e-17
-7.62213e-17
1.36686e-16
1.31409e-16
8.21015e-17
4.20972e-17
-5.22667e-17
-1.80982e-16
-1.98234e-16
-8.49142e-17
-1.17892e-16
-1.75824e-16
-1.44823e-16
1.11705e-16
-1.12314e-16
-3.10495e-16
-2.70273e-16
-1.73393e-16
5.1456e-17
2.49679e-16
2.87572e-16
)
;
    }
    frontAndBack
    {
        type            empty;
        value           nonuniform 0();
    }
    outlet
    {
        type            calculated;
        value           nonuniform List<scalar> 
20
(
2
2
2
2
2
2
2
2
2
2
2
2
2
2
2
2
2
2
2
2
)
;
    }
    inlet
    {
        type            calculated;
        value           nonuniform List<scalar> 
20
(
-2
-2
-2
-2
-2
-2
-2
-2
-2
-2
-2
-2
-2
-2
-2
-2
-2
-2
-2
-2
)
;
    }
}


// ************************************************************************* //
