/*--------------------------------*- C++ -*----------------------------------*\
  =========                 |
  \\      /  F ield         | OpenFOAM: The Open Source CFD Toolbox
   \\    /   O peration     | Website:  https://openfoam.org
    \\  /    A nd           | Version:  6
     \\/     M anipulation  |
\*---------------------------------------------------------------------------*/
FoamFile
{
    version     2.0;
    format      ascii;
    class       volVectorField;
    location    "120";
    object      U;
}
// * * * * * * * * * * * * * * * * * * * * * * * * * * * * * * * * * * * * * //

dimensions      [0 1 -1 0 0 0 0];

internalField   nonuniform List<vector> 
4000
(
(400 3.32776e-14 0)
(400 4.02824e-14 0)
(400 4.72414e-14 0)
(400 5.91648e-14 0)
(400 7.17006e-14 0)
(400 7.43053e-14 0)
(400 6.47195e-14 0)
(400 5.46285e-14 0)
(400 4.14779e-14 0)
(400 1.44441e-14 0)
(400 -8.20763e-15 0)
(400 -2.96602e-14 0)
(400 -5.1283e-14 0)
(400 -4.50077e-14 0)
(400 -2.59115e-14 0)
(400 -1.10647e-14 0)
(400 -7.98841e-16 0)
(400 1.4565e-14 0)
(400 2.44192e-14 0)
(400 2.42812e-14 0)
(400 3.90674e-14 0)
(400 5.86678e-14 0)
(400 6.98121e-14 0)
(400 8.67557e-14 0)
(400 9.88749e-14 0)
(400 8.84845e-14 0)
(400 5.20193e-14 0)
(400 2.46538e-14 0)
(400 2.9564e-15 0)
(400 -1.4883e-14 0)
(400 -3.52188e-14 0)
(400 -5.56334e-14 0)
(400 -5.02418e-14 0)
(400 -4.17579e-14 0)
(400 -3.33837e-14 0)
(400 -2.81991e-14 0)
(400 -1.58849e-14 0)
(400 -1.56988e-14 0)
(400 -2.29679e-14 0)
(400 -2.51149e-14 0)
(400 -1.98916e-14 0)
(400 -2.33302e-14 0)
(400 -2.28523e-14 0)
(400 -2.84761e-14 0)
(400 -2.11212e-14 0)
(400 6.43348e-15 0)
(400 1.22078e-14 0)
(400 -1.02602e-15 0)
(400 -2.24078e-15 0)
(400 1.18366e-14 0)
(400 3.17157e-14 0)
(400 2.40353e-14 0)
(400 1.36218e-14 0)
(400 -2.43117e-15 0)
(400 -1.13646e-14 0)
(400 -8.7055e-15 0)
(400 -1.34703e-14 0)
(400 -1.81106e-14 0)
(400 -1.20764e-14 0)
(400 -1.05183e-15 0)
(400 9.16623e-15 0)
(400 1.95666e-14 0)
(400 2.36019e-14 0)
(400 1.42778e-14 0)
(400 1.47851e-14 0)
(400 2.98131e-14 0)
(400 4.95311e-14 0)
(400 4.97618e-14 0)
(400 5.34808e-14 0)
(400 2.60773e-14 0)
(400 8.12767e-15 0)
(400 8.77492e-15 0)
(400 -5.54877e-15 0)
(400 -2.63635e-14 0)
(400 -5.11182e-14 0)
(400 -5.70392e-14 0)
(400 -4.5192e-14 0)
(400 -4.16091e-14 0)
(400 -4.92329e-14 0)
(400 -5.32334e-14 0)
(400 -4.81851e-14 0)
(400 -4.09936e-14 0)
(400 -4.40093e-14 0)
(400 -3.45546e-14 0)
(400 -3.62412e-14 0)
(400 -3.83235e-14 0)
(400 -3.83204e-14 0)
(400 -3.7839e-14 0)
(400 -3.49898e-14 0)
(400 -3.40851e-14 0)
(400 -1.36918e-14 0)
(400 -8.3268e-15 0)
(400 -8.62563e-15 0)
(400 -1.58617e-14 0)
(400 -1.51596e-14 0)
(400 -4.43049e-15 0)
(400 -9.43924e-15 0)
(400 -3.18232e-15 0)
(400 -8.32932e-15 0)
(400 -6.7985e-15 0)
(400 -1.3327e-14 0)
(400 -2.30607e-14 0)
(400 -2.01375e-14 0)
(400 -1.88166e-14 0)
(400 -3.9016e-14 0)
(400 -4.45651e-14 0)
(400 -3.01334e-14 0)
(400 3.02572e-15 0)
(400 1.40364e-14 0)
(400 5.66641e-15 0)
(400 2.49354e-15 0)
(400 4.71532e-15 0)
(400 1.01135e-15 0)
(400 1.94141e-15 0)
(400 3.79622e-15 0)
(400 1.2622e-14 0)
(400 3.49172e-14 0)
(400 5.31309e-14 0)
(400 5.62465e-14 0)
(400 5.63699e-14 0)
(400 4.54125e-14 0)
(400 4.09729e-14 0)
(400 3.1714e-14 0)
(400 1.6092e-14 0)
(400 1.78472e-14 0)
(400 2.56574e-14 0)
(400 2.03718e-14 0)
(400 1.32953e-14 0)
(400 7.82161e-15 0)
(400 1.46825e-14 0)
(400 2.19681e-14 0)
(400 3.68287e-14 0)
(400 3.60326e-14 0)
(400 3.47208e-14 0)
(400 3.1687e-14 0)
(400 3.05796e-14 0)
(400 3.26013e-14 0)
(400 4.14041e-14 0)
(400 2.6204e-14 0)
(400 2.22093e-14 0)
(400 2.83515e-14 0)
(400 3.34199e-14 0)
(400 4.94386e-14 0)
(400 4.97422e-14 0)
(400 4.12338e-14 0)
(400 4.7477e-14 0)
(400 3.79836e-14 0)
(400 1.27162e-14 0)
(400 -5.33702e-15 0)
(400 -2.47113e-14 0)
(400 -2.43041e-14 0)
(400 -1.19936e-14 0)
(400 5.15313e-15 0)
(400 3.68018e-15 0)
(400 7.50328e-15 0)
(400 -4.36417e-15 0)
(400 -2.58657e-15 0)
(400 -3.47628e-15 0)
(400 -9.43134e-15 0)
(400 -2.53998e-15 0)
(400 -1.14955e-14 0)
(400 -3.12707e-14 0)
(400 -4.69675e-14 0)
(400 -3.56049e-14 0)
(400 -2.78989e-14 0)
(400 -2.23537e-14 0)
(400 -9.31489e-15 0)
(400 1.54772e-14 0)
(400 2.54218e-14 0)
(400 2.844e-14 0)
(400 2.74025e-14 0)
(400 2.43669e-14 0)
(400 1.52354e-14 0)
(400 2.07781e-14 0)
(400 1.51003e-14 0)
(400 9.28022e-16 0)
(400 -7.16355e-15 0)
(400 -2.14555e-14 0)
(400 -2.54743e-14 0)
(400 -2.42243e-14 0)
(400 -7.60817e-15 0)
(400 2.34384e-15 0)
(400 1.25186e-14 0)
(400 2.45532e-14 0)
(400 3.72295e-14 0)
(400 6.03112e-14 0)
(400 8.0791e-14 0)
(400 7.99532e-14 0)
(400 7.38532e-14 0)
(400 7.77727e-14 0)
(400 8.25831e-14 0)
(400 5.65725e-14 0)
(400 1.9118e-14 0)
(400 1.39956e-16 0)
(400 -8.54296e-16 0)
(400 -6.86144e-15 0)
(400 -9.13281e-15 0)
(400 -3.15377e-14 0)
(400 -4.92759e-14 0)
(400 -4.14579e-14 0)
(400 -1.15624e-14 0)
(400 2.34805e-15 0)
(400 1.88443e-14 0)
(400 3.92855e-14 0)
(400 5.69008e-14 0)
(400 7.17956e-14 0)
(400 7.25705e-14 0)
(400 6.19844e-14 0)
(400 4.3697e-14 0)
(400 1.95545e-14 0)
(400 7.09539e-15 0)
(400 -9.65374e-15 0)
(400 -1.93927e-14 0)
(400 -2.25936e-14 0)
(400 -8.46028e-15 0)
(400 -1.72211e-14 0)
(400 -4.21578e-15 0)
(400 1.70077e-14 0)
(400 3.00121e-14 0)
(400 4.33136e-14 0)
(400 6.48958e-14 0)
(400 7.39182e-14 0)
(400 7.86581e-14 0)
(400 1.03568e-13 0)
(400 1.16546e-13 0)
(400 9.31092e-14 0)
(400 7.7529e-14 0)
(400 6.64913e-14 0)
(400 3.82869e-14 0)
(400 6.78198e-15 0)
(400 -1.34917e-14 0)
(400 -1.315e-14 0)
(400 -1.88102e-14 0)
(400 -1.87322e-14 0)
(400 -8.04752e-15 0)
(400 -3.96863e-15 0)
(400 7.79514e-15 0)
(400 1.20521e-14 0)
(400 -3.30302e-15 0)
(400 -1.14162e-14 0)
(400 -1.23181e-14 0)
(400 -7.53982e-15 0)
(400 -7.78632e-15 0)
(400 2.62824e-15 0)
(400 -1.07388e-15 0)
(400 1.88093e-15 0)
(400 -5.12625e-15 0)
(400 -1.93014e-14 0)
(400 -6.47644e-15 0)
(400 -4.73799e-15 0)
(400 -5.40123e-15 0)
(400 1.56141e-15 0)
(400 1.01202e-15 0)
(400 -1.13759e-14 0)
(400 -2.64176e-14 0)
(400 -2.39291e-14 0)
(400 -2.68164e-14 0)
(400 -2.28236e-14 0)
(400 -2.71817e-14 0)
(400 -3.177e-14 0)
(400 -2.1798e-14 0)
(400 -8.02136e-15 0)
(400 -5.09753e-15 0)
(400 -2.37583e-15 0)
(400 1.59056e-14 0)
(400 2.98322e-14 0)
(400 4.04096e-14 0)
(400 3.71778e-14 0)
(400 4.42013e-14 0)
(400 5.76017e-14 0)
(400 6.01854e-14 0)
(400 5.05868e-14 0)
(400 3.01044e-14 0)
(400 5.31364e-15 0)
(400 -1.45106e-14 0)
(400 -4.25577e-14 0)
(400 -4.86615e-14 0)
(400 -3.29227e-14 0)
(400 -2.92941e-14 0)
(400 -3.67913e-14 0)
(400 -2.96336e-14 0)
(400 -1.66355e-14 0)
(400 -2.31328e-14 0)
(400 -1.30712e-14 0)
(400 -2.18748e-14 0)
(400 -2.81051e-14 0)
(400 -2.58145e-14 0)
(400 -1.04603e-14 0)
(400 -9.1867e-15 0)
(400 -1.50441e-14 0)
(400 -1.54693e-14 0)
(400 -3.0254e-16 0)
(400 -8.6469e-15 0)
(400 -6.65201e-15 0)
(400 -1.10734e-15 0)
(400 1.61737e-16 0)
(400 -1.54077e-15 0)
(400 4.25899e-15 0)
(400 2.08161e-14 0)
(400 2.4198e-14 0)
(400 1.7337e-14 0)
(400 1.86724e-14 0)
(400 2.01696e-14 0)
(400 3.35303e-14 0)
(400 2.57027e-14 0)
(400 2.93377e-15 0)
(400 8.10518e-16 0)
(400 1.03715e-15 0)
(400 8.30917e-15 0)
(400 2.52107e-14 0)
(400 2.96564e-14 0)
(400 2.90089e-14 0)
(400 1.67219e-14 0)
(400 2.62584e-14 0)
(400 2.35482e-14 0)
(400 1.64282e-14 0)
(400 3.1948e-14 0)
(400 5.44468e-14 0)
(400 6.58323e-14 0)
(400 4.65153e-14 0)
(400 3.01572e-14 0)
(400 2.5309e-14 0)
(400 3.87296e-14 0)
(400 5.93054e-14 0)
(400 6.44431e-14 0)
(400 6.36211e-14 0)
(400 7.12314e-14 0)
(400 7.3562e-14 0)
(400 7.19795e-14 0)
(400 6.84172e-14 0)
(400 6.8852e-14 0)
(400 8.49051e-14 0)
(400 8.39051e-14 0)
(400 6.98681e-14 0)
(400 6.10964e-14 0)
(400 6.91035e-14 0)
(400 6.13743e-14 0)
(400 4.74568e-14 0)
(400 3.42403e-14 0)
(400 3.23222e-14 0)
(400 3.54637e-14 0)
(400 2.85698e-14 0)
(400 2.00628e-14 0)
(400 2.97364e-14 0)
(400 4.85676e-14 0)
(400 4.7408e-14 0)
(400 2.48059e-14 0)
(400 1.03432e-14 0)
(400 7.94947e-15 0)
(400 -1.35384e-15 0)
(400 -2.18603e-14 0)
(400 -2.77699e-14 0)
(400 -1.44215e-14 0)
(400 6.96904e-15 0)
(400 1.27394e-14 0)
(400 6.16842e-15 0)
(400 2.36533e-15 0)
(400 -3.26264e-15 0)
(400 -1.00013e-14 0)
(400 -2.59875e-14 0)
(400 -3.30421e-14 0)
(400 -3.57258e-14 0)
(400 -5.19277e-14 0)
(400 -5.74715e-14 0)
(400 -6.32517e-14 0)
(400 -4.82936e-14 0)
(400 -3.26306e-14 0)
(400 -1.11156e-14 0)
(400 -1.24351e-14 0)
(400 -1.46003e-14 0)
(400 -1.16673e-14 0)
(400 -8.82502e-15 0)
(400 -1.96484e-15 0)
(400 -7.09273e-15 0)
(400 -3.05316e-14 0)
(400 -2.64185e-14 0)
(400 -2.44616e-14 0)
(400 -2.57372e-14 0)
(400 -3.54555e-14 0)
(400 -3.12723e-14 0)
(400 -4.96261e-15 0)
(400 1.19518e-14 0)
(400 5.81854e-15 0)
(400 1.06965e-14 0)
(400 1.48693e-14 0)
(400 3.49476e-14 0)
(400 5.25114e-14 0)
(400 6.35869e-14 0)
(400 8.07872e-14 0)
(400 8.9796e-14 0)
(400 9.10298e-14 0)
(400 7.87104e-14 0)
(400 6.64408e-14 0)
(400 5.23367e-14 0)
(400 4.99468e-14 0)
(400 4.12883e-14 0)
(400 4.61816e-14 0)
(400 4.14455e-14 0)
(400 3.17512e-14 0)
(400 3.5454e-14 0)
(400 -2.97951e-14 0)
(400 -2.54088e-14 0)
(400 -3.22397e-15 0)
(400 2.22856e-14 0)
(400 3.26351e-14 0)
(400 5.36483e-14 0)
(400 5.07291e-14 0)
(400 4.24647e-14 0)
(400 4.05855e-14 0)
(400 3.43041e-14 0)
(400 2.5033e-14 0)
(400 1.66348e-14 0)
(400 3.41833e-15 0)
(400 5.73911e-15 0)
(400 2.68114e-14 0)
(400 3.02473e-14 0)
(400 3.7317e-14 0)
(400 5.74005e-14 0)
(400 7.2078e-14 0)
(400 7.26744e-14 0)
(400 8.40678e-14 0)
(400 7.43561e-14 0)
(400 7.50066e-14 0)
(400 9.13475e-14 0)
(400 8.63407e-14 0)
(400 7.10639e-14 0)
(400 6.0336e-14 0)
(400 5.28048e-14 0)
(400 3.80597e-14 0)
(400 2.52976e-15 0)
(400 -1.18951e-14 0)
(400 -1.64419e-14 0)
(400 -2.15295e-14 0)
(400 -5.63961e-15 0)
(400 -1.95095e-15 0)
(400 -8.12194e-15 0)
(400 -1.59311e-14 0)
(400 -1.71661e-14 0)
(400 -9.55724e-15 0)
(400 -1.51478e-14 0)
(400 -2.23417e-14 0)
(400 5.89067e-15 0)
(400 4.94434e-15 0)
(400 1.33133e-14 0)
(400 -7.33706e-15 0)
(400 -2.39254e-14 0)
(400 -3.74601e-14 0)
(400 -3.661e-14 0)
(400 -3.58998e-14 0)
(400 -6.35607e-14 0)
(400 -8.10028e-14 0)
(400 -6.59619e-14 0)
(400 -5.4786e-14 0)
(400 -7.03151e-14 0)
(400 -7.95814e-14 0)
(400 -6.31456e-14 0)
(400 -5.56775e-14 0)
(400 -4.78768e-14 0)
(400 -5.14289e-14 0)
(400 -4.00974e-14 0)
(400 -2.47391e-14 0)
(400 -1.90524e-14 0)
(400 -7.78431e-16 0)
(400 1.62869e-14 0)
(400 2.0387e-14 0)
(400 1.45937e-14 0)
(400 -4.55948e-15 0)
(400 -5.35978e-15 0)
(400 -5.39999e-15 0)
(400 8.05591e-15 0)
(400 7.81927e-15 0)
(400 1.51074e-15 0)
(400 -5.463e-15 0)
(400 -1.35748e-14 0)
(400 -1.44511e-14 0)
(400 -2.59075e-14 0)
(400 -3.91088e-14 0)
(400 -2.58757e-14 0)
(400 -1.56934e-14 0)
(400 -1.38581e-14 0)
(400 -9.94688e-15 0)
(400 -8.83617e-15 0)
(400 -5.91099e-15 0)
(400 -8.33996e-15 0)
(400 -2.17637e-14 0)
(400 -2.02272e-14 0)
(400 -8.72531e-15 0)
(400 1.44309e-14 0)
(400 4.11393e-14 0)
(400 4.81786e-14 0)
(400 5.3945e-14 0)
(400 6.07062e-14 0)
(400 4.31183e-14 0)
(400 4.28321e-14 0)
(400 4.19624e-14 0)
(400 3.32998e-14 0)
(400 3.55211e-14 0)
(400 2.76009e-14 0)
(400 2.61754e-14 0)
(400 6.2594e-15 0)
(400 -4.43269e-15 0)
(400 -2.18871e-14 0)
(400 -2.73309e-14 0)
(400 -4.22199e-14 0)
(400 -4.75917e-14 0)
(400 -4.89883e-14 0)
(400 -4.75603e-14 0)
(400 -4.80748e-14 0)
(400 -4.62023e-14 0)
(400 -4.21515e-14 0)
(400 -3.19694e-14 0)
(400 -1.87056e-14 0)
(400 -1.46887e-14 0)
(400 -9.49873e-15 0)
(400 -2.11583e-15 0)
(400 1.09128e-15 0)
(400 2.0914e-14 0)
(400 4.41794e-14 0)
(400 5.73939e-14 0)
(400 4.87912e-14 0)
(400 4.03485e-14 0)
(400 4.237e-14 0)
(400 6.34296e-14 0)
(400 8.58528e-14 0)
(400 7.96326e-14 0)
(400 6.75087e-14 0)
(400 6.76683e-14 0)
(400 5.73662e-14 0)
(400 6.29658e-14 0)
(400 6.1152e-14 0)
(400 4.99709e-14 0)
(400 5.30994e-14 0)
(400 6.24634e-14 0)
(400 4.14944e-14 0)
(400 1.80555e-14 0)
(400 1.16475e-14 0)
(400 1.1912e-14 0)
(400 -5.42624e-15 0)
(400 -1.58352e-15 0)
(400 3.4786e-15 0)
(400 8.40694e-15 0)
(400 1.14396e-14 0)
(400 4.26287e-15 0)
(400 1.79507e-14 0)
(400 3.6303e-14 0)
(400 3.39179e-14 0)
(400 2.66428e-14 0)
(400 1.77368e-14 0)
(400 1.51951e-14 0)
(400 1.84491e-14 0)
(400 2.07495e-14 0)
(400 3.18781e-14 0)
(400 2.46458e-14 0)
(400 4.48643e-14 0)
(400 6.22343e-14 0)
(400 7.40284e-14 0)
(400 7.27192e-14 0)
(400 5.66777e-14 0)
(400 4.18513e-14 0)
(400 3.20386e-14 0)
(400 3.5063e-14 0)
(400 3.47078e-14 0)
(400 1.57632e-14 0)
(400 -1.40523e-14 0)
(400 -3.06739e-14 0)
(400 -4.72934e-14 0)
(400 -4.09799e-14 0)
(400 -3.18268e-14 0)
(400 -2.12356e-14 0)
(400 -2.24656e-14 0)
(400 -2.16651e-14 0)
(400 -2.31251e-14 0)
(400 -1.33478e-14 0)
(400 -6.54369e-15 0)
(400 -9.75689e-17 0)
(400 1.12538e-14 0)
(400 1.47301e-14 0)
(400 1.29821e-14 0)
(400 7.48548e-17 0)
(400 -9.75674e-15 0)
(400 -8.10812e-15 0)
(400 4.46849e-15 0)
(400 -4.72744e-16 0)
(400 -1.33897e-15 0)
(400 5.38615e-15 0)
(400 9.25831e-15 0)
(400 6.3072e-15 0)
(400 1.54456e-14 0)
(400 2.77432e-14 0)
(400 2.85956e-14 0)
(400 2.01569e-14 0)
(400 2.00287e-14 0)
(400 1.59502e-14 0)
(400 2.60916e-14 0)
(400 3.16128e-14 0)
(400 3.25967e-14 0)
(400 2.06329e-14 0)
(400 1.72282e-14 0)
(400 7.73693e-15 0)
(400 -1.59556e-15 0)
(400 -1.1912e-14 0)
(400 -8.98474e-15 0)
(400 1.07078e-14 0)
(400 3.1432e-14 0)
(400 3.13743e-14 0)
(400 2.53062e-14 0)
(400 1.76229e-14 0)
(400 4.27257e-15 0)
(400 5.39834e-15 0)
(400 5.49592e-15 0)
(400 -3.43892e-15 0)
(400 -6.18986e-15 0)
(400 -4.02542e-15 0)
(400 -4.69027e-15 0)
(400 -6.90772e-15 0)
(400 6.87773e-15 0)
(400 1.26526e-14 0)
(400 2.62684e-14 0)
(400 4.37722e-14 0)
(400 7.57197e-14 0)
(400 9.03275e-14 0)
(400 9.60441e-14 0)
(400 9.3577e-14 0)
(400 7.86443e-14 0)
(400 4.6834e-14 0)
(400 3.71021e-14 0)
(400 3.27757e-14 0)
(400 3.37828e-14 0)
(400 3.66934e-14 0)
(400 3.37768e-14 0)
(400 4.07895e-14 0)
(400 2.59851e-14 0)
(400 1.39139e-14 0)
(400 5.54686e-15 0)
(400 -5.39662e-15 0)
(400 -1.79115e-14 0)
(400 -2.91776e-14 0)
(400 -4.324e-14 0)
(400 -3.17133e-14 0)
(400 -1.59597e-14 0)
(400 -9.39263e-15 0)
(400 4.6304e-15 0)
(400 6.9327e-15 0)
(400 6.19586e-15 0)
(400 1.45161e-14 0)
(400 7.01735e-15 0)
(400 5.01851e-15 0)
(400 2.1824e-14 0)
(400 1.45009e-14 0)
(400 -1.06446e-14 0)
(400 -1.69008e-14 0)
(400 -2.37317e-14 0)
(400 -3.52146e-14 0)
(400 -2.76207e-14 0)
(400 -2.17118e-14 0)
(400 -2.31324e-14 0)
(400 -1.83341e-14 0)
(400 -1.42933e-14 0)
(400 3.94609e-15 0)
(400 1.91045e-14 0)
(400 1.61979e-14 0)
(400 -7.40285e-15 0)
(400 -1.71655e-14 0)
(400 -1.8664e-14 0)
(400 -2.404e-14 0)
(400 -4.14611e-14 0)
(400 -4.91595e-14 0)
(400 -3.60243e-14 0)
(400 -2.09221e-14 0)
(400 -7.11499e-15 0)
(400 -6.54932e-15 0)
(400 -1.46417e-15 0)
(400 4.12921e-15 0)
(400 1.12482e-14 0)
(400 1.00482e-14 0)
(400 1.80674e-15 0)
(400 4.14447e-15 0)
(400 -4.28083e-15 0)
(400 -3.23886e-15 0)
(400 5.68239e-15 0)
(400 7.77373e-15 0)
(400 1.6634e-14 0)
(400 2.3978e-14 0)
(400 8.10534e-15 0)
(400 -1.07136e-14 0)
(400 -1.69847e-14 0)
(400 1.36281e-14 0)
(400 4.51073e-14 0)
(400 5.86521e-14 0)
(400 6.84864e-14 0)
(400 8.19346e-14 0)
(400 7.99892e-14 0)
(400 7.25818e-14 0)
(400 4.50485e-14 0)
(400 3.22723e-14 0)
(400 3.70286e-14 0)
(400 4.71552e-14 0)
(400 5.32335e-14 0)
(400 4.19683e-14 0)
(400 3.14252e-14 0)
(400 2.60703e-14 0)
(400 1.5816e-14 0)
(400 1.74301e-15 0)
(400 -1.88662e-14 0)
(400 -1.36126e-14 0)
(400 -1.96016e-15 0)
(400 -8.80859e-15 0)
(400 -1.61124e-14 0)
(400 -1.46519e-14 0)
(400 -2.40538e-14 0)
(400 -1.65971e-14 0)
(400 -5.72324e-15 0)
(400 1.00602e-14 0)
(400 6.02384e-15 0)
(400 1.12322e-14 0)
(400 2.17482e-14 0)
(400 3.90854e-14 0)
(400 5.87779e-14 0)
(400 7.27423e-14 0)
(400 6.61817e-14 0)
(400 6.06914e-14 0)
(400 4.78364e-14 0)
(400 6.4743e-14 0)
(400 6.96451e-14 0)
(400 7.0312e-14 0)
(400 6.99174e-14 0)
(400 6.3505e-14 0)
(400 4.62939e-14 0)
(400 4.87279e-14 0)
(400 4.49436e-14 0)
(400 4.01633e-14 0)
(400 2.53812e-14 0)
(400 1.00217e-14 0)
(400 3.4575e-16 0)
(400 -2.07276e-14 0)
(400 -3.23367e-14 0)
(400 -2.32781e-14 0)
(400 -2.68567e-14 0)
(400 -1.84061e-14 0)
(400 -2.48822e-14 0)
(400 -4.80183e-14 0)
(400 -6.09167e-14 0)
(400 -6.10276e-14 0)
(400 -5.33544e-14 0)
(400 -4.2548e-14 0)
(400 -4.30468e-14 0)
(400 -3.96902e-14 0)
(400 -3.60884e-14 0)
(400 -3.24114e-14 0)
(400 -2.45408e-14 0)
(400 -1.14006e-14 0)
(400 -1.4489e-15 0)
(400 4.15173e-15 0)
(400 3.06423e-14 0)
(400 4.78341e-14 0)
(400 5.63449e-14 0)
(400 5.69526e-14 0)
(400 5.04188e-14 0)
(400 3.92132e-14 0)
(400 2.638e-14 0)
(400 2.24905e-14 0)
(400 1.05628e-14 0)
(400 -5.82952e-16 0)
(400 -1.5205e-14 0)
(400 -3.70823e-14 0)
(400 -6.5203e-14 0)
(400 -7.78906e-14 0)
(400 -9.43739e-14 0)
(400 -7.97599e-14 0)
(400 -8.3354e-14 0)
(400 -8.11244e-14 0)
(400 -8.03464e-14 0)
(400 -7.0338e-14 0)
(400 -5.91124e-14 0)
(400 -3.33909e-14 0)
(400 -1.88047e-14 0)
(400 -1.16587e-14 0)
(400 -8.67343e-16 0)
(400 2.73242e-14 0)
(400 3.17721e-14 0)
(400 2.54834e-14 0)
(400 2.18317e-14 0)
(400 2.93076e-14 0)
(400 2.90111e-14 0)
(400 3.30615e-14 0)
(400 2.48035e-14 0)
(400 1.49014e-14 0)
(400 2.3711e-14 0)
(400 4.61803e-14 0)
(400 5.34648e-14 0)
(400 6.45434e-14 0)
(400 7.66203e-14 0)
(400 7.64681e-14 0)
(400 8.00602e-14 0)
(400 7.9832e-14 0)
(400 8.05509e-14 0)
(400 7.30268e-14 0)
(400 6.69902e-14 0)
(400 5.90677e-14 0)
(400 5.00893e-14 0)
(400 -5.62947e-16 0)
(400 7.30241e-15 0)
(400 8.99729e-15 0)
(400 1.24133e-14 0)
(400 1.87919e-14 0)
(400 9.60648e-15 0)
(400 6.31706e-15 0)
(400 5.02899e-15 0)
(400 -1.01172e-14 0)
(400 -2.15134e-14 0)
(400 -2.89214e-14 0)
(400 -4.14903e-14 0)
(400 -3.55811e-14 0)
(400 -2.58148e-14 0)
(400 -2.1059e-14 0)
(400 -1.85636e-14 0)
(400 -2.96367e-15 0)
(400 -1.54897e-15 0)
(400 8.87193e-15 0)
(400 6.05518e-14 0)
(400 7.35265e-14 0)
(400 7.65071e-14 0)
(400 6.1382e-14 0)
(400 3.30511e-14 0)
(400 1.3156e-14 0)
(400 1.86781e-14 0)
(400 3.08353e-14 0)
(400 3.90884e-14 0)
(400 4.07273e-14 0)
(400 5.63171e-14 0)
(400 6.52504e-14 0)
(400 5.81748e-14 0)
(400 3.20208e-14 0)
(400 1.57908e-14 0)
(400 7.47782e-15 0)
(400 -5.79558e-15 0)
(400 -1.77877e-14 0)
(400 -1.91627e-14 0)
(400 -1.08589e-14 0)
(400 -2.88387e-15 0)
(400 8.24359e-16 0)
(400 -1.27029e-14 0)
(400 -3.06895e-15 0)
(400 9.46483e-15 0)
(400 3.15344e-14 0)
(400 3.78412e-14 0)
(400 3.80458e-14 0)
(400 3.63955e-14 0)
(400 2.98587e-14 0)
(400 3.45095e-14 0)
(400 4.07137e-14 0)
(400 1.37508e-14 0)
(400 -4.40759e-15 0)
(400 1.7844e-14 0)
(400 4.06168e-14 0)
(400 4.32877e-14 0)
(400 5.02087e-14 0)
(400 5.16957e-14 0)
(400 6.81844e-14 0)
(400 6.02865e-14 0)
(400 3.33109e-14 0)
(400 1.72123e-14 0)
(400 -2.04852e-14 0)
(400 -4.09513e-14 0)
(400 -3.99297e-14 0)
(400 -4.03372e-14 0)
(400 -2.42796e-14 0)
(400 -8.77628e-15 0)
(400 5.06014e-15 0)
(400 2.2047e-14 0)
(400 3.82826e-14 0)
(400 4.32796e-14 0)
(400 4.69514e-14 0)
(400 4.88449e-14 0)
(400 4.2191e-14 0)
(400 4.23905e-14 0)
(400 3.46293e-14 0)
(400 2.43409e-14 0)
(400 2.80354e-14 0)
(400 3.76171e-14 0)
(400 4.42114e-14 0)
(400 4.96093e-14 0)
(400 4.83486e-14 0)
(400 3.15745e-14 0)
(400 2.56356e-14 0)
(400 1.99187e-14 0)
(400 3.69202e-14 0)
(400 5.49637e-14 0)
(400 5.40498e-14 0)
(400 5.61444e-14 0)
(400 5.43175e-14 0)
(400 5.27932e-14 0)
(400 5.47636e-14 0)
(400 4.49729e-14 0)
(400 4.54311e-14 0)
(400 4.43796e-14 0)
(400 4.69113e-14 0)
(400 5.03032e-14 0)
(400 3.51761e-14 0)
(400 1.76943e-14 0)
(400 -3.84664e-15 0)
(400 1.912e-15 0)
(400 -5.76874e-15 0)
(400 -1.48918e-14 0)
(400 -2.63519e-14 0)
(400 -3.10203e-14 0)
(400 -4.31656e-14 0)
(400 -4.7923e-14 0)
(400 -4.76989e-14 0)
(400 -4.85969e-14 0)
(400 -4.76847e-14 0)
(400 -4.57903e-14 0)
(400 -4.3094e-14 0)
(400 -2.94663e-14 0)
(400 -2.99418e-14 0)
(400 -2.1494e-14 0)
(400 -7.65488e-15 0)
(400 1.65612e-15 0)
(400 8.14275e-15 0)
(400 9.40442e-15 0)
(400 1.44489e-14 0)
(400 3.21275e-14 0)
(400 3.82249e-14 0)
(400 3.49406e-14 0)
(400 3.62473e-14 0)
(400 3.57252e-14 0)
(400 3.54768e-14 0)
(400 4.50301e-14 0)
(400 5.61922e-14 0)
(400 6.52434e-14 0)
(400 6.5125e-14 0)
(400 5.12795e-14 0)
(400 4.09378e-14 0)
(400 2.4067e-14 0)
(400 1.28619e-14 0)
(400 -2.03113e-16 0)
(400 -5.52625e-15 0)
(400 3.78549e-15 0)
(400 1.53363e-14 0)
(400 8.67967e-15 0)
(400 -1.44398e-14 0)
(400 -3.60697e-14 0)
(400 -4.49096e-14 0)
(400 -5.26148e-14 0)
(400 -4.78123e-14 0)
(400 -4.26727e-14 0)
(400 -4.98283e-14 0)
(400 -4.57159e-14 0)
(400 -2.78635e-14 0)
(400 -4.0606e-15 0)
(400 1.31052e-14 0)
(400 1.68539e-14 0)
(400 3.49026e-14 0)
(400 6.13654e-14 0)
(400 6.53537e-14 0)
(400 7.39862e-14 0)
(400 8.24877e-14 0)
(400 8.70579e-14 0)
(400 9.07449e-14 0)
(400 9.30325e-14 0)
(400 9.14541e-14 0)
(400 7.82053e-14 0)
(400 6.82685e-14 0)
(400 6.09068e-14 0)
(400 3.77465e-14 0)
(400 1.47276e-14 0)
(400 -2.26683e-15 0)
(400 -1.77334e-14 0)
(400 -2.09604e-14 0)
(400 -2.51462e-14 0)
(400 -3.46895e-14 0)
(400 -3.98618e-14 0)
(400 -3.22705e-14 0)
(400 -2.39799e-14 0)
(400 -1.54441e-14 0)
(400 -3.13285e-14 0)
(400 -5.19594e-14 0)
(400 -4.87738e-14 0)
(400 -3.30157e-14 0)
(400 -2.26839e-14 0)
(400 -3.08872e-14 0)
(400 -4.2775e-14 0)
(400 -4.17057e-14 0)
(400 -4.97777e-14 0)
(400 -4.63547e-14 0)
(400 -4.12347e-14 0)
(400 -3.62357e-14 0)
(400 -3.10844e-14 0)
(400 -4.49996e-15 0)
(400 2.25232e-15 0)
(400 1.13617e-14 0)
(400 1.86831e-14 0)
(400 3.23211e-14 0)
(400 3.48649e-14 0)
(400 3.04815e-14 0)
(400 2.38341e-14 0)
(400 3.31679e-14 0)
(400 2.59468e-14 0)
(400 2.80082e-14 0)
(400 2.99801e-14 0)
(400 6.40081e-15 0)
(400 1.32089e-14 0)
(400 -6.67153e-16 0)
(400 -4.31071e-15 0)
(400 7.42039e-15 0)
(400 1.43422e-14 0)
(400 1.72426e-14 0)
(400 1.82926e-14 0)
(400 -2.66692e-15 0)
(400 -2.78112e-14 0)
(400 -3.04429e-14 0)
(400 -3.45501e-14 0)
(400 -3.87446e-14 0)
(400 -2.22628e-14 0)
(400 -1.08971e-14 0)
(400 2.66109e-16 0)
(400 1.21489e-14 0)
(400 2.39667e-14 0)
(400 1.89256e-14 0)
(400 1.42111e-14 0)
(400 8.95465e-15 0)
(400 9.67049e-15 0)
(400 2.37171e-14 0)
(400 3.35233e-14 0)
(400 3.48434e-14 0)
(400 3.75915e-14 0)
(400 4.31955e-14 0)
(400 5.44127e-14 0)
(400 6.07258e-14 0)
(400 6.46748e-14 0)
(400 6.37893e-14 0)
(400 5.59569e-14 0)
(400 3.61057e-14 0)
(400 2.95328e-14 0)
(400 2.46994e-14 0)
(400 6.41646e-15 0)
(400 -9.92955e-15 0)
(400 -4.16665e-15 0)
(400 6.38576e-15 0)
(400 -1.43842e-14 0)
(400 -2.03162e-14 0)
(400 -1.47407e-14 0)
(400 6.63387e-16 0)
(400 2.71769e-14 0)
(400 4.07211e-14 0)
(400 6.05354e-14 0)
(400 6.24162e-14 0)
(400 4.77405e-14 0)
(400 3.54569e-14 0)
(400 3.65772e-14 0)
(400 3.31366e-14 0)
(400 9.13741e-15 0)
(400 6.61406e-15 0)
(400 1.59239e-14 0)
(400 3.60185e-14 0)
(400 4.98579e-14 0)
(400 6.28403e-14 0)
(400 5.83102e-14 0)
(400 3.52502e-14 0)
(400 2.57347e-14 0)
(400 7.83672e-15 0)
(400 -1.35581e-14 0)
(400 -4.39006e-14 0)
(400 -6.41244e-14 0)
(400 -6.8203e-14 0)
(400 -6.95791e-14 0)
(400 -6.11447e-14 0)
(400 -4.63581e-14 0)
(400 -2.05922e-14 0)
(400 -1.75503e-14 0)
(400 -1.48433e-15 0)
(400 2.21423e-14 0)
(400 3.72319e-14 0)
(400 4.26929e-14 0)
(400 5.48822e-14 0)
(400 5.51731e-14 0)
(400 3.84797e-14 0)
(400 2.87001e-14 0)
(400 2.1936e-14 0)
(400 2.68161e-14 0)
(400 3.56648e-14 0)
(400 2.97649e-14 0)
(400 2.60159e-14 0)
(400 9.26247e-15 0)
(400 1.77442e-14 0)
(400 4.67079e-14 0)
(400 5.44561e-14 0)
(400 4.42132e-14 0)
(400 3.94332e-14 0)
(400 2.73785e-14 0)
(400 2.46194e-14 0)
(400 2.13215e-14 0)
(400 1.92736e-14 0)
(400 2.03125e-14 0)
(400 2.79688e-14 0)
(400 1.84146e-14 0)
(400 9.49969e-15 0)
(400 7.34347e-15 0)
(400 -1.00438e-14 0)
(400 -1.93209e-14 0)
(400 -3.7307e-14 0)
(400 -3.45757e-14 0)
(400 -2.62125e-14 0)
(400 -2.03283e-14 0)
(400 -3.23147e-14 0)
(400 -3.85956e-14 0)
(400 -2.75576e-14 0)
(400 -9.83351e-15 0)
(400 -9.10427e-15 0)
(400 -5.75091e-15 0)
(400 5.3301e-15 0)
(400 1.19462e-14 0)
(400 1.3625e-14 0)
(400 2.26854e-14 0)
(400 2.3222e-14 0)
(400 2.5549e-14 0)
(400 3.12645e-14 0)
(400 2.42093e-14 0)
(400 1.5003e-14 0)
(400 4.09905e-14 0)
(400 6.2782e-14 0)
(400 8.1763e-14 0)
(400 7.84134e-14 0)
(400 7.90095e-14 0)
(400 7.10521e-14 0)
(400 6.10121e-14 0)
(400 5.90247e-14 0)
(400 7.07066e-14 0)
(400 6.27264e-14 0)
(400 4.9188e-14 0)
(400 3.31539e-14 0)
(400 2.78955e-14 0)
(400 1.81736e-14 0)
(400 -1.37531e-14 0)
(400 -3.07373e-14 0)
(400 -5.09104e-14 0)
(400 -5.87279e-14 0)
(400 -5.09186e-14 0)
(400 -3.74452e-14 0)
(400 -2.19347e-14 0)
(400 -1.10996e-14 0)
(400 -5.71754e-15 0)
(400 -1.71374e-14 0)
(400 -4.67408e-14 0)
(400 -4.36448e-14 0)
(400 -2.71416e-14 0)
(400 -1.66069e-14 0)
(400 -1.66151e-14 0)
(400 -1.35978e-14 0)
(400 4.25326e-15 0)
(400 2.25161e-14 0)
(400 3.25578e-14 0)
(400 3.88329e-14 0)
(400 2.12173e-14 0)
(400 -1.50407e-15 0)
(400 6.10073e-15 0)
(400 2.55793e-14 0)
(400 3.86227e-14 0)
(400 4.50763e-14 0)
(400 6.15601e-14 0)
(400 5.75977e-14 0)
(400 4.65089e-14 0)
(400 2.99777e-14 0)
(400 1.21619e-14 0)
(400 -4.10687e-15 0)
(400 -1.29757e-14 0)
(400 -2.82334e-14 0)
(400 -2.51798e-14 0)
(400 -3.45131e-14 0)
(400 -1.65179e-14 0)
(400 -9.45216e-15 0)
(400 -1.22245e-14 0)
(400 -2.26896e-14 0)
(400 -1.49748e-14 0)
(400 -7.8974e-15 0)
(400 -2.88005e-14 0)
(400 -4.41141e-14 0)
(400 -4.34112e-14 0)
(400 -5.49182e-14 0)
(400 -5.69878e-14 0)
(400 -6.44229e-14 0)
(400 -6.41124e-14 0)
(400 -5.25923e-14 0)
(400 -4.54634e-14 0)
(400 -2.61328e-14 0)
(400 -1.47854e-14 0)
(400 6.52388e-15 0)
(400 2.20384e-14 0)
(400 3.80287e-14 0)
(400 5.20472e-14 0)
(400 5.60352e-14 0)
(400 7.27054e-14 0)
(400 9.31416e-14 0)
(400 1.02719e-13 0)
(400 1.11985e-13 0)
(400 1.19594e-13 0)
(400 1.31435e-13 0)
(400 1.31091e-13 0)
(400 1.29117e-13 0)
(400 1.30555e-13 0)
(400 -1.21746e-14 0)
(400 -2.22703e-14 0)
(400 -1.98155e-14 0)
(400 -1.85467e-14 0)
(400 -2.68854e-14 0)
(400 -2.80824e-14 0)
(400 -2.65658e-14 0)
(400 -2.83147e-14 0)
(400 -3.17108e-14 0)
(400 -2.86247e-14 0)
(400 -3.21099e-14 0)
(400 -2.85753e-14 0)
(400 -1.71547e-14 0)
(400 -9.35936e-15 0)
(400 -1.02645e-14 0)
(400 -6.81417e-15 0)
(400 7.76726e-15 0)
(400 2.01456e-14 0)
(400 1.10178e-14 0)
(400 -1.61435e-14 0)
(400 -2.83015e-14 0)
(400 -1.04523e-14 0)
(400 2.81622e-14 0)
(400 4.96834e-14 0)
(400 6.02476e-14 0)
(400 6.39722e-14 0)
(400 7.50269e-14 0)
(400 7.42631e-14 0)
(400 7.14348e-14 0)
(400 6.63996e-14 0)
(400 6.81595e-14 0)
(400 7.72929e-14 0)
(400 7.93998e-14 0)
(400 6.34488e-14 0)
(400 5.97374e-14 0)
(400 4.89694e-14 0)
(400 3.59284e-14 0)
(400 3.43754e-14 0)
(400 2.78243e-14 0)
(400 1.50874e-14 0)
(400 1.04805e-14 0)
(400 1.26897e-14 0)
(400 1.7012e-14 0)
(400 1.09529e-14 0)
(400 2.05573e-14 0)
(400 3.65412e-14 0)
(400 4.45489e-14 0)
(400 3.4813e-14 0)
(400 1.78622e-14 0)
(400 2.46789e-14 0)
(400 2.2609e-14 0)
(400 2.77857e-14 0)
(400 4.34018e-14 0)
(400 6.17986e-14 0)
(400 6.92596e-14 0)
(400 6.15404e-14 0)
(400 5.50586e-14 0)
(400 4.20451e-14 0)
(400 1.98409e-14 0)
(400 1.23832e-14 0)
(400 8.40784e-15 0)
(400 -5.03661e-15 0)
(400 -1.95002e-14 0)
(400 -3.5978e-14 0)
(400 -5.05634e-14 0)
(400 -7.26536e-14 0)
(400 -6.95599e-14 0)
(400 -4.83597e-14 0)
(400 -1.69424e-14 0)
(400 3.39578e-15 0)
(400 7.43225e-15 0)
(400 1.67474e-14 0)
(400 2.19126e-14 0)
(400 2.72617e-14 0)
(400 4.59111e-14 0)
(400 4.25133e-14 0)
(400 6.02017e-14 0)
(400 5.4407e-14 0)
(400 4.24372e-14 0)
(400 4.51979e-14 0)
(400 4.05926e-14 0)
(400 4.0047e-14 0)
(400 3.38188e-14 0)
(400 3.41627e-14 0)
(400 5.01568e-14 0)
(400 6.79676e-14 0)
(400 8.32344e-14 0)
(400 7.62382e-14 0)
(400 6.06228e-14 0)
(400 5.72787e-14 0)
(400 5.11257e-14 0)
(400 3.92436e-14 0)
(400 3.32648e-14 0)
(400 2.86818e-14 0)
(400 4.41574e-15 0)
(400 -1.19886e-14 0)
(400 -2.52996e-14 0)
(400 -4.00773e-14 0)
(400 -4.11899e-14 0)
(400 -4.22155e-14 0)
(400 -4.94068e-14 0)
(400 -5.15773e-14 0)
(400 -5.78957e-14 0)
(400 -5.21789e-14 0)
(400 -5.89234e-14 0)
(400 -6.01871e-14 0)
(400 -3.40242e-14 0)
(400 -3.3891e-14 0)
(400 -2.1537e-14 0)
(400 -1.26968e-14 0)
(400 -1.46126e-15 0)
(400 1.121e-14 0)
(400 3.95254e-14 0)
(400 4.94903e-14 0)
(400 5.65715e-14 0)
(400 5.31105e-14 0)
(400 3.43911e-14 0)
(400 9.00602e-15 0)
(400 3.02083e-15 0)
(400 2.9891e-14 0)
(400 6.5139e-14 0)
(400 6.65802e-14 0)
(400 6.00021e-14 0)
(400 8.04645e-14 0)
(400 7.48988e-14 0)
(400 5.94021e-14 0)
(400 5.30596e-14 0)
(400 4.35e-14 0)
(400 1.91234e-14 0)
(400 -8.08852e-15 0)
(400 -1.88159e-14 0)
(400 -6.91057e-15 0)
(400 -7.11708e-15 0)
(400 -1.38834e-14 0)
(400 -2.07686e-14 0)
(400 -2.83642e-14 0)
(400 -2.1194e-14 0)
(400 -4.18262e-15 0)
(400 1.24825e-14 0)
(400 3.22069e-14 0)
(400 5.41408e-14 0)
(400 6.67603e-14 0)
(400 5.62424e-14 0)
(400 4.32391e-14 0)
(400 3.93767e-14 0)
(400 4.04102e-14 0)
(400 6.54974e-14 0)
(400 7.55493e-14 0)
(400 7.61149e-14 0)
(400 6.47967e-14 0)
(400 6.93604e-14 0)
(400 8.74147e-14 0)
(400 7.43984e-14 0)
(400 3.50586e-14 0)
(400 1.76847e-14 0)
(400 1.56173e-14 0)
(400 2.83363e-14 0)
(400 4.08105e-14 0)
(400 5.26329e-14 0)
(400 6.59344e-14 0)
(400 6.40029e-14 0)
(400 6.17473e-14 0)
(400 5.66485e-14 0)
(400 3.61148e-14 0)
(400 1.34557e-14 0)
(400 8.23876e-15 0)
(400 -1.07474e-14 0)
(400 -1.96709e-14 0)
(400 -1.94353e-14 0)
(400 -1.09707e-14 0)
(400 3.20956e-15 0)
(400 -1.29375e-15 0)
(400 -2.11703e-14 0)
(400 -2.29215e-14 0)
(400 -1.87524e-14 0)
(400 -1.02107e-14 0)
(400 -5.53513e-15 0)
(400 -1.08723e-14 0)
(400 -2.04281e-14 0)
(400 -2.89444e-14 0)
(400 -3.33768e-14 0)
(400 -4.25279e-14 0)
(400 -3.57723e-14 0)
(400 -4.25054e-14 0)
(400 -4.54395e-14 0)
(400 -4.93157e-14 0)
(400 -3.88997e-14 0)
(400 -2.65773e-14 0)
(400 -3.54304e-14 0)
(400 -2.37486e-14 0)
(400 -1.61985e-14 0)
(400 -4.55472e-15 0)
(400 1.80346e-14 0)
(400 2.67032e-14 0)
(400 3.25527e-14 0)
(400 4.77428e-14 0)
(400 5.18293e-14 0)
(400 6.81032e-14 0)
(400 7.36724e-14 0)
(400 8.02619e-14 0)
(400 -1.66966e-14 0)
(400 -2.58177e-14 0)
(400 -2.5896e-14 0)
(400 -3.03131e-14 0)
(400 -2.95369e-14 0)
(400 -3.68305e-14 0)
(400 -3.81665e-14 0)
(400 -3.48538e-14 0)
(400 -1.86401e-14 0)
(400 7.31111e-15 0)
(400 6.7872e-15 0)
(400 -6.57445e-15 0)
(400 -2.83508e-15 0)
(400 -1.41123e-14 0)
(400 -1.95981e-14 0)
(400 -3.17969e-14 0)
(400 -3.64532e-14 0)
(400 -6.43176e-14 0)
(400 -5.6412e-14 0)
(400 -5.11526e-14 0)
(400 -5.79108e-14 0)
(400 -5.44298e-14 0)
(400 -5.00765e-14 0)
(400 -5.70038e-14 0)
(400 -3.35224e-14 0)
(400 -6.74711e-15 0)
(400 3.63705e-15 0)
(400 3.19845e-15 0)
(400 1.12229e-14 0)
(400 2.16905e-14 0)
(400 3.46477e-14 0)
(400 5.44367e-14 0)
(400 6.91991e-14 0)
(400 6.43531e-14 0)
(400 5.11239e-14 0)
(400 4.38914e-14 0)
(400 3.73245e-14 0)
(400 3.4196e-14 0)
(400 3.22693e-14 0)
(400 3.9535e-14 0)
(400 4.59574e-14 0)
(400 4.0439e-14 0)
(400 3.5584e-14 0)
(400 2.50963e-14 0)
(400 2.84478e-14 0)
(400 2.87667e-14 0)
(400 3.6393e-14 0)
(400 2.56295e-14 0)
(400 1.69263e-14 0)
(400 3.16005e-14 0)
(400 3.65222e-14 0)
(400 4.68928e-14 0)
(400 5.88837e-14 0)
(400 5.98937e-14 0)
(400 4.9454e-14 0)
(400 3.72786e-14 0)
(400 2.7936e-14 0)
(400 2.24398e-14 0)
(400 3.48067e-14 0)
(400 1.07794e-14 0)
(400 -4.02681e-15 0)
(400 5.4059e-15 0)
(400 4.21143e-15 0)
(400 -8.67077e-15 0)
(400 -2.70475e-14 0)
(400 -2.55498e-14 0)
(400 -1.53161e-14 0)
(400 -1.261e-14 0)
(400 -1.24785e-14 0)
(400 5.56634e-15 0)
(400 1.00643e-14 0)
(400 6.73356e-15 0)
(400 1.26528e-14 0)
(400 1.38197e-14 0)
(400 1.67144e-14 0)
(400 3.0223e-14 0)
(400 4.6936e-14 0)
(400 5.84492e-14 0)
(400 5.42482e-14 0)
(400 4.64918e-14 0)
(400 4.4646e-14 0)
(400 4.95981e-14 0)
(400 5.00235e-14 0)
(400 4.87001e-14 0)
(400 4.40193e-14 0)
(400 3.44643e-14 0)
(400 3.68492e-14 0)
(400 4.82917e-14 0)
(400 3.016e-14 0)
(400 2.84104e-14 0)
(400 3.62242e-14 0)
(400 2.68119e-14 0)
(400 1.77612e-14 0)
(400 1.50263e-14 0)
(400 7.00011e-15 0)
(400 -2.30611e-15 0)
(400 -1.92783e-15 0)
(400 -7.57958e-15 0)
(400 -1.87165e-14 0)
(400 -2.6183e-14 0)
(400 -1.92225e-14 0)
(400 -8.51195e-15 0)
(400 -4.70635e-15 0)
(400 -1.86679e-14 0)
(400 -3.10713e-14 0)
(400 -2.94869e-14 0)
(400 -2.9393e-14 0)
(400 -2.97632e-14 0)
(400 -3.59576e-14 0)
(400 -3.90047e-14 0)
(400 -2.52331e-14 0)
(400 -2.16334e-14 0)
(400 -1.40328e-14 0)
(400 1.35681e-14 0)
(400 2.84058e-14 0)
(400 2.11785e-14 0)
(400 -5.5019e-15 0)
(400 -3.14142e-14 0)
(400 -2.49146e-14 0)
(400 -6.08839e-15 0)
(400 2.49787e-14 0)
(400 3.83795e-14 0)
(400 3.54089e-14 0)
(400 4.3171e-14 0)
(400 5.34067e-14 0)
(400 4.78043e-14 0)
(400 2.77484e-14 0)
(400 -3.60743e-15 0)
(400 -2.61888e-14 0)
(400 -3.5334e-14 0)
(400 -1.88849e-14 0)
(400 -4.94228e-15 0)
(400 -1.48949e-15 0)
(400 8.20935e-15 0)
(400 2.58927e-14 0)
(400 3.40753e-14 0)
(400 3.1374e-14 0)
(400 3.23912e-14 0)
(400 4.19581e-14 0)
(400 4.70817e-14 0)
(400 4.94131e-14 0)
(400 3.89701e-14 0)
(400 2.41764e-14 0)
(400 3.53101e-14 0)
(400 2.01106e-14 0)
(400 1.69262e-15 0)
(400 8.17926e-15 0)
(400 2.25003e-14 0)
(400 2.94017e-14 0)
(400 2.57323e-14 0)
(400 2.77764e-14 0)
(400 2.59206e-14 0)
(400 9.94391e-15 0)
(400 -1.98271e-14 0)
(400 -1.97735e-14 0)
(400 -3.46203e-14 0)
(400 -3.85515e-14 0)
(400 -1.27426e-14 0)
(400 -7.368e-15 0)
(400 2.05556e-14 0)
(400 3.00787e-14 0)
(400 3.56999e-14 0)
(400 4.39844e-14 0)
(400 3.12751e-14 0)
(400 1.73586e-14 0)
(400 1.27987e-14 0)
(400 1.89273e-14 0)
(400 1.01087e-14 0)
(400 1.41195e-14 0)
(400 1.26633e-14 0)
(400 1.04687e-15 0)
(400 -1.41918e-14 0)
(400 -2.41341e-14 0)
(400 -3.80691e-14 0)
(400 -3.38596e-14 0)
(400 -5.03781e-15 0)
(400 7.8803e-15 0)
(400 -3.03283e-15 0)
(400 -7.78467e-15 0)
(400 -3.39419e-15 0)
(400 5.97074e-15 0)
(400 1.25447e-14 0)
(400 -4.72686e-15 0)
(400 -1.19021e-14 0)
(400 -2.09642e-14 0)
(400 -2.95575e-14 0)
(400 -3.79836e-14 0)
(400 -3.06306e-14 0)
(400 -2.34975e-14 0)
(400 -1.87562e-14 0)
(400 -8.40255e-15 0)
(400 -1.32084e-15 0)
(400 6.38573e-15 0)
(400 1.66836e-14 0)
(400 2.77633e-14 0)
(400 3.53147e-14 0)
(400 3.49358e-14 0)
(400 4.92608e-14 0)
(400 6.42744e-14 0)
(400 6.28575e-14 0)
(400 -4.1428e-15 0)
(400 2.46683e-15 0)
(400 -7.43356e-15 0)
(400 -1.60105e-14 0)
(400 -7.19546e-15 0)
(400 -1.68339e-14 0)
(400 -1.19105e-14 0)
(400 -1.1733e-14 0)
(400 4.1164e-15 0)
(400 1.79297e-14 0)
(400 3.0878e-14 0)
(400 3.55348e-14 0)
(400 2.15325e-14 0)
(400 1.2398e-15 0)
(400 -9.90593e-15 0)
(400 -2.9752e-14 0)
(400 -5.54423e-14 0)
(400 -5.67643e-14 0)
(400 -5.08834e-14 0)
(400 -6.22773e-14 0)
(400 -7.27568e-14 0)
(400 -8.22631e-14 0)
(400 -9.51147e-14 0)
(400 -1.14636e-13 0)
(400 -9.61408e-14 0)
(400 -7.95758e-14 0)
(400 -7.66531e-14 0)
(400 -6.63242e-14 0)
(400 -4.71369e-14 0)
(400 -2.07371e-14 0)
(400 5.27939e-15 0)
(400 2.75971e-14 0)
(400 4.68186e-14 0)
(400 4.82702e-14 0)
(400 3.2078e-14 0)
(400 3.11814e-14 0)
(400 4.31866e-14 0)
(400 2.70689e-14 0)
(400 1.84835e-14 0)
(400 3.23738e-14 0)
(400 4.97077e-14 0)
(400 5.53916e-14 0)
(400 5.52746e-14 0)
(400 5.7773e-14 0)
(400 5.82433e-14 0)
(400 4.95672e-14 0)
(400 4.72834e-14 0)
(400 5.16549e-14 0)
(400 6.37451e-14 0)
(400 6.19579e-14 0)
(400 5.96746e-14 0)
(400 7.11408e-14 0)
(400 6.8261e-14 0)
(400 4.801e-14 0)
(400 2.076e-14 0)
(400 2.31547e-14 0)
(400 2.16037e-14 0)
(400 2.15315e-14 0)
(400 3.18789e-14 0)
(400 1.07725e-14 0)
(400 -9.25653e-15 0)
(400 -1.47539e-14 0)
(400 -1.92927e-14 0)
(400 -2.43715e-14 0)
(400 -2.86871e-14 0)
(400 -4.10644e-15 0)
(400 2.01086e-14 0)
(400 1.35836e-14 0)
(400 1.03266e-14 0)
(400 9.51373e-15 0)
(400 2.02276e-14 0)
(400 2.68386e-14 0)
(400 3.20558e-14 0)
(400 2.78525e-14 0)
(400 2.32782e-14 0)
(400 3.97841e-14 0)
(400 4.56414e-14 0)
(400 4.7455e-14 0)
(400 5.86953e-14 0)
(400 5.30625e-14 0)
(400 6.03496e-14 0)
(400 6.28108e-14 0)
(400 6.67879e-14 0)
(400 7.56471e-14 0)
(400 5.88949e-14 0)
(400 5.06756e-14 0)
(400 4.75232e-14 0)
(400 5.16511e-14 0)
(400 5.34337e-14 0)
(400 4.19906e-14 0)
(400 3.60297e-14 0)
(400 3.03231e-14 0)
(400 1.18566e-14 0)
(400 -1.09201e-14 0)
(400 -1.59314e-14 0)
(400 -1.63238e-14 0)
(400 -8.14817e-15 0)
(400 -1.7442e-15 0)
(400 -3.249e-15 0)
(400 4.26679e-15 0)
(400 7.84344e-15 0)
(400 9.17513e-15 0)
(400 5.36123e-15 0)
(400 -7.53606e-15 0)
(400 4.08729e-15 0)
(400 1.17721e-15 0)
(400 -2.23109e-14 0)
(400 -2.34962e-14 0)
(400 -3.37038e-14 0)
(400 -2.83847e-14 0)
(400 -1.00056e-14 0)
(400 -8.28974e-15 0)
(400 -1.55522e-15 0)
(400 1.96162e-14 0)
(400 3.9046e-14 0)
(400 3.97924e-14 0)
(400 2.81849e-14 0)
(400 2.15498e-14 0)
(400 3.32066e-14 0)
(400 3.68162e-14 0)
(400 3.67979e-14 0)
(400 5.25601e-14 0)
(400 7.77698e-14 0)
(400 6.6367e-14 0)
(400 6.80112e-14 0)
(400 7.02478e-14 0)
(400 6.12489e-14 0)
(400 3.50139e-14 0)
(400 2.17481e-14 0)
(400 2.84737e-14 0)
(400 3.87709e-14 0)
(400 2.98002e-14 0)
(400 2.63191e-14 0)
(400 3.63636e-14 0)
(400 4.40575e-14 0)
(400 5.14083e-14 0)
(400 4.71139e-14 0)
(400 4.48825e-14 0)
(400 3.25977e-14 0)
(400 2.49021e-14 0)
(400 2.11336e-14 0)
(400 1.19042e-14 0)
(400 1.28471e-14 0)
(400 2.62531e-14 0)
(400 1.77984e-14 0)
(400 1.72047e-14 0)
(400 2.16597e-14 0)
(400 2.94468e-14 0)
(400 2.59052e-14 0)
(400 2.50894e-14 0)
(400 1.33657e-14 0)
(400 -1.7914e-14 0)
(400 -4.14762e-14 0)
(400 -6.72228e-14 0)
(400 -6.04162e-14 0)
(400 -6.2943e-14 0)
(400 -7.9761e-14 0)
(400 -6.84528e-14 0)
(400 -6.39587e-14 0)
(400 -5.38069e-14 0)
(400 -2.95624e-14 0)
(400 -1.98941e-14 0)
(400 -1.16386e-14 0)
(400 3.96665e-15 0)
(400 2.09643e-14 0)
(400 2.86444e-14 0)
(400 4.64976e-14 0)
(400 5.07734e-14 0)
(400 3.76516e-14 0)
(400 1.2252e-14 0)
(400 -9.55981e-15 0)
(400 -1.26742e-14 0)
(400 -1.76971e-14 0)
(400 -2.45591e-14 0)
(400 -4.04853e-14 0)
(400 -4.40757e-14 0)
(400 -4.13708e-14 0)
(400 -5.9411e-14 0)
(400 -7.05275e-14 0)
(400 -6.53134e-14 0)
(400 -6.16964e-14 0)
(400 -6.99531e-14 0)
(400 -1.02457e-13 0)
(400 -1.01413e-13 0)
(400 -1.07535e-13 0)
(400 -1.12664e-13 0)
(400 -1.14823e-13 0)
(400 -9.67328e-14 0)
(400 -8.31252e-14 0)
(400 -8.59921e-14 0)
(400 -7.21788e-14 0)
(400 -5.31989e-14 0)
(400 -3.78808e-14 0)
(400 -2.0414e-14 0)
(400 3.52982e-15 0)
(400 2.78626e-15 0)
(400 9.20074e-15 0)
(400 1.33907e-14 0)
(400 1.70292e-14 0)
(400 4.49172e-15 0)
(400 -2.646e-14 0)
(400 -3.44107e-14 0)
(400 -3.68982e-14 0)
(400 -6.08885e-14 0)
(400 -7.06031e-14 0)
(400 -6.28765e-14 0)
(400 -5.13503e-14 0)
(400 -4.00793e-14 0)
(400 -1.59229e-14 0)
(400 -2.41146e-15 0)
(400 1.46753e-14 0)
(400 3.95776e-14 0)
(400 2.77806e-14 0)
(400 1.44659e-14 0)
(400 3.56035e-16 0)
(400 -1.88542e-14 0)
(400 -3.27876e-14 0)
(400 -3.13125e-14 0)
(400 -5.04262e-14 0)
(400 -7.21565e-14 0)
(400 -8.45448e-14 0)
(400 -9.70302e-14 0)
(400 -9.5741e-14 0)
(400 -8.1766e-14 0)
(400 -7.11151e-14 0)
(400 -6.17956e-14 0)
(400 -4.98494e-14 0)
(400 -2.41458e-14 0)
(400 -1.52224e-14 0)
(400 7.88475e-15 0)
(400 3.19377e-14 0)
(400 5.98386e-14 0)
(400 8.66683e-14 0)
(400 8.96364e-14 0)
(400 9.54306e-14 0)
(400 9.2751e-14 0)
(400 8.6079e-14 0)
(400 7.31971e-14 0)
(400 6.27832e-14 0)
(400 4.71581e-14 0)
(400 5.39797e-14 0)
(400 5.25032e-14 0)
(400 4.0351e-14 0)
(400 2.11766e-14 0)
(400 3.78384e-15 0)
(400 1.87402e-16 0)
(400 1.27189e-14 0)
(400 4.09009e-14 0)
(400 5.123e-14 0)
(400 4.06503e-14 0)
(400 2.78726e-14 0)
(400 4.30164e-14 0)
(400 4.3992e-14 0)
(400 3.55533e-14 0)
(400 5.27447e-14 0)
(400 6.44689e-14 0)
(400 5.63204e-14 0)
(400 4.61049e-14 0)
(400 2.53584e-14 0)
(400 2.00574e-14 0)
(400 1.00619e-14 0)
(400 1.94052e-15 0)
(400 -1.73811e-14 0)
(400 -2.31855e-14 0)
(400 -7.04558e-15 0)
(400 1.70942e-14 0)
(400 2.32025e-14 0)
(400 2.22456e-14 0)
(400 2.72914e-14 0)
(400 4.46503e-14 0)
(400 7.15796e-14 0)
(400 7.58403e-14 0)
(400 6.53493e-14 0)
(400 6.51008e-14 0)
(400 7.34443e-14 0)
(400 8.8281e-14 0)
(400 8.42977e-14 0)
(400 7.1245e-14 0)
(400 7.03051e-14 0)
(400 7.03829e-14 0)
(400 6.58994e-14 0)
(400 4.91284e-14 0)
(400 4.8231e-14 0)
(400 5.71071e-14 0)
(400 6.29483e-14 0)
(400 6.42387e-14 0)
(400 6.35004e-14 0)
(400 5.21351e-14 0)
(400 6.56739e-14 0)
(400 6.14914e-14 0)
(400 3.02702e-14 0)
(400 3.65914e-15 0)
(400 -1.28852e-14 0)
(400 -2.91577e-14 0)
(400 -3.99673e-14 0)
(400 -3.66436e-14 0)
(400 -3.74752e-14 0)
(400 -2.21563e-14 0)
(400 8.71901e-15 0)
(400 2.77378e-14 0)
(400 2.56893e-14 0)
(400 1.44185e-14 0)
(400 1.63718e-14 0)
(400 1.50074e-14 0)
(400 2.37083e-14 0)
(400 1.83116e-14 0)
(400 -8.61706e-15 0)
(400 -3.39773e-14 0)
(400 -3.30687e-14 0)
(400 -2.10644e-14 0)
(400 -3.57159e-14 0)
(400 -3.94458e-14 0)
(400 -3.29497e-14 0)
(400 -2.8935e-14 0)
(400 -2.12932e-14 0)
(400 -2.55282e-14 0)
(400 -3.7067e-14 0)
(400 -2.31593e-14 0)
(400 -1.64489e-14 0)
(400 -3.03833e-15 0)
(400 2.37614e-15 0)
(400 1.55147e-14 0)
(400 2.94985e-14 0)
(400 3.7819e-14 0)
(400 3.19958e-14 0)
(400 2.44091e-14 0)
(400 1.86402e-14 0)
(400 2.06157e-14 0)
(400 1.08931e-14 0)
(400 2.64977e-14 0)
(400 2.70558e-14 0)
(400 2.23598e-14 0)
(400 4.11514e-14 0)
(400 5.58099e-14 0)
(400 5.28015e-14 0)
(400 4.46592e-14 0)
(400 4.02407e-14 0)
(400 3.8398e-14 0)
(400 1.49364e-14 0)
(400 1.585e-14 0)
(400 1.98664e-14 0)
(400 3.24572e-14 0)
(400 5.09078e-14 0)
(400 5.56744e-14 0)
(400 5.19044e-14 0)
(400 6.45196e-14 0)
(400 6.54532e-14 0)
(400 6.2208e-14 0)
(400 5.1625e-14 0)
(400 2.79859e-14 0)
(400 4.10651e-15 0)
(400 -2.48185e-14 0)
(400 -4.49245e-14 0)
(400 -4.59466e-14 0)
(400 -3.51985e-14 0)
(400 -2.65828e-14 0)
(400 -2.73469e-14 0)
(400 -3.79975e-14 0)
(400 -2.52035e-14 0)
(400 -2.98492e-14 0)
(400 -1.8202e-14 0)
(400 -8.48062e-15 0)
(400 -5.80844e-15 0)
(400 3.673e-14 0)
(400 6.33563e-14 0)
(400 6.71526e-14 0)
(400 6.29078e-14 0)
(400 5.43791e-14 0)
(400 3.77546e-14 0)
(400 9.28012e-15 0)
(400 9.25904e-16 0)
(400 1.25962e-14 0)
(400 3.45677e-14 0)
(400 5.41465e-14 0)
(400 4.35406e-14 0)
(400 3.1387e-14 0)
(400 2.01466e-14 0)
(400 1.38974e-14 0)
(400 6.46843e-15 0)
(400 3.36447e-15 0)
(400 9.58769e-15 0)
(400 -6.73957e-15 0)
(400 -2.5895e-14 0)
(400 -3.77436e-14 0)
(400 -6.40055e-14 0)
(400 -7.87377e-14 0)
(400 -8.97134e-14 0)
(400 -1.10387e-13 0)
(400 -1.24553e-13 0)
(400 -1.29916e-13 0)
(400 -1.2086e-13 0)
(400 -1.1083e-13 0)
(400 -9.25644e-14 0)
(400 -7.44756e-14 0)
(400 -5.26322e-14 0)
(400 -3.23818e-14 0)
(400 -1.17979e-14 0)
(400 -1.164e-14 0)
(400 -1.83106e-14 0)
(400 -2.14129e-14 0)
(400 -1.74907e-14 0)
(400 -3.55462e-14 0)
(400 -3.9693e-14 0)
(400 -5.48764e-14 0)
(400 -6.72261e-14 0)
(400 -5.23649e-14 0)
(400 -3.79444e-14 0)
(400 -2.30026e-14 0)
(400 -3.76841e-15 0)
(400 1.38513e-14 0)
(400 2.30759e-14 0)
(400 4.86908e-14 0)
(400 6.66628e-14 0)
(400 5.09432e-14 0)
(400 2.12665e-14 0)
(400 1.3302e-14 0)
(400 8.09297e-15 0)
(400 -2.0881e-14 0)
(400 -5.00946e-14 0)
(400 -7.48049e-14 0)
(400 -7.2918e-14 0)
(400 -8.81572e-14 0)
(400 -9.42587e-14 0)
(400 -7.16661e-14 0)
(400 -7.66873e-14 0)
(400 -7.40557e-14 0)
(400 -4.7877e-14 0)
(400 -2.15317e-14 0)
(400 -7.77641e-15 0)
(400 -4.51813e-15 0)
(400 2.58093e-15 0)
(400 2.15211e-14 0)
(400 3.45699e-14 0)
(400 4.77894e-14 0)
(400 6.04035e-14 0)
(400 4.64229e-14 0)
(400 3.40398e-14 0)
(400 4.24863e-14 0)
(400 5.55731e-14 0)
(400 4.04357e-14 0)
(400 3.40576e-14 0)
(400 3.34285e-14 0)
(400 2.53908e-14 0)
(400 6.59205e-15 0)
(400 -1.44511e-14 0)
(400 -1.16122e-14 0)
(400 6.86903e-15 0)
(400 3.59489e-14 0)
(400 4.14501e-14 0)
(400 3.45586e-14 0)
(400 1.93338e-14 0)
(400 9.26921e-16 0)
(400 -4.48042e-15 0)
(400 -4.45668e-15 0)
(400 1.05924e-14 0)
(400 1.55925e-14 0)
(400 2.67003e-14 0)
(400 2.30536e-14 0)
(400 -1.03647e-14 0)
(400 -1.73608e-14 0)
(400 -2.20689e-14 0)
(400 -3.49289e-14 0)
(400 -3.81234e-14 0)
(400 -3.98766e-14 0)
(400 -2.53165e-14 0)
(400 -1.57875e-14 0)
(400 -2.47745e-14 0)
(400 -8.66298e-15 0)
(400 -3.78199e-15 0)
(400 1.31855e-14 0)
(400 2.85955e-14 0)
(400 2.71813e-14 0)
(400 2.7092e-14 0)
(400 3.15048e-14 0)
(400 5.34863e-14 0)
(400 6.61049e-14 0)
(400 4.88423e-14 0)
(400 4.6307e-14 0)
(400 4.59206e-14 0)
(400 3.68634e-14 0)
(400 2.97249e-14 0)
(400 2.9779e-14 0)
(400 2.79283e-14 0)
(400 -1.11509e-15 0)
(400 1.08716e-14 0)
(400 3.16296e-14 0)
(400 3.59453e-14 0)
(400 2.37561e-14 0)
(400 1.54157e-14 0)
(400 5.53609e-15 0)
(400 -1.47822e-14 0)
(400 -2.94694e-14 0)
(400 -3.81045e-14 0)
(400 -4.41444e-14 0)
(400 -4.25279e-14 0)
(400 -2.49633e-14 0)
(400 -2.33497e-14 0)
(400 -1.86511e-14 0)
(400 -2.19835e-14 0)
(400 -1.39903e-14 0)
(400 -2.04797e-15 0)
(400 -3.80892e-15 0)
(400 2.15584e-15 0)
(400 9.84567e-15 0)
(400 8.81519e-15 0)
(400 9.77286e-15 0)
(400 1.37229e-14 0)
(400 2.42518e-14 0)
(400 1.99464e-14 0)
(400 1.02438e-14 0)
(400 -1.98362e-14 0)
(400 -1.62576e-14 0)
(400 -1.61242e-14 0)
(400 -2.9837e-14 0)
(400 -3.67482e-14 0)
(400 -4.1861e-14 0)
(400 -3.37713e-14 0)
(400 -1.71793e-14 0)
(400 -1.63319e-14 0)
(400 -6.32346e-16 0)
(400 1.64052e-14 0)
(400 1.48969e-14 0)
(400 1.63797e-14 0)
(400 1.54819e-14 0)
(400 9.68659e-15 0)
(400 -5.41889e-15 0)
(400 -1.4263e-14 0)
(400 -4.68805e-15 0)
(400 -5.93406e-16 0)
(400 6.56795e-15 0)
(400 6.68669e-15 0)
(400 1.2487e-14 0)
(400 2.59527e-14 0)
(400 3.45807e-14 0)
(400 4.76376e-14 0)
(400 5.23352e-14 0)
(400 4.9481e-14 0)
(400 3.14119e-14 0)
(400 4.67504e-15 0)
(400 -9.49044e-15 0)
(400 -1.78525e-14 0)
(400 -1.47161e-14 0)
(400 -2.25848e-14 0)
(400 -3.69525e-14 0)
(400 -2.89333e-14 0)
(400 -1.45809e-14 0)
(400 -2.4163e-14 0)
(400 -3.18909e-14 0)
(400 -3.57021e-14 0)
(400 -4.23088e-14 0)
(400 -5.38367e-14 0)
(400 -5.50879e-14 0)
(400 -3.99606e-14 0)
(400 -1.94345e-14 0)
(400 -2.91502e-14 0)
(400 -2.00272e-14 0)
(400 -5.08469e-15 0)
(400 -1.60906e-14 0)
(400 -1.33096e-14 0)
(400 -1.88468e-14 0)
(400 -3.86861e-14 0)
(400 -3.55908e-14 0)
(400 -2.63308e-14 0)
(400 -5.07238e-15 0)
(400 2.92094e-14 0)
(400 2.81264e-14 0)
(400 1.84405e-14 0)
(400 2.52569e-15 0)
(400 -1.28423e-14 0)
(400 -1.25406e-15 0)
(400 -1.42549e-14 0)
(400 -2.07906e-14 0)
(400 -4.82187e-15 0)
(400 2.07091e-15 0)
(400 6.28304e-15 0)
(400 -1.02134e-14 0)
(400 -2.55819e-14 0)
(400 -2.19688e-14 0)
(400 -1.19119e-14 0)
(400 -1.36672e-14 0)
(400 -1.2397e-14 0)
(400 1.38939e-15 0)
(400 7.25616e-15 0)
(400 -1.64458e-14 0)
(400 -3.99797e-14 0)
(400 -7.34687e-14 0)
(400 -1.08287e-13 0)
(400 -1.32018e-13 0)
(400 -1.29456e-13 0)
(400 -1.16076e-13 0)
(400 -1.17571e-13 0)
(400 -1.20156e-13 0)
(400 -1.15924e-13 0)
(400 -8.86004e-14 0)
(400 -5.71731e-14 0)
(400 -2.87486e-14 0)
(400 -2.38645e-14 0)
(400 -2.00656e-14 0)
(400 -1.83971e-14 0)
(400 -6.4529e-15 0)
(400 4.23703e-15 0)
(400 -3.1111e-14 0)
(400 -4.04542e-14 0)
(400 -4.79965e-14 0)
(400 -5.63897e-14 0)
(400 -5.32303e-14 0)
(400 -3.90919e-14 0)
(400 -2.70727e-14 0)
(400 -2.89845e-14 0)
(400 -5.3632e-15 0)
(400 2.81176e-14 0)
(400 4.64654e-14 0)
(400 7.30292e-14 0)
(400 6.8319e-14 0)
(400 4.75138e-14 0)
(400 5.11845e-14 0)
(400 3.57363e-14 0)
(400 1.32135e-14 0)
(400 -1.9887e-14 0)
(400 -5.01659e-14 0)
(400 -6.10013e-14 0)
(400 -5.93769e-14 0)
(400 -7.01398e-14 0)
(400 -8.16153e-14 0)
(400 -8.35715e-14 0)
(400 -7.72999e-14 0)
(400 -5.22277e-14 0)
(400 -4.01413e-14 0)
(400 -2.4751e-14 0)
(400 -1.1664e-14 0)
(400 -2.4782e-15 0)
(400 1.17713e-14 0)
(400 1.11509e-14 0)
(400 1.84768e-14 0)
(400 3.27159e-14 0)
(400 4.55306e-14 0)
(400 4.50326e-14 0)
(400 4.66537e-14 0)
(400 5.46699e-14 0)
(400 7.13943e-14 0)
(400 7.69281e-14 0)
(400 7.5424e-14 0)
(400 6.57695e-14 0)
(400 4.84221e-14 0)
(400 5.60412e-14 0)
(400 6.0652e-14 0)
(400 4.725e-14 0)
(400 4.02484e-14 0)
(400 4.51488e-14 0)
(400 6.01273e-14 0)
(400 5.14468e-14 0)
(400 1.8106e-14 0)
(400 1.677e-15 0)
(400 4.27503e-15 0)
(400 -5.24923e-15 0)
(400 2.45973e-15 0)
(400 1.5865e-14 0)
(400 1.33795e-14 0)
(400 5.47389e-15 0)
(400 6.18126e-15 0)
(400 7.86397e-15 0)
(400 1.32083e-15 0)
(400 2.96839e-14 0)
(400 4.80626e-14 0)
(400 4.18317e-14 0)
(400 2.43539e-14 0)
(400 1.2657e-14 0)
(400 1.84681e-14 0)
(400 1.22311e-14 0)
(400 1.18534e-14 0)
(400 -4.55369e-15 0)
(400 -1.64483e-14 0)
(400 1.09085e-14 0)
(400 3.39767e-14 0)
(400 5.04502e-14 0)
(400 4.56511e-14 0)
(400 3.43361e-14 0)
(400 4.02716e-14 0)
(400 4.29368e-14 0)
(400 3.86159e-14 0)
(400 4.06984e-14 0)
(400 5.01437e-14 0)
(400 4.59488e-14 0)
(400 3.53637e-14 0)
(400 3.5389e-14 0)
(400 4.27603e-14 0)
(400 3.10858e-14 0)
(400 1.98561e-14 0)
(400 3.45912e-15 0)
(400 -1.78587e-15 0)
(400 -5.27796e-15 0)
(400 5.91083e-15 0)
(400 -1.39655e-15 0)
(400 -2.38253e-15 0)
(400 -3.01695e-15 0)
(400 -1.59665e-15 0)
(400 -5.63841e-15 0)
(400 -1.24579e-14 0)
(400 -1.91162e-14 0)
(400 -1.66831e-14 0)
(400 -7.7475e-15 0)
(400 1.81138e-15 0)
(400 -3.62821e-15 0)
(400 1.69844e-14 0)
(400 2.8141e-14 0)
(400 3.67135e-14 0)
(400 5.87827e-14 0)
(400 7.37843e-14 0)
(400 7.16196e-14 0)
(400 5.9114e-14 0)
(400 4.3104e-14 0)
(400 3.51314e-14 0)
(400 3.04079e-14 0)
(400 4.9603e-15 0)
(400 -8.24421e-15 0)
(400 2.37339e-15 0)
(400 1.44454e-14 0)
(400 2.71892e-14 0)
(400 3.68733e-14 0)
(400 2.64431e-14 0)
(400 1.85381e-14 0)
(400 1.69083e-14 0)
(400 2.02106e-14 0)
(400 1.91545e-14 0)
(400 8.45378e-15 0)
(400 7.7992e-15 0)
(400 1.21758e-14 0)
(400 1.50722e-14 0)
(400 2.49862e-14 0)
(400 7.18558e-15 0)
(400 -1.0563e-14 0)
(400 -8.40958e-15 0)
(400 -6.8997e-15 0)
(400 4.7468e-15 0)
(400 1.97319e-14 0)
(400 4.33329e-14 0)
(400 5.29527e-14 0)
(400 4.29577e-14 0)
(400 3.44848e-14 0)
(400 1.04093e-14 0)
(400 -1.02655e-14 0)
(400 -2.16308e-14 0)
(400 -3.15611e-14 0)
(400 -3.79674e-14 0)
(400 -3.33732e-14 0)
(400 -2.63541e-14 0)
(400 -3.01547e-14 0)
(400 -3.05925e-14 0)
(400 -2.71189e-14 0)
(400 -2.7023e-14 0)
(400 -2.34465e-14 0)
(400 -1.21975e-14 0)
(400 3.82162e-15 0)
(400 2.33699e-14 0)
(400 9.63608e-15 0)
(400 1.37129e-15 0)
(400 -6.92141e-16 0)
(400 -1.14162e-14 0)
(400 -2.02999e-14 0)
(400 -2.98478e-14 0)
(400 -3.65742e-14 0)
(400 -3.01369e-14 0)
(400 -2.64157e-14 0)
(400 -2.48176e-14 0)
(400 9.32147e-15 0)
(400 3.51717e-14 0)
(400 3.72704e-14 0)
(400 3.27807e-14 0)
(400 3.42546e-14 0)
(400 4.54789e-14 0)
(400 4.04552e-14 0)
(400 2.67064e-14 0)
(400 1.3036e-14 0)
(400 4.28347e-15 0)
(400 -1.04542e-14 0)
(400 -3.74934e-14 0)
(400 -4.45199e-14 0)
(400 -4.62911e-14 0)
(400 -2.94862e-14 0)
(400 -3.32973e-14 0)
(400 -4.4299e-14 0)
(400 -4.83139e-14 0)
(400 -4.37159e-14 0)
(400 -5.16354e-14 0)
(400 -5.19947e-14 0)
(400 -6.65165e-14 0)
(400 -8.40494e-14 0)
(400 -9.68911e-14 0)
(400 -9.81043e-14 0)
(400 -9.82289e-14 0)
(400 -1.00531e-13 0)
(400 -1.01395e-13 0)
(400 -9.41155e-14 0)
(400 -6.99876e-14 0)
(400 -4.71131e-14 0)
(400 -3.45157e-14 0)
(400 -3.42327e-14 0)
(400 -8.63404e-15 0)
(400 1.75901e-14 0)
(400 3.65801e-14 0)
(400 -6.29136e-15 0)
(400 -3.01079e-14 0)
(400 -3.35999e-14 0)
(400 -3.98054e-14 0)
(400 -4.48278e-14 0)
(400 -4.61737e-14 0)
(400 -3.66578e-14 0)
(400 -4.41393e-15 0)
(400 2.38166e-16 0)
(400 6.15193e-15 0)
(400 2.72617e-14 0)
(400 3.46231e-14 0)
(400 3.28322e-14 0)
(400 4.42801e-14 0)
(400 5.79602e-14 0)
(400 5.5425e-14 0)
(400 3.80238e-14 0)
(400 2.52523e-14 0)
(400 1.46776e-14 0)
(400 6.96663e-15 0)
(400 -4.93285e-15 0)
(400 -1.53508e-14 0)
(400 -3.65109e-14 0)
(400 -4.72634e-14 0)
(400 -5.033e-14 0)
(400 -4.49527e-14 0)
(400 -4.70152e-14 0)
(400 -4.75891e-14 0)
(400 -2.96426e-14 0)
(400 -1.0446e-14 0)
(400 8.18805e-16 0)
(400 2.5857e-15 0)
(400 -5.25472e-15 0)
(400 -1.29357e-14 0)
(400 3.61877e-16 0)
(400 2.8298e-14 0)
(400 3.88477e-14 0)
(400 2.73141e-14 0)
(400 1.24315e-14 0)
(400 3.14894e-14 0)
(400 2.71237e-14 0)
(400 1.0494e-14 0)
(400 -1.69074e-15 0)
(400 -6.03259e-15 0)
(400 2.56154e-15 0)
(400 3.79453e-15 0)
(400 -1.12054e-14 0)
(400 -2.30806e-14 0)
(400 -2.30332e-14 0)
(400 -1.56202e-14 0)
(400 2.24245e-15 0)
(400 7.422e-16 0)
(400 -1.12832e-14 0)
(400 -1.20081e-14 0)
(400 -1.37519e-14 0)
(400 -1.32288e-14 0)
(400 -1.06822e-14 0)
(400 -4.11744e-15 0)
(400 1.02745e-14 0)
(400 2.45609e-14 0)
(400 3.61905e-14 0)
(400 3.69084e-14 0)
(400 4.80321e-14 0)
(400 7.5051e-14 0)
(400 6.76205e-14 0)
(400 4.0353e-14 0)
(400 3.44755e-14 0)
(400 2.85966e-14 0)
(400 2.1124e-14 0)
(400 1.62192e-14 0)
(400 4.21096e-15 0)
(400 3.78478e-15 0)
(400 2.62816e-14 0)
(400 5.91364e-14 0)
(400 7.76938e-14 0)
(400 7.47947e-14 0)
(400 6.4897e-14 0)
(400 6.85379e-14 0)
(400 6.63326e-14 0)
(400 5.85121e-14 0)
(400 4.68927e-14 0)
(400 1.83055e-14 0)
(400 -1.22581e-14 0)
(400 -9.88917e-15 0)
(400 -7.33846e-15 0)
(400 -1.44835e-14 0)
(400 -3.71279e-14 0)
(400 -5.46891e-14 0)
(400 -6.70988e-14 0)
(400 -6.39554e-14 0)
(400 -5.89799e-14 0)
(400 -6.31158e-14 0)
(400 -6.43817e-14 0)
(400 -5.68168e-14 0)
(400 -3.63658e-14 0)
(400 -3.76128e-14 0)
(400 -2.92787e-14 0)
(400 -2.13027e-14 0)
(400 -7.12991e-15 0)
(400 -3.0803e-15 0)
(400 -3.39702e-15 0)
(400 -1.44643e-15 0)
(400 5.76395e-15 0)
(400 1.83272e-14 0)
(400 4.11204e-14 0)
(400 5.35768e-14 0)
(400 5.73321e-14 0)
(400 5.31394e-14 0)
(400 6.25357e-14 0)
(400 5.70705e-14 0)
(400 4.2693e-14 0)
(400 1.17292e-14 0)
(400 2.2149e-15 0)
(400 2.17715e-15 0)
(400 -1.05321e-14 0)
(400 -8.50022e-15 0)
(400 -1.50767e-14 0)
(400 -6.00048e-15 0)
(400 1.18189e-15 0)
(400 -1.48714e-14 0)
(400 -3.24542e-14 0)
(400 -3.48138e-14 0)
(400 -3.78999e-14 0)
(400 -3.0753e-14 0)
(400 -2.44385e-14 0)
(400 -4.03357e-15 0)
(400 1.12104e-14 0)
(400 1.62641e-14 0)
(400 9.39558e-15 0)
(400 -1.48899e-14 0)
(400 -3.03542e-14 0)
(400 -2.83177e-14 0)
(400 -2.2082e-14 0)
(400 -1.91075e-14 0)
(400 -9.65914e-15 0)
(400 -1.07813e-14 0)
(400 -2.12923e-14 0)
(400 -2.29574e-14 0)
(400 -1.89116e-14 0)
(400 -2.43655e-14 0)
(400 -4.50545e-14 0)
(400 -5.87598e-14 0)
(400 -4.3905e-14 0)
(400 -3.85809e-14 0)
(400 -3.64475e-14 0)
(400 -4.47895e-14 0)
(400 -4.40942e-14 0)
(400 -4.1874e-14 0)
(400 -4.09553e-14 0)
(400 -3.52223e-14 0)
(400 -3.66814e-14 0)
(400 -3.42633e-14 0)
(400 -2.86895e-14 0)
(400 -8.06255e-15 0)
(400 -1.90663e-15 0)
(400 -3.26996e-15 0)
(400 -1.27579e-14 0)
(400 -3.777e-15 0)
(400 -1.38136e-14 0)
(400 -2.41378e-14 0)
(400 -2.17314e-14 0)
(400 -2.06984e-14 0)
(400 -1.29806e-14 0)
(400 -1.01077e-14 0)
(400 -1.57424e-14 0)
(400 1.75331e-15 0)
(400 1.11473e-14 0)
(400 1.98736e-14 0)
(400 3.93659e-14 0)
(400 3.64864e-14 0)
(400 4.19607e-14 0)
(400 3.97383e-14 0)
(400 3.94487e-14 0)
(400 3.5763e-14 0)
(400 2.03019e-14 0)
(400 2.48891e-14 0)
(400 2.27393e-14 0)
(400 1.84766e-14 0)
(400 2.517e-14 0)
(400 1.58655e-14 0)
(400 -1.38264e-15 0)
(400 -3.78302e-14 0)
(400 -5.09819e-14 0)
(400 -3.29909e-14 0)
(400 -3.51305e-14 0)
(400 -3.64071e-14 0)
(400 -4.47856e-14 0)
(400 -5.72938e-14 0)
(400 -7.44538e-14 0)
(400 -7.96504e-14 0)
(400 -6.77242e-14 0)
(400 -6.19101e-14 0)
(400 -6.10178e-14 0)
(400 -5.49215e-14 0)
(400 -5.52133e-14 0)
(400 -4.27544e-14 0)
(400 -1.66434e-14 0)
(400 1.2689e-14 0)
(400 3.75713e-14 0)
(400 4.55478e-14 0)
(400 -1.11777e-15 0)
(400 -4.78868e-15 0)
(400 -2.52068e-15 0)
(400 -1.05122e-14 0)
(400 -2.3805e-14 0)
(400 -3.11083e-14 0)
(400 -1.98379e-14 0)
(400 -5.0826e-15 0)
(400 1.35123e-14 0)
(400 1.76356e-14 0)
(400 6.40353e-15 0)
(400 9.06458e-15 0)
(400 1.69542e-14 0)
(400 2.51323e-14 0)
(400 3.34112e-14 0)
(400 3.51996e-14 0)
(400 3.20253e-14 0)
(400 3.41949e-14 0)
(400 3.77836e-14 0)
(400 3.09583e-14 0)
(400 1.51405e-14 0)
(400 -6.72044e-15 0)
(400 -1.45501e-14 0)
(400 -1.51529e-14 0)
(400 -3.36398e-14 0)
(400 -3.42741e-14 0)
(400 -3.12312e-14 0)
(400 -2.96128e-14 0)
(400 -1.29501e-14 0)
(400 -1.32044e-14 0)
(400 -1.00056e-15 0)
(400 -7.89246e-15 0)
(400 -4.50404e-15 0)
(400 6.26547e-15 0)
(400 1.30023e-14 0)
(400 2.63916e-14 0)
(400 3.20543e-14 0)
(400 4.30802e-14 0)
(400 5.03092e-14 0)
(400 3.57214e-14 0)
(400 1.19471e-15 0)
(400 -2.21545e-14 0)
(400 -3.1871e-14 0)
(400 -2.09132e-14 0)
(400 -1.78157e-14 0)
(400 -1.25794e-14 0)
(400 5.70906e-15 0)
(400 2.9908e-15 0)
(400 -8.38257e-17 0)
(400 -8.9849e-15 0)
(400 1.586e-15 0)
(400 9.80265e-15 0)
(400 1.67565e-15 0)
(400 -2.36682e-14 0)
(400 -1.86098e-14 0)
(400 -2.55033e-14 0)
(400 -2.18327e-14 0)
(400 5.10326e-16 0)
(400 6.44812e-15 0)
(400 -1.74186e-16 0)
(400 8.95479e-16 0)
(400 1.51431e-14 0)
(400 8.44594e-15 0)
(400 1.10028e-14 0)
(400 1.20237e-14 0)
(400 2.11255e-14 0)
(400 2.33638e-14 0)
(400 2.87888e-14 0)
(400 3.32644e-14 0)
(400 8.08739e-15 0)
(400 -1.15954e-14 0)
(400 -9.9311e-15 0)
(400 -6.53751e-15 0)
(400 3.17383e-15 0)
(400 1.3162e-14 0)
(400 2.42318e-14 0)
(400 3.92038e-14 0)
(400 3.43608e-14 0)
(400 2.94164e-14 0)
(400 1.66559e-14 0)
(400 4.35789e-15 0)
(400 -2.44061e-14 0)
(400 -5.54129e-14 0)
(400 -5.60662e-14 0)
(400 -5.58088e-14 0)
(400 -6.16534e-14 0)
(400 -7.99357e-14 0)
(400 -1.04804e-13 0)
(400 -1.15764e-13 0)
(400 -1.05831e-13 0)
(400 -8.78792e-14 0)
(400 -8.25074e-14 0)
(400 -6.84543e-14 0)
(400 -5.86968e-14 0)
(400 -4.22179e-14 0)
(400 -2.76918e-14 0)
(400 -5.20537e-16 0)
(400 1.38678e-14 0)
(400 2.9941e-14 0)
(400 4.1134e-14 0)
(400 3.77333e-14 0)
(400 2.8989e-14 0)
(400 4.04951e-14 0)
(400 3.70967e-14 0)
(400 3.91913e-14 0)
(400 4.89873e-14 0)
(400 5.93501e-14 0)
(400 4.61833e-14 0)
(400 4.8226e-14 0)
(400 3.65206e-14 0)
(400 2.22453e-14 0)
(400 1.21557e-14 0)
(400 -5.60109e-17 0)
(400 -1.00993e-14 0)
(400 -9.28084e-15 0)
(400 -1.37181e-14 0)
(400 -1.10116e-14 0)
(400 -7.54524e-15 0)
(400 -6.71424e-15 0)
(400 -1.72163e-14 0)
(400 -3.52295e-14 0)
(400 -5.94519e-14 0)
(400 -7.88977e-14 0)
(400 -8.58892e-14 0)
(400 -7.28134e-14 0)
(400 -5.57992e-14 0)
(400 -4.51483e-14 0)
(400 -3.72047e-14 0)
(400 -3.41079e-14 0)
(400 -3.95617e-14 0)
(400 -4.16536e-14 0)
(400 -4.36797e-14 0)
(400 -4.00895e-14 0)
(400 -4.83314e-14 0)
(400 -6.06499e-14 0)
(400 -6.38629e-14 0)
(400 -7.08498e-14 0)
(400 -5.4246e-14 0)
(400 -4.3583e-14 0)
(400 -3.88663e-14 0)
(400 -4.49e-14 0)
(400 -2.93974e-14 0)
(400 -1.73639e-14 0)
(400 -2.12992e-14 0)
(400 -3.28274e-14 0)
(400 -3.39991e-14 0)
(400 -1.41844e-14 0)
(400 -2.65031e-15 0)
(400 5.03581e-15 0)
(400 8.80369e-15 0)
(400 1.06575e-14 0)
(400 1.07589e-14 0)
(400 1.86892e-14 0)
(400 1.08701e-14 0)
(400 1.61853e-15 0)
(400 2.04074e-14 0)
(400 2.04399e-14 0)
(400 2.80113e-14 0)
(400 1.60533e-14 0)
(400 -2.36432e-15 0)
(400 -2.82123e-15 0)
(400 -5.12534e-15 0)
(400 1.20433e-14 0)
(400 6.57265e-15 0)
(400 -2.51767e-14 0)
(400 -3.29084e-14 0)
(400 -2.12648e-14 0)
(400 -2.82546e-15 0)
(400 1.31689e-14 0)
(400 2.74662e-14 0)
(400 3.78719e-14 0)
(400 4.23863e-14 0)
(400 4.4274e-14 0)
(400 3.96178e-14 0)
(400 5.25296e-14 0)
(400 7.01671e-14 0)
(400 7.44411e-14 0)
(400 7.76527e-14 0)
(400 7.66702e-14 0)
(400 6.67827e-14 0)
(400 3.08405e-14 0)
(400 -1.34564e-15 0)
(400 -1.21718e-14 0)
(400 -4.86226e-15 0)
(400 -1.19487e-14 0)
(400 -2.70697e-14 0)
(400 -3.41939e-14 0)
(400 -3.95381e-14 0)
(400 -5.89592e-14 0)
(400 -7.53711e-14 0)
(400 -8.50014e-14 0)
(400 -8.68802e-14 0)
(400 -1.12872e-13 0)
(400 -1.25456e-13 0)
(400 -1.29064e-13 0)
(400 -1.19648e-13 0)
(400 -9.8403e-14 0)
(400 -8.83458e-14 0)
(400 -8.01729e-14 0)
(400 -6.91151e-14 0)
(400 -2.76839e-15 0)
(400 3.21666e-15 0)
(400 6.65932e-15 0)
(400 -3.35816e-15 0)
(400 -1.11124e-14 0)
(400 -1.61606e-14 0)
(400 -1.13164e-14 0)
(400 -1.1511e-14 0)
(400 1.75228e-14 0)
(400 2.57209e-14 0)
(400 6.23647e-15 0)
(400 8.85718e-15 0)
(400 2.96593e-14 0)
(400 4.3216e-14 0)
(400 4.40991e-14 0)
(400 3.84299e-14 0)
(400 4.01666e-14 0)
(400 2.4515e-14 0)
(400 1.08695e-14 0)
(400 4.54892e-15 0)
(400 -1.2605e-14 0)
(400 -1.70549e-14 0)
(400 -1.60327e-14 0)
(400 -2.59806e-14 0)
(400 -4.02996e-14 0)
(400 -3.02242e-14 0)
(400 -2.09773e-14 0)
(400 -1.15627e-14 0)
(400 -1.17527e-14 0)
(400 -2.76181e-14 0)
(400 -1.14868e-14 0)
(400 -1.2035e-14 0)
(400 -1.25368e-15 0)
(400 3.64558e-15 0)
(400 -8.14503e-15 0)
(400 -1.69132e-14 0)
(400 -2.77816e-14 0)
(400 -1.28298e-14 0)
(400 4.55909e-15 0)
(400 -2.1591e-14 0)
(400 -2.80542e-14 0)
(400 -3.17515e-14 0)
(400 -3.53453e-14 0)
(400 -3.32187e-14 0)
(400 -3.6975e-14 0)
(400 -1.8077e-14 0)
(400 -1.22357e-14 0)
(400 -2.64802e-14 0)
(400 -3.21811e-14 0)
(400 -2.95989e-14 0)
(400 -2.34967e-14 0)
(400 -1.79492e-14 0)
(400 -1.20273e-14 0)
(400 -1.62813e-14 0)
(400 -6.87718e-15 0)
(400 -2.00929e-15 0)
(400 -1.23194e-14 0)
(400 -1.97267e-15 0)
(400 3.86424e-15 0)
(400 -8.27954e-15 0)
(400 -6.28968e-15 0)
(400 1.19274e-14 0)
(400 3.35623e-14 0)
(400 3.67551e-14 0)
(400 4.02292e-14 0)
(400 6.7929e-14 0)
(400 7.17017e-14 0)
(400 6.91312e-14 0)
(400 6.02862e-14 0)
(400 3.63798e-14 0)
(400 2.13811e-14 0)
(400 3.42799e-14 0)
(400 5.39522e-14 0)
(400 4.34352e-14 0)
(400 3.36057e-14 0)
(400 2.36224e-14 0)
(400 3.68974e-14 0)
(400 2.51923e-14 0)
(400 -4.43954e-15 0)
(400 -1.07752e-14 0)
(400 -1.49723e-14 0)
(400 -2.13187e-14 0)
(400 -1.3023e-14 0)
(400 -1.00753e-14 0)
(400 -1.86071e-14 0)
(400 -4.44914e-14 0)
(400 -6.90692e-14 0)
(400 -8.88239e-14 0)
(400 -9.4331e-14 0)
(400 -9.29382e-14 0)
(400 -7.8594e-14 0)
(400 -5.87291e-14 0)
(400 -4.56634e-14 0)
(400 -2.36372e-14 0)
(400 -1.34461e-14 0)
(400 -1.06738e-14 0)
(400 -1.39933e-15 0)
(400 -3.607e-16 0)
(400 1.59861e-14 0)
(400 4.11524e-14 0)
(400 4.23542e-14 0)
(400 4.82995e-14 0)
(400 4.81703e-14 0)
(400 5.75287e-14 0)
(400 5.14231e-14 0)
(400 6.37325e-14 0)
(400 6.77369e-14 0)
(400 5.05926e-14 0)
(400 3.90028e-14 0)
(400 3.63349e-14 0)
(400 4.05466e-14 0)
(400 4.15801e-14 0)
(400 1.1148e-14 0)
(400 -4.5646e-15 0)
(400 -3.21819e-15 0)
(400 2.44917e-15 0)
(400 1.01904e-14 0)
(400 1.59909e-15 0)
(400 -5.09846e-15 0)
(400 6.3604e-15 0)
(400 -1.07703e-14 0)
(400 -3.77304e-14 0)
(400 -6.10359e-14 0)
(400 -6.70908e-14 0)
(400 -6.61665e-14 0)
(400 -6.62213e-14 0)
(400 -5.55858e-14 0)
(400 -4.67192e-14 0)
(400 -2.8077e-14 0)
(400 -2.10758e-14 0)
(400 -1.58651e-14 0)
(400 -3.07124e-14 0)
(400 -4.6731e-14 0)
(400 -5.23797e-14 0)
(400 -7.96781e-14 0)
(400 -6.75623e-14 0)
(400 -4.76574e-14 0)
(400 -4.21754e-14 0)
(400 -4.0551e-14 0)
(400 -4.30198e-14 0)
(400 -3.54562e-14 0)
(400 -1.98501e-14 0)
(400 -1.94019e-14 0)
(400 -2.91571e-14 0)
(400 -5.36614e-14 0)
(400 -5.08067e-14 0)
(400 -2.89009e-14 0)
(400 -1.72177e-14 0)
(400 -3.20227e-15 0)
(400 6.01735e-15 0)
(400 2.18159e-14 0)
(400 3.05333e-14 0)
(400 1.7756e-14 0)
(400 -5.67474e-15 0)
(400 -1.05845e-14 0)
(400 -4.43212e-15 0)
(400 -4.73421e-15 0)
(400 -1.62519e-14 0)
(400 -8.65316e-15 0)
(400 3.90763e-15 0)
(400 1.04833e-14 0)
(400 1.3881e-14 0)
(400 1.47002e-14 0)
(400 2.03244e-14 0)
(400 2.22816e-14 0)
(400 1.30385e-14 0)
(400 6.65019e-15 0)
(400 1.48048e-14 0)
(400 2.21914e-14 0)
(400 4.52555e-14 0)
(400 5.23641e-14 0)
(400 4.68986e-14 0)
(400 3.41488e-14 0)
(400 3.17199e-14 0)
(400 5.68447e-14 0)
(400 5.4248e-14 0)
(400 5.45457e-14 0)
(400 5.8386e-14 0)
(400 4.84281e-14 0)
(400 4.5389e-14 0)
(400 3.77857e-14 0)
(400 4.99472e-14 0)
(400 4.2386e-14 0)
(400 3.20934e-14 0)
(400 2.93128e-14 0)
(400 4.20708e-14 0)
(400 6.9234e-14 0)
(400 7.35763e-14 0)
(400 4.71176e-14 0)
(400 1.36891e-14 0)
(400 -9.65535e-16 0)
(400 -3.27868e-17 0)
(400 -1.87908e-14 0)
(400 -4.4987e-14 0)
(400 -6.58503e-14 0)
(400 -6.18072e-14 0)
(400 -5.82759e-14 0)
(400 -7.49813e-14 0)
(400 -8.29218e-14 0)
(400 -8.15696e-14 0)
(400 1.32306e-14 0)
(400 3.60523e-14 0)
(400 1.85176e-14 0)
(400 1.83399e-14 0)
(400 2.37511e-14 0)
(400 2.77343e-14 0)
(400 1.50244e-14 0)
(400 7.40816e-15 0)
(400 1.62431e-14 0)
(400 8.62596e-15 0)
(400 1.02947e-14 0)
(400 3.19888e-14 0)
(400 4.00995e-14 0)
(400 5.13534e-14 0)
(400 3.65417e-14 0)
(400 -8.96725e-16 0)
(400 -2.02927e-15 0)
(400 -8.8599e-15 0)
(400 -3.37578e-15 0)
(400 7.18963e-15 0)
(400 1.07542e-14 0)
(400 7.24517e-15 0)
(400 7.4289e-15 0)
(400 1.10255e-14 0)
(400 -3.47425e-15 0)
(400 -2.09292e-14 0)
(400 -2.07074e-14 0)
(400 -1.71245e-14 0)
(400 -2.44831e-14 0)
(400 -4.27799e-14 0)
(400 -3.71084e-14 0)
(400 -3.39803e-14 0)
(400 -1.9522e-14 0)
(400 -2.05449e-14 0)
(400 -3.16639e-14 0)
(400 -4.74248e-14 0)
(400 -4.60079e-14 0)
(400 -4.26308e-14 0)
(400 -3.99697e-14 0)
(400 -3.57881e-14 0)
(400 -4.29898e-14 0)
(400 -3.91474e-14 0)
(400 -2.32343e-14 0)
(400 -6.49765e-15 0)
(400 -3.44626e-14 0)
(400 -5.04024e-14 0)
(400 -7.04595e-14 0)
(400 -6.63659e-14 0)
(400 -6.06866e-14 0)
(400 -6.87932e-14 0)
(400 -7.15866e-14 0)
(400 -6.04578e-14 0)
(400 -4.29481e-14 0)
(400 -2.0931e-14 0)
(400 -3.05127e-14 0)
(400 -2.81023e-14 0)
(400 -2.93916e-14 0)
(400 -2.66465e-14 0)
(400 -1.34355e-14 0)
(400 -8.50588e-15 0)
(400 -5.17763e-15 0)
(400 -1.22997e-14 0)
(400 -1.2014e-15 0)
(400 7.19707e-15 0)
(400 1.8096e-14 0)
(400 2.45095e-14 0)
(400 1.91208e-14 0)
(400 6.31747e-15 0)
(400 -1.96542e-14 0)
(400 -2.16445e-14 0)
(400 -1.99697e-14 0)
(400 -1.00414e-14 0)
(400 -1.67299e-14 0)
(400 -3.13037e-14 0)
(400 -4.39121e-14 0)
(400 -4.86511e-14 0)
(400 -4.97395e-14 0)
(400 -4.73857e-14 0)
(400 -4.97591e-14 0)
(400 -5.78728e-14 0)
(400 -6.37528e-14 0)
(400 -6.00128e-14 0)
(400 -4.24006e-14 0)
(400 -4.36439e-14 0)
(400 -3.87442e-14 0)
(400 -3.5406e-14 0)
(400 -4.91955e-14 0)
(400 -5.72578e-14 0)
(400 -6.00481e-14 0)
(400 -7.19108e-14 0)
(400 -6.43626e-14 0)
(400 -4.91624e-14 0)
(400 -3.62782e-14 0)
(400 -2.94625e-14 0)
(400 -1.13254e-14 0)
(400 3.8883e-15 0)
(400 -9.50836e-15 0)
(400 -2.85438e-14 0)
(400 -3.61068e-14 0)
(400 -1.3289e-14 0)
(400 2.08369e-15 0)
(400 1.30425e-14 0)
(400 8.59269e-15 0)
(400 4.08496e-15 0)
(400 -5.73475e-15 0)
(400 -1.05319e-14 0)
(400 -1.66625e-14 0)
(400 -2.42772e-14 0)
(400 -4.59638e-14 0)
(400 -4.38615e-14 0)
(400 -2.11776e-14 0)
(400 -2.14948e-14 0)
(400 -4.0259e-14 0)
(400 -7.08452e-14 0)
(400 -7.66336e-14 0)
(400 -5.42373e-14 0)
(400 -5.79347e-14 0)
(400 -9.00464e-14 0)
(400 -1.17903e-13 0)
(400 -1.20833e-13 0)
(400 -1.24585e-13 0)
(400 -1.30399e-13 0)
(400 -1.36885e-13 0)
(400 -1.24268e-13 0)
(400 -1.20405e-13 0)
(400 -1.17264e-13 0)
(400 -7.99002e-14 0)
(400 -7.18879e-14 0)
(400 -6.88256e-14 0)
(400 -5.59172e-14 0)
(400 -3.2641e-14 0)
(400 -4.04087e-14 0)
(400 -6.93506e-14 0)
(400 -7.19139e-14 0)
(400 -6.05047e-14 0)
(400 -4.231e-14 0)
(400 -2.63554e-14 0)
(400 -2.94297e-14 0)
(400 -1.80267e-14 0)
(400 -1.43115e-14 0)
(400 -4.40515e-15 0)
(400 -7.75381e-15 0)
(400 -1.7516e-14 0)
(400 -2.68755e-14 0)
(400 -2.53777e-14 0)
(400 -2.34511e-14 0)
(400 -1.95994e-14 0)
(400 -1.96117e-14 0)
(400 -1.73504e-14 0)
(400 6.04049e-15 0)
(400 1.82721e-14 0)
(400 2.11949e-14 0)
(400 -1.86286e-15 0)
(400 -1.03196e-14 0)
(400 -3.07213e-15 0)
(400 -1.94535e-14 0)
(400 -2.83527e-14 0)
(400 -4.18151e-14 0)
(400 -2.35106e-14 0)
(400 5.86525e-15 0)
(400 1.49797e-14 0)
(400 1.0715e-14 0)
(400 -4.76697e-16 0)
(400 1.06844e-14 0)
(400 3.16538e-14 0)
(400 3.08623e-14 0)
(400 1.76583e-14 0)
(400 1.17372e-14 0)
(400 2.51679e-14 0)
(400 3.83256e-14 0)
(400 4.33647e-14 0)
(400 3.90507e-14 0)
(400 9.47702e-15 0)
(400 -8.79499e-16 0)
(400 1.18332e-14 0)
(400 2.56097e-14 0)
(400 3.6491e-14 0)
(400 3.92096e-14 0)
(400 3.01961e-14 0)
(400 4.07467e-14 0)
(400 5.74781e-14 0)
(400 6.91545e-14 0)
(400 6.13854e-14 0)
(400 4.95294e-14 0)
(400 5.27524e-14 0)
(400 6.70103e-14 0)
(400 7.94595e-14 0)
(400 9.1081e-14 0)
(400 6.48269e-14 0)
(400 3.43686e-14 0)
(400 1.99733e-14 0)
(400 1.57038e-14 0)
(400 2.16817e-14 0)
(400 6.4313e-15 0)
(400 -6.10046e-15 0)
(400 -1.56961e-14 0)
(400 -3.75958e-14 0)
(400 -7.36602e-14 0)
(400 -9.88122e-14 0)
(400 -1.02498e-13 0)
(400 1.57332e-14 0)
(400 4.37245e-14 0)
(400 2.88438e-14 0)
(400 2.72748e-14 0)
(400 3.27571e-14 0)
(400 4.19371e-14 0)
(400 4.2576e-14 0)
(400 2.21189e-14 0)
(400 -9.8191e-15 0)
(400 -1.04372e-14 0)
(400 2.04988e-14 0)
(400 3.3534e-14 0)
(400 2.68137e-14 0)
(400 9.27985e-15 0)
(400 -2.27858e-14 0)
(400 -3.7068e-14 0)
(400 -3.75834e-14 0)
(400 -3.08241e-14 0)
(400 -2.57539e-14 0)
(400 -2.85404e-14 0)
(400 -1.78185e-14 0)
(400 -1.71548e-15 0)
(400 2.29561e-15 0)
(400 -1.92006e-14 0)
(400 -1.45626e-14 0)
(400 -3.59844e-14 0)
(400 -4.59134e-14 0)
(400 -4.04552e-14 0)
(400 -2.76081e-14 0)
(400 -2.27755e-14 0)
(400 -3.8326e-14 0)
(400 -3.76266e-14 0)
(400 -1.82676e-14 0)
(400 -4.48983e-15 0)
(400 -1.02671e-15 0)
(400 6.10587e-15 0)
(400 9.13463e-15 0)
(400 8.78427e-15 0)
(400 2.98587e-15 0)
(400 6.17852e-15 0)
(400 -3.10427e-15 0)
(400 -9.50888e-15 0)
(400 -2.99292e-15 0)
(400 7.38714e-15 0)
(400 -6.81756e-15 0)
(400 -3.90877e-14 0)
(400 -5.25209e-14 0)
(400 -4.10312e-14 0)
(400 -2.95727e-14 0)
(400 -4.14108e-14 0)
(400 -5.75414e-14 0)
(400 -5.45834e-14 0)
(400 -3.88034e-14 0)
(400 -1.51383e-14 0)
(400 -2.79256e-14 0)
(400 -3.43158e-14 0)
(400 -3.49071e-14 0)
(400 -2.9767e-14 0)
(400 -1.46005e-14 0)
(400 -3.42617e-15 0)
(400 -6.1743e-15 0)
(400 -9.06821e-15 0)
(400 -1.06439e-14 0)
(400 -6.42774e-15 0)
(400 -4.08448e-15 0)
(400 -6.59784e-15 0)
(400 -1.40061e-14 0)
(400 -3.20268e-14 0)
(400 -3.4987e-14 0)
(400 -3.668e-14 0)
(400 -4.33228e-14 0)
(400 -6.45511e-14 0)
(400 -9.15982e-14 0)
(400 -9.49318e-14 0)
(400 -1.06566e-13 0)
(400 -1.02545e-13 0)
(400 -9.93268e-14 0)
(400 -9.21627e-14 0)
(400 -7.3645e-14 0)
(400 -8.27623e-14 0)
(400 -9.45947e-14 0)
(400 -8.1604e-14 0)
(400 -7.27384e-14 0)
(400 -7.56909e-14 0)
(400 -6.59467e-14 0)
(400 -3.60851e-14 0)
(400 -2.43765e-14 0)
(400 -2.52304e-14 0)
(400 -3.24596e-14 0)
(400 -3.51332e-14 0)
(400 -2.18213e-14 0)
(400 -1.70415e-14 0)
(400 5.42315e-16 0)
(400 5.89984e-15 0)
(400 7.93326e-15 0)
(400 1.81564e-14 0)
(400 2.14693e-14 0)
(400 1.77159e-14 0)
(400 -2.67932e-15 0)
(400 -9.52932e-15 0)
(400 6.67531e-15 0)
(400 2.02551e-14 0)
(400 2.1014e-14 0)
(400 -5.52326e-16 0)
(400 -7.48265e-15 0)
(400 3.39549e-15 0)
(400 -8.48514e-16 0)
(400 -1.98478e-14 0)
(400 -4.23878e-14 0)
(400 -2.94396e-14 0)
(400 -9.49899e-15 0)
(400 -5.77808e-15 0)
(400 -1.30044e-14 0)
(400 -3.86777e-14 0)
(400 -3.99553e-14 0)
(400 -4.28905e-14 0)
(400 -5.96161e-14 0)
(400 -7.52395e-14 0)
(400 -8.66753e-14 0)
(400 -1.19038e-13 0)
(400 -1.1944e-13 0)
(400 -1.14719e-13 0)
(400 -1.23862e-13 0)
(400 -1.25993e-13 0)
(400 -1.25495e-13 0)
(400 -1.17158e-13 0)
(400 -1.18771e-13 0)
(400 -1.02212e-13 0)
(400 -8.62954e-14 0)
(400 -8.72588e-14 0)
(400 -7.87231e-14 0)
(400 -6.39221e-14 0)
(400 -6.55448e-14 0)
(400 -5.52886e-14 0)
(400 -2.94984e-14 0)
(400 -1.71124e-14 0)
(400 -2.14112e-14 0)
(400 -2.16308e-14 0)
(400 -8.42154e-15 0)
(400 -3.83211e-15 0)
(400 1.26328e-14 0)
(400 2.23344e-14 0)
(400 2.74883e-14 0)
(400 3.6649e-14 0)
(400 4.28362e-14 0)
(400 3.65078e-14 0)
(400 3.97126e-14 0)
(400 3.59314e-14 0)
(400 2.88394e-14 0)
(400 1.92156e-14 0)
(400 8.44029e-15 0)
(400 -5.87859e-15 0)
(400 -2.5373e-14 0)
(400 -2.81261e-14 0)
(400 -3.36922e-14 0)
(400 -5.40667e-14 0)
(400 -6.05877e-14 0)
(400 -6.37919e-14 0)
(400 -5.87795e-14 0)
(400 -4.72595e-14 0)
(400 -2.89093e-14 0)
(400 -1.50439e-14 0)
(400 -4.84048e-15 0)
(400 8.77576e-15 0)
(400 1.13474e-14 0)
(400 2.83897e-14 0)
(400 2.4933e-14 0)
(400 1.40866e-14 0)
(400 3.92759e-15 0)
(400 -1.59543e-14 0)
(400 -1.27132e-14 0)
(400 -6.61183e-15 0)
(400 -1.84768e-14 0)
(400 -3.98223e-14 0)
(400 -6.05748e-14 0)
(400 -2.80101e-14 0)
(400 1.2643e-14 0)
(400 3.49124e-14 0)
(400 4.483e-14 0)
(400 5.38466e-14 0)
(400 6.97916e-14 0)
(400 7.99407e-14 0)
(400 1.05685e-13 0)
(400 1.10176e-13 0)
(400 1.21358e-13 0)
(400 1.39775e-13 0)
(400 1.37766e-13 0)
(400 1.25253e-13 0)
(400 1.13833e-13 0)
(400 1.1566e-13 0)
(400 1.13624e-13 0)
(400 1.07162e-13 0)
(400 1.08289e-13 0)
(400 9.85228e-14 0)
(400 7.54098e-14 0)
(400 5.00243e-14 0)
(400 2.21408e-14 0)
(400 2.39889e-17 0)
(400 -2.11458e-14 0)
(400 -4.07812e-14 0)
(400 7.41853e-15 0)
(400 1.00541e-14 0)
(400 2.27649e-14 0)
(400 2.85325e-14 0)
(400 2.17566e-14 0)
(400 1.76272e-14 0)
(400 2.0694e-14 0)
(400 2.51966e-14 0)
(400 -8.63298e-15 0)
(400 -1.43462e-14 0)
(400 -8.70849e-15 0)
(400 -1.52566e-14 0)
(400 -2.44302e-14 0)
(400 -3.5681e-14 0)
(400 -4.13333e-14 0)
(400 -2.35362e-14 0)
(400 -1.29365e-14 0)
(400 -7.6231e-15 0)
(400 -1.00465e-14 0)
(400 -1.04163e-14 0)
(400 3.47578e-16 0)
(400 1.53225e-14 0)
(400 1.106e-14 0)
(400 -1.54545e-14 0)
(400 -2.00479e-14 0)
(400 -2.3209e-14 0)
(400 -4.3174e-14 0)
(400 -5.13665e-14 0)
(400 -4.89438e-14 0)
(400 -4.13404e-14 0)
(400 -7.03205e-14 0)
(400 -8.33572e-14 0)
(400 -9.83679e-14 0)
(400 -1.02681e-13 0)
(400 -8.6793e-14 0)
(400 -5.84421e-14 0)
(400 -3.92918e-14 0)
(400 -3.26706e-14 0)
(400 -4.03242e-14 0)
(400 -3.75709e-14 0)
(400 -2.97264e-14 0)
(400 -2.83701e-14 0)
(400 -2.90157e-14 0)
(400 -3.9659e-14 0)
(400 -3.36783e-14 0)
(400 -4.9077e-14 0)
(400 -5.57016e-14 0)
(400 -5.49466e-14 0)
(400 -5.38505e-14 0)
(400 -4.94327e-14 0)
(400 -5.53809e-14 0)
(400 -4.09944e-14 0)
(400 -2.84417e-14 0)
(400 -1.159e-14 0)
(400 -4.77154e-15 0)
(400 -2.1996e-14 0)
(400 -2.86437e-14 0)
(400 -2.48483e-14 0)
(400 -1.97156e-14 0)
(400 -2.44034e-15 0)
(400 7.45908e-15 0)
(400 2.69334e-14 0)
(400 3.43108e-14 0)
(400 3.25181e-14 0)
(400 3.4279e-14 0)
(400 2.82026e-14 0)
(400 1.16605e-14 0)
(400 -1.6019e-14 0)
(400 -2.24671e-14 0)
(400 -2.73405e-14 0)
(400 -3.40192e-14 0)
(400 -5.4468e-14 0)
(400 -7.41644e-14 0)
(400 -7.49263e-14 0)
(400 -7.21795e-14 0)
(400 -7.89639e-14 0)
(400 -8.25783e-14 0)
(400 -7.82861e-14 0)
(400 -8.15952e-14 0)
(400 -6.08849e-14 0)
(400 -6.44626e-14 0)
(400 -5.73085e-14 0)
(400 -4.76083e-14 0)
(400 -2.60784e-14 0)
(400 -1.32934e-14 0)
(400 -2.11004e-14 0)
(400 -1.80401e-14 0)
(400 -1.50929e-14 0)
(400 -4.12989e-15 0)
(400 7.3374e-15 0)
(400 -6.46632e-15 0)
(400 -6.84751e-15 0)
(400 1.7684e-14 0)
(400 3.33875e-14 0)
(400 1.41273e-14 0)
(400 -6.02442e-15 0)
(400 -7.70136e-15 0)
(400 -3.78068e-15 0)
(400 -3.39516e-15 0)
(400 -3.5556e-14 0)
(400 -3.42119e-14 0)
(400 -2.57745e-14 0)
(400 -2.59459e-14 0)
(400 -2.88549e-14 0)
(400 -9.60974e-15 0)
(400 -1.206e-15 0)
(400 -1.89493e-14 0)
(400 -3.43722e-14 0)
(400 -2.92305e-14 0)
(400 -7.35329e-15 0)
(400 -7.38606e-15 0)
(400 -1.49562e-14 0)
(400 -1.12863e-14 0)
(400 1.38751e-14 0)
(400 1.18547e-14 0)
(400 -1.19545e-14 0)
(400 -2.91313e-14 0)
(400 -3.34485e-14 0)
(400 -3.56078e-14 0)
(400 -5.24786e-14 0)
(400 -5.29793e-14 0)
(400 -4.97207e-14 0)
(400 -6.39895e-14 0)
(400 -7.89279e-14 0)
(400 -7.50693e-14 0)
(400 -6.69896e-14 0)
(400 -9.30235e-14 0)
(400 -7.39053e-14 0)
(400 -5.47259e-14 0)
(400 -5.55071e-14 0)
(400 -6.75805e-14 0)
(400 -6.77716e-14 0)
(400 -5.05201e-14 0)
(400 -2.05816e-14 0)
(400 -7.80067e-15 0)
(400 2.61849e-15 0)
(400 -1.06942e-15 0)
(400 -1.32543e-14 0)
(400 -2.6672e-14 0)
(400 -1.72852e-14 0)
(400 -6.23109e-15 0)
(400 3.0625e-15 0)
(400 1.41238e-14 0)
(400 3.57617e-14 0)
(400 4.41307e-14 0)
(400 2.73806e-14 0)
(400 2.56556e-14 0)
(400 3.19356e-14 0)
(400 3.41141e-14 0)
(400 2.0055e-14 0)
(400 8.69028e-15 0)
(400 -9.20068e-15 0)
(400 -1.73152e-14 0)
(400 -2.21869e-14 0)
(400 -1.88721e-14 0)
(400 -1.97357e-14 0)
(400 -2.03761e-14 0)
(400 -1.51667e-14 0)
(400 -1.80379e-14 0)
(400 -2.70706e-14 0)
(400 -3.15644e-14 0)
(400 -1.22767e-14 0)
(400 1.72512e-14 0)
(400 2.91171e-14 0)
(400 2.9256e-14 0)
(400 3.06445e-14 0)
(400 3.46112e-14 0)
(400 2.44358e-14 0)
(400 -2.66171e-15 0)
(400 -2.25224e-14 0)
(400 -1.80173e-14 0)
(400 -1.16718e-15 0)
(400 2.41103e-14 0)
(400 2.22035e-14 0)
(400 -9.27745e-16 0)
(400 1.02349e-14 0)
(400 2.48944e-14 0)
(400 4.11929e-14 0)
(400 4.16163e-14 0)
(400 3.56969e-14 0)
(400 3.10165e-14 0)
(400 3.25593e-14 0)
(400 4.94663e-14 0)
(400 5.66372e-14 0)
(400 5.67174e-14 0)
(400 5.17984e-14 0)
(400 5.01178e-14 0)
(400 3.29888e-14 0)
(400 4.77e-14 0)
(400 6.78266e-14 0)
(400 6.03503e-14 0)
(400 5.40069e-14 0)
(400 4.92395e-14 0)
(400 4.13158e-14 0)
(400 2.4975e-15 0)
(400 -4.40609e-14 0)
(400 -6.98906e-14 0)
(400 -6.76284e-14 0)
(400 -6.51808e-14 0)
(400 -7.98693e-14 0)
(400 2.42151e-14 0)
(400 1.63403e-14 0)
(400 1.2024e-14 0)
(400 1.14586e-14 0)
(400 1.36221e-15 0)
(400 -1.98818e-14 0)
(400 -3.99467e-14 0)
(400 -4.5266e-14 0)
(400 -4.85253e-14 0)
(400 -5.18269e-14 0)
(400 -6.37451e-14 0)
(400 -7.8149e-14 0)
(400 -7.69001e-14 0)
(400 -7.45162e-14 0)
(400 -6.02105e-14 0)
(400 -3.41418e-14 0)
(400 -3.45794e-14 0)
(400 -3.186e-14 0)
(400 -1.52021e-14 0)
(400 1.27431e-14 0)
(400 1.2671e-14 0)
(400 5.46285e-15 0)
(400 5.25833e-15 0)
(400 1.79089e-14 0)
(400 1.9401e-14 0)
(400 2.2594e-14 0)
(400 2.02186e-14 0)
(400 -3.34736e-15 0)
(400 -2.92617e-14 0)
(400 -2.42687e-14 0)
(400 -4.51626e-14 0)
(400 -6.54348e-14 0)
(400 -9.62617e-14 0)
(400 -1.14122e-13 0)
(400 -1.15552e-13 0)
(400 -1.01948e-13 0)
(400 -8.37517e-14 0)
(400 -7.51716e-14 0)
(400 -7.84735e-14 0)
(400 -6.08273e-14 0)
(400 -4.95948e-14 0)
(400 -4.323e-14 0)
(400 -4.05292e-14 0)
(400 -4.19911e-14 0)
(400 -3.09085e-14 0)
(400 -4.79767e-14 0)
(400 -4.36866e-14 0)
(400 -3.94653e-14 0)
(400 -3.87397e-14 0)
(400 -2.50726e-14 0)
(400 -2.05668e-14 0)
(400 -4.62043e-15 0)
(400 -2.63864e-15 0)
(400 -8.71241e-15 0)
(400 -2.21366e-15 0)
(400 -2.17673e-14 0)
(400 -2.5572e-14 0)
(400 -3.53501e-14 0)
(400 -4.4583e-14 0)
(400 -3.72315e-14 0)
(400 -1.86668e-14 0)
(400 -3.7574e-15 0)
(400 1.65006e-15 0)
(400 2.18348e-15 0)
(400 1.40411e-15 0)
(400 -1.8456e-14 0)
(400 -4.49371e-14 0)
(400 -6.51667e-14 0)
(400 -9.73345e-14 0)
(400 -1.07148e-13 0)
(400 -1.02382e-13 0)
(400 -1.08034e-13 0)
(400 -1.1627e-13 0)
(400 -1.14136e-13 0)
(400 -1.15233e-13 0)
(400 -1.15054e-13 0)
(400 -1.18862e-13 0)
(400 -1.17936e-13 0)
(400 -1.09645e-13 0)
(400 -8.16845e-14 0)
(400 -6.4903e-14 0)
(400 -5.83518e-14 0)
(400 -3.91772e-14 0)
(400 -1.15993e-14 0)
(400 -5.16067e-15 0)
(400 -2.56768e-14 0)
(400 -3.468e-14 0)
(400 -2.27021e-14 0)
(400 -3.5876e-15 0)
(400 9.62005e-15 0)
(400 -1.44705e-14 0)
(400 -1.28669e-14 0)
(400 7.17803e-15 0)
(400 2.33649e-14 0)
(400 1.84715e-14 0)
(400 5.33886e-15 0)
(400 -1.14208e-14 0)
(400 -1.43675e-14 0)
(400 3.50869e-15 0)
(400 2.8598e-15 0)
(400 1.65189e-14 0)
(400 1.93686e-14 0)
(400 2.61742e-14 0)
(400 4.82584e-14 0)
(400 7.19229e-14 0)
(400 5.13293e-14 0)
(400 3.76759e-14 0)
(400 4.08319e-14 0)
(400 5.47832e-14 0)
(400 5.08777e-14 0)
(400 3.378e-14 0)
(400 2.47611e-14 0)
(400 3.38443e-14 0)
(400 3.81856e-14 0)
(400 2.25398e-14 0)
(400 5.18607e-15 0)
(400 -1.29212e-14 0)
(400 -3.31038e-14 0)
(400 -5.14581e-14 0)
(400 -5.34419e-14 0)
(400 -5.62253e-14 0)
(400 -6.25784e-14 0)
(400 -6.50598e-14 0)
(400 -7.5711e-14 0)
(400 -7.05902e-14 0)
(400 -6.61004e-14 0)
(400 -6.0838e-14 0)
(400 -5.73088e-14 0)
(400 -6.27818e-14 0)
(400 -4.5355e-14 0)
(400 -3.93646e-14 0)
(400 -5.42914e-14 0)
(400 -5.09528e-14 0)
(400 -3.13569e-14 0)
(400 -1.55573e-14 0)
(400 -2.28857e-14 0)
(400 -2.50466e-14 0)
(400 -2.62162e-14 0)
(400 -2.30213e-14 0)
(400 -1.20548e-14 0)
(400 -1.32443e-14 0)
(400 -1.79434e-14 0)
(400 -2.10603e-14 0)
(400 -1.8215e-14 0)
(400 -1.24854e-14 0)
(400 -2.45669e-14 0)
(400 -4.65171e-14 0)
(400 -3.67985e-14 0)
(400 -3.522e-14 0)
(400 -2.95996e-14 0)
(400 -3.44573e-14 0)
(400 -4.40914e-14 0)
(400 -2.40101e-14 0)
(400 -1.92035e-14 0)
(400 -1.98815e-14 0)
(400 -1.74802e-14 0)
(400 -2.1075e-14 0)
(400 -1.58378e-14 0)
(400 -2.04992e-14 0)
(400 -5.16173e-14 0)
(400 -7.39876e-14 0)
(400 -6.94812e-14 0)
(400 -5.6123e-14 0)
(400 -6.88091e-14 0)
(400 -6.42988e-14 0)
(400 -5.6926e-14 0)
(400 -4.80532e-14 0)
(400 -5.20367e-14 0)
(400 -5.78381e-14 0)
(400 -5.04171e-14 0)
(400 -3.58434e-14 0)
(400 -1.04448e-14 0)
(400 1.51503e-14 0)
(400 2.36957e-14 0)
(400 3.30332e-14 0)
(400 2.87415e-14 0)
(400 2.31929e-14 0)
(400 3.39872e-14 0)
(400 3.91449e-14 0)
(400 4.58106e-14 0)
(400 4.42367e-14 0)
(400 5.13939e-14 0)
(400 5.99836e-14 0)
(400 7.41357e-14 0)
(400 7.76893e-14 0)
(400 5.82629e-14 0)
(400 4.55768e-14 0)
(400 4.61785e-14 0)
(400 6.11785e-14 0)
(400 6.43183e-14 0)
(400 4.37965e-14 0)
(400 3.43557e-14 0)
(400 3.69155e-14 0)
(400 1.96816e-14 0)
(400 2.65328e-15 0)
(400 -1.95952e-14 0)
(400 -3.17693e-14 0)
(400 -1.34428e-14 0)
(400 5.14587e-15 0)
(400 9.06762e-15 0)
(400 3.6462e-14 0)
(400 4.34497e-14 0)
(400 3.56018e-14 0)
(400 3.64312e-14 0)
(400 3.91315e-14 0)
(400 2.724e-14 0)
(400 5.29217e-15 0)
(400 -1.0066e-14 0)
(400 -4.00336e-15 0)
(400 -8.69088e-15 0)
(400 -3.07832e-14 0)
(400 -5.48715e-14 0)
(400 -6.84354e-14 0)
(400 -5.99308e-14 0)
(400 -3.06262e-14 0)
(400 -1.22266e-15 0)
(400 -4.14083e-15 0)
(400 -2.53817e-15 0)
(400 9.65422e-15 0)
(400 1.2499e-14 0)
(400 1.30368e-14 0)
(400 1.5357e-14 0)
(400 1.60663e-14 0)
(400 2.4232e-14 0)
(400 4.71477e-14 0)
(400 5.64522e-14 0)
(400 4.00524e-14 0)
(400 4.50576e-15 0)
(400 -2.05784e-14 0)
(400 -2.58201e-14 0)
(400 -4.67647e-14 0)
(400 -6.96087e-14 0)
(400 -7.58339e-14 0)
(400 -7.18531e-14 0)
(400 -8.50708e-14 0)
(400 -8.7234e-14 0)
(400 -8.38786e-14 0)
(400 -8.64711e-14 0)
(400 -9.1107e-14 0)
(400 -7.86897e-14 0)
(400 -6.56076e-14 0)
(400 -6.49055e-14 0)
(400 -6.31339e-14 0)
(400 -7.10872e-14 0)
(400 -6.5616e-14 0)
(400 -5.80558e-14 0)
(400 -5.01807e-14 0)
(400 -5.09675e-14 0)
(400 -5.4203e-14 0)
(400 -3.78141e-14 0)
(400 -1.19055e-14 0)
(400 -1.29542e-14 0)
(400 -1.58259e-14 0)
(400 -2.80077e-14 0)
(400 -3.75359e-14 0)
(400 -3.71476e-14 0)
(400 -4.29751e-14 0)
(400 -5.65942e-14 0)
(400 -5.49847e-14 0)
(400 -4.27107e-14 0)
(400 -2.2893e-14 0)
(400 -1.29914e-14 0)
(400 4.5168e-15 0)
(400 1.45321e-14 0)
(400 2.92554e-16 0)
(400 -1.26904e-14 0)
(400 -9.25483e-15 0)
(400 -6.7788e-15 0)
(400 -2.6021e-14 0)
(400 -5.96249e-14 0)
(400 -6.95506e-14 0)
(400 -6.92212e-14 0)
(400 -6.95892e-14 0)
(400 -7.61049e-14 0)
(400 -9.54582e-14 0)
(400 -8.28847e-14 0)
(400 -7.4419e-14 0)
(400 -7.84373e-14 0)
(400 -6.34987e-14 0)
(400 -5.78673e-14 0)
(400 -5.01595e-14 0)
(400 -4.60388e-14 0)
(400 -3.49069e-14 0)
(400 -2.90417e-14 0)
(400 -2.90942e-14 0)
(400 -3.43833e-14 0)
(400 -3.59976e-14 0)
(400 -3.14252e-14 0)
(400 -1.76312e-14 0)
(400 -7.83281e-15 0)
(400 -2.78842e-15 0)
(400 -7.94181e-15 0)
(400 -8.56275e-15 0)
(400 3.81621e-15 0)
(400 7.6828e-15 0)
(400 6.37499e-15 0)
(400 -5.37788e-16 0)
(400 -1.21743e-14 0)
(400 -2.18428e-14 0)
(400 -2.10245e-14 0)
(400 -1.77693e-14 0)
(400 -3.10153e-14 0)
(400 -3.37918e-14 0)
(400 -2.6687e-14 0)
(400 -3.08934e-14 0)
(400 -3.14569e-14 0)
(400 -1.50511e-14 0)
(400 2.14231e-14 0)
(400 3.4094e-14 0)
(400 1.46868e-14 0)
(400 3.79914e-16 0)
(400 9.7709e-15 0)
(400 2.26726e-14 0)
(400 1.75468e-14 0)
(400 1.23526e-14 0)
(400 1.34405e-14 0)
(400 1.92899e-14 0)
(400 1.64751e-14 0)
(400 6.71125e-15 0)
(400 1.51788e-14 0)
(400 8.99817e-15 0)
(400 9.65332e-15 0)
(400 8.61818e-15 0)
(400 -2.31192e-14 0)
(400 -3.54331e-14 0)
(400 -3.85322e-14 0)
(400 -3.82462e-14 0)
(400 -4.36157e-14 0)
(400 -3.94204e-14 0)
(400 -1.38589e-14 0)
(400 -1.84717e-15 0)
(400 7.19946e-16 0)
(400 1.11354e-14 0)
(400 1.16189e-14 0)
(400 1.68906e-14 0)
(400 -8.40958e-15 0)
(400 -9.74154e-15 0)
(400 9.37395e-15 0)
(400 1.43308e-14 0)
(400 7.37208e-15 0)
(400 1.58626e-14 0)
(400 1.79664e-14 0)
(400 3.08617e-14 0)
(400 2.5191e-14 0)
(400 8.39768e-15 0)
(400 8.22882e-15 0)
(400 -8.73032e-15 0)
(400 -2.64151e-14 0)
(400 -4.27523e-14 0)
(400 -4.51811e-14 0)
(400 -4.06665e-14 0)
(400 -2.04819e-14 0)
(400 -2.53275e-15 0)
(400 -5.40016e-16 0)
(400 7.05253e-16 0)
(400 3.97715e-15 0)
(400 3.82494e-15 0)
(400 -9.43116e-16 0)
(400 -2.34455e-15 0)
(400 -5.79367e-15 0)
(400 -9.62046e-15 0)
(400 -1.85407e-14 0)
(400 -2.49618e-14 0)
(400 -3.60758e-14 0)
(400 -2.8464e-14 0)
(400 -2.44844e-14 0)
(400 -1.86849e-14 0)
(400 -7.363e-15 0)
(400 -2.5919e-15 0)
(400 -3.78844e-15 0)
(400 -1.10378e-14 0)
(400 -1.16769e-14 0)
(400 -1.40813e-14 0)
(400 -7.90868e-15 0)
(400 1.33618e-15 0)
(400 -2.86946e-14 0)
(400 -4.69718e-14 0)
(400 -6.05011e-14 0)
(400 -6.25279e-14 0)
(400 -6.13117e-14 0)
(400 -5.45908e-14 0)
(400 -3.54214e-14 0)
(400 -1.47543e-14 0)
(400 -2.1292e-15 0)
(400 9.80398e-15 0)
(400 3.02896e-14 0)
(400 3.4636e-14 0)
(400 3.62797e-14 0)
(400 1.98615e-14 0)
(400 1.70737e-14 0)
(400 1.52025e-14 0)
(400 -4.94501e-15 0)
(400 -2.13928e-14 0)
(400 -3.71774e-14 0)
(400 -4.46276e-14 0)
(400 -3.79213e-14 0)
(400 -4.10975e-14 0)
(400 -4.62802e-14 0)
(400 -4.66893e-14 0)
(400 -4.99702e-14 0)
)
;

boundaryField
{
    cyclic1
    {
        type            cyclic;
    }
    cyclic2
    {
        type            cyclic;
    }
    frontAndBack
    {
        type            empty;
    }
    outlet
    {
        type            zeroGradient;
    }
    inlet
    {
        type            fixedValue;
        value           uniform (400 0 0);
    }
}


// ************************************************************************* //
