/*--------------------------------*- C++ -*----------------------------------*\
  =========                 |
  \\      /  F ield         | OpenFOAM: The Open Source CFD Toolbox
   \\    /   O peration     | Website:  https://openfoam.org
    \\  /    A nd           | Version:  6
     \\/     M anipulation  |
\*---------------------------------------------------------------------------*/
FoamFile
{
    version     2.0;
    format      ascii;
    class       volVectorField;
    location    "180";
    object      U;
}
// * * * * * * * * * * * * * * * * * * * * * * * * * * * * * * * * * * * * * //

dimensions      [0 1 -1 0 0 0 0];

internalField   nonuniform List<vector> 
4000
(
(400 3.67854e-14 0)
(400 5.76263e-14 0)
(400 6.45981e-14 0)
(400 7.15867e-14 0)
(400 7.71661e-14 0)
(400 7.52209e-14 0)
(400 6.42848e-14 0)
(400 6.75305e-14 0)
(400 5.19254e-14 0)
(400 4.11844e-14 0)
(400 3.85623e-14 0)
(400 4.1618e-14 0)
(400 3.03484e-14 0)
(400 3.28618e-14 0)
(400 5.0685e-14 0)
(400 6.04074e-14 0)
(400 4.992e-14 0)
(400 3.72671e-14 0)
(400 3.35648e-14 0)
(400 3.54337e-14 0)
(400 5.43957e-14 0)
(400 4.06305e-14 0)
(400 3.58091e-14 0)
(400 4.01648e-14 0)
(400 4.18365e-14 0)
(400 3.15482e-14 0)
(400 1.97329e-14 0)
(400 1.6281e-14 0)
(400 1.075e-14 0)
(400 -3.62777e-15 0)
(400 -6.52907e-15 0)
(400 2.78738e-15 0)
(400 3.40656e-14 0)
(400 4.55588e-14 0)
(400 5.31042e-14 0)
(400 6.70041e-14 0)
(400 8.00885e-14 0)
(400 7.76574e-14 0)
(400 5.9882e-14 0)
(400 5.55016e-14 0)
(400 6.84115e-14 0)
(400 6.31227e-14 0)
(400 6.129e-14 0)
(400 6.65999e-14 0)
(400 6.81927e-14 0)
(400 7.26281e-14 0)
(400 7.78039e-14 0)
(400 6.84131e-14 0)
(400 6.40596e-14 0)
(400 5.59428e-14 0)
(400 3.33729e-14 0)
(400 3.56002e-14 0)
(400 3.47776e-14 0)
(400 2.00344e-14 0)
(400 1.44235e-14 0)
(400 2.52386e-14 0)
(400 1.63057e-14 0)
(400 -3.93045e-15 0)
(400 -2.09213e-14 0)
(400 -3.02848e-14 0)
(400 -3.83506e-14 0)
(400 -4.97139e-14 0)
(400 -4.85544e-14 0)
(400 -4.42376e-14 0)
(400 -6.06767e-14 0)
(400 -7.2009e-14 0)
(400 -8.42601e-14 0)
(400 -7.48169e-14 0)
(400 -6.30246e-14 0)
(400 -5.63086e-14 0)
(400 -3.91326e-14 0)
(400 -1.357e-14 0)
(400 -1.5411e-15 0)
(400 6.78566e-15 0)
(400 4.09323e-15 0)
(400 -1.08579e-14 0)
(400 -2.17535e-14 0)
(400 -1.93713e-14 0)
(400 -1.71276e-14 0)
(400 -2.65072e-14 0)
(400 -1.38665e-14 0)
(400 -7.6307e-15 0)
(400 -7.00504e-15 0)
(400 -2.23795e-14 0)
(400 -5.59311e-14 0)
(400 -6.08427e-14 0)
(400 -4.96604e-14 0)
(400 -6.48413e-14 0)
(400 -8.56934e-14 0)
(400 -7.39751e-14 0)
(400 -4.75549e-14 0)
(400 -2.18377e-14 0)
(400 -2.92281e-14 0)
(400 -3.99633e-14 0)
(400 -3.52182e-14 0)
(400 -6.19463e-15 0)
(400 9.34061e-15 0)
(400 2.29203e-14 0)
(400 1.43411e-14 0)
(400 -7.63975e-15 0)
(400 -2.28895e-14 0)
(400 -3.5997e-14 0)
(400 -3.0274e-14 0)
(400 -1.27642e-14 0)
(400 -1.1459e-15 0)
(400 3.38669e-15 0)
(400 9.82914e-15 0)
(400 -2.84679e-15 0)
(400 -1.53833e-14 0)
(400 -4.5977e-14 0)
(400 -4.80389e-14 0)
(400 -2.41243e-14 0)
(400 -4.27359e-14 0)
(400 -5.24611e-14 0)
(400 -3.23116e-14 0)
(400 -1.55924e-14 0)
(400 8.03465e-17 0)
(400 8.3808e-15 0)
(400 -3.73199e-16 0)
(400 -1.52095e-16 0)
(400 -2.58167e-15 0)
(400 -1.56198e-16 0)
(400 -1.19698e-14 0)
(400 -2.1343e-14 0)
(400 -1.78748e-14 0)
(400 4.54764e-15 0)
(400 2.35077e-14 0)
(400 1.73946e-14 0)
(400 -6.05523e-15 0)
(400 7.24249e-16 0)
(400 2.72348e-15 0)
(400 9.98877e-15 0)
(400 -2.94099e-15 0)
(400 7.55713e-16 0)
(400 8.49735e-15 0)
(400 1.61702e-14 0)
(400 1.4956e-14 0)
(400 2.66258e-14 0)
(400 2.10937e-14 0)
(400 3.14162e-14 0)
(400 2.96262e-14 0)
(400 2.13701e-14 0)
(400 1.99101e-14 0)
(400 2.94646e-15 0)
(400 -7.29864e-15 0)
(400 2.07009e-15 0)
(400 1.02448e-14 0)
(400 1.61347e-14 0)
(400 4.13482e-14 0)
(400 3.59515e-14 0)
(400 3.90153e-14 0)
(400 4.28103e-14 0)
(400 4.82233e-14 0)
(400 5.21261e-14 0)
(400 4.7972e-14 0)
(400 4.19995e-14 0)
(400 3.53986e-14 0)
(400 1.99896e-14 0)
(400 1.17492e-14 0)
(400 5.20178e-15 0)
(400 -2.72635e-16 0)
(400 -1.69728e-14 0)
(400 -4.81657e-14 0)
(400 -6.63569e-14 0)
(400 -6.67839e-14 0)
(400 -6.32098e-14 0)
(400 -6.20131e-14 0)
(400 -5.41079e-14 0)
(400 -4.83889e-14 0)
(400 -4.86511e-14 0)
(400 -4.10576e-14 0)
(400 -1.9545e-14 0)
(400 -1.40313e-16 0)
(400 3.98837e-15 0)
(400 -5.39989e-15 0)
(400 9.46542e-15 0)
(400 3.4311e-14 0)
(400 4.92669e-14 0)
(400 4.28369e-14 0)
(400 3.21367e-14 0)
(400 2.49149e-14 0)
(400 1.63039e-14 0)
(400 2.53527e-15 0)
(400 4.35032e-16 0)
(400 2.15595e-16 0)
(400 4.05399e-15 0)
(400 1.2212e-14 0)
(400 1.6771e-14 0)
(400 1.85436e-14 0)
(400 1.76741e-14 0)
(400 3.33611e-14 0)
(400 3.76695e-14 0)
(400 2.15503e-14 0)
(400 1.37652e-14 0)
(400 1.02572e-14 0)
(400 2.36129e-14 0)
(400 3.43127e-14 0)
(400 4.67663e-14 0)
(400 5.08682e-14 0)
(400 4.96676e-14 0)
(400 -3.71308e-15 0)
(400 4.99588e-15 0)
(400 2.79268e-14 0)
(400 6.3576e-14 0)
(400 6.74771e-14 0)
(400 7.39658e-14 0)
(400 6.99576e-14 0)
(400 4.44567e-14 0)
(400 3.01917e-14 0)
(400 2.13763e-14 0)
(400 1.60538e-14 0)
(400 1.8326e-14 0)
(400 2.7396e-14 0)
(400 2.34033e-14 0)
(400 3.36673e-14 0)
(400 3.99485e-14 0)
(400 3.74751e-14 0)
(400 4.25839e-14 0)
(400 5.45036e-14 0)
(400 7.58075e-14 0)
(400 7.68491e-14 0)
(400 6.57558e-14 0)
(400 4.4382e-14 0)
(400 4.80877e-14 0)
(400 4.06126e-14 0)
(400 1.7516e-14 0)
(400 1.83948e-14 0)
(400 1.27847e-14 0)
(400 -3.96168e-16 0)
(400 -1.07996e-14 0)
(400 1.74071e-14 0)
(400 4.49063e-14 0)
(400 6.34687e-14 0)
(400 6.23086e-14 0)
(400 5.55663e-14 0)
(400 5.26675e-14 0)
(400 5.43464e-14 0)
(400 4.4357e-14 0)
(400 3.07871e-14 0)
(400 3.08028e-14 0)
(400 4.01998e-14 0)
(400 4.56776e-14 0)
(400 4.02921e-14 0)
(400 4.60174e-14 0)
(400 5.13915e-14 0)
(400 5.56201e-14 0)
(400 5.24791e-14 0)
(400 2.76299e-14 0)
(400 1.83268e-15 0)
(400 -2.23351e-14 0)
(400 -2.52352e-14 0)
(400 -1.59756e-14 0)
(400 -7.24833e-15 0)
(400 -1.02538e-15 0)
(400 -1.15336e-14 0)
(400 -6.48146e-15 0)
(400 -1.59993e-14 0)
(400 -2.24321e-14 0)
(400 -2.90385e-14 0)
(400 -3.48332e-14 0)
(400 -3.49294e-14 0)
(400 -5.00747e-14 0)
(400 -4.95573e-14 0)
(400 -4.28521e-14 0)
(400 -4.61673e-14 0)
(400 -5.24376e-14 0)
(400 -5.30903e-14 0)
(400 -5.06285e-14 0)
(400 -3.97882e-14 0)
(400 -2.25468e-14 0)
(400 -4.73267e-15 0)
(400 1.04652e-14 0)
(400 9.84879e-15 0)
(400 5.77045e-15 0)
(400 1.23576e-14 0)
(400 7.63012e-15 0)
(400 3.0395e-15 0)
(400 1.31586e-14 0)
(400 2.66594e-14 0)
(400 3.48294e-14 0)
(400 3.61223e-14 0)
(400 4.18163e-14 0)
(400 2.94554e-14 0)
(400 1.88251e-14 0)
(400 7.24887e-15 0)
(400 6.99451e-15 0)
(400 1.73537e-14 0)
(400 2.5215e-14 0)
(400 2.74479e-14 0)
(400 3.11846e-14 0)
(400 2.09714e-14 0)
(400 2.7353e-14 0)
(400 2.4162e-14 0)
(400 4.41257e-14 0)
(400 6.40604e-14 0)
(400 8.32827e-14 0)
(400 8.81934e-14 0)
(400 8.38635e-14 0)
(400 9.28643e-14 0)
(400 6.77937e-14 0)
(400 5.55672e-14 0)
(400 5.53796e-14 0)
(400 6.16485e-14 0)
(400 7.44215e-14 0)
(400 6.94575e-14 0)
(400 6.32169e-14 0)
(400 5.07073e-14 0)
(400 3.59346e-14 0)
(400 1.43164e-14 0)
(400 -1.23382e-14 0)
(400 -2.5848e-14 0)
(400 -2.47183e-14 0)
(400 -4.1643e-14 0)
(400 -3.56156e-14 0)
(400 -3.29688e-14 0)
(400 -3.45591e-14 0)
(400 -2.04356e-14 0)
(400 -2.60388e-14 0)
(400 -2.71901e-14 0)
(400 -3.55923e-14 0)
(400 -5.38147e-14 0)
(400 -6.2301e-14 0)
(400 -9.34943e-14 0)
(400 -1.13751e-13 0)
(400 -1.11914e-13 0)
(400 -9.97431e-14 0)
(400 -7.84157e-14 0)
(400 -7.03876e-14 0)
(400 -5.86396e-14 0)
(400 -5.20646e-14 0)
(400 -6.2177e-14 0)
(400 -5.8299e-14 0)
(400 -6.7083e-14 0)
(400 -5.57254e-14 0)
(400 -4.0351e-14 0)
(400 -2.34999e-14 0)
(400 -1.91115e-14 0)
(400 -7.59146e-15 0)
(400 1.20761e-15 0)
(400 1.08976e-14 0)
(400 2.6071e-14 0)
(400 2.33784e-14 0)
(400 2.18407e-14 0)
(400 2.14879e-14 0)
(400 2.14071e-14 0)
(400 1.10301e-14 0)
(400 -3.20554e-16 0)
(400 7.88935e-15 0)
(400 3.46771e-14 0)
(400 4.57161e-14 0)
(400 4.21704e-14 0)
(400 6.25304e-14 0)
(400 9.42006e-14 0)
(400 1.12792e-13 0)
(400 1.15361e-13 0)
(400 1.02559e-13 0)
(400 7.27512e-14 0)
(400 5.74612e-14 0)
(400 5.87364e-14 0)
(400 4.97115e-14 0)
(400 3.90021e-14 0)
(400 3.59367e-14 0)
(400 2.40553e-14 0)
(400 -1.19356e-14 0)
(400 -3.05131e-14 0)
(400 -1.90631e-14 0)
(400 -2.09464e-15 0)
(400 1.26538e-14 0)
(400 1.33999e-14 0)
(400 3.01193e-15 0)
(400 8.43067e-16 0)
(400 1.10476e-14 0)
(400 7.8896e-15 0)
(400 1.43407e-14 0)
(400 1.56644e-14 0)
(400 1.56549e-14 0)
(400 1.36519e-14 0)
(400 7.81306e-15 0)
(400 -1.13079e-14 0)
(400 -3.10223e-14 0)
(400 -2.57884e-14 0)
(400 -2.75746e-14 0)
(400 -4.56954e-14 0)
(400 -4.07274e-14 0)
(400 -3.03796e-14 0)
(400 -1.14411e-14 0)
(400 5.40627e-15 0)
(400 2.26618e-14 0)
(400 4.53141e-14 0)
(400 4.56217e-14 0)
(400 5.41325e-14 0)
(400 6.34961e-14 0)
(400 7.34753e-14 0)
(400 7.39392e-14 0)
(400 6.31945e-14 0)
(400 6.55112e-14 0)
(400 6.06713e-14 0)
(400 6.90177e-14 0)
(400 8.03267e-14 0)
(400 8.03837e-14 0)
(400 -2.40493e-14 0)
(400 -2.32542e-14 0)
(400 8.33272e-15 0)
(400 3.88729e-14 0)
(400 4.79837e-14 0)
(400 5.75946e-14 0)
(400 5.83818e-14 0)
(400 4.10108e-14 0)
(400 4.21879e-14 0)
(400 3.926e-14 0)
(400 3.08895e-14 0)
(400 3.12321e-14 0)
(400 3.72739e-14 0)
(400 2.79e-14 0)
(400 2.55782e-14 0)
(400 2.97821e-14 0)
(400 3.13767e-14 0)
(400 4.501e-14 0)
(400 4.92176e-14 0)
(400 3.12105e-14 0)
(400 1.90138e-14 0)
(400 6.73575e-15 0)
(400 -1.03645e-14 0)
(400 2.87899e-15 0)
(400 -3.49595e-15 0)
(400 -6.67022e-15 0)
(400 -1.40063e-14 0)
(400 -7.5117e-15 0)
(400 4.08688e-15 0)
(400 1.0049e-14 0)
(400 1.96565e-14 0)
(400 2.89297e-14 0)
(400 3.13278e-14 0)
(400 5.44559e-14 0)
(400 5.10525e-14 0)
(400 3.46925e-14 0)
(400 1.94421e-14 0)
(400 3.60592e-15 0)
(400 4.19051e-15 0)
(400 5.2363e-15 0)
(400 2.10504e-15 0)
(400 6.08764e-15 0)
(400 1.47979e-14 0)
(400 3.113e-14 0)
(400 2.64165e-14 0)
(400 2.43587e-14 0)
(400 1.48662e-14 0)
(400 -8.36378e-15 0)
(400 -2.21528e-14 0)
(400 -4.73624e-14 0)
(400 -4.1197e-14 0)
(400 -2.1947e-14 0)
(400 -7.03968e-15 0)
(400 -4.84958e-15 0)
(400 -4.52424e-15 0)
(400 2.18378e-15 0)
(400 2.65721e-15 0)
(400 6.79549e-15 0)
(400 1.18572e-14 0)
(400 3.57646e-15 0)
(400 -2.86235e-15 0)
(400 -2.62139e-14 0)
(400 -3.43196e-14 0)
(400 -2.85137e-14 0)
(400 -3.47681e-14 0)
(400 -4.24782e-14 0)
(400 -3.6014e-14 0)
(400 -2.63672e-14 0)
(400 -2.0168e-14 0)
(400 -3.15809e-15 0)
(400 7.90609e-15 0)
(400 1.32275e-14 0)
(400 1.09438e-14 0)
(400 6.41569e-15 0)
(400 1.11551e-14 0)
(400 2.83303e-14 0)
(400 3.59859e-14 0)
(400 2.73675e-14 0)
(400 3.429e-14 0)
(400 3.88371e-14 0)
(400 2.12034e-14 0)
(400 2.01823e-14 0)
(400 3.62415e-15 0)
(400 -1.22277e-14 0)
(400 -1.57646e-14 0)
(400 -3.16034e-14 0)
(400 -4.91937e-14 0)
(400 -3.86034e-14 0)
(400 -1.2698e-14 0)
(400 -1.10046e-14 0)
(400 -2.77263e-14 0)
(400 -3.56078e-14 0)
(400 -2.05662e-14 0)
(400 1.45233e-15 0)
(400 1.25654e-14 0)
(400 3.25681e-15 0)
(400 7.96186e-15 0)
(400 4.19902e-15 0)
(400 8.76965e-15 0)
(400 2.62168e-15 0)
(400 -1.10321e-14 0)
(400 6.86348e-15 0)
(400 1.93462e-14 0)
(400 1.41273e-14 0)
(400 4.16377e-15 0)
(400 6.04046e-16 0)
(400 -9.21861e-15 0)
(400 -1.21072e-14 0)
(400 -1.96938e-14 0)
(400 -1.20363e-14 0)
(400 -1.46967e-14 0)
(400 -1.49575e-14 0)
(400 9.94385e-15 0)
(400 1.71281e-14 0)
(400 2.69317e-15 0)
(400 -5.63367e-15 0)
(400 2.95699e-15 0)
(400 1.23339e-14 0)
(400 1.39898e-14 0)
(400 1.84453e-16 0)
(400 -1.59956e-14 0)
(400 -2.40618e-14 0)
(400 -4.86518e-14 0)
(400 -5.55031e-14 0)
(400 -5.60243e-14 0)
(400 -5.8135e-14 0)
(400 -4.46813e-14 0)
(400 -3.46824e-14 0)
(400 -1.71039e-14 0)
(400 -1.69293e-14 0)
(400 -2.03544e-14 0)
(400 -8.7347e-15 0)
(400 -5.16108e-15 0)
(400 3.71555e-15 0)
(400 4.47159e-15 0)
(400 1.1216e-14 0)
(400 1.72046e-14 0)
(400 3.60556e-17 0)
(400 -1.13687e-14 0)
(400 -1.39491e-14 0)
(400 -5.80065e-16 0)
(400 -5.35417e-15 0)
(400 -1.43807e-14 0)
(400 -1.20053e-14 0)
(400 -8.84103e-15 0)
(400 -1.81736e-14 0)
(400 -4.10814e-14 0)
(400 -4.42844e-14 0)
(400 -3.52467e-14 0)
(400 -1.38544e-14 0)
(400 -7.39901e-15 0)
(400 1.22475e-14 0)
(400 2.45608e-14 0)
(400 3.92231e-14 0)
(400 4.92646e-14 0)
(400 5.12294e-14 0)
(400 3.16413e-14 0)
(400 1.84048e-14 0)
(400 1.15067e-14 0)
(400 8.53954e-16 0)
(400 -1.31423e-14 0)
(400 -1.82145e-14 0)
(400 -1.32196e-14 0)
(400 -1.67401e-14 0)
(400 -1.29653e-14 0)
(400 -6.12445e-15 0)
(400 -2.75809e-15 0)
(400 8.26911e-15 0)
(400 -3.47044e-15 0)
(400 -8.79591e-15 0)
(400 -1.42582e-14 0)
(400 -1.73835e-14 0)
(400 -7.5222e-15 0)
(400 1.77219e-15 0)
(400 2.87649e-14 0)
(400 4.59695e-14 0)
(400 3.39308e-14 0)
(400 2.5979e-14 0)
(400 2.9239e-14 0)
(400 2.13113e-14 0)
(400 2.52094e-14 0)
(400 1.28607e-14 0)
(400 -1.70832e-14 0)
(400 -2.81899e-14 0)
(400 -2.1746e-14 0)
(400 -1.15203e-14 0)
(400 -6.42197e-17 0)
(400 4.15199e-15 0)
(400 1.33736e-14 0)
(400 2.7258e-14 0)
(400 1.68491e-14 0)
(400 7.0912e-15 0)
(400 2.71024e-14 0)
(400 3.1834e-14 0)
(400 1.77639e-14 0)
(400 -1.31848e-15 0)
(400 -1.54235e-14 0)
(400 -1.54695e-14 0)
(400 -1.59441e-14 0)
(400 -3.07597e-14 0)
(400 -1.04406e-14 0)
(400 -1.06068e-14 0)
(400 -2.48449e-15 0)
(400 1.08501e-14 0)
(400 1.76324e-14 0)
(400 1.90541e-14 0)
(400 2.69229e-14 0)
(400 3.98075e-14 0)
(400 4.88916e-14 0)
(400 3.04683e-14 0)
(400 2.55088e-14 0)
(400 1.94029e-14 0)
(400 1.05228e-14 0)
(400 8.89828e-15 0)
(400 -4.80804e-15 0)
(400 -8.38934e-15 0)
(400 -8.6107e-15 0)
(400 -6.09854e-15 0)
(400 -8.16417e-15 0)
(400 -7.2268e-15 0)
(400 -1.34151e-14 0)
(400 -1.76803e-14 0)
(400 -1.3511e-14 0)
(400 -1.37277e-14 0)
(400 -2.16032e-14 0)
(400 -1.90704e-14 0)
(400 -2.51671e-14 0)
(400 -1.94093e-14 0)
(400 -5.50104e-15 0)
(400 1.08408e-14 0)
(400 1.52639e-14 0)
(400 3.4187e-15 0)
(400 -1.9974e-15 0)
(400 1.4613e-14 0)
(400 2.61461e-14 0)
(400 2.83611e-14 0)
(400 7.79564e-15 0)
(400 -3.621e-15 0)
(400 1.36161e-14 0)
(400 2.30597e-14 0)
(400 1.74388e-14 0)
(400 1.14921e-14 0)
(400 2.07912e-14 0)
(400 3.04359e-14 0)
(400 1.74201e-14 0)
(400 4.32476e-15 0)
(400 -1.30302e-14 0)
(400 -2.57872e-14 0)
(400 -4.36649e-14 0)
(400 -4.88223e-14 0)
(400 -4.24142e-14 0)
(400 -3.85727e-14 0)
(400 -4.70345e-14 0)
(400 -5.91875e-14 0)
(400 -6.53263e-14 0)
(400 -6.90637e-14 0)
(400 -4.88655e-14 0)
(400 -3.67738e-14 0)
(400 -2.65862e-14 0)
(400 -1.276e-14 0)
(400 -1.74942e-14 0)
(400 -2.66399e-14 0)
(400 -2.0375e-14 0)
(400 1.41592e-15 0)
(400 1.06265e-15 0)
(400 3.53817e-15 0)
(400 2.73085e-15 0)
(400 1.07879e-14 0)
(400 2.04981e-14 0)
(400 3.34757e-14 0)
(400 3.5557e-14 0)
(400 3.26207e-14 0)
(400 2.54164e-14 0)
(400 2.46847e-14 0)
(400 2.86955e-14 0)
(400 2.23433e-14 0)
(400 2.54369e-14 0)
(400 2.06093e-14 0)
(400 1.45158e-14 0)
(400 1.98792e-14 0)
(400 9.65262e-15 0)
(400 9.17646e-15 0)
(400 1.68596e-14 0)
(400 1.88036e-14 0)
(400 1.72022e-15 0)
(400 -1.66548e-14 0)
(400 -8.28352e-15 0)
(400 1.45098e-14 0)
(400 3.21034e-14 0)
(400 2.43317e-14 0)
(400 3.70549e-14 0)
(400 4.22545e-14 0)
(400 5.37106e-14 0)
(400 5.869e-14 0)
(400 6.00708e-14 0)
(400 6.83998e-14 0)
(400 6.18719e-14 0)
(400 4.94359e-14 0)
(400 6.34619e-14 0)
(400 7.74301e-14 0)
(400 7.11643e-14 0)
(400 6.49753e-14 0)
(400 5.28213e-14 0)
(400 2.41108e-14 0)
(400 7.54201e-15 0)
(400 -7.41358e-15 0)
(400 -1.39244e-14 0)
(400 -2.37864e-14 0)
(400 -1.62483e-14 0)
(400 -2.50453e-14 0)
(400 -2.95068e-14 0)
(400 -3.62398e-14 0)
(400 -1.69808e-14 0)
(400 -1.91187e-14 0)
(400 -3.48123e-14 0)
(400 -4.15645e-14 0)
(400 -4.47386e-14 0)
(400 -4.96091e-14 0)
(400 -5.23695e-14 0)
(400 -5.06585e-14 0)
(400 -4.97546e-14 0)
(400 -6.00736e-14 0)
(400 -6.01826e-14 0)
(400 -5.61895e-14 0)
(400 -5.66347e-14 0)
(400 -6.51711e-14 0)
(400 -7.12544e-14 0)
(400 -6.71207e-14 0)
(400 -6.13057e-14 0)
(400 -5.91057e-14 0)
(400 -3.53962e-14 0)
(400 -1.85336e-14 0)
(400 4.31564e-15 0)
(400 1.38294e-14 0)
(400 1.07052e-14 0)
(400 7.24182e-15 0)
(400 1.41624e-14 0)
(400 1.21655e-14 0)
(400 9.67454e-15 0)
(400 1.22482e-14 0)
(400 1.22285e-14 0)
(400 6.54677e-15 0)
(400 -2.91979e-15 0)
(400 3.67585e-16 0)
(400 1.24008e-14 0)
(400 1.58197e-14 0)
(400 9.35728e-15 0)
(400 5.24592e-15 0)
(400 1.24402e-14 0)
(400 2.31002e-14 0)
(400 3.3116e-14 0)
(400 3.02869e-14 0)
(400 2.6129e-14 0)
(400 3.49463e-14 0)
(400 3.99787e-14 0)
(400 4.54091e-14 0)
(400 5.78459e-14 0)
(400 3.45761e-14 0)
(400 1.8471e-14 0)
(400 6.7534e-15 0)
(400 4.03209e-15 0)
(400 -1.11706e-14 0)
(400 -1.02483e-14 0)
(400 2.08278e-14 0)
(400 4.16643e-14 0)
(400 3.53849e-14 0)
(400 2.67447e-14 0)
(400 1.51293e-14 0)
(400 1.13055e-14 0)
(400 2.72662e-15 0)
(400 9.04848e-15 0)
(400 8.96698e-15 0)
(400 1.0199e-14 0)
(400 1.30114e-14 0)
(400 2.45546e-14 0)
(400 4.06577e-14 0)
(400 4.03291e-14 0)
(400 1.73425e-14 0)
(400 2.80719e-14 0)
(400 3.69376e-14 0)
(400 3.89857e-14 0)
(400 2.25044e-14 0)
(400 1.40496e-14 0)
(400 2.43918e-15 0)
(400 -1.6851e-15 0)
(400 1.41717e-14 0)
(400 1.71751e-14 0)
(400 1.65369e-14 0)
(400 2.41443e-14 0)
(400 3.25944e-14 0)
(400 4.06014e-14 0)
(400 3.87374e-14 0)
(400 5.09488e-14 0)
(400 7.23721e-14 0)
(400 6.60632e-14 0)
(400 5.39126e-14 0)
(400 4.951e-14 0)
(400 5.18972e-14 0)
(400 3.77755e-14 0)
(400 1.69085e-14 0)
(400 -1.86387e-15 0)
(400 4.24033e-15 0)
(400 -2.37842e-15 0)
(400 4.01589e-15 0)
(400 1.40482e-14 0)
(400 2.38856e-14 0)
(400 2.18327e-14 0)
(400 3.81859e-14 0)
(400 4.12743e-14 0)
(400 3.89777e-14 0)
(400 2.27459e-14 0)
(400 1.43332e-14 0)
(400 5.78117e-15 0)
(400 6.01993e-15 0)
(400 -2.19878e-15 0)
(400 -2.09722e-14 0)
(400 -2.02222e-14 0)
(400 -2.51085e-14 0)
(400 -3.39467e-14 0)
(400 -1.50355e-14 0)
(400 -2.02796e-14 0)
(400 -1.31093e-14 0)
(400 -1.87406e-15 0)
(400 -1.62023e-14 0)
(400 -2.03869e-14 0)
(400 -1.8369e-14 0)
(400 -1.02182e-14 0)
(400 2.90951e-15 0)
(400 1.17646e-14 0)
(400 1.20277e-14 0)
(400 3.50369e-15 0)
(400 -1.02091e-14 0)
(400 -2.85512e-14 0)
(400 -3.65943e-14 0)
(400 -3.1494e-14 0)
(400 -2.722e-14 0)
(400 -3.10396e-14 0)
(400 -3.24703e-14 0)
(400 -2.52127e-14 0)
(400 -1.61368e-14 0)
(400 -8.36174e-15 0)
(400 -1.00313e-15 0)
(400 3.66783e-15 0)
(400 9.98109e-15 0)
(400 1.86979e-14 0)
(400 1.06569e-14 0)
(400 -1.78543e-15 0)
(400 -1.82651e-14 0)
(400 -3.81585e-14 0)
(400 -3.7906e-14 0)
(400 -3.14524e-14 0)
(400 -4.89661e-14 0)
(400 -6.7785e-14 0)
(400 -8.22279e-14 0)
(400 -9.25455e-14 0)
(400 -9.92312e-14 0)
(400 -7.87626e-14 0)
(400 -6.03427e-14 0)
(400 -4.70888e-14 0)
(400 -3.31989e-14 0)
(400 -2.64955e-14 0)
(400 2.73594e-15 0)
(400 2.88981e-14 0)
(400 4.53777e-14 0)
(400 4.97629e-14 0)
(400 4.77744e-14 0)
(400 4.84868e-14 0)
(400 4.68277e-14 0)
(400 5.16646e-14 0)
(400 4.97149e-14 0)
(400 4.53177e-14 0)
(400 3.30651e-14 0)
(400 1.70465e-14 0)
(400 7.04257e-15 0)
(400 1.10739e-14 0)
(400 -3.156e-15 0)
(400 -1.52646e-14 0)
(400 -1.51555e-14 0)
(400 -1.61539e-14 0)
(400 -6.66571e-15 0)
(400 -8.10005e-15 0)
(400 -1.57706e-14 0)
(400 -6.43768e-15 0)
(400 3.62164e-15 0)
(400 9.5836e-15 0)
(400 1.9658e-14 0)
(400 2.58928e-14 0)
(400 3.87164e-14 0)
(400 4.11606e-14 0)
(400 2.95502e-14 0)
(400 4.03952e-14 0)
(400 5.19298e-14 0)
(400 5.65698e-14 0)
(400 5.03659e-14 0)
(400 4.42787e-14 0)
(400 4.94927e-14 0)
(400 4.03764e-14 0)
(400 3.84423e-14 0)
(400 3.93505e-14 0)
(400 2.68577e-14 0)
(400 1.71358e-14 0)
(400 -1.21081e-14 0)
(400 -3.75724e-14 0)
(400 -4.54566e-14 0)
(400 -4.88403e-14 0)
(400 -6.02834e-14 0)
(400 -5.09599e-14 0)
(400 -2.86886e-14 0)
(400 -7.28626e-15 0)
(400 -1.59017e-14 0)
(400 -1.35813e-14 0)
(400 -1.90901e-14 0)
(400 -2.77876e-14 0)
(400 -1.71125e-14 0)
(400 -2.0324e-14 0)
(400 -2.14231e-14 0)
(400 -2.48687e-14 0)
(400 -4.26929e-14 0)
(400 -4.11646e-14 0)
(400 -3.92401e-14 0)
(400 -3.72225e-14 0)
(400 -5.77714e-14 0)
(400 -4.62475e-14 0)
(400 -4.09191e-14 0)
(400 -4.1477e-14 0)
(400 -4.50703e-14 0)
(400 -5.35531e-14 0)
(400 -4.86198e-14 0)
(400 -3.8012e-14 0)
(400 -3.11804e-14 0)
(400 -1.75731e-14 0)
(400 -6.41616e-15 0)
(400 5.78142e-15 0)
(400 2.37877e-15 0)
(400 -6.14731e-16 0)
(400 1.50689e-15 0)
(400 -6.93478e-16 0)
(400 -1.41916e-16 0)
(400 -5.44758e-15 0)
(400 -9.9725e-15 0)
(400 -1.96777e-14 0)
(400 -2.71313e-14 0)
(400 -3.03658e-14 0)
(400 -3.6224e-14 0)
(400 -2.97665e-14 0)
(400 -2.32137e-14 0)
(400 -1.65319e-14 0)
(400 -1.04215e-14 0)
(400 -1.51338e-14 0)
(400 -2.07544e-14 0)
(400 -1.71854e-14 0)
(400 -2.25748e-14 0)
(400 -2.98265e-14 0)
(400 -2.23728e-14 0)
(400 -2.35952e-14 0)
(400 -1.70263e-14 0)
(400 -9.89941e-15 0)
(400 -2.317e-14 0)
(400 -4.55998e-14 0)
(400 -4.31994e-14 0)
(400 -1.20832e-14 0)
(400 2.92772e-15 0)
(400 2.93928e-15 0)
(400 3.22644e-14 0)
(400 4.22554e-14 0)
(400 3.93584e-14 0)
(400 4.59692e-14 0)
(400 4.46017e-14 0)
(400 5.7987e-14 0)
(400 6.05538e-14 0)
(400 6.7241e-14 0)
(400 6.26492e-14 0)
(400 5.19082e-14 0)
(400 5.89102e-14 0)
(400 6.2472e-14 0)
(400 5.17778e-14 0)
(400 3.7672e-14 0)
(400 3.1986e-14 0)
(400 3.09524e-14 0)
(400 3.10114e-14 0)
(400 3.72341e-14 0)
(400 3.64137e-14 0)
(400 5.43676e-14 0)
(400 5.90803e-14 0)
(400 5.84658e-14 0)
(400 5.81362e-14 0)
(400 4.15047e-14 0)
(400 4.249e-14 0)
(400 5.34765e-14 0)
(400 4.08364e-14 0)
(400 3.59149e-14 0)
(400 1.77603e-14 0)
(400 6.65242e-15 0)
(400 1.05506e-15 0)
(400 -2.11611e-14 0)
(400 -2.99991e-14 0)
(400 -3.61463e-14 0)
(400 -4.34325e-14 0)
(400 -5.23192e-14 0)
(400 -5.49821e-14 0)
(400 -8.16457e-16 0)
(400 -3.97577e-15 0)
(400 -1.53932e-14 0)
(400 -6.6093e-15 0)
(400 6.41519e-17 0)
(400 7.33309e-15 0)
(400 8.69289e-15 0)
(400 1.27007e-14 0)
(400 1.68624e-14 0)
(400 2.78542e-14 0)
(400 2.65164e-14 0)
(400 1.23389e-14 0)
(400 2.961e-15 0)
(400 -9.24901e-15 0)
(400 -1.60006e-14 0)
(400 -2.78609e-14 0)
(400 -3.98071e-14 0)
(400 -4.05255e-14 0)
(400 -4.36702e-14 0)
(400 -4.25982e-14 0)
(400 -3.27109e-14 0)
(400 -1.98967e-14 0)
(400 -6.44691e-15 0)
(400 -1.61496e-14 0)
(400 -1.86325e-14 0)
(400 -7.77036e-15 0)
(400 -6.08985e-15 0)
(400 1.12092e-14 0)
(400 3.36795e-14 0)
(400 2.3021e-14 0)
(400 1.468e-15 0)
(400 -1.82922e-14 0)
(400 -3.65711e-14 0)
(400 -4.7887e-14 0)
(400 -5.34564e-14 0)
(400 -5.27104e-14 0)
(400 -3.92556e-14 0)
(400 -2.17513e-14 0)
(400 -2.35596e-14 0)
(400 -3.90943e-14 0)
(400 -4.23529e-14 0)
(400 -3.43084e-14 0)
(400 -2.89775e-14 0)
(400 -2.74398e-14 0)
(400 -1.94381e-14 0)
(400 -2.24515e-14 0)
(400 -2.23223e-14 0)
(400 -2.64718e-14 0)
(400 -2.87707e-14 0)
(400 -3.14223e-14 0)
(400 -2.47794e-14 0)
(400 -3.76323e-14 0)
(400 -3.90361e-14 0)
(400 -4.9715e-14 0)
(400 -5.35349e-14 0)
(400 -5.88984e-14 0)
(400 -4.76236e-14 0)
(400 -3.43403e-14 0)
(400 -2.68876e-14 0)
(400 -1.01309e-14 0)
(400 1.97462e-14 0)
(400 5.51693e-14 0)
(400 6.17165e-14 0)
(400 6.37067e-14 0)
(400 7.06871e-14 0)
(400 5.7612e-14 0)
(400 5.07031e-14 0)
(400 5.44563e-14 0)
(400 5.85971e-14 0)
(400 5.26826e-14 0)
(400 3.99557e-14 0)
(400 2.59184e-14 0)
(400 2.11163e-14 0)
(400 1.30291e-14 0)
(400 1.99108e-14 0)
(400 1.85856e-14 0)
(400 3.57805e-15 0)
(400 2.14814e-15 0)
(400 1.335e-14 0)
(400 8.84365e-15 0)
(400 5.7394e-15 0)
(400 1.43214e-15 0)
(400 6.43132e-15 0)
(400 4.53545e-15 0)
(400 1.3942e-14 0)
(400 3.04282e-14 0)
(400 3.27198e-14 0)
(400 3.05166e-14 0)
(400 2.97438e-14 0)
(400 3.03567e-14 0)
(400 2.88373e-14 0)
(400 3.0935e-14 0)
(400 4.24222e-14 0)
(400 4.23637e-14 0)
(400 4.7981e-14 0)
(400 3.05827e-14 0)
(400 3.3088e-14 0)
(400 3.84712e-14 0)
(400 2.70283e-15 0)
(400 -2.10971e-14 0)
(400 -3.24211e-14 0)
(400 -4.68533e-14 0)
(400 -4.65633e-14 0)
(400 -4.64132e-14 0)
(400 -4.54616e-14 0)
(400 -4.35827e-14 0)
(400 -2.12121e-14 0)
(400 1.07072e-14 0)
(400 1.30114e-14 0)
(400 1.47688e-14 0)
(400 1.71716e-14 0)
(400 6.77358e-15 0)
(400 -1.01917e-14 0)
(400 -1.54253e-14 0)
(400 -1.9117e-14 0)
(400 -2.13004e-14 0)
(400 -2.60451e-14 0)
(400 -2.62168e-14 0)
(400 -3.39765e-14 0)
(400 -4.0205e-14 0)
(400 -4.0858e-14 0)
(400 -5.19515e-14 0)
(400 -6.033e-14 0)
(400 -5.71574e-14 0)
(400 -5.26542e-14 0)
(400 -4.94331e-14 0)
(400 -4.78398e-14 0)
(400 -4.28285e-14 0)
(400 -4.04769e-14 0)
(400 -3.77276e-14 0)
(400 -2.16573e-14 0)
(400 -3.89606e-15 0)
(400 -7.58683e-15 0)
(400 -1.85719e-14 0)
(400 -1.87428e-14 0)
(400 -1.13958e-14 0)
(400 -4.74096e-15 0)
(400 4.60183e-15 0)
(400 -3.89846e-15 0)
(400 -7.84634e-15 0)
(400 -4.77443e-15 0)
(400 1.15603e-14 0)
(400 2.52317e-14 0)
(400 1.94334e-14 0)
(400 2.88389e-14 0)
(400 4.75835e-14 0)
(400 6.39466e-14 0)
(400 5.62694e-14 0)
(400 3.28969e-14 0)
(400 1.9084e-14 0)
(400 1.07344e-14 0)
(400 1.87459e-15 0)
(400 -2.22481e-14 0)
(400 -5.0617e-14 0)
(400 -6.20685e-14 0)
(400 -4.65138e-14 0)
(400 -3.91026e-14 0)
(400 -2.76787e-14 0)
(400 -4.31841e-14 0)
(400 -3.38449e-14 0)
(400 -3.05959e-15 0)
(400 7.52984e-15 0)
(400 1.43533e-14 0)
(400 1.94317e-14 0)
(400 2.69028e-14 0)
(400 3.09959e-14 0)
(400 3.54282e-14 0)
(400 4.82381e-14 0)
(400 4.99877e-14 0)
(400 5.80088e-14 0)
(400 5.24484e-14 0)
(400 3.96877e-14 0)
(400 2.48326e-14 0)
(400 1.65422e-14 0)
(400 1.13901e-14 0)
(400 -9.8552e-15 0)
(400 -2.4245e-14 0)
(400 -7.01467e-15 0)
(400 1.41446e-15 0)
(400 -1.69393e-14 0)
(400 -2.12233e-14 0)
(400 -1.64213e-14 0)
(400 1.09705e-14 0)
(400 3.39864e-14 0)
(400 5.16357e-14 0)
(400 3.58214e-14 0)
(400 1.78752e-14 0)
(400 1.18466e-14 0)
(400 9.46033e-15 0)
(400 -2.99872e-15 0)
(400 -2.10964e-14 0)
(400 -2.27415e-14 0)
(400 -2.04669e-14 0)
(400 -3.26944e-14 0)
(400 -3.42061e-14 0)
(400 -4.73461e-14 0)
(400 -4.55358e-14 0)
(400 -3.40855e-14 0)
(400 -2.30414e-14 0)
(400 -4.31457e-15 0)
(400 -1.47166e-14 0)
(400 -3.76482e-14 0)
(400 -3.88196e-14 0)
(400 -3.49237e-14 0)
(400 -4.74831e-14 0)
(400 -5.00764e-14 0)
(400 -3.19654e-14 0)
(400 -2.35047e-14 0)
(400 -1.11907e-14 0)
(400 -2.3797e-16 0)
(400 1.69524e-14 0)
(400 8.34426e-15 0)
(400 8.83133e-15 0)
(400 -2.40449e-15 0)
(400 -1.27279e-14 0)
(400 -1.98293e-14 0)
(400 -2.00695e-14 0)
(400 -1.9287e-14 0)
(400 -1.28461e-14 0)
(400 -6.25022e-15 0)
(400 1.06234e-14 0)
(400 4.4814e-14 0)
(400 6.23024e-14 0)
(400 4.39505e-14 0)
(400 3.66396e-14 0)
(400 4.40232e-14 0)
(400 4.64061e-14 0)
(400 4.12091e-14 0)
(400 2.68243e-14 0)
(400 7.51501e-15 0)
(400 5.35919e-15 0)
(400 -1.37428e-14 0)
(400 -3.5686e-14 0)
(400 -5.15701e-14 0)
(400 -4.61538e-14 0)
(400 -4.103e-14 0)
(400 -4.9934e-14 0)
(400 -4.899e-14 0)
(400 -5.94029e-14 0)
(400 -7.00677e-14 0)
(400 -7.35858e-14 0)
(400 -7.62128e-14 0)
(400 -7.37585e-14 0)
(400 -8.03871e-14 0)
(400 -6.99463e-14 0)
(400 -5.7473e-14 0)
(400 -4.13977e-14 0)
(400 -3.05886e-14 0)
(400 -2.72492e-14 0)
(400 -2.65417e-14 0)
(400 -3.4493e-14 0)
(400 -4.06214e-14 0)
(400 -4.79453e-14 0)
(400 -4.1824e-14 0)
(400 -3.3153e-14 0)
(400 -3.48351e-14 0)
(400 -3.7343e-14 0)
(400 -2.95436e-14 0)
(400 -1.78274e-14 0)
(400 7.10573e-15 0)
(400 2.75548e-14 0)
(400 4.0904e-14 0)
(400 4.07062e-14 0)
(400 3.19574e-14 0)
(400 5.42778e-14 0)
(400 5.81105e-14 0)
(400 5.92164e-14 0)
(400 5.01806e-14 0)
(400 4.70819e-14 0)
(400 5.31829e-14 0)
(400 3.41319e-14 0)
(400 1.88734e-14 0)
(400 2.16609e-14 0)
(400 2.38637e-14 0)
(400 1.78109e-14 0)
(400 8.45384e-15 0)
(400 1.29426e-14 0)
(400 1.88692e-14 0)
(400 1.46573e-14 0)
(400 2.39478e-14 0)
(400 3.61197e-14 0)
(400 5.04663e-14 0)
(400 5.92628e-14 0)
(400 6.12845e-14 0)
(400 5.3038e-14 0)
(400 4.84626e-14 0)
(400 4.64882e-14 0)
(400 6.23873e-14 0)
(400 6.2897e-14 0)
(400 6.507e-14 0)
(400 5.06115e-14 0)
(400 4.15094e-14 0)
(400 4.76686e-14 0)
(400 6.84055e-14 0)
(400 6.78134e-14 0)
(400 5.35884e-14 0)
(400 5.87244e-14 0)
(400 5.61681e-14 0)
(400 4.70236e-14 0)
(400 3.23825e-14 0)
(400 2.40402e-14 0)
(400 2.00055e-14 0)
(400 2.03286e-14 0)
(400 2.92363e-14 0)
(400 2.59702e-14 0)
(400 2.85596e-14 0)
(400 5.58058e-14 0)
(400 6.47042e-14 0)
(400 7.13211e-14 0)
(400 7.83211e-14 0)
(400 6.6468e-14 0)
(400 5.75295e-14 0)
(400 4.96389e-14 0)
(400 4.41724e-14 0)
(400 3.70362e-14 0)
(400 3.3342e-14 0)
(400 3.49884e-14 0)
(400 4.02921e-14 0)
(400 2.29419e-14 0)
(400 7.72307e-15 0)
(400 -4.3357e-15 0)
(400 1.20489e-14 0)
(400 -7.93414e-15 0)
(400 -1.9656e-14 0)
(400 -2.57699e-14 0)
(400 -2.81962e-14 0)
(400 -3.60014e-14 0)
(400 -4.57058e-14 0)
(400 -6.58498e-14 0)
(400 -6.12351e-14 0)
(400 -4.52506e-14 0)
(400 -3.52485e-14 0)
(400 -3.64516e-14 0)
(400 -4.19519e-14 0)
(400 -4.82768e-14 0)
(400 -5.22848e-14 0)
(400 -3.53544e-14 0)
(400 -3.52517e-14 0)
(400 -3.71693e-14 0)
(400 -4.14374e-14 0)
(400 -2.39518e-14 0)
(400 1.90337e-14 0)
(400 3.80434e-14 0)
(400 3.89402e-14 0)
(400 4.3843e-14 0)
(400 6.02852e-14 0)
(400 7.51429e-14 0)
(400 6.29749e-14 0)
(400 5.25353e-14 0)
(400 5.18234e-14 0)
(400 4.42658e-14 0)
(400 2.50227e-14 0)
(400 2.28624e-15 0)
(400 -3.95406e-14 0)
(400 -4.40185e-14 0)
(400 -2.64323e-14 0)
(400 -9.22897e-16 0)
(400 1.26448e-14 0)
(400 2.00866e-14 0)
(400 2.95399e-14 0)
(400 2.63174e-14 0)
(400 3.45525e-14 0)
(400 6.69371e-14 0)
(400 4.83037e-14 0)
(400 4.55049e-14 0)
(400 5.25933e-14 0)
(400 4.80011e-14 0)
(400 4.14066e-14 0)
(400 4.49357e-14 0)
(400 4.60767e-14 0)
(400 4.79833e-14 0)
(400 5.24831e-14 0)
(400 3.99125e-14 0)
(400 1.59163e-14 0)
(400 -1.17529e-14 0)
(400 -2.60343e-14 0)
(400 -2.48645e-14 0)
(400 -2.89397e-14 0)
(400 -3.06742e-14 0)
(400 -2.9062e-14 0)
(400 -2.44394e-14 0)
(400 -1.66116e-14 0)
(400 2.17599e-16 0)
(400 9.55183e-15 0)
(400 6.85402e-15 0)
(400 3.5168e-15 0)
(400 -3.30792e-15 0)
(400 -2.2817e-14 0)
(400 -4.11299e-14 0)
(400 -5.42101e-14 0)
(400 -6.51455e-14 0)
(400 -4.33655e-14 0)
(400 -4.12123e-14 0)
(400 -4.60561e-14 0)
(400 -2.8446e-14 0)
(400 -3.92027e-14 0)
(400 -4.29232e-14 0)
(400 -4.03057e-14 0)
(400 -2.87901e-14 0)
(400 -1.46947e-14 0)
(400 -1.7208e-14 0)
(400 -2.67136e-14 0)
(400 -2.13485e-14 0)
(400 -3.81885e-14 0)
(400 -4.50567e-14 0)
(400 -6.1136e-14 0)
(400 -6.04902e-14 0)
(400 -5.01174e-14 0)
(400 -4.69173e-14 0)
(400 -3.02437e-14 0)
(400 -3.5048e-14 0)
(400 -4.42233e-14 0)
(400 -4.05129e-14 0)
(400 -3.98671e-14 0)
(400 -4.60381e-14 0)
(400 -4.83999e-14 0)
(400 -4.18395e-14 0)
(400 -4.6867e-14 0)
(400 -4.21964e-14 0)
(400 -3.79775e-14 0)
(400 -2.62886e-14 0)
(400 -1.18224e-14 0)
(400 -3.59949e-15 0)
(400 -3.47318e-15 0)
(400 9.2392e-15 0)
(400 2.64606e-14 0)
(400 4.68171e-14 0)
(400 4.11918e-14 0)
(400 2.94218e-15 0)
(400 -4.81941e-15 0)
(400 -6.89755e-15 0)
(400 -6.28252e-15 0)
(400 -8.79199e-15 0)
(400 -2.82435e-14 0)
(400 -2.6766e-14 0)
(400 -4.16913e-14 0)
(400 -5.50082e-14 0)
(400 -6.40477e-14 0)
(400 -6.49206e-14 0)
(400 -5.37305e-14 0)
(400 -4.48624e-14 0)
(400 -5.20763e-14 0)
(400 -6.15171e-14 0)
(400 -7.16507e-14 0)
(400 -6.82112e-14 0)
(400 -4.85126e-14 0)
(400 -3.30438e-14 0)
(400 -8.77145e-15 0)
(400 4.91314e-15 0)
(400 1.45957e-15 0)
(400 -1.91962e-14 0)
(400 -2.06127e-14 0)
(400 -1.93978e-14 0)
(400 -6.6849e-15 0)
(400 1.78933e-15 0)
(400 1.8097e-14 0)
(400 1.44504e-14 0)
(400 1.73275e-14 0)
(400 3.49359e-14 0)
(400 3.52387e-14 0)
(400 3.20543e-14 0)
(400 4.525e-14 0)
(400 5.48527e-14 0)
(400 5.5147e-14 0)
(400 5.7243e-14 0)
(400 6.22339e-14 0)
(400 8.21056e-14 0)
(400 7.47884e-14 0)
(400 6.87197e-14 0)
(400 6.76572e-14 0)
(400 6.27931e-14 0)
(400 4.19984e-14 0)
(400 3.35402e-14 0)
(400 2.47693e-14 0)
(400 2.23263e-15 0)
(400 6.41845e-15 0)
(400 1.60772e-14 0)
(400 1.69819e-14 0)
(400 -6.143e-15 0)
(400 -6.29935e-15 0)
(400 6.90661e-15 0)
(400 3.50739e-14 0)
(400 4.63274e-14 0)
(400 3.40352e-14 0)
(400 2.80317e-14 0)
(400 2.60075e-14 0)
(400 3.21872e-14 0)
(400 4.36518e-14 0)
(400 2.80555e-14 0)
(400 3.02327e-14 0)
(400 3.49429e-14 0)
(400 3.81397e-14 0)
(400 3.87363e-14 0)
(400 3.93229e-14 0)
(400 2.41471e-14 0)
(400 1.0046e-14 0)
(400 -5.24893e-15 0)
(400 -8.87125e-15 0)
(400 9.80875e-16 0)
(400 -7.38262e-15 0)
(400 -8.30252e-15 0)
(400 -4.75924e-15 0)
(400 -3.08501e-15 0)
(400 -1.1214e-14 0)
(400 -2.20682e-15 0)
(400 2.308e-14 0)
(400 2.83877e-14 0)
(400 2.87859e-14 0)
(400 3.71326e-14 0)
(400 4.43023e-14 0)
(400 5.05954e-14 0)
(400 4.97121e-14 0)
(400 4.5805e-14 0)
(400 4.79133e-14 0)
(400 5.51168e-14 0)
(400 5.20253e-14 0)
(400 6.25348e-14 0)
(400 6.15274e-14 0)
(400 4.65125e-14 0)
(400 3.72991e-14 0)
(400 3.38689e-14 0)
(400 4.9872e-14 0)
(400 6.12431e-14 0)
(400 4.97447e-14 0)
(400 4.92884e-14 0)
(400 3.87207e-14 0)
(400 1.1879e-14 0)
(400 -5.31923e-15 0)
(400 -3.31916e-14 0)
(400 -4.38641e-14 0)
(400 -4.78573e-14 0)
(400 -4.63381e-14 0)
(400 -4.17182e-14 0)
(400 -3.10429e-14 0)
(400 -2.31071e-14 0)
(400 -2.8628e-14 0)
(400 -4.05274e-14 0)
(400 -5.02801e-14 0)
(400 -3.7548e-14 0)
(400 -1.62526e-14 0)
(400 7.28116e-15 0)
(400 3.12656e-14 0)
(400 5.36404e-14 0)
(400 6.32512e-14 0)
(400 6.20618e-14 0)
(400 5.79768e-14 0)
(400 4.55857e-14 0)
(400 4.56914e-14 0)
(400 5.01638e-14 0)
(400 4.81861e-14 0)
(400 3.29103e-14 0)
(400 1.4654e-14 0)
(400 8.04622e-15 0)
(400 -6.41753e-15 0)
(400 -4.95289e-15 0)
(400 -1.35286e-14 0)
(400 -1.73607e-14 0)
(400 -9.13831e-15 0)
(400 1.07735e-14 0)
(400 3.22495e-14 0)
(400 2.6694e-14 0)
(400 3.36202e-14 0)
(400 4.98042e-14 0)
(400 5.176e-14 0)
(400 5.06281e-14 0)
(400 5.28618e-14 0)
(400 4.90317e-14 0)
(400 4.0446e-14 0)
(400 4.23558e-14 0)
(400 3.52008e-14 0)
(400 2.20615e-14 0)
(400 2.77786e-14 0)
(400 1.98913e-14 0)
(400 8.86728e-15 0)
(400 -7.7408e-15 0)
(400 -2.87832e-14 0)
(400 -3.64153e-14 0)
(400 -3.99231e-14 0)
(400 -4.54459e-14 0)
(400 -1.27232e-14 0)
(400 3.63794e-15 0)
(400 8.61637e-15 0)
(400 1.49122e-14 0)
(400 1.49221e-14 0)
(400 1.04783e-14 0)
(400 -2.38009e-16 0)
(400 -1.43863e-14 0)
(400 -3.06824e-14 0)
(400 -4.56538e-14 0)
(400 -4.58324e-14 0)
(400 -4.48115e-14 0)
(400 -3.83275e-14 0)
(400 -3.3682e-14 0)
(400 -2.00867e-14 0)
(400 -4.36481e-15 0)
(400 5.6578e-15 0)
(400 2.50231e-15 0)
(400 -3.38231e-15 0)
(400 1.24906e-14 0)
(400 2.43209e-14 0)
(400 -6.75342e-15 0)
(400 -1.46091e-15 0)
(400 -7.99718e-15 0)
(400 -3.0372e-14 0)
(400 -3.03911e-14 0)
(400 -3.35939e-14 0)
(400 -3.01675e-14 0)
(400 -2.36052e-14 0)
(400 -1.67803e-14 0)
(400 -1.37743e-14 0)
(400 -1.71348e-14 0)
(400 -1.19553e-14 0)
(400 -2.03683e-14 0)
(400 -1.92598e-14 0)
(400 -1.32371e-14 0)
(400 -1.24344e-14 0)
(400 -1.22451e-14 0)
(400 4.52653e-15 0)
(400 1.33323e-15 0)
(400 -1.61257e-14 0)
(400 -2.57125e-14 0)
(400 -3.89184e-14 0)
(400 -4.53024e-14 0)
(400 -2.82597e-14 0)
(400 -6.02697e-16 0)
(400 4.26655e-15 0)
(400 1.27935e-14 0)
(400 2.1636e-14 0)
(400 1.9802e-14 0)
(400 2.32466e-14 0)
(400 1.37326e-14 0)
(400 1.67597e-14 0)
(400 1.99947e-14 0)
(400 -3.50074e-15 0)
(400 -3.82815e-14 0)
(400 -5.6397e-14 0)
(400 -4.20853e-14 0)
(400 -4.2662e-14 0)
(400 -4.7443e-14 0)
(400 -4.53254e-14 0)
(400 -3.93874e-14 0)
(400 -3.69083e-14 0)
(400 -3.30644e-14 0)
(400 -3.13439e-14 0)
(400 -2.14603e-14 0)
(400 -1.81841e-14 0)
(400 -1.60854e-14 0)
(400 1.25058e-15 0)
(400 -1.10819e-16 0)
(400 -9.25229e-15 0)
(400 -1.98812e-14 0)
(400 -2.74906e-14 0)
(400 -1.86247e-14 0)
(400 -8.14904e-15 0)
(400 3.57411e-16 0)
(400 1.85461e-14 0)
(400 3.1934e-14 0)
(400 3.09334e-14 0)
(400 3.70688e-14 0)
(400 3.47456e-14 0)
(400 2.82566e-14 0)
(400 1.64897e-14 0)
(400 1.65817e-14 0)
(400 3.0109e-14 0)
(400 2.11386e-14 0)
(400 2.98099e-14 0)
(400 4.38312e-14 0)
(400 3.82868e-14 0)
(400 1.64845e-14 0)
(400 4.30205e-15 0)
(400 1.50763e-14 0)
(400 1.42226e-14 0)
(400 3.92616e-15 0)
(400 -8.29796e-16 0)
(400 -4.45428e-15 0)
(400 5.67835e-15 0)
(400 -1.96686e-15 0)
(400 -5.66966e-15 0)
(400 -3.75969e-15 0)
(400 4.35042e-15 0)
(400 1.88514e-14 0)
(400 3.57066e-14 0)
(400 5.6701e-14 0)
(400 7.27565e-14 0)
(400 7.25331e-14 0)
(400 6.22454e-14 0)
(400 6.68988e-14 0)
(400 5.17665e-14 0)
(400 3.82543e-14 0)
(400 4.09081e-14 0)
(400 4.22111e-14 0)
(400 5.22066e-14 0)
(400 6.11367e-14 0)
(400 5.53751e-14 0)
(400 5.59666e-14 0)
(400 5.1663e-14 0)
(400 2.92605e-14 0)
(400 1.49757e-14 0)
(400 1.39589e-14 0)
(400 3.62071e-14 0)
(400 4.35795e-14 0)
(400 4.04044e-14 0)
(400 4.60411e-14 0)
(400 3.74186e-14 0)
(400 4.70198e-14 0)
(400 7.42184e-14 0)
(400 6.40084e-14 0)
(400 6.1016e-14 0)
(400 5.3616e-14 0)
(400 6.454e-14 0)
(400 7.74524e-14 0)
(400 7.80485e-14 0)
(400 8.16126e-14 0)
(400 8.00137e-14 0)
(400 8.70018e-14 0)
(400 8.23458e-14 0)
(400 7.3014e-14 0)
(400 6.36163e-14 0)
(400 5.76997e-14 0)
(400 5.51546e-14 0)
(400 5.39451e-14 0)
(400 4.859e-14 0)
(400 7.43231e-14 0)
(400 7.72535e-14 0)
(400 7.09467e-14 0)
(400 4.56688e-14 0)
(400 1.97854e-14 0)
(400 7.13051e-15 0)
(400 7.08698e-15 0)
(400 -7.45153e-15 0)
(400 -2.40529e-14 0)
(400 -4.75605e-14 0)
(400 -5.6251e-14 0)
(400 -4.45017e-14 0)
(400 -4.07085e-14 0)
(400 -5.7388e-14 0)
(400 -8.07722e-14 0)
(400 -6.75086e-14 0)
(400 -4.84796e-14 0)
(400 -2.0353e-14 0)
(400 6.86712e-15 0)
(400 1.7726e-14 0)
(400 3.95337e-14 0)
(400 6.82547e-14 0)
(400 7.00047e-14 0)
(400 5.25399e-14 0)
(400 3.03142e-14 0)
(400 1.69464e-14 0)
(400 1.8496e-14 0)
(400 1.52331e-14 0)
(400 -7.75954e-15 0)
(400 -2.05134e-14 0)
(400 -2.31813e-14 0)
(400 -8.03269e-15 0)
(400 -8.90253e-16 0)
(400 -1.20062e-14 0)
(400 -1.8239e-14 0)
(400 -5.08175e-15 0)
(400 1.53824e-14 0)
(400 4.27327e-14 0)
(400 4.40301e-14 0)
(400 4.29489e-14 0)
(400 4.75876e-14 0)
(400 8.12431e-14 0)
(400 9.28321e-14 0)
(400 7.80767e-14 0)
(400 7.20059e-14 0)
(400 6.69517e-14 0)
(400 4.05347e-14 0)
(400 2.75918e-14 0)
(400 2.15059e-14 0)
(400 6.96188e-15 0)
(400 2.02667e-15 0)
(400 -4.8813e-15 0)
(400 -2.22853e-14 0)
(400 -2.66017e-14 0)
(400 -3.18282e-14 0)
(400 -3.09135e-14 0)
(400 -1.8917e-14 0)
(400 1.01268e-14 0)
(400 1.15732e-14 0)
(400 7.48429e-15 0)
(400 -5.39437e-15 0)
(400 -7.02589e-15 0)
(400 -1.38224e-14 0)
(400 -2.15342e-14 0)
(400 -3.62214e-14 0)
(400 -4.49022e-14 0)
(400 -5.78522e-14 0)
(400 -5.78575e-14 0)
(400 -5.68373e-14 0)
(400 -5.65616e-14 0)
(400 -5.01058e-14 0)
(400 -3.27939e-14 0)
(400 -1.93813e-14 0)
(400 -3.01748e-15 0)
(400 1.07214e-15 0)
(400 9.09145e-15 0)
(400 2.63202e-14 0)
(400 2.7907e-14 0)
(400 -9.39815e-15 0)
(400 -1.22544e-14 0)
(400 -3.39933e-14 0)
(400 -6.94955e-14 0)
(400 -7.20486e-14 0)
(400 -6.46517e-14 0)
(400 -6.32341e-14 0)
(400 -6.30416e-14 0)
(400 -5.1896e-14 0)
(400 -4.08403e-14 0)
(400 -2.55065e-14 0)
(400 -1.20758e-14 0)
(400 -1.39452e-14 0)
(400 -1.75909e-14 0)
(400 -1.77147e-14 0)
(400 -1.42553e-14 0)
(400 -5.11927e-15 0)
(400 6.49025e-15 0)
(400 -3.00231e-15 0)
(400 -2.62414e-16 0)
(400 -1.23097e-14 0)
(400 -1.30373e-14 0)
(400 -2.84089e-15 0)
(400 1.38016e-14 0)
(400 2.9228e-14 0)
(400 3.46892e-14 0)
(400 1.89912e-14 0)
(400 1.63856e-14 0)
(400 2.2442e-14 0)
(400 1.10716e-14 0)
(400 -2.16895e-16 0)
(400 8.64167e-15 0)
(400 2.51781e-15 0)
(400 -1.54951e-14 0)
(400 -6.00469e-14 0)
(400 -8.32847e-14 0)
(400 -8.83026e-14 0)
(400 -6.93781e-14 0)
(400 -6.43064e-14 0)
(400 -7.51107e-14 0)
(400 -6.8201e-14 0)
(400 -5.05405e-14 0)
(400 -3.00795e-14 0)
(400 -1.66883e-14 0)
(400 -8.61272e-15 0)
(400 -4.97022e-15 0)
(400 7.66656e-15 0)
(400 1.6021e-14 0)
(400 1.09429e-14 0)
(400 7.1739e-16 0)
(400 -4.72289e-15 0)
(400 -4.88285e-15 0)
(400 -9.37212e-15 0)
(400 -9.10888e-15 0)
(400 1.21738e-14 0)
(400 3.21977e-14 0)
(400 5.3585e-14 0)
(400 6.17974e-14 0)
(400 6.52128e-14 0)
(400 7.01471e-14 0)
(400 7.56752e-14 0)
(400 7.76779e-14 0)
(400 6.35204e-14 0)
(400 4.64114e-14 0)
(400 4.11642e-14 0)
(400 4.22341e-14 0)
(400 2.67824e-14 0)
(400 1.42995e-14 0)
(400 -5.23109e-15 0)
(400 -1.91193e-14 0)
(400 -2.72267e-14 0)
(400 -7.97105e-15 0)
(400 -1.66543e-14 0)
(400 -2.88674e-14 0)
(400 -3.22499e-14 0)
(400 -2.40075e-14 0)
(400 -1.9216e-14 0)
(400 -2.35629e-14 0)
(400 -1.30725e-14 0)
(400 -6.17283e-15 0)
(400 -2.54007e-15 0)
(400 -2.08051e-14 0)
(400 -1.02835e-14 0)
(400 4.17296e-14 0)
(400 6.92777e-14 0)
(400 4.81672e-14 0)
(400 1.73443e-14 0)
(400 -1.20265e-15 0)
(400 1.22078e-14 0)
(400 8.42529e-15 0)
(400 -1.64316e-14 0)
(400 -3.33355e-14 0)
(400 -2.1932e-14 0)
(400 -6.84259e-15 0)
(400 5.952e-15 0)
(400 9.7653e-15 0)
(400 -1.04863e-14 0)
(400 -2.55969e-14 0)
(400 -1.39132e-14 0)
(400 1.19255e-14 0)
(400 6.0946e-15 0)
(400 4.57797e-16 0)
(400 5.37858e-15 0)
(400 2.97888e-14 0)
(400 4.40747e-14 0)
(400 6.22973e-14 0)
(400 5.93359e-14 0)
(400 3.97307e-14 0)
(400 3.96901e-14 0)
(400 6.41428e-14 0)
(400 7.33749e-14 0)
(400 8.19103e-14 0)
(400 8.58918e-14 0)
(400 1.01196e-13 0)
(400 1.03723e-13 0)
(400 1.05115e-13 0)
(400 7.38883e-14 0)
(400 5.80549e-14 0)
(400 5.54346e-14 0)
(400 5.85994e-14 0)
(400 5.27471e-14 0)
(400 4.46856e-14 0)
(400 6.2654e-14 0)
(400 7.47438e-14 0)
(400 5.88919e-14 0)
(400 3.6319e-14 0)
(400 1.43132e-14 0)
(400 -7.97802e-15 0)
(400 -4.79428e-15 0)
(400 -2.77236e-15 0)
(400 -3.05777e-15 0)
(400 -3.03916e-14 0)
(400 -3.26009e-14 0)
(400 -4.62539e-14 0)
(400 -4.88643e-14 0)
(400 -4.42179e-14 0)
(400 -4.41608e-14 0)
(400 -2.29487e-14 0)
(400 6.76549e-15 0)
(400 2.86064e-14 0)
(400 5.36254e-14 0)
(400 7.38733e-14 0)
(400 7.62231e-14 0)
(400 8.74438e-14 0)
(400 8.53046e-14 0)
(400 7.84092e-14 0)
(400 6.39798e-14 0)
(400 3.96768e-14 0)
(400 2.04578e-14 0)
(400 2.92909e-15 0)
(400 -4.91688e-15 0)
(400 -2.42952e-14 0)
(400 -3.40448e-14 0)
(400 -3.05697e-14 0)
(400 -2.84766e-14 0)
(400 -1.23403e-14 0)
(400 8.92353e-15 0)
(400 4.67415e-14 0)
(400 6.53815e-14 0)
(400 7.82255e-14 0)
(400 8.98146e-14 0)
(400 9.46863e-14 0)
(400 9.38618e-14 0)
(400 1.12636e-13 0)
(400 1.16153e-13 0)
(400 1.06481e-13 0)
(400 9.29774e-14 0)
(400 6.55294e-14 0)
(400 3.79581e-14 0)
(400 1.75631e-14 0)
(400 2.14523e-15 0)
(400 -1.93343e-14 0)
(400 -2.29703e-14 0)
(400 -2.94568e-14 0)
(400 -4.1097e-14 0)
(400 -1.94002e-14 0)
(400 -9.57206e-15 0)
(400 -4.40358e-15 0)
(400 7.96637e-15 0)
(400 1.87787e-14 0)
(400 1.89734e-14 0)
(400 1.55795e-14 0)
(400 -9.92973e-15 0)
(400 -2.18848e-14 0)
(400 -4.18922e-14 0)
(400 -4.5478e-14 0)
(400 -5.25865e-14 0)
(400 -5.04599e-14 0)
(400 -5.21123e-14 0)
(400 -5.3146e-14 0)
(400 -4.725e-14 0)
(400 -3.99243e-14 0)
(400 -2.84984e-14 0)
(400 -2.3543e-14 0)
(400 -2.04858e-14 0)
(400 -1.76576e-14 0)
(400 -1.67935e-14 0)
(400 -3.08281e-16 0)
(400 -8.99874e-15 0)
(400 -1.99546e-14 0)
(400 -1.09516e-14 0)
(400 -1.83928e-14 0)
(400 -2.9222e-14 0)
(400 -5.34123e-14 0)
(400 -6.1767e-14 0)
(400 -6.6869e-14 0)
(400 -6.46317e-14 0)
(400 -7.26107e-14 0)
(400 -6.73006e-14 0)
(400 -6.01582e-14 0)
(400 -5.29349e-14 0)
(400 -4.43448e-14 0)
(400 -3.95556e-14 0)
(400 -4.98117e-14 0)
(400 -7.04092e-14 0)
(400 -7.24513e-14 0)
(400 -6.5346e-14 0)
(400 -6.48097e-14 0)
(400 -6.73412e-14 0)
(400 -6.58148e-14 0)
(400 -4.76217e-14 0)
(400 -4.1773e-14 0)
(400 -1.33522e-14 0)
(400 2.18286e-14 0)
(400 3.46259e-14 0)
(400 4.25269e-14 0)
(400 4.94587e-14 0)
(400 4.7634e-14 0)
(400 3.81797e-14 0)
(400 2.03257e-14 0)
(400 1.16734e-14 0)
(400 1.98561e-14 0)
(400 2.34296e-14 0)
(400 1.12512e-14 0)
(400 -1.38194e-14 0)
(400 -3.98252e-14 0)
(400 -6.81491e-14 0)
(400 -6.13714e-14 0)
(400 -4.22719e-14 0)
(400 -4.82696e-14 0)
(400 -4.2878e-14 0)
(400 -3.01963e-14 0)
(400 -2.48842e-14 0)
(400 -2.62532e-14 0)
(400 -4.59241e-14 0)
(400 -3.94182e-14 0)
(400 -2.43031e-14 0)
(400 -1.61216e-14 0)
(400 -1.26828e-14 0)
(400 -1.64851e-14 0)
(400 -1.30757e-14 0)
(400 -2.22878e-15 0)
(400 -1.00881e-15 0)
(400 -4.50499e-15 0)
(400 -2.64361e-15 0)
(400 5.3923e-15 0)
(400 2.0627e-14 0)
(400 3.46471e-14 0)
(400 3.3544e-14 0)
(400 3.18768e-14 0)
(400 4.56281e-14 0)
(400 5.85327e-14 0)
(400 5.55082e-14 0)
(400 3.93859e-14 0)
(400 3.75164e-14 0)
(400 2.22581e-14 0)
(400 -1.5168e-14 0)
(400 -1.94109e-14 0)
(400 -2.53003e-14 0)
(400 -4.43236e-14 0)
(400 -7.20479e-14 0)
(400 -8.02433e-14 0)
(400 -8.03636e-14 0)
(400 -8.50364e-14 0)
(400 -7.79135e-14 0)
(400 -5.79225e-14 0)
(400 -4.52243e-14 0)
(400 -3.69607e-14 0)
(400 -2.10165e-14 0)
(400 -2.67841e-14 0)
(400 -2.90806e-14 0)
(400 -3.10823e-14 0)
(400 -1.79287e-14 0)
(400 -9.57894e-15 0)
(400 2.27913e-14 0)
(400 3.49291e-14 0)
(400 1.89976e-14 0)
(400 6.16546e-15 0)
(400 7.42293e-15 0)
(400 6.1432e-15 0)
(400 1.04026e-15 0)
(400 3.21077e-15 0)
(400 2.02751e-14 0)
(400 1.70089e-14 0)
(400 1.19447e-14 0)
(400 1.32917e-14 0)
(400 1.10285e-14 0)
(400 5.19489e-15 0)
(400 1.36084e-16 0)
(400 3.71418e-15 0)
(400 1.31353e-14 0)
(400 3.01649e-14 0)
(400 2.95226e-14 0)
(400 4.59717e-14 0)
(400 5.23479e-14 0)
(400 5.87634e-14 0)
(400 6.45906e-14 0)
(400 5.68859e-14 0)
(400 5.06266e-14 0)
(400 4.99033e-14 0)
(400 4.69402e-14 0)
(400 5.48027e-14 0)
(400 7.32967e-14 0)
(400 7.31341e-14 0)
(400 7.41124e-14 0)
(400 6.46765e-14 0)
(400 6.02502e-14 0)
(400 5.19544e-14 0)
(400 3.22232e-14 0)
(400 3.41667e-14 0)
(400 3.00467e-14 0)
(400 2.235e-14 0)
(400 2.14794e-14 0)
(400 3.59109e-15 0)
(400 -2.96473e-14 0)
(400 -5.00935e-14 0)
(400 -4.50753e-14 0)
(400 -6.56811e-14 0)
(400 -6.82757e-14 0)
(400 -5.92008e-14 0)
(400 -5.00189e-14 0)
(400 -4.24492e-14 0)
(400 -3.3494e-14 0)
(400 -6.62708e-14 0)
(400 -7.1233e-14 0)
(400 -5.96026e-14 0)
(400 -4.61141e-14 0)
(400 -3.67839e-14 0)
(400 -1.3546e-14 0)
(400 3.95688e-15 0)
(400 1.56695e-14 0)
(400 3.03415e-14 0)
(400 3.05246e-14 0)
(400 1.28443e-14 0)
(400 1.14832e-14 0)
(400 2.41314e-14 0)
(400 2.28661e-14 0)
(400 1.53188e-14 0)
(400 -6.82399e-15 0)
(400 -3.39993e-14 0)
(400 -4.27227e-14 0)
(400 -5.35064e-14 0)
(400 -6.05185e-14 0)
(400 -6.9565e-14 0)
(400 -7.24092e-14 0)
(400 -6.49115e-14 0)
(400 -4.47163e-14 0)
(400 -2.80927e-14 0)
(400 -1.41833e-14 0)
(400 8.53588e-15 0)
(400 3.41283e-14 0)
(400 4.2555e-14 0)
(400 4.22156e-14 0)
(400 4.39923e-14 0)
(400 4.74509e-14 0)
(400 3.9153e-14 0)
(400 3.75764e-14 0)
(400 2.33395e-14 0)
(400 2.94479e-14 0)
(400 2.75942e-14 0)
(400 -8.02982e-15 0)
(400 -2.98963e-14 0)
(400 -2.98005e-14 0)
(400 -1.51142e-14 0)
(400 5.71992e-15 0)
(400 -3.1051e-15 0)
(400 3.57779e-15 0)
(400 2.72916e-14 0)
(400 3.59626e-14 0)
(400 3.34995e-14 0)
(400 2.66234e-14 0)
(400 2.27813e-14 0)
(400 9.65964e-15 0)
(400 -8.01656e-15 0)
(400 2.29157e-15 0)
(400 -1.94557e-14 0)
(400 -4.64526e-14 0)
(400 -5.77046e-14 0)
(400 -5.65964e-14 0)
(400 -4.31726e-14 0)
(400 -4.2057e-14 0)
(400 -4.32909e-14 0)
(400 -2.22299e-14 0)
(400 -2.36581e-14 0)
(400 -3.32111e-14 0)
(400 -5.58037e-14 0)
(400 -6.87028e-14 0)
(400 -6.67958e-14 0)
(400 -6.69689e-14 0)
(400 -5.81976e-14 0)
(400 -8.24844e-15 0)
(400 -2.86432e-14 0)
(400 -3.40715e-14 0)
(400 -2.98635e-14 0)
(400 -4.14547e-14 0)
(400 -4.89503e-14 0)
(400 -4.41047e-14 0)
(400 -4.4985e-14 0)
(400 -4.66399e-14 0)
(400 -4.75517e-14 0)
(400 -3.36339e-14 0)
(400 -1.45337e-14 0)
(400 4.02643e-15 0)
(400 1.97343e-15 0)
(400 4.79943e-15 0)
(400 1.91775e-14 0)
(400 1.77089e-14 0)
(400 1.63704e-14 0)
(400 3.21586e-14 0)
(400 2.33453e-14 0)
(400 2.93093e-14 0)
(400 3.34612e-14 0)
(400 3.43334e-14 0)
(400 2.66998e-14 0)
(400 2.58456e-14 0)
(400 2.96444e-14 0)
(400 3.62172e-14 0)
(400 2.97771e-14 0)
(400 2.76507e-14 0)
(400 2.37052e-14 0)
(400 1.95798e-14 0)
(400 6.93089e-15 0)
(400 1.66467e-15 0)
(400 -1.32171e-14 0)
(400 -1.42288e-14 0)
(400 -2.0111e-15 0)
(400 -1.50361e-14 0)
(400 -3.16528e-14 0)
(400 -2.62079e-14 0)
(400 -1.96371e-15 0)
(400 8.62708e-15 0)
(400 1.43002e-14 0)
(400 1.13189e-14 0)
(400 -1.56565e-15 0)
(400 -1.71123e-14 0)
(400 -1.55433e-14 0)
(400 -2.22346e-14 0)
(400 -3.09067e-14 0)
(400 -3.16102e-14 0)
(400 -2.29535e-14 0)
(400 -3.72525e-15 0)
(400 1.76393e-14 0)
(400 3.20827e-14 0)
(400 4.27725e-14 0)
(400 3.70599e-14 0)
(400 3.95682e-14 0)
(400 4.55206e-14 0)
(400 4.81529e-14 0)
(400 3.91252e-14 0)
(400 4.16157e-14 0)
(400 5.92409e-14 0)
(400 6.83076e-14 0)
(400 7.37952e-14 0)
(400 7.9726e-14 0)
(400 8.18672e-14 0)
(400 5.50161e-14 0)
(400 2.8688e-14 0)
(400 1.32118e-14 0)
(400 -2.73567e-16 0)
(400 -1.75481e-14 0)
(400 -5.37884e-14 0)
(400 -9.00705e-14 0)
(400 -9.91635e-14 0)
(400 -8.749e-14 0)
(400 -5.95634e-14 0)
(400 -4.22492e-14 0)
(400 -2.72618e-14 0)
(400 -2.16015e-14 0)
(400 -4.41381e-15 0)
(400 1.85973e-14 0)
(400 2.03072e-14 0)
(400 2.80431e-14 0)
(400 2.33276e-14 0)
(400 9.93051e-15 0)
(400 9.81203e-15 0)
(400 1.54655e-14 0)
(400 1.55758e-15 0)
(400 -1.94799e-14 0)
(400 -3.87072e-14 0)
(400 -4.38651e-14 0)
(400 -3.99865e-14 0)
(400 -3.19725e-14 0)
(400 -3.08479e-14 0)
(400 -3.82239e-14 0)
(400 -4.36927e-14 0)
(400 -4.53555e-14 0)
(400 -4.74787e-14 0)
(400 -4.3331e-14 0)
(400 -4.10366e-14 0)
(400 -3.37687e-14 0)
(400 -1.69261e-14 0)
(400 -4.84847e-16 0)
(400 1.30882e-14 0)
(400 2.86315e-14 0)
(400 3.4905e-14 0)
(400 3.43076e-14 0)
(400 3.79111e-14 0)
(400 3.68936e-14 0)
(400 3.57451e-14 0)
(400 1.90816e-14 0)
(400 1.94563e-14 0)
(400 3.85271e-14 0)
(400 4.44172e-14 0)
(400 2.11854e-14 0)
(400 2.82458e-14 0)
(400 3.039e-14 0)
(400 3.48666e-14 0)
(400 3.09438e-14 0)
(400 3.14745e-14 0)
(400 4.03251e-14 0)
(400 5.03119e-14 0)
(400 4.68065e-14 0)
(400 1.95819e-14 0)
(400 -2.23618e-15 0)
(400 -1.42917e-14 0)
(400 -1.49042e-14 0)
(400 -5.41118e-15 0)
(400 -1.19615e-15 0)
(400 -5.50634e-15 0)
(400 2.09637e-15 0)
(400 1.19999e-14 0)
(400 2.63638e-14 0)
(400 1.97218e-14 0)
(400 2.25485e-14 0)
(400 1.81656e-14 0)
(400 2.30752e-14 0)
(400 4.18088e-14 0)
(400 4.98807e-14 0)
(400 5.88007e-14 0)
(400 5.94626e-14 0)
(400 4.20419e-14 0)
(400 2.64932e-14 0)
(400 2.88802e-14 0)
(400 2.58563e-14 0)
(400 1.54683e-14 0)
(400 6.58516e-15 0)
(400 4.01643e-16 0)
(400 -6.04665e-15 0)
(400 -2.3317e-14 0)
(400 -3.89782e-14 0)
(400 -4.8735e-14 0)
(400 -3.93565e-14 0)
(400 -3.60086e-14 0)
(400 -3.33572e-14 0)
(400 -2.26408e-14 0)
(400 -2.70298e-14 0)
(400 -2.81163e-14 0)
(400 -4.14791e-14 0)
(400 -2.57468e-14 0)
(400 -3.6433e-15 0)
(400 1.78304e-14 0)
(400 2.70965e-14 0)
(400 2.43626e-14 0)
(400 2.02222e-14 0)
(400 1.84749e-14 0)
(400 1.01673e-14 0)
(400 4.16725e-15 0)
(400 -6.82209e-15 0)
(400 2.94491e-15 0)
(400 1.01958e-14 0)
(400 1.66766e-14 0)
(400 1.0325e-14 0)
(400 -2.31468e-15 0)
(400 1.09783e-14 0)
(400 2.74991e-14 0)
(400 1.45388e-14 0)
(400 1.22031e-14 0)
(400 1.41662e-14 0)
(400 2.32583e-14 0)
(400 1.63899e-14 0)
(400 6.88517e-15 0)
(400 -1.1311e-14 0)
(400 -1.22289e-14 0)
(400 -1.15461e-14 0)
(400 -1.5689e-14 0)
(400 -2.3311e-14 0)
(400 -3.73401e-14 0)
(400 -3.84256e-14 0)
(400 -2.64336e-14 0)
(400 -1.32444e-14 0)
(400 -1.58615e-14 0)
(400 -3.01086e-14 0)
(400 -4.54893e-14 0)
(400 -5.73129e-14 0)
(400 -7.70544e-14 0)
(400 -9.88713e-14 0)
(400 -1.1667e-13 0)
(400 -1.33791e-13 0)
(400 -1.10293e-13 0)
(400 -9.7259e-14 0)
(400 -1.20446e-14 0)
(400 -2.6303e-14 0)
(400 -2.91628e-14 0)
(400 -1.83074e-14 0)
(400 -1.23934e-14 0)
(400 -1.53499e-14 0)
(400 -3.02648e-14 0)
(400 -2.05441e-14 0)
(400 -3.51072e-14 0)
(400 -4.11308e-14 0)
(400 -2.39159e-14 0)
(400 -9.62363e-15 0)
(400 -9.70984e-15 0)
(400 -6.63845e-16 0)
(400 2.29623e-14 0)
(400 2.08513e-14 0)
(400 8.97599e-15 0)
(400 -4.95204e-15 0)
(400 4.26352e-15 0)
(400 2.58906e-14 0)
(400 3.0298e-14 0)
(400 3.2962e-14 0)
(400 1.07912e-14 0)
(400 -3.98716e-15 0)
(400 -1.33769e-14 0)
(400 -1.56539e-15 0)
(400 -4.38019e-15 0)
(400 -1.77744e-14 0)
(400 -1.72811e-14 0)
(400 1.1665e-15 0)
(400 8.16933e-15 0)
(400 -1.7529e-16 0)
(400 -1.89278e-14 0)
(400 -2.23343e-14 0)
(400 -8.49169e-15 0)
(400 1.5657e-14 0)
(400 1.66714e-14 0)
(400 1.06032e-14 0)
(400 2.76561e-15 0)
(400 1.98317e-14 0)
(400 1.82383e-14 0)
(400 1.24162e-14 0)
(400 1.53063e-14 0)
(400 7.94407e-15 0)
(400 -5.72929e-15 0)
(400 -1.37067e-14 0)
(400 -3.06832e-14 0)
(400 -4.54004e-14 0)
(400 -4.30438e-14 0)
(400 -3.33699e-14 0)
(400 -5.14775e-15 0)
(400 2.19321e-14 0)
(400 2.88775e-14 0)
(400 3.89637e-14 0)
(400 3.31676e-14 0)
(400 3.24935e-14 0)
(400 3.40364e-14 0)
(400 2.86573e-14 0)
(400 2.54211e-14 0)
(400 4.32531e-14 0)
(400 5.23358e-14 0)
(400 5.93334e-14 0)
(400 5.9062e-14 0)
(400 6.74502e-14 0)
(400 6.26817e-14 0)
(400 3.89409e-14 0)
(400 4.56138e-14 0)
(400 2.79784e-14 0)
(400 1.6018e-14 0)
(400 -3.23494e-15 0)
(400 -3.17737e-14 0)
(400 -5.35501e-14 0)
(400 -5.80557e-14 0)
(400 -5.4029e-14 0)
(400 -3.74889e-14 0)
(400 -2.98228e-14 0)
(400 -2.40548e-14 0)
(400 -1.17048e-14 0)
(400 1.13144e-14 0)
(400 3.13752e-14 0)
(400 4.19391e-14 0)
(400 3.99251e-14 0)
(400 2.04366e-14 0)
(400 1.18551e-14 0)
(400 -1.52208e-15 0)
(400 -6.24565e-15 0)
(400 -1.26206e-14 0)
(400 -2.72425e-14 0)
(400 -3.14378e-14 0)
(400 -4.15542e-14 0)
(400 -4.34033e-14 0)
(400 -5.40018e-14 0)
(400 -6.89579e-14 0)
(400 -6.5386e-14 0)
(400 -5.88701e-14 0)
(400 -6.29626e-14 0)
(400 -6.98921e-14 0)
(400 -6.32215e-14 0)
(400 -5.89692e-14 0)
(400 -4.83842e-14 0)
(400 -2.34006e-14 0)
(400 -5.11864e-15 0)
(400 8.90326e-15 0)
(400 2.02123e-14 0)
(400 4.37101e-14 0)
(400 3.93319e-14 0)
(400 3.64159e-14 0)
(400 4.42637e-14 0)
(400 5.15764e-14 0)
(400 3.79601e-14 0)
(400 3.30286e-14 0)
(400 4.47317e-14 0)
(400 4.35897e-14 0)
(400 1.92272e-14 0)
(400 6.89883e-15 0)
(400 -7.4796e-15 0)
(400 -3.55777e-14 0)
(400 -3.85793e-14 0)
(400 -1.424e-14 0)
(400 -9.44123e-15 0)
(400 5.30932e-15 0)
(400 1.04023e-14 0)
(400 -6.95698e-15 0)
(400 -4.40603e-15 0)
(400 3.31724e-15 0)
(400 1.81136e-14 0)
(400 1.12135e-14 0)
(400 2.15274e-14 0)
(400 -2.69372e-16 0)
(400 -1.30976e-14 0)
(400 -1.84088e-14 0)
(400 -1.5449e-14 0)
(400 -1.21512e-14 0)
(400 9.73697e-15 0)
(400 2.38927e-14 0)
(400 2.22993e-14 0)
(400 2.53126e-14 0)
(400 2.64931e-14 0)
(400 3.53918e-14 0)
(400 3.10044e-14 0)
(400 4.17377e-15 0)
(400 -3.34373e-14 0)
(400 -4.57158e-14 0)
(400 -4.55656e-14 0)
(400 -5.75777e-14 0)
(400 -6.47786e-14 0)
(400 -6.58044e-14 0)
(400 -7.10342e-14 0)
(400 -7.05333e-14 0)
(400 -6.84733e-14 0)
(400 -4.98738e-14 0)
(400 -2.53952e-14 0)
(400 4.86331e-15 0)
(400 2.14714e-14 0)
(400 3.33014e-14 0)
(400 4.32464e-14 0)
(400 2.62551e-14 0)
(400 1.53476e-14 0)
(400 2.97647e-14 0)
(400 1.61555e-14 0)
(400 1.05833e-14 0)
(400 1.5125e-14 0)
(400 1.36325e-14 0)
(400 1.59385e-14 0)
(400 7.20131e-15 0)
(400 9.2652e-15 0)
(400 -2.01178e-15 0)
(400 3.29138e-15 0)
(400 2.48704e-16 0)
(400 -1.01139e-14 0)
(400 -2.70551e-15 0)
(400 2.73981e-16 0)
(400 -1.20576e-15 0)
(400 -1.53431e-14 0)
(400 -2.2584e-14 0)
(400 -1.00203e-14 0)
(400 -7.23463e-15 0)
(400 -1.62726e-15 0)
(400 9.92599e-15 0)
(400 6.63709e-15 0)
(400 2.48617e-15 0)
(400 -3.27636e-15 0)
(400 9.28494e-15 0)
(400 3.09564e-14 0)
(400 1.38489e-14 0)
(400 1.00367e-14 0)
(400 1.90072e-14 0)
(400 2.05508e-14 0)
(400 3.43557e-14 0)
(400 1.80416e-14 0)
(400 1.16348e-14 0)
(400 7.6376e-15 0)
(400 -1.6092e-14 0)
(400 -3.03108e-14 0)
(400 -5.10962e-14 0)
(400 -6.60167e-14 0)
(400 -7.97341e-14 0)
(400 -8.57155e-14 0)
(400 -7.28537e-14 0)
(400 -6.74153e-14 0)
(400 -5.55905e-15 0)
(400 -7.62832e-15 0)
(400 -6.52198e-15 0)
(400 -3.28647e-15 0)
(400 -7.44727e-15 0)
(400 -1.105e-14 0)
(400 -1.65275e-14 0)
(400 -1.74874e-14 0)
(400 -2.13655e-14 0)
(400 -2.7186e-14 0)
(400 -2.37279e-14 0)
(400 -1.49546e-14 0)
(400 -9.73916e-15 0)
(400 -1.99197e-15 0)
(400 8.43659e-15 0)
(400 1.75785e-15 0)
(400 1.19943e-14 0)
(400 1.21592e-14 0)
(400 1.99e-15 0)
(400 5.83079e-15 0)
(400 1.88004e-14 0)
(400 2.33601e-14 0)
(400 1.97675e-14 0)
(400 3.46831e-14 0)
(400 2.33362e-14 0)
(400 3.63192e-14 0)
(400 4.70502e-14 0)
(400 4.52997e-14 0)
(400 3.39534e-14 0)
(400 3.4657e-14 0)
(400 5.17917e-14 0)
(400 7.30788e-14 0)
(400 6.04887e-14 0)
(400 5.68601e-14 0)
(400 6.63257e-14 0)
(400 5.68541e-14 0)
(400 4.66656e-14 0)
(400 3.78777e-14 0)
(400 3.53561e-14 0)
(400 3.01885e-14 0)
(400 1.89165e-14 0)
(400 6.06388e-15 0)
(400 6.9116e-15 0)
(400 -1.72315e-16 0)
(400 -6.31397e-15 0)
(400 -2.78705e-14 0)
(400 -2.68858e-14 0)
(400 -3.72553e-14 0)
(400 -2.98567e-14 0)
(400 -1.08433e-14 0)
(400 1.3482e-14 0)
(400 3.05462e-14 0)
(400 1.86312e-14 0)
(400 7.65311e-15 0)
(400 1.21328e-14 0)
(400 1.41796e-14 0)
(400 8.98565e-15 0)
(400 8.62986e-16 0)
(400 3.5999e-16 0)
(400 5.90746e-15 0)
(400 4.85729e-15 0)
(400 1.29483e-14 0)
(400 1.94099e-14 0)
(400 1.36998e-14 0)
(400 6.25203e-15 0)
(400 2.7821e-14 0)
(400 3.76474e-14 0)
(400 3.48039e-14 0)
(400 3.05954e-14 0)
(400 5.26747e-15 0)
(400 -1.38856e-14 0)
(400 -1.42787e-14 0)
(400 -7.97387e-15 0)
(400 -5.35207e-15 0)
(400 -2.62835e-15 0)
(400 1.42103e-15 0)
(400 1.45834e-15 0)
(400 2.05029e-14 0)
(400 3.57152e-14 0)
(400 3.52706e-14 0)
(400 5.61944e-14 0)
(400 5.71759e-14 0)
(400 5.13485e-14 0)
(400 4.66569e-14 0)
(400 2.55529e-14 0)
(400 2.08635e-14 0)
(400 2.75249e-14 0)
(400 2.30195e-14 0)
(400 2.56718e-14 0)
(400 1.43941e-15 0)
(400 -1.7784e-14 0)
(400 -3.35949e-14 0)
(400 -5.93514e-14 0)
(400 -5.99737e-14 0)
(400 -5.70905e-14 0)
(400 -6.26624e-14 0)
(400 -5.62117e-14 0)
(400 -6.57738e-14 0)
(400 -7.07913e-14 0)
(400 -7.24535e-14 0)
(400 -5.15554e-14 0)
(400 -3.186e-14 0)
(400 -3.05602e-14 0)
(400 -2.74671e-14 0)
(400 -1.46491e-14 0)
(400 -9.74332e-15 0)
(400 2.38207e-15 0)
(400 2.03204e-14 0)
(400 2.64826e-14 0)
(400 1.37995e-14 0)
(400 -1.24491e-14 0)
(400 -2.2871e-14 0)
(400 -1.34458e-14 0)
(400 -7.82674e-15 0)
(400 -2.70962e-14 0)
(400 -4.78388e-14 0)
(400 -6.02422e-14 0)
(400 -4.12573e-14 0)
(400 -1.87644e-14 0)
(400 -1.94525e-14 0)
(400 -1.18723e-14 0)
(400 1.32985e-15 0)
(400 6.08742e-15 0)
(400 2.83695e-14 0)
(400 3.8882e-14 0)
(400 4.64003e-14 0)
(400 4.65657e-14 0)
(400 4.19821e-14 0)
(400 4.70006e-14 0)
(400 2.20477e-14 0)
(400 -8.34076e-15 0)
(400 -5.48628e-15 0)
(400 1.55249e-14 0)
(400 2.44648e-14 0)
(400 2.37112e-14 0)
(400 1.46052e-14 0)
(400 4.5264e-15 0)
(400 6.76265e-16 0)
(400 -5.70158e-15 0)
(400 -2.02221e-14 0)
(400 -3.89568e-14 0)
(400 -4.61029e-14 0)
(400 -6.46388e-14 0)
(400 -8.39608e-14 0)
(400 -9.32329e-14 0)
(400 -7.46197e-14 0)
(400 -6.4502e-14 0)
(400 -7.84174e-14 0)
(400 -8.30978e-14 0)
(400 -9.72743e-14 0)
(400 -7.01183e-14 0)
(400 -5.58454e-14 0)
(400 -4.4136e-14 0)
(400 -3.93212e-14 0)
(400 -4.74621e-14 0)
(400 -2.69484e-14 0)
(400 -3.12257e-15 0)
(400 9.0269e-15 0)
(400 5.23528e-15 0)
(400 -2.21828e-14 0)
(400 -3.87694e-14 0)
(400 -2.85337e-14 0)
(400 -7.47261e-15 0)
(400 -1.19888e-14 0)
(400 -2.63459e-14 0)
(400 -4.05275e-14 0)
(400 -3.86287e-14 0)
(400 -8.38686e-15 0)
(400 -5.85725e-15 0)
(400 -2.013e-14 0)
(400 -4.3391e-14 0)
(400 -4.45333e-14 0)
(400 -2.72168e-14 0)
(400 -4.83502e-14 0)
(400 -5.43549e-14 0)
(400 -4.07169e-14 0)
(400 -2.26396e-14 0)
(400 -4.27301e-15 0)
(400 -6.87056e-15 0)
(400 -1.93127e-14 0)
(400 -2.79799e-14 0)
(400 -1.77841e-14 0)
(400 -6.41033e-15 0)
(400 -1.14948e-16 0)
(400 1.95932e-15 0)
(400 4.45189e-15 0)
(400 9.68505e-15 0)
(400 3.56483e-15 0)
(400 2.09821e-15 0)
(400 -1.96994e-14 0)
(400 -3.66264e-14 0)
(400 -4.92432e-14 0)
(400 -6.32768e-14 0)
(400 -7.60181e-14 0)
(400 -7.6616e-14 0)
(400 -8.10375e-14 0)
(400 -7.27526e-14 0)
(400 -7.20083e-14 0)
(400 -8.27016e-14 0)
(400 -7.33273e-14 0)
(400 -2.36242e-15 0)
(400 7.09499e-15 0)
(400 1.04859e-14 0)
(400 1.05159e-14 0)
(400 -9.92084e-15 0)
(400 -1.86118e-14 0)
(400 -2.80811e-15 0)
(400 -1.02946e-14 0)
(400 8.97773e-15 0)
(400 9.82091e-15 0)
(400 -1.44103e-14 0)
(400 -1.88167e-14 0)
(400 8.94126e-15 0)
(400 3.19313e-14 0)
(400 2.60714e-14 0)
(400 3.03181e-14 0)
(400 3.87129e-14 0)
(400 2.77741e-14 0)
(400 9.76991e-15 0)
(400 1.22823e-15 0)
(400 -2.09614e-14 0)
(400 -3.74115e-14 0)
(400 -3.14458e-14 0)
(400 -2.78494e-14 0)
(400 -4.18972e-14 0)
(400 -2.8186e-14 0)
(400 -2.07454e-15 0)
(400 1.91935e-14 0)
(400 2.16447e-14 0)
(400 1.61939e-14 0)
(400 3.6384e-14 0)
(400 6.91167e-14 0)
(400 7.33574e-14 0)
(400 6.31024e-14 0)
(400 5.66478e-14 0)
(400 3.87164e-14 0)
(400 3.41949e-14 0)
(400 2.60347e-14 0)
(400 2.0716e-14 0)
(400 1.158e-14 0)
(400 1.05454e-14 0)
(400 -3.94908e-15 0)
(400 -1.41967e-14 0)
(400 -2.69168e-14 0)
(400 -3.68753e-14 0)
(400 -4.79815e-14 0)
(400 -3.56548e-14 0)
(400 -2.06444e-14 0)
(400 1.41402e-15 0)
(400 2.74692e-14 0)
(400 2.98266e-14 0)
(400 1.84636e-14 0)
(400 1.87835e-14 0)
(400 1.04753e-14 0)
(400 1.24604e-14 0)
(400 2.62081e-14 0)
(400 1.53512e-14 0)
(400 3.86252e-15 0)
(400 -1.98396e-15 0)
(400 -1.85654e-14 0)
(400 -2.06508e-14 0)
(400 -2.63259e-14 0)
(400 -1.21336e-14 0)
(400 -2.26338e-14 0)
(400 -2.3549e-14 0)
(400 1.55778e-14 0)
(400 2.20146e-14 0)
(400 2.81224e-14 0)
(400 1.6695e-14 0)
(400 5.03901e-18 0)
(400 3.97064e-15 0)
(400 9.35665e-15 0)
(400 1.79253e-14 0)
(400 2.65682e-14 0)
(400 2.7609e-14 0)
(400 3.71752e-14 0)
(400 5.12549e-14 0)
(400 5.85155e-14 0)
(400 5.15562e-14 0)
(400 3.87833e-14 0)
(400 3.86286e-14 0)
(400 3.54889e-14 0)
(400 2.35109e-14 0)
(400 2.21498e-14 0)
(400 1.82842e-14 0)
(400 9.9341e-15 0)
(400 1.30035e-14 0)
(400 1.47522e-14 0)
(400 1.22903e-14 0)
(400 3.84768e-15 0)
(400 4.03972e-16 0)
(400 -1.23845e-14 0)
(400 -4.24657e-14 0)
(400 -5.69038e-14 0)
(400 -5.15306e-14 0)
(400 -4.76246e-14 0)
(400 -3.92723e-14 0)
(400 -3.86618e-14 0)
(400 -3.07098e-14 0)
(400 -2.31531e-14 0)
(400 -2.91559e-14 0)
(400 -2.86055e-14 0)
(400 -3.57362e-14 0)
(400 -2.68953e-14 0)
(400 -3.39212e-14 0)
(400 -2.42179e-14 0)
(400 -8.13739e-15 0)
(400 -1.22813e-14 0)
(400 -8.37998e-15 0)
(400 -2.20625e-15 0)
(400 -7.95953e-15 0)
(400 -3.485e-14 0)
(400 -5.10156e-14 0)
(400 -3.91858e-14 0)
(400 -3.67621e-14 0)
(400 -3.75061e-14 0)
(400 -3.05608e-14 0)
(400 -1.17949e-14 0)
(400 6.16224e-15 0)
(400 1.66681e-14 0)
(400 2.30873e-14 0)
(400 3.41275e-14 0)
(400 4.34167e-14 0)
(400 5.96937e-14 0)
(400 9.57249e-14 0)
(400 8.92579e-14 0)
(400 6.39903e-14 0)
(400 5.08411e-14 0)
(400 6.19872e-14 0)
(400 5.99608e-14 0)
(400 5.7226e-14 0)
(400 5.8998e-14 0)
(400 6.19634e-14 0)
(400 6.21058e-14 0)
(400 4.86357e-14 0)
(400 5.31246e-14 0)
(400 5.16153e-14 0)
(400 3.9078e-14 0)
(400 2.80238e-14 0)
(400 1.56329e-14 0)
(400 1.92845e-14 0)
(400 1.75473e-14 0)
(400 -5.75987e-16 0)
(400 -1.11049e-14 0)
(400 -1.16121e-14 0)
(400 -1.90142e-15 0)
(400 1.16096e-14 0)
(400 2.4181e-14 0)
(400 2.99611e-14 0)
(400 1.44535e-14 0)
(400 1.24569e-14 0)
(400 1.09132e-14 0)
(400 -3.45263e-15 0)
(400 -8.09066e-15 0)
(400 -1.96236e-14 0)
(400 -1.43337e-14 0)
(400 1.6641e-14 0)
(400 2.92277e-14 0)
(400 1.93581e-14 0)
(400 1.63522e-14 0)
(400 1.71649e-14 0)
(400 2.88033e-14 0)
(400 3.64203e-14 0)
(400 1.56203e-14 0)
(400 -1.33055e-14 0)
(400 -3.0723e-14 0)
(400 -3.26207e-14 0)
(400 -3.01848e-14 0)
(400 -2.96316e-14 0)
(400 -3.93158e-14 0)
(400 -4.0112e-14 0)
(400 -4.19267e-14 0)
(400 -3.95711e-14 0)
(400 -3.69317e-14 0)
(400 -3.25995e-14 0)
(400 -1.14118e-14 0)
(400 2.60452e-15 0)
(400 -4.37369e-15 0)
(400 -2.49509e-14 0)
(400 -4.18053e-14 0)
(400 -4.09314e-14 0)
(400 -3.61984e-14 0)
(400 -2.91764e-14 0)
(400 -3.06583e-14 0)
(400 -2.27175e-14 0)
(400 -4.58834e-16 0)
(400 1.61508e-14 0)
(400 3.04507e-14 0)
(400 1.67064e-14 0)
(400 1.10969e-14 0)
(400 2.38158e-14 0)
(400 1.83902e-14 0)
(400 1.03263e-14 0)
(400 -5.67332e-15 0)
(400 -1.08413e-14 0)
(400 1.95037e-15 0)
(400 1.73789e-14 0)
(400 8.45105e-15 0)
(400 -2.18823e-14 0)
(400 -3.48166e-14 0)
(400 9.25574e-15 0)
(400 2.34761e-14 0)
(400 2.92223e-14 0)
(400 2.12252e-14 0)
(400 1.65393e-14 0)
(400 2.16453e-14 0)
(400 1.86163e-14 0)
(400 -5.81564e-15 0)
(400 6.50296e-16 0)
(400 -9.68153e-17 0)
(400 -1.65316e-14 0)
(400 -1.71518e-14 0)
(400 -6.95353e-15 0)
(400 1.3948e-14 0)
(400 1.19069e-14 0)
(400 1.2022e-15 0)
(400 -3.54804e-15 0)
(400 -1.81549e-14 0)
(400 -2.81438e-14 0)
(400 -2.33494e-14 0)
(400 -4.19273e-14 0)
(400 -6.08365e-14 0)
(400 -5.69813e-14 0)
(400 -4.85251e-14 0)
(400 -5.35421e-14 0)
(400 -7.5289e-14 0)
(400 -6.84355e-14 0)
(400 -5.3687e-14 0)
(400 -4.9857e-14 0)
(400 -3.37993e-14 0)
(400 -1.67422e-14 0)
(400 -1.84376e-14 0)
(400 1.2151e-14 0)
(400 4.1362e-14 0)
(400 3.73582e-14 0)
(400 2.74347e-14 0)
(400 4.33124e-14 0)
(400 6.1811e-14 0)
(400 7.4013e-14 0)
(400 5.23259e-14 0)
(400 2.77386e-14 0)
(400 1.19025e-14 0)
(400 1.46652e-15 0)
(400 2.99275e-15 0)
(400 -1.86336e-14 0)
(400 -2.84507e-14 0)
(400 -3.52681e-14 0)
(400 -1.52865e-14 0)
(400 4.34178e-15 0)
(400 2.21388e-14 0)
(400 1.16689e-14 0)
(400 -7.03329e-15 0)
(400 1.04094e-15 0)
(400 1.25448e-14 0)
(400 1.76349e-14 0)
(400 7.15815e-15 0)
(400 -1.26759e-14 0)
(400 -2.52908e-14 0)
(400 -3.30036e-14 0)
(400 -4.28545e-14 0)
(400 -6.45779e-14 0)
(400 -8.68971e-14 0)
(400 -7.72634e-14 0)
(400 -6.42451e-14 0)
(400 -5.35972e-14 0)
(400 -3.66533e-14 0)
(400 -3.34086e-14 0)
(400 -3.24029e-14 0)
(400 -3.27274e-14 0)
(400 -2.556e-14 0)
(400 -7.7015e-15 0)
(400 3.44513e-15 0)
(400 9.57355e-15 0)
(400 1.17616e-14 0)
(400 9.94949e-15 0)
(400 2.57847e-14 0)
(400 3.88356e-14 0)
(400 3.25492e-14 0)
(400 3.29953e-14 0)
(400 4.88414e-15 0)
(400 -6.7051e-15 0)
(400 -7.88862e-15 0)
(400 -2.16769e-14 0)
(400 -4.02676e-14 0)
(400 -2.46662e-14 0)
(400 8.36544e-16 0)
(400 -1.18341e-15 0)
(400 5.64163e-15 0)
(400 -1.65803e-14 0)
(400 -2.11746e-14 0)
(400 7.90333e-17 0)
(400 1.18069e-14 0)
(400 -5.13505e-15 0)
(400 -4.17862e-14 0)
(400 -5.11863e-14 0)
(400 -4.12658e-14 0)
(400 -3.36595e-14 0)
(400 -1.95619e-14 0)
(400 -2.99543e-14 0)
(400 -1.6827e-14 0)
(400 -1.61402e-15 0)
(400 -1.36236e-14 0)
(400 -2.72154e-14 0)
(400 -4.51512e-14 0)
(400 -6.25435e-14 0)
(400 -7.61116e-14 0)
(400 -7.00408e-14 0)
(400 -6.70953e-14 0)
(400 -7.26553e-14 0)
(400 -5.66613e-14 0)
(400 -3.75234e-14 0)
(400 -3.87587e-14 0)
(400 -4.09388e-14 0)
(400 -6.06086e-14 0)
(400 -5.73721e-14 0)
(400 -3.76787e-14 0)
(400 -2.04308e-14 0)
(400 -1.30836e-14 0)
(400 -1.2422e-14 0)
(400 4.21719e-15 0)
(400 1.82022e-14 0)
(400 3.9287e-14 0)
(400 6.28938e-14 0)
(400 6.70649e-14 0)
(400 7.59757e-14 0)
(400 5.76604e-14 0)
(400 4.75545e-14 0)
(400 4.52336e-14 0)
(400 4.04312e-14 0)
(400 6.11101e-14 0)
(400 7.87011e-14 0)
(400 7.4826e-14 0)
(400 6.40944e-14 0)
(400 4.35071e-14 0)
(400 3.43667e-14 0)
(400 2.94565e-14 0)
(400 2.70593e-14 0)
(400 8.78072e-16 0)
(400 -2.49313e-14 0)
(400 -4.80272e-14 0)
(400 -5.29525e-14 0)
(400 -7.19438e-14 0)
(400 -7.26195e-14 0)
(400 -8.03462e-14 0)
(400 -7.77877e-14 0)
(400 -8.4095e-14 0)
(400 -7.98329e-14 0)
(400 -5.41133e-14 0)
(400 -3.8898e-14 0)
(400 -2.36152e-14 0)
(400 -3.70004e-14 0)
(400 -3.16903e-14 0)
(400 -2.38966e-14 0)
(400 -2.31481e-14 0)
(400 -1.51848e-14 0)
(400 -2.29903e-14 0)
(400 -2.68302e-14 0)
(400 -3.66442e-14 0)
(400 -4.53789e-14 0)
(400 -2.33801e-14 0)
(400 -1.46381e-14 0)
(400 -2.40569e-14 0)
(400 -3.19876e-14 0)
(400 -4.07251e-14 0)
(400 -3.96919e-14 0)
(400 -4.22414e-14 0)
(400 -4.92393e-14 0)
(400 -6.13188e-14 0)
(400 -5.30219e-14 0)
(400 -3.26723e-14 0)
(400 -7.24714e-15 0)
(400 -4.97673e-15 0)
(400 -1.61633e-14 0)
(400 3.76629e-15 0)
(400 2.64305e-14 0)
(400 4.48364e-14 0)
(400 3.3069e-14 0)
(400 4.90998e-15 0)
(400 -3.60567e-15 0)
(400 -1.89413e-15 0)
(400 -8.63186e-15 0)
(400 -1.33791e-14 0)
(400 -4.15837e-15 0)
(400 -5.3157e-16 0)
(400 1.72311e-14 0)
(400 2.40747e-14 0)
(400 2.77503e-14 0)
(400 4.13548e-14 0)
(400 2.69551e-14 0)
(400 2.1803e-14 0)
(400 3.84329e-14 0)
(400 4.93048e-14 0)
(400 5.73499e-14 0)
(400 5.3166e-14 0)
(400 5.57849e-14 0)
(400 5.99364e-14 0)
(400 5.83994e-14 0)
(400 4.57266e-14 0)
(400 2.24831e-14 0)
(400 -4.21191e-15 0)
(400 1.39036e-15 0)
(400 1.97523e-15 0)
(400 1.71198e-15 0)
(400 -6.45521e-15 0)
(400 8.27569e-15 0)
(400 2.89023e-14 0)
(400 2.25609e-14 0)
(400 4.48562e-15 0)
(400 -1.59423e-14 0)
(400 -1.78443e-14 0)
(400 -9.02713e-15 0)
(400 -5.89745e-15 0)
(400 -2.83026e-15 0)
(400 -6.42436e-15 0)
(400 -1.2242e-14 0)
(400 5.77509e-15 0)
(400 6.34024e-15 0)
(400 -2.33552e-15 0)
(400 -9.86331e-15 0)
(400 -3.23564e-14 0)
(400 -2.19512e-14 0)
(400 -9.40569e-15 0)
(400 -1.57745e-14 0)
(400 -3.22391e-14 0)
(400 -2.51134e-14 0)
(400 -4.0992e-14 0)
(400 -5.85151e-14 0)
(400 -6.42751e-14 0)
(400 -5.49528e-14 0)
(400 -4.68888e-14 0)
(400 -4.38738e-14 0)
(400 -5.13978e-14 0)
(400 -2.97642e-14 0)
(400 2.05495e-15 0)
(400 1.26859e-14 0)
(400 1.50203e-14 0)
(400 2.48708e-14 0)
(400 3.89448e-14 0)
(400 5.64683e-14 0)
(400 4.21519e-14 0)
(400 3.32206e-14 0)
(400 3.00287e-14 0)
(400 2.12253e-14 0)
(400 3.41288e-14 0)
(400 4.33192e-14 0)
(400 3.79534e-14 0)
(400 2.06902e-14 0)
(400 1.88476e-14 0)
(400 2.7876e-14 0)
(400 3.97086e-14 0)
(400 4.0505e-14 0)
(400 4.00115e-14 0)
(400 4.0587e-14 0)
(400 6.10794e-14 0)
(400 7.0225e-14 0)
(400 3.5442e-14 0)
(400 7.20714e-15 0)
(400 3.84685e-16 0)
(400 -6.06606e-15 0)
(400 -1.76584e-14 0)
(400 -5.27391e-14 0)
(400 -6.41666e-14 0)
(400 -6.93916e-14 0)
(400 -5.29875e-14 0)
(400 -2.69316e-14 0)
(400 -1.71055e-14 0)
(400 -9.68873e-15 0)
(400 -7.79686e-15 0)
(400 2.55403e-15 0)
(400 1.30902e-14 0)
(400 1.88896e-14 0)
(400 3.58064e-14 0)
(400 3.40924e-14 0)
(400 3.94331e-14 0)
(400 2.87964e-14 0)
(400 2.21592e-14 0)
(400 2.49743e-14 0)
(400 1.50544e-14 0)
(400 7.55504e-15 0)
(400 -1.84691e-14 0)
(400 -3.34077e-14 0)
(400 -2.88111e-14 0)
(400 -2.58289e-14 0)
(400 -3.56589e-14 0)
(400 -3.54518e-14 0)
(400 -1.7443e-14 0)
(400 -8.31564e-15 0)
(400 -4.99355e-15 0)
(400 -2.94263e-14 0)
(400 -2.27687e-14 0)
(400 -9.57912e-15 0)
(400 -1.37279e-14 0)
(400 -1.64145e-14 0)
(400 -3.59984e-14 0)
(400 -5.76267e-14 0)
(400 -6.15957e-14 0)
(400 -4.93235e-14 0)
(400 -4.93896e-14 0)
(400 -5.77449e-14 0)
(400 -5.7469e-14 0)
(400 -3.51394e-14 0)
(400 -1.73701e-14 0)
(400 -9.39395e-15 0)
(400 -3.31662e-14 0)
(400 -5.1314e-14 0)
(400 -4.97348e-14 0)
(400 -5.89702e-14 0)
(400 -5.24253e-14 0)
(400 -6.36769e-14 0)
(400 -6.21355e-14 0)
(400 -4.44475e-14 0)
(400 -4.18642e-14 0)
(400 -4.80655e-14 0)
(400 -6.115e-14 0)
(400 -5.87723e-14 0)
(400 -2.65803e-14 0)
(400 -6.22326e-15 0)
(400 -1.69317e-14 0)
(400 -2.35701e-14 0)
(400 -2.14456e-14 0)
(400 -1.25268e-14 0)
(400 5.88874e-16 0)
(400 1.30285e-14 0)
(400 1.80171e-14 0)
(400 1.09651e-14 0)
(400 2.40181e-14 0)
(400 5.36265e-14 0)
(400 7.13333e-14 0)
(400 9.09668e-14 0)
(400 1.00277e-13 0)
(400 9.57941e-14 0)
(400 8.15386e-14 0)
(400 7.00227e-14 0)
(400 6.30562e-14 0)
(400 5.54191e-14 0)
(400 5.28006e-14 0)
(400 6.00967e-14 0)
(400 6.15079e-14 0)
(400 3.0755e-14 0)
(400 -2e-15 0)
(400 -2.62867e-14 0)
(400 -4.11474e-14 0)
(400 -3.60666e-14 0)
(400 -3.00179e-14 0)
(400 -2.30897e-14 0)
(400 -3.98656e-14 0)
(400 -4.17734e-14 0)
(400 -3.96199e-14 0)
(400 -4.54918e-14 0)
(400 -3.31296e-14 0)
(400 -3.21209e-14 0)
(400 -2.7853e-14 0)
(400 -2.46464e-14 0)
(400 -2.22695e-14 0)
(400 -2.1095e-14 0)
(400 -3.2613e-14 0)
(400 -4.60669e-14 0)
(400 -5.62255e-14 0)
(400 -6.13436e-14 0)
(400 -5.85617e-14 0)
(400 -5.80555e-14 0)
(400 -6.89308e-14 0)
(400 -8.39954e-14 0)
(400 -7.47296e-14 0)
(400 -6.23684e-14 0)
(400 -4.97625e-14 0)
(400 -4.43565e-14 0)
(400 -4.21695e-14 0)
(400 -2.88421e-14 0)
(400 -1.08899e-14 0)
(400 5.69134e-15 0)
(400 1.45838e-14 0)
(400 2.47484e-14 0)
(400 1.87546e-14 0)
(400 1.80538e-14 0)
(400 7.09064e-15 0)
(400 -8.67748e-15 0)
(400 -1.99534e-14 0)
(400 -1.61763e-14 0)
(400 -7.32933e-15 0)
(400 2.16926e-15 0)
(400 7.75917e-15 0)
(400 2.2508e-14 0)
(400 2.08905e-14 0)
(400 2.43787e-14 0)
(400 2.43399e-14 0)
(400 3.90642e-14 0)
(400 4.542e-14 0)
(400 4.82114e-14 0)
(400 5.9195e-14 0)
(400 5.2846e-14 0)
(400 5.41228e-14 0)
(400 5.10566e-14 0)
(400 5.4476e-14 0)
(400 7.2099e-14 0)
(400 9.40067e-14 0)
(400 9.84674e-14 0)
(400 8.24942e-14 0)
(400 7.11931e-14 0)
(400 5.51691e-14 0)
(400 5.48856e-15 0)
(400 -1.96771e-15 0)
(400 4.06738e-16 0)
(400 1.13865e-14 0)
(400 1.99815e-14 0)
(400 2.92196e-14 0)
(400 4.24704e-14 0)
(400 6.91653e-14 0)
(400 4.98555e-14 0)
(400 4.12835e-14 0)
(400 3.64373e-14 0)
(400 2.57304e-14 0)
(400 2.01971e-14 0)
(400 1.57411e-14 0)
(400 -1.70529e-15 0)
(400 7.81354e-15 0)
(400 7.19069e-15 0)
(400 1.34082e-14 0)
(400 1.4809e-14 0)
(400 -1.20616e-15 0)
(400 -3.439e-15 0)
(400 3.85439e-15 0)
(400 -8.31623e-15 0)
(400 -3.33305e-14 0)
(400 -3.95033e-14 0)
(400 -4.56407e-14 0)
(400 -5.08708e-14 0)
(400 -4.86795e-14 0)
(400 -2.26196e-14 0)
(400 -2.3197e-14 0)
(400 -4.00175e-14 0)
(400 -3.9677e-14 0)
(400 -4.11328e-14 0)
(400 -3.16083e-14 0)
(400 -8.38715e-15 0)
(400 7.97676e-15 0)
(400 2.85491e-14 0)
(400 3.35539e-14 0)
(400 2.3147e-14 0)
(400 2.53109e-14 0)
(400 1.85968e-14 0)
(400 1.7639e-14 0)
(400 9.21133e-15 0)
(400 -1.80811e-15 0)
(400 1.55658e-14 0)
(400 1.62456e-14 0)
(400 6.0972e-15 0)
(400 1.48758e-14 0)
(400 1.87663e-14 0)
(400 2.20521e-14 0)
(400 2.86963e-14 0)
(400 2.97281e-14 0)
(400 3.45652e-14 0)
(400 4.24119e-14 0)
(400 3.78747e-14 0)
(400 2.17697e-14 0)
(400 2.87644e-15 0)
(400 -4.59748e-15 0)
(400 -1.34651e-14 0)
(400 -2.90787e-14 0)
(400 -4.56872e-14 0)
(400 -5.88346e-14 0)
(400 -8.04083e-14 0)
(400 -9.80878e-14 0)
(400 -8.40085e-14 0)
(400 -7.01582e-14 0)
(400 -5.54883e-14 0)
(400 -4.89367e-14 0)
(400 -3.97085e-14 0)
(400 -1.98619e-14 0)
(400 -5.1032e-15 0)
(400 -3.84258e-15 0)
(400 1.00772e-14 0)
(400 2.3057e-14 0)
(400 1.46837e-14 0)
(400 -1.09441e-14 0)
(400 -1.8358e-14 0)
(400 -1.76202e-14 0)
(400 -4.60046e-14 0)
(400 -4.84811e-14 0)
(400 -7.1024e-14 0)
(400 -8.79829e-14 0)
(400 -7.70713e-14 0)
(400 -5.88373e-14 0)
(400 -5.56048e-14 0)
(400 -5.71422e-14 0)
(400 -3.65792e-14 0)
(400 -3.63457e-14 0)
(400 -2.33108e-14 0)
(400 -8.73762e-15 0)
(400 -1.68474e-14 0)
(400 -3.04459e-14 0)
(400 -1.74526e-14 0)
(400 1.11248e-15 0)
(400 -1.51865e-14 0)
(400 -2.92379e-14 0)
(400 -2.64907e-14 0)
(400 -3.00246e-14 0)
(400 -1.40967e-14 0)
(400 -2.08127e-14 0)
(400 -1.99591e-14 0)
(400 -4.00087e-15 0)
(400 2.17491e-15 0)
(400 -4.57306e-15 0)
(400 -5.60054e-17 0)
(400 2.349e-15 0)
(400 -2.716e-14 0)
(400 -3.52965e-14 0)
(400 -3.07929e-14 0)
(400 -2.55684e-14 0)
(400 -1.8561e-14 0)
(400 -3.88268e-14 0)
(400 -5.52874e-14 0)
(400 -3.52495e-14 0)
(400 -1.83983e-14 0)
(400 -1.61707e-14 0)
(400 -2.66389e-14 0)
(400 -3.12164e-14 0)
(400 -1.39229e-14 0)
(400 -8.24473e-15 0)
(400 -5.15029e-15 0)
(400 -1.55132e-14 0)
(400 -2.48485e-14 0)
(400 -1.60793e-14 0)
(400 -7.76356e-15 0)
(400 2.16459e-14 0)
(400 4.29715e-14 0)
(400 6.5604e-14 0)
(400 1.00084e-13 0)
(400 9.79352e-14 0)
(400 8.4099e-14 0)
(400 5.7475e-14 0)
(400 3.73033e-14 0)
(400 3.87659e-14 0)
(400 2.85492e-14 0)
(400 2.15345e-14 0)
(400 1.28395e-14 0)
(400 1.65709e-14 0)
(400 8.72406e-15 0)
(400 -8.40519e-15 0)
(400 -2.9795e-14 0)
(400 -3.92741e-14 0)
(400 -4.17773e-14 0)
(400 -1.76933e-14 0)
(400 -1.67637e-14 0)
(400 -2.71081e-14 0)
(400 -1.59263e-14 0)
(400 -5.97905e-15 0)
(400 -2.68949e-15 0)
(400 2.11241e-15 0)
(400 6.6019e-15 0)
(400 8.58075e-15 0)
(400 2.30879e-15 0)
(400 4.15302e-15 0)
(400 7.64525e-15 0)
(400 -8.0107e-15 0)
(400 -3.46988e-14 0)
(400 -3.55814e-14 0)
(400 -3.49252e-14 0)
(400 -6.01382e-14 0)
(400 -7.20835e-14 0)
(400 -7.06359e-14 0)
(400 -7.39816e-14 0)
(400 -7.52327e-14 0)
(400 -7.96976e-14 0)
(400 -5.85277e-14 0)
(400 -5.12267e-14 0)
(400 -5.36717e-14 0)
(400 -5.20592e-14 0)
(400 -4.6575e-14 0)
(400 -3.38238e-14 0)
(400 -2.93279e-15 0)
(400 1.56703e-14 0)
(400 1.2943e-15 0)
(400 -6.6968e-15 0)
(400 -1.33872e-14 0)
(400 -1.16418e-14 0)
(400 -4.68733e-15 0)
(400 -6.50994e-15 0)
(400 -7.26446e-15 0)
(400 -9.62843e-17 0)
(400 1.60021e-14 0)
(400 1.39511e-14 0)
(400 5.03822e-15 0)
(400 -8.39326e-16 0)
(400 -7.0946e-15 0)
(400 7.44451e-15 0)
(400 9.16412e-15 0)
(400 1.48171e-14 0)
(400 4.08656e-14 0)
(400 4.11589e-14 0)
(400 2.47492e-14 0)
(400 5.53892e-15 0)
(400 4.32367e-15 0)
(400 1.58748e-14 0)
(400 4.34087e-14 0)
(400 6.09446e-14 0)
(400 5.48165e-14 0)
(400 4.89968e-14 0)
(400 4.28286e-14 0)
(400 3.45661e-14 0)
(400 3.61221e-14 0)
(400 2.24513e-14 0)
(400 1.84794e-14 0)
(400 1.44815e-14 0)
(400 -1.10246e-15 0)
(400 -7.22267e-15 0)
(400 -6.535e-16 0)
(400 1.95563e-15 0)
(400 3.9025e-15 0)
(400 8.2728e-15 0)
(400 -4.88986e-15 0)
(400 -1.87122e-14 0)
(400 -2.01489e-14 0)
(400 -1.44819e-14 0)
(400 -2.14469e-14 0)
(400 -1.74431e-14 0)
(400 1.91485e-15 0)
(400 2.58482e-14 0)
(400 4.18195e-14 0)
(400 2.21954e-14 0)
(400 1.54757e-14 0)
(400 9.21079e-15 0)
(400 -2.8509e-16 0)
(400 -8.22893e-15 0)
(400 -2.65823e-14 0)
(400 -3.91969e-14 0)
(400 -5.93022e-14 0)
(400 -6.08185e-14 0)
(400 -4.00082e-14 0)
(400 -4.80762e-14 0)
(400 -6.19247e-14 0)
(400 -6.92458e-14 0)
(400 -6.24239e-14 0)
(400 -3.525e-14 0)
(400 -6.61812e-15 0)
(400 1.59403e-14 0)
(400 2.86477e-14 0)
(400 3.03081e-14 0)
(400 4.54979e-14 0)
(400 2.89916e-14 0)
(400 3.12928e-14 0)
(400 2.18072e-14 0)
(400 4.08431e-15 0)
(400 1.27092e-14 0)
(400 2.08034e-14 0)
(400 2.5224e-14 0)
(400 3.80536e-14 0)
(400 3.57221e-14 0)
(400 3.53129e-14 0)
(400 3.04167e-14 0)
(400 1.50466e-14 0)
(400 9.7504e-15 0)
(400 1.68076e-15 0)
(400 -6.96611e-15 0)
(400 -2.062e-14 0)
(400 -2.12224e-14 0)
(400 -2.06967e-14 0)
(400 -2.32216e-14 0)
(400 -2.99947e-14 0)
(400 -2.16788e-14 0)
(400 -2.03644e-14 0)
(400 -4.48683e-14 0)
(400 -7.40867e-14 0)
(400 -8.72565e-14 0)
(400 -8.82807e-14 0)
(400 -8.1015e-14 0)
(400 -6.9565e-14 0)
(400 -4.81494e-14 0)
(400 -1.90106e-14 0)
(400 1.23066e-14 0)
(400 1.78218e-14 0)
(400 2.97205e-14 0)
(400 2.54685e-14 0)
(400 1.53122e-14 0)
(400 -3.74238e-15 0)
(400 -2.03027e-14 0)
(400 -3.40583e-14 0)
(400 -6.41282e-14 0)
(400 -6.13707e-14 0)
(400 -7.44665e-14 0)
(400 -1.00313e-13 0)
(400 -1.07815e-13 0)
(400 -9.29236e-14 0)
(400 -6.82642e-14 0)
(400 -5.93828e-14 0)
(400 -5.13479e-14 0)
(400 -3.75224e-14 0)
(400 -1.73556e-15 0)
(400 5.26924e-15 0)
(400 -4.46388e-15 0)
(400 -8.92323e-15 0)
(400 -5.22028e-15 0)
(400 8.84347e-15 0)
(400 1.42509e-14 0)
(400 1.09994e-14 0)
(400 6.01113e-15 0)
(400 1.38445e-14 0)
(400 2.85234e-14 0)
(400 3.96968e-14 0)
(400 2.86587e-14 0)
(400 6.73247e-15 0)
(400 -6.2145e-15 0)
(400 -2.38151e-14 0)
(400 -3.32647e-14 0)
(400 -6.61057e-14 0)
(400 -9.9104e-14 0)
(400 -1.1458e-13 0)
(400 -1.09152e-13 0)
(400 -8.93241e-14 0)
(400 -9.24917e-14 0)
(400 -9.80647e-14 0)
(400 -8.68648e-14 0)
(400 -6.27351e-14 0)
(400 -5.9149e-14 0)
(400 -6.63547e-14 0)
(400 -7.49098e-14 0)
(400 -6.80836e-14 0)
(400 -5.58334e-14 0)
(400 -4.6441e-14 0)
(400 -4.32019e-14 0)
(400 -5.02357e-14 0)
(400 -3.52322e-14 0)
(400 -2.20803e-14 0)
(400 -1.60976e-14 0)
(400 -6.6064e-15 0)
(400 1.62996e-16 0)
(400 1.89399e-14 0)
(400 2.75387e-14 0)
(400 1.9717e-14 0)
(400 1.11064e-14 0)
(400 -3.83268e-15 0)
(400 -8.02785e-16 0)
(400 1.20716e-15 0)
(400 9.90134e-15 0)
(400 1.93062e-15 0)
(400 -1.66565e-14 0)
(400 -2.46054e-14 0)
(400 -9.91854e-15 0)
(400 -5.0493e-15 0)
(400 -1.5934e-14 0)
(400 -9.79086e-15 0)
(400 -1.17601e-14 0)
(400 1.08903e-15 0)
(400 2.04072e-15 0)
(400 -1.86232e-15 0)
(400 4.30435e-15 0)
(400 1.91671e-14 0)
(400 2.03344e-14 0)
(400 4.2286e-14 0)
(400 5.0958e-14 0)
(400 4.85874e-14 0)
(400 5.15377e-14 0)
(400 4.70072e-14 0)
(400 4.11627e-14 0)
(400 2.10298e-14 0)
(400 2.03561e-16 0)
(400 7.36302e-15 0)
(400 3.7979e-15 0)
(400 -2.69824e-14 0)
(400 -5.79344e-14 0)
(400 -7.19532e-14 0)
(400 -7.34078e-14 0)
(400 -8.84917e-14 0)
(400 -8.86799e-14 0)
(400 -7.73902e-14 0)
(400 -6.84632e-14 0)
(400 -6.99789e-14 0)
(400 -7.13147e-14 0)
(400 -5.24585e-14 0)
(400 -4.45844e-14 0)
(400 -3.6446e-14 0)
(400 -4.85233e-14 0)
(400 -3.51625e-14 0)
(400 -2.84062e-14 0)
(400 -4.50755e-14 0)
(400 -4.7367e-14 0)
(400 -5.65237e-14 0)
(400 -6.59411e-14 0)
(400 -6.42054e-14 0)
(400 -7.24578e-14 0)
(400 -5.50765e-14 0)
(400 -5.44227e-14 0)
(400 -5.44734e-14 0)
(400 -5.51675e-14 0)
(400 -5.4465e-14 0)
(400 -4.91975e-14 0)
(400 -4.16722e-14 0)
(400 -3.63096e-14 0)
(400 -2.6045e-14 0)
(400 -1.75299e-14 0)
(400 -6.56905e-15 0)
(400 5.86682e-15 0)
(400 3.03046e-14 0)
(400 5.69856e-14 0)
(400 6.87806e-14 0)
(400 8.47133e-14 0)
(400 9.79512e-14 0)
(400 1.03432e-13 0)
(400 1.21196e-13 0)
(400 4.06395e-14 0)
(400 6.33179e-14 0)
(400 5.62572e-14 0)
(400 4.04055e-14 0)
(400 4.4313e-14 0)
(400 3.45703e-14 0)
(400 1.76966e-14 0)
(400 1.53169e-14 0)
(400 2.03673e-14 0)
(400 2.49363e-14 0)
(400 2.99317e-14 0)
(400 2.71409e-14 0)
(400 6.04752e-15 0)
(400 4.73496e-15 0)
(400 2.74565e-14 0)
(400 2.90058e-14 0)
(400 2.45557e-14 0)
(400 2.0634e-14 0)
(400 2.17156e-14 0)
(400 7.63681e-15 0)
(400 5.13182e-15 0)
(400 -3.15817e-15 0)
(400 -6.78717e-15 0)
(400 -8.06631e-15 0)
(400 5.01944e-15 0)
(400 3.14097e-15 0)
(400 -1.69073e-14 0)
(400 -3.48723e-14 0)
(400 -4.22939e-14 0)
(400 -3.06801e-14 0)
(400 -4.1636e-14 0)
(400 -5.42869e-14 0)
(400 -5.17976e-14 0)
(400 -3.86925e-14 0)
(400 -2.2511e-14 0)
(400 6.40352e-15 0)
(400 1.69335e-14 0)
(400 1.28513e-14 0)
(400 2.07517e-15 0)
(400 8.2115e-15 0)
(400 2.13324e-14 0)
(400 2.59535e-14 0)
(400 2.57843e-14 0)
(400 3.3783e-14 0)
(400 4.689e-14 0)
(400 6.37889e-14 0)
(400 8.03735e-14 0)
(400 8.10159e-14 0)
(400 8.89841e-14 0)
(400 8.63259e-14 0)
(400 6.26698e-14 0)
(400 4.31285e-14 0)
(400 3.1827e-14 0)
(400 1.60286e-14 0)
(400 7.01387e-15 0)
(400 -3.637e-15 0)
(400 -5.71527e-15 0)
(400 -1.0455e-14 0)
(400 -1.66138e-14 0)
(400 -2.93487e-14 0)
(400 -3.50471e-14 0)
(400 -4.3072e-14 0)
(400 -5.18102e-14 0)
(400 -6.09608e-14 0)
(400 -8.04399e-14 0)
(400 -9.5032e-14 0)
(400 -9.23876e-14 0)
(400 -7.60008e-14 0)
(400 -6.62257e-14 0)
(400 -5.99382e-14 0)
(400 -3.13336e-14 0)
(400 -3.75372e-15 0)
(400 8.71935e-15 0)
(400 1.30795e-14 0)
(400 9.72339e-16 0)
(400 -1.0724e-14 0)
(400 -2.945e-14 0)
(400 -4.91559e-14 0)
(400 -5.97305e-14 0)
(400 -6.76208e-14 0)
(400 -6.10633e-14 0)
(400 -6.25859e-14 0)
(400 -7.13884e-14 0)
(400 -8.21949e-14 0)
(400 -8.21956e-14 0)
(400 -8.19273e-14 0)
(400 -8.96632e-14 0)
(400 -9.25872e-14 0)
(400 -8.37108e-14 0)
(400 -5.92678e-14 0)
(400 -3.78849e-14 0)
(400 -2.81424e-14 0)
(400 -3.12483e-14 0)
(400 -4.56409e-14 0)
(400 -4.18085e-14 0)
(400 -3.01958e-14 0)
(400 -1.00956e-14 0)
(400 1.50012e-14 0)
(400 3.52905e-15 0)
(400 9.0753e-15 0)
(400 -8.03061e-15 0)
(400 -2.50838e-14 0)
(400 -3.34186e-14 0)
(400 -2.77533e-14 0)
(400 -3.65823e-14 0)
(400 -5.38353e-14 0)
(400 -5.17548e-14 0)
(400 -5.15124e-14 0)
(400 -5.19695e-14 0)
(400 -4.1759e-14 0)
(400 -4.19972e-14 0)
(400 -2.08265e-14 0)
(400 -2.99504e-15 0)
(400 -1.88985e-15 0)
(400 -2.84985e-15 0)
(400 5.94573e-15 0)
(400 2.14817e-14 0)
(400 3.09973e-14 0)
(400 1.91725e-14 0)
(400 7.49663e-15 0)
(400 -7.0424e-17 0)
(400 1.28477e-15 0)
(400 1.9632e-14 0)
(400 1.85328e-14 0)
(400 1.30641e-14 0)
(400 2.11497e-14 0)
(400 3.20818e-14 0)
(400 3.42561e-14 0)
(400 8.44683e-15 0)
(400 4.2003e-15 0)
(400 -4.64735e-15 0)
(400 -4.23776e-15 0)
(400 -6.66682e-16 0)
(400 -3.89196e-16 0)
(400 6.53438e-15 0)
(400 2.63707e-15 0)
(400 -1.19809e-15 0)
(400 -1.34393e-14 0)
(400 -2.27161e-14 0)
(400 -2.0214e-14 0)
(400 -2.46444e-14 0)
(400 -2.5788e-14 0)
(400 -3.39608e-14 0)
(400 -4.60426e-14 0)
(400 -4.79962e-14 0)
(400 -4.19709e-14 0)
(400 -3.31631e-14 0)
(400 -2.07692e-14 0)
(400 -1.32597e-14 0)
(400 8.04571e-15 0)
(400 2.44809e-14 0)
(400 2.24464e-14 0)
(400 1.87831e-14 0)
(400 2.06258e-14 0)
(400 6.84614e-15 0)
(400 -1.59717e-15 0)
(400 -1.31143e-15 0)
(400 -8.33145e-15 0)
(400 -2.04299e-14 0)
(400 -3.48316e-14 0)
(400 -5.99115e-14 0)
(400 -7.55632e-14 0)
(400 -9.38337e-14 0)
(400 -9.60722e-14 0)
(400 -8.86341e-14 0)
(400 -8.65677e-14 0)
(400 -7.81673e-14 0)
(400 -6.27686e-14 0)
(400 -5.7943e-14 0)
(400 -3.82113e-14 0)
(400 -2.95888e-14 0)
(400 -3.67966e-14 0)
(400 -2.05198e-14 0)
(400 -1.62497e-15 0)
(400 -6.20496e-15 0)
(400 -1.40202e-14 0)
(400 -5.12982e-15 0)
(400 5.76829e-15 0)
(400 2.81953e-15 0)
(400 6.93577e-15 0)
(400 5.22123e-15 0)
(400 1.38516e-14 0)
(400 1.47245e-14 0)
(400 8.707e-15 0)
(400 -4.27722e-16 0)
(400 -4.62117e-16 0)
(400 9.57475e-15 0)
(400 5.13957e-15 0)
(400 -7.78758e-15 0)
(400 -1.50622e-14 0)
(400 -1.76804e-14 0)
(400 -4.84731e-15 0)
(400 -4.71185e-15 0)
(400 -2.86831e-15 0)
(400 3.17392e-15 0)
(400 7.93356e-15 0)
(400 1.12522e-14 0)
(400 1.37208e-14 0)
(400 1.46378e-14 0)
(400 2.63707e-14 0)
)
;

boundaryField
{
    cyclic1
    {
        type            cyclic;
    }
    cyclic2
    {
        type            cyclic;
    }
    frontAndBack
    {
        type            empty;
    }
    outlet
    {
        type            zeroGradient;
    }
    inlet
    {
        type            fixedValue;
        value           uniform (400 0 0);
    }
}


// ************************************************************************* //
