/*--------------------------------*- C++ -*----------------------------------*\
  =========                 |
  \\      /  F ield         | OpenFOAM: The Open Source CFD Toolbox
   \\    /   O peration     | Website:  https://openfoam.org
    \\  /    A nd           | Version:  6
     \\/     M anipulation  |
\*---------------------------------------------------------------------------*/
FoamFile
{
    version     2.0;
    format      ascii;
    class       surfaceScalarField;
    location    "192";
    object      phi;
}
// * * * * * * * * * * * * * * * * * * * * * * * * * * * * * * * * * * * * * //

dimensions      [0 3 -1 0 0 0 0];

internalField   nonuniform List<scalar> 
7780
(
2
1.23367e-11
2
1.45014e-11
2
1.57775e-11
2
1.65626e-11
2
1.74545e-11
2
1.87575e-11
2
2.13122e-11
2
2.52337e-11
2
3.15547e-11
2
4.00481e-11
2
5.17764e-11
2
6.59823e-11
2
8.34382e-11
2
1.02776e-10
2
1.24227e-10
2
1.46018e-10
2
1.67791e-10
2
1.87765e-10
2
2.05141e-10
2
2.18529e-10
2
2.26968e-10
2
2.29677e-10
2
2.25855e-10
2
2.15275e-10
2
1.97564e-10
2
1.72825e-10
2
1.41311e-10
2
1.03246e-10
2
5.96327e-11
2
1.07819e-11
2
-4.1558e-11
2
-9.68195e-11
2
-1.52787e-10
2
-2.08459e-10
2
-2.61839e-10
2
-3.1166e-10
2
-3.57448e-10
2
-3.98213e-10
2
-4.34691e-10
2
-4.35189e-07
2
-0.434732
2
-0.807638
2
-1.1319
2
-1.41923
2
-1.67418
2
-1.90011
2
-2.10041
2
-2.27812
2
-2.43586
2
-2.57589
2
-2.70022
2
-2.81059
2
-2.90853
2
-2.99538
2
-3.07233
2
-3.14043
2
-3.20061
2
-3.25367
2
-3.30036
2
-3.34131
2
-3.37712
2
-3.40828
2
-3.43527
2
-3.45849
2
-3.47831
2
-3.49507
2
-3.50905
2
-3.52053
2
-3.52974
2
-3.5369
2
-3.54219
2
-3.54579
2
-3.54787
2
-3.54854
2
-3.54795
2
-3.54619
2
-3.54339
2
-3.53961
2
-3.53496
2
-3.52949
2
-3.52329
2
-3.51639
2
-3.50887
2
-3.50076
2
-3.49211
2
-3.48296
2
-3.47334
2
-3.46329
2
-3.4528
2
-3.44203
2
-3.44203
2
-3.44203
2
-3.44203
2
-3.44203
2
-3.44203
2
-3.44203
2
-3.44203
2
-3.44203
2
-3.44203
2
-3.44203
2
-3.44203
2
-3.44203
2
-3.44203
2
-3.44203
2
-3.44203
2
-3.44203
2
-3.44203
2
-3.44203
2
-3.44203
2
-3.44203
2
-3.44203
2
-3.44203
2
-3.44203
2
-3.44203
2
-3.44203
2
-3.44203
2
-3.44203
2
-3.44203
2
-3.44203
2
-3.44203
2
-3.44203
2
-3.44203
2
-3.44203
2
-3.44203
2
-3.44203
2
-3.44203
2
-3.44203
2
-3.44203
2
-3.44203
2
-3.44203
2
-3.44203
2
-3.44203
2
-3.44203
2
-3.44203
2
-3.44203
2
-3.44203
2
-3.44203
2
-3.44203
2
-3.44203
2
-3.44203
2
-3.44203
2
-3.44203
2
-3.44203
2
-3.44203
2
-3.44203
2
-3.44203
2
-3.44203
2
-3.44203
2
-3.44203
2
-3.44203
2
-3.44203
2
-3.44203
2
-3.44203
2
-3.44203
2
-3.44203
2
-3.44203
2
-3.44203
2
-3.44202
2
-3.44202
2
-3.44202
2
-3.44201
2
-3.442
2
-3.44199
2
-3.44198
2
-3.44196
2
-3.44195
2
-3.44192
2
-3.44189
2
-3.44185
2
-3.4418
2
-3.44174
2
-3.44167
2
-3.44159
2
-3.44148
2
-3.44135
2
-3.4412
2
-3.44102
2
-3.4408
2
-3.44054
2
-3.44024
2
-3.43989
2
-3.43947
2
-3.43899
2
-3.43844
2
-3.43779
2
-3.43706
2
-3.43621
2
-3.43525
2
-3.43416
2
-3.43293
2
-3.43155
2
-3.42999
2
-3.42826
2
-3.42632
2
-3.42418
2
-3.4218
2
-3.41919
2
-3.41632
2
-3.41318
-3.40975
2
1.673e-11
2
3.1971e-11
2
4.52682e-11
2
5.73195e-11
2
6.79942e-11
2
7.92608e-11
2
9.01758e-11
2
1.03531e-10
2
1.16457e-10
2
1.32275e-10
2
1.45795e-10
2
1.60697e-10
2
1.69875e-10
2
1.77291e-10
2
1.75401e-10
2
1.68521e-10
2
1.50652e-10
2
1.26235e-10
2
9.21708e-11
2
5.23019e-11
2
6.60747e-12
2
-4.24146e-11
2
-9.25666e-11
2
-1.42931e-10
2
-1.90559e-10
2
-2.3567e-10
2
-2.76114e-10
2
-3.12344e-10
2
-3.44077e-10
2
-3.71058e-10
2
-3.94973e-10
2
-4.14327e-10
2
-4.31863e-10
2
-4.452e-10
2
-4.56786e-10
2
-4.64679e-10
2
-4.70014e-10
2
-4.72438e-10
2
-4.70281e-10
2
-4.35189e-07
2
-0.434732
2
-0.807638
2
-1.1319
2
-1.41923
2
-1.67418
2
-1.90011
2
-2.10041
2
-2.27812
2
-2.43586
2
-2.57589
2
-2.70022
2
-2.81059
2
-2.90853
2
-2.99538
2
-3.07233
2
-3.14043
2
-3.20061
2
-3.25367
2
-3.30036
2
-3.34131
2
-3.37712
2
-3.40828
2
-3.43527
2
-3.45849
2
-3.47831
2
-3.49507
2
-3.50905
2
-3.52053
2
-3.52974
2
-3.5369
2
-3.54219
2
-3.54579
2
-3.54787
2
-3.54854
2
-3.54795
2
-3.54619
2
-3.54339
2
-3.53961
2
-3.53496
2
-3.52949
2
-3.52329
2
-3.51639
2
-3.50887
2
-3.50076
2
-3.49211
2
-3.48296
2
-3.47334
2
-3.46329
2
-3.4528
2
-3.44203
2
-3.44203
2
-3.44203
2
-3.44203
2
-3.44203
2
-3.44203
2
-3.44203
2
-3.44203
2
-3.44203
2
-3.44203
2
-3.44203
2
-3.44203
2
-3.44203
2
-3.44203
2
-3.44203
2
-3.44203
2
-3.44203
2
-3.44203
2
-3.44203
2
-3.44203
2
-3.44203
2
-3.44203
2
-3.44203
2
-3.44203
2
-3.44203
2
-3.44203
2
-3.44203
2
-3.44203
2
-3.44203
2
-3.44203
2
-3.44203
2
-3.44203
2
-3.44203
2
-3.44203
2
-3.44203
2
-3.44203
2
-3.44203
2
-3.44203
2
-3.44203
2
-3.44203
2
-3.44203
2
-3.44203
2
-3.44203
2
-3.44203
2
-3.44203
2
-3.44203
2
-3.44203
2
-3.44203
2
-3.44203
2
-3.44203
2
-3.44203
2
-3.44203
2
-3.44203
2
-3.44203
2
-3.44203
2
-3.44203
2
-3.44203
2
-3.44203
2
-3.44203
2
-3.44203
2
-3.44203
2
-3.44203
2
-3.44203
2
-3.44203
2
-3.44203
2
-3.44203
2
-3.44203
2
-3.44203
2
-3.44202
2
-3.44202
2
-3.44202
2
-3.44201
2
-3.442
2
-3.44199
2
-3.44198
2
-3.44196
2
-3.44195
2
-3.44192
2
-3.44189
2
-3.44185
2
-3.4418
2
-3.44174
2
-3.44167
2
-3.44159
2
-3.44148
2
-3.44135
2
-3.4412
2
-3.44102
2
-3.4408
2
-3.44054
2
-3.44024
2
-3.43989
2
-3.43947
2
-3.43899
2
-3.43844
2
-3.43779
2
-3.43706
2
-3.43621
2
-3.43525
2
-3.43416
2
-3.43293
2
-3.43155
2
-3.42999
2
-3.42826
2
-3.42632
2
-3.42418
2
-3.4218
2
-3.41919
2
-3.41632
2
-3.41318
-3.40975
2
1.85827e-11
2
3.56796e-11
2
5.15411e-11
2
6.61704e-11
2
8.01561e-11
2
9.39632e-11
2
1.08568e-10
2
1.23786e-10
2
1.40057e-10
2
1.55715e-10
2
1.70305e-10
2
1.80626e-10
2
1.85622e-10
2
1.81444e-10
2
1.67459e-10
2
1.40803e-10
2
1.02369e-10
2
5.15231e-11
2
-9.13583e-12
2
-7.79761e-11
2
-1.51519e-10
2
-2.26792e-10
2
-3.00556e-10
2
-3.69658e-10
2
-4.31848e-10
2
-4.84726e-10
2
-5.27243e-10
2
-5.58299e-10
2
-5.77851e-10
2
-5.8621e-10
2
-5.8391e-10
2
-5.72324e-10
2
-5.52122e-10
2
-5.25134e-10
2
-4.92051e-10
2
-4.54644e-10
2
-4.13775e-10
2
-3.7013e-10
2
-3.24374e-10
2
-4.35e-07
2
-0.434732
2
-0.807638
2
-1.1319
2
-1.41923
2
-1.67418
2
-1.90011
2
-2.10041
2
-2.27812
2
-2.43586
2
-2.57589
2
-2.70022
2
-2.81059
2
-2.90853
2
-2.99538
2
-3.07233
2
-3.14043
2
-3.20061
2
-3.25367
2
-3.30036
2
-3.34131
2
-3.37712
2
-3.40828
2
-3.43527
2
-3.45849
2
-3.47831
2
-3.49507
2
-3.50905
2
-3.52053
2
-3.52974
2
-3.5369
2
-3.54219
2
-3.54579
2
-3.54787
2
-3.54854
2
-3.54795
2
-3.54619
2
-3.54339
2
-3.53961
2
-3.53496
2
-3.52949
2
-3.52329
2
-3.51639
2
-3.50887
2
-3.50076
2
-3.49211
2
-3.48296
2
-3.47334
2
-3.46329
2
-3.4528
2
-3.44203
2
-3.44203
2
-3.44203
2
-3.44203
2
-3.44203
2
-3.44203
2
-3.44203
2
-3.44203
2
-3.44203
2
-3.44203
2
-3.44203
2
-3.44203
2
-3.44203
2
-3.44203
2
-3.44203
2
-3.44203
2
-3.44203
2
-3.44203
2
-3.44203
2
-3.44203
2
-3.44203
2
-3.44203
2
-3.44203
2
-3.44203
2
-3.44203
2
-3.44203
2
-3.44203
2
-3.44203
2
-3.44203
2
-3.44203
2
-3.44203
2
-3.44203
2
-3.44203
2
-3.44203
2
-3.44203
2
-3.44203
2
-3.44203
2
-3.44203
2
-3.44203
2
-3.44203
2
-3.44203
2
-3.44203
2
-3.44203
2
-3.44203
2
-3.44203
2
-3.44203
2
-3.44203
2
-3.44203
2
-3.44203
2
-3.44203
2
-3.44203
2
-3.44203
2
-3.44203
2
-3.44203
2
-3.44203
2
-3.44203
2
-3.44203
2
-3.44203
2
-3.44203
2
-3.44203
2
-3.44203
2
-3.44203
2
-3.44203
2
-3.44203
2
-3.44203
2
-3.44203
2
-3.44203
2
-3.44203
2
-3.44202
2
-3.44202
2
-3.44202
2
-3.44201
2
-3.442
2
-3.44199
2
-3.44198
2
-3.44196
2
-3.44195
2
-3.44192
2
-3.44189
2
-3.44185
2
-3.4418
2
-3.44174
2
-3.44167
2
-3.44159
2
-3.44148
2
-3.44135
2
-3.4412
2
-3.44102
2
-3.4408
2
-3.44054
2
-3.44024
2
-3.43989
2
-3.43947
2
-3.43899
2
-3.43844
2
-3.43779
2
-3.43706
2
-3.43621
2
-3.43525
2
-3.43416
2
-3.43293
2
-3.43155
2
-3.42999
2
-3.42826
2
-3.42632
2
-3.42418
2
-3.4218
2
-3.41919
2
-3.41632
2
-3.41318
-3.40975
2
1.89617e-11
2
3.76677e-11
2
5.5525e-11
2
7.26384e-11
2
8.91886e-11
2
1.05836e-10
2
1.2261e-10
2
1.39903e-10
2
1.56654e-10
2
1.72322e-10
2
1.84403e-10
2
1.91477e-10
2
1.90197e-10
2
1.79142e-10
2
1.55561e-10
2
1.19289e-10
2
6.95704e-11
2
8.13277e-12
2
-6.34425e-11
2
-1.42022e-10
2
-2.24462e-10
2
-3.07309e-10
2
-3.87009e-10
2
-4.60683e-10
2
-5.25269e-10
2
-5.78829e-10
2
-6.19315e-10
2
-6.45755e-10
2
-6.57372e-10
2
-6.54063e-10
2
-6.36345e-10
2
-6.04856e-10
2
-5.61178e-10
2
-5.06606e-10
2
-4.43427e-10
2
-3.73546e-10
2
-2.99444e-10
2
-2.22987e-10
2
-1.4457e-10
2
-4.34795e-07
2
-0.434732
2
-0.807638
2
-1.1319
2
-1.41923
2
-1.67418
2
-1.90011
2
-2.10041
2
-2.27812
2
-2.43586
2
-2.57589
2
-2.70022
2
-2.81059
2
-2.90853
2
-2.99538
2
-3.07233
2
-3.14043
2
-3.20061
2
-3.25367
2
-3.30036
2
-3.34131
2
-3.37712
2
-3.40828
2
-3.43527
2
-3.45849
2
-3.47831
2
-3.49507
2
-3.50905
2
-3.52053
2
-3.52974
2
-3.5369
2
-3.54219
2
-3.54579
2
-3.54787
2
-3.54854
2
-3.54795
2
-3.54619
2
-3.54339
2
-3.53961
2
-3.53496
2
-3.52949
2
-3.52329
2
-3.51639
2
-3.50887
2
-3.50076
2
-3.49211
2
-3.48296
2
-3.47334
2
-3.46329
2
-3.4528
2
-3.44203
2
-3.44203
2
-3.44203
2
-3.44203
2
-3.44203
2
-3.44203
2
-3.44203
2
-3.44203
2
-3.44203
2
-3.44203
2
-3.44203
2
-3.44203
2
-3.44203
2
-3.44203
2
-3.44203
2
-3.44203
2
-3.44203
2
-3.44203
2
-3.44203
2
-3.44203
2
-3.44203
2
-3.44203
2
-3.44203
2
-3.44203
2
-3.44203
2
-3.44203
2
-3.44203
2
-3.44203
2
-3.44203
2
-3.44203
2
-3.44203
2
-3.44203
2
-3.44203
2
-3.44203
2
-3.44203
2
-3.44203
2
-3.44203
2
-3.44203
2
-3.44203
2
-3.44203
2
-3.44203
2
-3.44203
2
-3.44203
2
-3.44203
2
-3.44203
2
-3.44203
2
-3.44203
2
-3.44203
2
-3.44203
2
-3.44203
2
-3.44203
2
-3.44203
2
-3.44203
2
-3.44203
2
-3.44203
2
-3.44203
2
-3.44203
2
-3.44203
2
-3.44203
2
-3.44203
2
-3.44203
2
-3.44203
2
-3.44203
2
-3.44203
2
-3.44203
2
-3.44203
2
-3.44203
2
-3.44203
2
-3.44202
2
-3.44202
2
-3.44202
2
-3.44201
2
-3.442
2
-3.44199
2
-3.44198
2
-3.44196
2
-3.44195
2
-3.44192
2
-3.44189
2
-3.44185
2
-3.4418
2
-3.44174
2
-3.44167
2
-3.44159
2
-3.44148
2
-3.44135
2
-3.4412
2
-3.44102
2
-3.4408
2
-3.44054
2
-3.44024
2
-3.43989
2
-3.43947
2
-3.43899
2
-3.43844
2
-3.43779
2
-3.43706
2
-3.43621
2
-3.43525
2
-3.43416
2
-3.43293
2
-3.43155
2
-3.42999
2
-3.42826
2
-3.42632
2
-3.42418
2
-3.4218
2
-3.41919
2
-3.41632
2
-3.41318
-3.40975
2
1.89894e-11
2
3.78163e-11
2
5.64048e-11
2
7.45554e-11
2
9.24456e-11
2
1.10162e-10
2
1.27902e-10
2
1.45171e-10
2
1.61398e-10
2
1.74941e-10
2
1.84271e-10
2
1.86888e-10
2
1.80972e-10
2
1.64249e-10
2
1.35759e-10
2
9.46846e-11
2
4.17428e-11
2
-2.19214e-11
2
-9.40234e-11
2
-1.71923e-10
2
-2.52573e-10
2
-3.32743e-10
2
-4.09454e-10
2
-4.79611e-10
2
-5.40731e-10
2
-5.90268e-10
2
-6.26414e-10
2
-6.47461e-10
2
-6.52442e-10
2
-6.40787e-10
2
-6.12567e-10
2
-5.68547e-10
2
-5.09952e-10
2
-4.38859e-10
2
-3.576e-10
2
-2.69239e-10
2
-1.76662e-10
2
-8.27085e-11
2
9.66825e-12
2
-4.34631e-07
2
-0.434732
2
-0.807638
2
-1.1319
2
-1.41923
2
-1.67418
2
-1.90011
2
-2.10041
2
-2.27812
2
-2.43586
2
-2.57589
2
-2.70022
2
-2.81059
2
-2.90853
2
-2.99538
2
-3.07233
2
-3.14043
2
-3.20061
2
-3.25367
2
-3.30036
2
-3.34131
2
-3.37712
2
-3.40828
2
-3.43527
2
-3.45849
2
-3.47831
2
-3.49507
2
-3.50905
2
-3.52053
2
-3.52974
2
-3.5369
2
-3.54219
2
-3.54579
2
-3.54787
2
-3.54854
2
-3.54795
2
-3.54619
2
-3.54339
2
-3.53961
2
-3.53496
2
-3.52949
2
-3.52329
2
-3.51639
2
-3.50887
2
-3.50076
2
-3.49211
2
-3.48296
2
-3.47334
2
-3.46329
2
-3.4528
2
-3.44203
2
-3.44203
2
-3.44203
2
-3.44203
2
-3.44203
2
-3.44203
2
-3.44203
2
-3.44203
2
-3.44203
2
-3.44203
2
-3.44203
2
-3.44203
2
-3.44203
2
-3.44203
2
-3.44203
2
-3.44203
2
-3.44203
2
-3.44203
2
-3.44203
2
-3.44203
2
-3.44203
2
-3.44203
2
-3.44203
2
-3.44203
2
-3.44203
2
-3.44203
2
-3.44203
2
-3.44203
2
-3.44203
2
-3.44203
2
-3.44203
2
-3.44203
2
-3.44203
2
-3.44203
2
-3.44203
2
-3.44203
2
-3.44203
2
-3.44203
2
-3.44203
2
-3.44203
2
-3.44203
2
-3.44203
2
-3.44203
2
-3.44203
2
-3.44203
2
-3.44203
2
-3.44203
2
-3.44203
2
-3.44203
2
-3.44203
2
-3.44203
2
-3.44203
2
-3.44203
2
-3.44203
2
-3.44203
2
-3.44203
2
-3.44203
2
-3.44203
2
-3.44203
2
-3.44203
2
-3.44203
2
-3.44203
2
-3.44203
2
-3.44203
2
-3.44203
2
-3.44203
2
-3.44203
2
-3.44203
2
-3.44202
2
-3.44202
2
-3.44202
2
-3.44201
2
-3.442
2
-3.44199
2
-3.44198
2
-3.44196
2
-3.44195
2
-3.44192
2
-3.44189
2
-3.44185
2
-3.4418
2
-3.44174
2
-3.44167
2
-3.44159
2
-3.44148
2
-3.44135
2
-3.4412
2
-3.44102
2
-3.4408
2
-3.44054
2
-3.44024
2
-3.43989
2
-3.43947
2
-3.43899
2
-3.43844
2
-3.43779
2
-3.43706
2
-3.43621
2
-3.43525
2
-3.43416
2
-3.43293
2
-3.43155
2
-3.42999
2
-3.42826
2
-3.42632
2
-3.42418
2
-3.4218
2
-3.41919
2
-3.41632
2
-3.41318
-3.40975
2
1.7667e-11
2
3.59462e-11
2
5.41911e-11
2
7.22382e-11
2
9.00359e-11
2
1.07656e-10
2
1.24835e-10
2
1.4116e-10
2
1.5552e-10
2
1.66635e-10
2
1.72567e-10
2
1.71577e-10
2
1.61699e-10
2
1.41689e-10
2
1.10585e-10
2
6.84494e-11
2
1.58882e-11
2
-4.56094e-11
2
-1.14068e-10
2
-1.87082e-10
2
-2.61935e-10
2
-3.35938e-10
2
-4.06183e-10
2
-4.70094e-10
2
-5.24912e-10
2
-5.68394e-10
2
-5.98253e-10
2
-6.12888e-10
2
-6.10937e-10
2
-5.91853e-10
2
-5.55667e-10
2
-5.03202e-10
2
-4.36083e-10
2
-3.56544e-10
2
-2.67612e-10
2
-1.72519e-10
2
-7.49682e-11
2
2.17515e-11
2
1.14822e-10
2
-4.34531e-07
2
-0.434732
2
-0.807638
2
-1.1319
2
-1.41923
2
-1.67418
2
-1.90011
2
-2.10041
2
-2.27812
2
-2.43586
2
-2.57589
2
-2.70022
2
-2.81059
2
-2.90853
2
-2.99538
2
-3.07233
2
-3.14043
2
-3.20061
2
-3.25367
2
-3.30036
2
-3.34131
2
-3.37712
2
-3.40828
2
-3.43527
2
-3.45849
2
-3.47831
2
-3.49507
2
-3.50905
2
-3.52053
2
-3.52974
2
-3.5369
2
-3.54219
2
-3.54579
2
-3.54787
2
-3.54854
2
-3.54795
2
-3.54619
2
-3.54339
2
-3.53961
2
-3.53496
2
-3.52949
2
-3.52329
2
-3.51639
2
-3.50887
2
-3.50076
2
-3.49211
2
-3.48296
2
-3.47334
2
-3.46329
2
-3.4528
2
-3.44203
2
-3.44203
2
-3.44203
2
-3.44203
2
-3.44203
2
-3.44203
2
-3.44203
2
-3.44203
2
-3.44203
2
-3.44203
2
-3.44203
2
-3.44203
2
-3.44203
2
-3.44203
2
-3.44203
2
-3.44203
2
-3.44203
2
-3.44203
2
-3.44203
2
-3.44203
2
-3.44203
2
-3.44203
2
-3.44203
2
-3.44203
2
-3.44203
2
-3.44203
2
-3.44203
2
-3.44203
2
-3.44203
2
-3.44203
2
-3.44203
2
-3.44203
2
-3.44203
2
-3.44203
2
-3.44203
2
-3.44203
2
-3.44203
2
-3.44203
2
-3.44203
2
-3.44203
2
-3.44203
2
-3.44203
2
-3.44203
2
-3.44203
2
-3.44203
2
-3.44203
2
-3.44203
2
-3.44203
2
-3.44203
2
-3.44203
2
-3.44203
2
-3.44203
2
-3.44203
2
-3.44203
2
-3.44203
2
-3.44203
2
-3.44203
2
-3.44203
2
-3.44203
2
-3.44203
2
-3.44203
2
-3.44203
2
-3.44203
2
-3.44203
2
-3.44203
2
-3.44203
2
-3.44203
2
-3.44203
2
-3.44202
2
-3.44202
2
-3.44202
2
-3.44201
2
-3.442
2
-3.44199
2
-3.44198
2
-3.44196
2
-3.44195
2
-3.44192
2
-3.44189
2
-3.44185
2
-3.4418
2
-3.44174
2
-3.44167
2
-3.44159
2
-3.44148
2
-3.44135
2
-3.4412
2
-3.44102
2
-3.4408
2
-3.44054
2
-3.44024
2
-3.43989
2
-3.43947
2
-3.43899
2
-3.43844
2
-3.43779
2
-3.43706
2
-3.43621
2
-3.43525
2
-3.43416
2
-3.43293
2
-3.43155
2
-3.42999
2
-3.42826
2
-3.42632
2
-3.42418
2
-3.4218
2
-3.41919
2
-3.41632
2
-3.41318
-3.40975
2
1.60107e-11
2
3.26145e-11
2
4.9523e-11
2
6.64048e-11
2
8.31488e-11
2
9.95381e-11
2
1.15294e-10
2
1.29655e-10
2
1.41668e-10
2
1.49823e-10
2
1.52627e-10
2
1.48339e-10
2
1.35652e-10
2
1.13452e-10
2
8.13877e-11
2
3.95819e-11
2
-1.10976e-11
2
-6.92813e-11
2
-1.33149e-10
2
-2.0049e-10
2
-2.68996e-10
2
-3.3604e-10
2
-3.99167e-10
2
-4.55637e-10
2
-5.03078e-10
2
-5.38975e-10
2
-5.61399e-10
2
-5.6857e-10
2
-5.59512e-10
2
-5.33763e-10
2
-4.91742e-10
2
-4.34624e-10
2
-3.64334e-10
2
-2.83566e-10
2
-1.954e-10
2
-1.03434e-10
2
-1.10311e-11
2
7.8329e-11
2
1.6082e-10
2
-4.34498e-07
2
-0.434732
2
-0.807638
2
-1.1319
2
-1.41923
2
-1.67418
2
-1.90011
2
-2.10041
2
-2.27812
2
-2.43586
2
-2.57589
2
-2.70022
2
-2.81059
2
-2.90853
2
-2.99538
2
-3.07233
2
-3.14043
2
-3.20061
2
-3.25367
2
-3.30036
2
-3.34131
2
-3.37712
2
-3.40828
2
-3.43527
2
-3.45849
2
-3.47831
2
-3.49507
2
-3.50905
2
-3.52053
2
-3.52974
2
-3.5369
2
-3.54219
2
-3.54579
2
-3.54787
2
-3.54854
2
-3.54795
2
-3.54619
2
-3.54339
2
-3.53961
2
-3.53496
2
-3.52949
2
-3.52329
2
-3.51639
2
-3.50887
2
-3.50076
2
-3.49211
2
-3.48296
2
-3.47334
2
-3.46329
2
-3.4528
2
-3.44203
2
-3.44203
2
-3.44203
2
-3.44203
2
-3.44203
2
-3.44203
2
-3.44203
2
-3.44203
2
-3.44203
2
-3.44203
2
-3.44203
2
-3.44203
2
-3.44203
2
-3.44203
2
-3.44203
2
-3.44203
2
-3.44203
2
-3.44203
2
-3.44203
2
-3.44203
2
-3.44203
2
-3.44203
2
-3.44203
2
-3.44203
2
-3.44203
2
-3.44203
2
-3.44203
2
-3.44203
2
-3.44203
2
-3.44203
2
-3.44203
2
-3.44203
2
-3.44203
2
-3.44203
2
-3.44203
2
-3.44203
2
-3.44203
2
-3.44203
2
-3.44203
2
-3.44203
2
-3.44203
2
-3.44203
2
-3.44203
2
-3.44203
2
-3.44203
2
-3.44203
2
-3.44203
2
-3.44203
2
-3.44203
2
-3.44203
2
-3.44203
2
-3.44203
2
-3.44203
2
-3.44203
2
-3.44203
2
-3.44203
2
-3.44203
2
-3.44203
2
-3.44203
2
-3.44203
2
-3.44203
2
-3.44203
2
-3.44203
2
-3.44203
2
-3.44203
2
-3.44203
2
-3.44203
2
-3.44203
2
-3.44202
2
-3.44202
2
-3.44202
2
-3.44201
2
-3.442
2
-3.44199
2
-3.44198
2
-3.44196
2
-3.44195
2
-3.44192
2
-3.44189
2
-3.44185
2
-3.4418
2
-3.44174
2
-3.44167
2
-3.44159
2
-3.44148
2
-3.44135
2
-3.4412
2
-3.44102
2
-3.4408
2
-3.44054
2
-3.44024
2
-3.43989
2
-3.43947
2
-3.43899
2
-3.43844
2
-3.43779
2
-3.43706
2
-3.43621
2
-3.43525
2
-3.43416
2
-3.43293
2
-3.43155
2
-3.42999
2
-3.42826
2
-3.42632
2
-3.42418
2
-3.4218
2
-3.41919
2
-3.41632
2
-3.41318
-3.40975
2
1.34669e-11
2
2.78421e-11
2
4.25972e-11
2
5.743e-11
2
7.20775e-11
2
8.62964e-11
2
9.9569e-11
2
1.11221e-10
2
1.20145e-10
2
1.25146e-10
2
1.24758e-10
2
1.17736e-10
2
1.02924e-10
2
7.97062e-11
2
4.78481e-11
2
7.74634e-12
2
-3.97218e-11
2
-9.32199e-11
2
-1.50991e-10
2
-2.1109e-10
2
-2.71226e-10
2
-3.29168e-10
2
-3.82378e-10
2
-4.28592e-10
2
-4.65358e-10
2
-4.90728e-10
2
-5.02823e-10
2
-5.00512e-10
2
-4.83065e-10
2
-4.50632e-10
2
-4.04009e-10
2
-3.44775e-10
2
-2.75187e-10
2
-1.97948e-10
2
-1.16249e-10
2
-3.32049e-11
2
4.79019e-11
2
1.24305e-10
2
1.931e-10
2
-4.34481e-07
2
-0.434732
2
-0.807638
2
-1.1319
2
-1.41923
2
-1.67418
2
-1.90011
2
-2.10041
2
-2.27812
2
-2.43586
2
-2.57589
2
-2.70022
2
-2.81059
2
-2.90853
2
-2.99538
2
-3.07233
2
-3.14043
2
-3.20061
2
-3.25367
2
-3.30036
2
-3.34131
2
-3.37712
2
-3.40828
2
-3.43527
2
-3.45849
2
-3.47831
2
-3.49507
2
-3.50905
2
-3.52053
2
-3.52974
2
-3.5369
2
-3.54219
2
-3.54579
2
-3.54787
2
-3.54854
2
-3.54795
2
-3.54619
2
-3.54339
2
-3.53961
2
-3.53496
2
-3.52949
2
-3.52329
2
-3.51639
2
-3.50887
2
-3.50076
2
-3.49211
2
-3.48296
2
-3.47334
2
-3.46329
2
-3.4528
2
-3.44203
2
-3.44203
2
-3.44203
2
-3.44203
2
-3.44203
2
-3.44203
2
-3.44203
2
-3.44203
2
-3.44203
2
-3.44203
2
-3.44203
2
-3.44203
2
-3.44203
2
-3.44203
2
-3.44203
2
-3.44203
2
-3.44203
2
-3.44203
2
-3.44203
2
-3.44203
2
-3.44203
2
-3.44203
2
-3.44203
2
-3.44203
2
-3.44203
2
-3.44203
2
-3.44203
2
-3.44203
2
-3.44203
2
-3.44203
2
-3.44203
2
-3.44203
2
-3.44203
2
-3.44203
2
-3.44203
2
-3.44203
2
-3.44203
2
-3.44203
2
-3.44203
2
-3.44203
2
-3.44203
2
-3.44203
2
-3.44203
2
-3.44203
2
-3.44203
2
-3.44203
2
-3.44203
2
-3.44203
2
-3.44203
2
-3.44203
2
-3.44203
2
-3.44203
2
-3.44203
2
-3.44203
2
-3.44203
2
-3.44203
2
-3.44203
2
-3.44203
2
-3.44203
2
-3.44203
2
-3.44203
2
-3.44203
2
-3.44203
2
-3.44203
2
-3.44203
2
-3.44203
2
-3.44203
2
-3.44203
2
-3.44202
2
-3.44202
2
-3.44202
2
-3.44201
2
-3.442
2
-3.44199
2
-3.44198
2
-3.44196
2
-3.44195
2
-3.44192
2
-3.44189
2
-3.44185
2
-3.4418
2
-3.44174
2
-3.44167
2
-3.44159
2
-3.44148
2
-3.44135
2
-3.4412
2
-3.44102
2
-3.4408
2
-3.44054
2
-3.44024
2
-3.43989
2
-3.43947
2
-3.43899
2
-3.43844
2
-3.43779
2
-3.43706
2
-3.43621
2
-3.43525
2
-3.43416
2
-3.43293
2
-3.43155
2
-3.42999
2
-3.42826
2
-3.42632
2
-3.42418
2
-3.4218
2
-3.41919
2
-3.41632
2
-3.41318
-3.40975
2
1.05212e-11
2
2.19116e-11
2
3.37678e-11
2
4.56978e-11
2
5.74186e-11
2
6.85211e-11
2
7.85351e-11
2
8.66722e-11
2
9.20645e-11
2
9.3562e-11
2
9.01302e-11
2
8.07065e-11
2
6.46064e-11
2
4.14042e-11
2
1.11963e-11
2
-2.55084e-11
2
-6.77529e-11
2
-1.14174e-10
2
-1.63178e-10
2
-2.12829e-10
2
-2.61199e-10
2
-3.06086e-10
2
-3.45513e-10
2
-3.77324e-10
2
-3.99817e-10
2
-4.11298e-10
2
-4.10737e-10
2
-3.97392e-10
2
-3.713e-10
2
-3.33001e-10
2
-2.83745e-10
2
-2.25335e-10
2
-1.59992e-10
2
-9.03508e-11
2
-1.90307e-11
2
5.12098e-11
2
1.18134e-10
2
1.79514e-10
2
2.3305e-10
2
-4.34455e-07
2
-0.434732
2
-0.807638
2
-1.1319
2
-1.41923
2
-1.67418
2
-1.90011
2
-2.10041
2
-2.27812
2
-2.43586
2
-2.57589
2
-2.70022
2
-2.81059
2
-2.90853
2
-2.99538
2
-3.07233
2
-3.14043
2
-3.20061
2
-3.25367
2
-3.30036
2
-3.34131
2
-3.37712
2
-3.40828
2
-3.43527
2
-3.45849
2
-3.47831
2
-3.49507
2
-3.50905
2
-3.52053
2
-3.52974
2
-3.5369
2
-3.54219
2
-3.54579
2
-3.54787
2
-3.54854
2
-3.54795
2
-3.54619
2
-3.54339
2
-3.53961
2
-3.53496
2
-3.52949
2
-3.52329
2
-3.51639
2
-3.50887
2
-3.50076
2
-3.49211
2
-3.48296
2
-3.47334
2
-3.46329
2
-3.4528
2
-3.44203
2
-3.44203
2
-3.44203
2
-3.44203
2
-3.44203
2
-3.44203
2
-3.44203
2
-3.44203
2
-3.44203
2
-3.44203
2
-3.44203
2
-3.44203
2
-3.44203
2
-3.44203
2
-3.44203
2
-3.44203
2
-3.44203
2
-3.44203
2
-3.44203
2
-3.44203
2
-3.44203
2
-3.44203
2
-3.44203
2
-3.44203
2
-3.44203
2
-3.44203
2
-3.44203
2
-3.44203
2
-3.44203
2
-3.44203
2
-3.44203
2
-3.44203
2
-3.44203
2
-3.44203
2
-3.44203
2
-3.44203
2
-3.44203
2
-3.44203
2
-3.44203
2
-3.44203
2
-3.44203
2
-3.44203
2
-3.44203
2
-3.44203
2
-3.44203
2
-3.44203
2
-3.44203
2
-3.44203
2
-3.44203
2
-3.44203
2
-3.44203
2
-3.44203
2
-3.44203
2
-3.44203
2
-3.44203
2
-3.44203
2
-3.44203
2
-3.44203
2
-3.44203
2
-3.44203
2
-3.44203
2
-3.44203
2
-3.44203
2
-3.44203
2
-3.44203
2
-3.44203
2
-3.44203
2
-3.44203
2
-3.44202
2
-3.44202
2
-3.44202
2
-3.44201
2
-3.442
2
-3.44199
2
-3.44198
2
-3.44196
2
-3.44195
2
-3.44192
2
-3.44189
2
-3.44185
2
-3.4418
2
-3.44174
2
-3.44167
2
-3.44159
2
-3.44148
2
-3.44135
2
-3.4412
2
-3.44102
2
-3.4408
2
-3.44054
2
-3.44024
2
-3.43989
2
-3.43947
2
-3.43899
2
-3.43844
2
-3.43779
2
-3.43706
2
-3.43621
2
-3.43525
2
-3.43416
2
-3.43293
2
-3.43155
2
-3.42999
2
-3.42826
2
-3.42632
2
-3.42418
2
-3.4218
2
-3.41919
2
-3.41632
2
-3.41318
-3.40975
2
7.10779e-12
2
1.49688e-11
2
2.3245e-11
2
3.15751e-11
2
3.95666e-11
2
4.68376e-11
2
5.28159e-11
2
5.68909e-11
2
5.82349e-11
2
5.60884e-11
2
4.96204e-11
2
3.82602e-11
2
2.15952e-11
2
-3.90789e-13
2
-2.73954e-11
2
-5.87378e-11
2
-9.33803e-11
2
-1.30064e-10
2
-1.67227e-10
2
-2.03299e-10
2
-2.36495e-10
2
-2.6523e-10
2
-2.87801e-10
2
-3.02902e-10
2
-3.09245e-10
2
-3.06106e-10
2
-2.92959e-10
2
-2.69915e-10
2
-2.3743e-10
2
-1.96537e-10
2
-1.48637e-10
2
-9.5483e-11
2
-3.91016e-11
2
1.84785e-11
2
7.51339e-11
2
1.29131e-10
2
1.7881e-10
2
2.23145e-10
2
2.60726e-10
2
-4.34441e-07
2
-0.434732
2
-0.807638
2
-1.1319
2
-1.41923
2
-1.67418
2
-1.90011
2
-2.10041
2
-2.27812
2
-2.43586
2
-2.57589
2
-2.70022
2
-2.81059
2
-2.90853
2
-2.99538
2
-3.07233
2
-3.14043
2
-3.20061
2
-3.25367
2
-3.30036
2
-3.34131
2
-3.37712
2
-3.40828
2
-3.43527
2
-3.45849
2
-3.47831
2
-3.49507
2
-3.50905
2
-3.52053
2
-3.52974
2
-3.5369
2
-3.54219
2
-3.54579
2
-3.54787
2
-3.54854
2
-3.54795
2
-3.54619
2
-3.54339
2
-3.53961
2
-3.53496
2
-3.52949
2
-3.52329
2
-3.51639
2
-3.50887
2
-3.50076
2
-3.49211
2
-3.48296
2
-3.47334
2
-3.46329
2
-3.4528
2
-3.44203
2
-3.44203
2
-3.44203
2
-3.44203
2
-3.44203
2
-3.44203
2
-3.44203
2
-3.44203
2
-3.44203
2
-3.44203
2
-3.44203
2
-3.44203
2
-3.44203
2
-3.44203
2
-3.44203
2
-3.44203
2
-3.44203
2
-3.44203
2
-3.44203
2
-3.44203
2
-3.44203
2
-3.44203
2
-3.44203
2
-3.44203
2
-3.44203
2
-3.44203
2
-3.44203
2
-3.44203
2
-3.44203
2
-3.44203
2
-3.44203
2
-3.44203
2
-3.44203
2
-3.44203
2
-3.44203
2
-3.44203
2
-3.44203
2
-3.44203
2
-3.44203
2
-3.44203
2
-3.44203
2
-3.44203
2
-3.44203
2
-3.44203
2
-3.44203
2
-3.44203
2
-3.44203
2
-3.44203
2
-3.44203
2
-3.44203
2
-3.44203
2
-3.44203
2
-3.44203
2
-3.44203
2
-3.44203
2
-3.44203
2
-3.44203
2
-3.44203
2
-3.44203
2
-3.44203
2
-3.44203
2
-3.44203
2
-3.44203
2
-3.44203
2
-3.44203
2
-3.44203
2
-3.44203
2
-3.44203
2
-3.44202
2
-3.44202
2
-3.44202
2
-3.44201
2
-3.442
2
-3.44199
2
-3.44198
2
-3.44196
2
-3.44195
2
-3.44192
2
-3.44189
2
-3.44185
2
-3.4418
2
-3.44174
2
-3.44167
2
-3.44159
2
-3.44148
2
-3.44135
2
-3.4412
2
-3.44102
2
-3.4408
2
-3.44054
2
-3.44024
2
-3.43989
2
-3.43947
2
-3.43899
2
-3.43844
2
-3.43779
2
-3.43706
2
-3.43621
2
-3.43525
2
-3.43416
2
-3.43293
2
-3.43155
2
-3.42999
2
-3.42826
2
-3.42632
2
-3.42418
2
-3.4218
2
-3.41919
2
-3.41632
2
-3.41318
-3.40975
2
3.1343e-12
2
7.05387e-12
2
1.12652e-11
2
1.53899e-11
2
1.90805e-11
2
2.18798e-11
2
2.33333e-11
2
2.28599e-11
2
1.9961e-11
2
1.4095e-11
2
4.93031e-12
2
-7.75818e-12
2
-2.39054e-11
2
-4.32249e-11
2
-6.51589e-11
2
-8.88872e-11
2
-1.13439e-10
2
-1.37609e-10
2
-1.60212e-10
2
-1.79908e-10
2
-1.95551e-10
2
-2.05947e-10
2
-2.1026e-10
2
-2.07717e-10
2
-1.98024e-10
2
-1.81052e-10
2
-1.57176e-10
2
-1.26998e-10
2
-9.15218e-11
2
-5.19512e-11
2
-9.70318e-12
2
3.37061e-11
2
7.68014e-11
2
1.18118e-10
2
1.56499e-10
2
1.90896e-10
2
2.20856e-10
2
2.45938e-10
2
2.65789e-10
2
-4.34452e-07
2
-0.434732
2
-0.807638
2
-1.1319
2
-1.41923
2
-1.67418
2
-1.90011
2
-2.10041
2
-2.27812
2
-2.43586
2
-2.57589
2
-2.70022
2
-2.81059
2
-2.90853
2
-2.99538
2
-3.07233
2
-3.14043
2
-3.20061
2
-3.25367
2
-3.30036
2
-3.34131
2
-3.37712
2
-3.40828
2
-3.43527
2
-3.45849
2
-3.47831
2
-3.49507
2
-3.50905
2
-3.52053
2
-3.52974
2
-3.5369
2
-3.54219
2
-3.54579
2
-3.54787
2
-3.54854
2
-3.54795
2
-3.54619
2
-3.54339
2
-3.53961
2
-3.53496
2
-3.52949
2
-3.52329
2
-3.51639
2
-3.50887
2
-3.50076
2
-3.49211
2
-3.48296
2
-3.47334
2
-3.46329
2
-3.4528
2
-3.44203
2
-3.44203
2
-3.44203
2
-3.44203
2
-3.44203
2
-3.44203
2
-3.44203
2
-3.44203
2
-3.44203
2
-3.44203
2
-3.44203
2
-3.44203
2
-3.44203
2
-3.44203
2
-3.44203
2
-3.44203
2
-3.44203
2
-3.44203
2
-3.44203
2
-3.44203
2
-3.44203
2
-3.44203
2
-3.44203
2
-3.44203
2
-3.44203
2
-3.44203
2
-3.44203
2
-3.44203
2
-3.44203
2
-3.44203
2
-3.44203
2
-3.44203
2
-3.44203
2
-3.44203
2
-3.44203
2
-3.44203
2
-3.44203
2
-3.44203
2
-3.44203
2
-3.44203
2
-3.44203
2
-3.44203
2
-3.44203
2
-3.44203
2
-3.44203
2
-3.44203
2
-3.44203
2
-3.44203
2
-3.44203
2
-3.44203
2
-3.44203
2
-3.44203
2
-3.44203
2
-3.44203
2
-3.44203
2
-3.44203
2
-3.44203
2
-3.44203
2
-3.44203
2
-3.44203
2
-3.44203
2
-3.44203
2
-3.44203
2
-3.44203
2
-3.44203
2
-3.44203
2
-3.44203
2
-3.44203
2
-3.44202
2
-3.44202
2
-3.44202
2
-3.44201
2
-3.442
2
-3.44199
2
-3.44198
2
-3.44196
2
-3.44195
2
-3.44192
2
-3.44189
2
-3.44185
2
-3.4418
2
-3.44174
2
-3.44167
2
-3.44159
2
-3.44148
2
-3.44135
2
-3.4412
2
-3.44102
2
-3.4408
2
-3.44054
2
-3.44024
2
-3.43989
2
-3.43947
2
-3.43899
2
-3.43844
2
-3.43779
2
-3.43706
2
-3.43621
2
-3.43525
2
-3.43416
2
-3.43293
2
-3.43155
2
-3.42999
2
-3.42826
2
-3.42632
2
-3.42418
2
-3.4218
2
-3.41919
2
-3.41632
2
-3.41318
-3.40975
2
-8.95801e-13
2
-1.49962e-12
2
-1.89183e-12
2
-2.42049e-12
2
-3.49593e-12
2
-5.50625e-12
2
-8.88878e-12
2
-1.39753e-11
2
-2.10629e-11
2
-3.02273e-11
2
-4.14177e-11
2
-5.43433e-11
2
-6.85402e-11
2
-8.33884e-11
2
-9.81045e-11
2
-1.11889e-10
2
-1.23801e-10
2
-1.33018e-10
2
-1.38622e-10
2
-1.39929e-10
2
-1.36244e-10
2
-1.27224e-10
2
-1.12625e-10
2
-9.26281e-11
2
-6.75941e-11
2
-3.82945e-11
2
-5.672e-12
2
2.90599e-11
2
6.46222e-11
2
9.96811e-11
2
1.32981e-10
2
1.63417e-10
2
1.90064e-10
2
2.12296e-10
2
2.29699e-10
2
2.42293e-10
2
2.50272e-10
2
2.54422e-10
2
2.54574e-10
2
-4.3448e-07
2
-0.434732
2
-0.807638
2
-1.1319
2
-1.41923
2
-1.67418
2
-1.90011
2
-2.10041
2
-2.27812
2
-2.43586
2
-2.57589
2
-2.70022
2
-2.81059
2
-2.90853
2
-2.99538
2
-3.07233
2
-3.14043
2
-3.20061
2
-3.25367
2
-3.30036
2
-3.34131
2
-3.37712
2
-3.40828
2
-3.43527
2
-3.45849
2
-3.47831
2
-3.49507
2
-3.50905
2
-3.52053
2
-3.52974
2
-3.5369
2
-3.54219
2
-3.54579
2
-3.54787
2
-3.54854
2
-3.54795
2
-3.54619
2
-3.54339
2
-3.53961
2
-3.53496
2
-3.52949
2
-3.52329
2
-3.51639
2
-3.50887
2
-3.50076
2
-3.49211
2
-3.48296
2
-3.47334
2
-3.46329
2
-3.4528
2
-3.44203
2
-3.44203
2
-3.44203
2
-3.44203
2
-3.44203
2
-3.44203
2
-3.44203
2
-3.44203
2
-3.44203
2
-3.44203
2
-3.44203
2
-3.44203
2
-3.44203
2
-3.44203
2
-3.44203
2
-3.44203
2
-3.44203
2
-3.44203
2
-3.44203
2
-3.44203
2
-3.44203
2
-3.44203
2
-3.44203
2
-3.44203
2
-3.44203
2
-3.44203
2
-3.44203
2
-3.44203
2
-3.44203
2
-3.44203
2
-3.44203
2
-3.44203
2
-3.44203
2
-3.44203
2
-3.44203
2
-3.44203
2
-3.44203
2
-3.44203
2
-3.44203
2
-3.44203
2
-3.44203
2
-3.44203
2
-3.44203
2
-3.44203
2
-3.44203
2
-3.44203
2
-3.44203
2
-3.44203
2
-3.44203
2
-3.44203
2
-3.44203
2
-3.44203
2
-3.44203
2
-3.44203
2
-3.44203
2
-3.44203
2
-3.44203
2
-3.44203
2
-3.44203
2
-3.44203
2
-3.44203
2
-3.44203
2
-3.44203
2
-3.44203
2
-3.44203
2
-3.44203
2
-3.44203
2
-3.44203
2
-3.44202
2
-3.44202
2
-3.44202
2
-3.44201
2
-3.442
2
-3.44199
2
-3.44198
2
-3.44196
2
-3.44195
2
-3.44192
2
-3.44189
2
-3.44185
2
-3.4418
2
-3.44174
2
-3.44167
2
-3.44159
2
-3.44148
2
-3.44135
2
-3.4412
2
-3.44102
2
-3.4408
2
-3.44054
2
-3.44024
2
-3.43989
2
-3.43947
2
-3.43899
2
-3.43844
2
-3.43779
2
-3.43706
2
-3.43621
2
-3.43525
2
-3.43416
2
-3.43293
2
-3.43155
2
-3.42999
2
-3.42826
2
-3.42632
2
-3.42418
2
-3.4218
2
-3.41919
2
-3.41632
2
-3.41318
-3.40975
2
-5.63171e-12
2
-1.07785e-11
2
-1.59368e-11
2
-2.13607e-11
2
-2.7348e-11
2
-3.4256e-11
2
-4.23526e-11
2
-5.17997e-11
2
-6.25032e-11
2
-7.41598e-11
2
-8.61884e-11
2
-9.78357e-11
2
-1.08222e-10
2
-1.16422e-10
2
-1.21598e-10
2
-1.22953e-10
2
-1.19925e-10
2
-1.12006e-10
2
-9.89764e-11
2
-8.0669e-11
2
-5.72555e-11
2
-2.89992e-11
2
3.44081e-12
2
3.92558e-11
2
7.72529e-11
2
1.16124e-10
2
1.54318e-10
2
1.90325e-10
2
2.22642e-10
2
2.50011e-10
2
2.71416e-10
2
2.86204e-10
2
2.94089e-10
2
2.95134e-10
2
2.89798e-10
2
2.78803e-10
2
2.63348e-10
2
2.44702e-10
2
2.24228e-10
2
-4.34529e-07
2
-0.434732
2
-0.807638
2
-1.1319
2
-1.41923
2
-1.67418
2
-1.90011
2
-2.10041
2
-2.27812
2
-2.43586
2
-2.57589
2
-2.70022
2
-2.81059
2
-2.90853
2
-2.99538
2
-3.07233
2
-3.14043
2
-3.20061
2
-3.25367
2
-3.30036
2
-3.34131
2
-3.37712
2
-3.40828
2
-3.43527
2
-3.45849
2
-3.47831
2
-3.49507
2
-3.50905
2
-3.52053
2
-3.52974
2
-3.5369
2
-3.54219
2
-3.54579
2
-3.54787
2
-3.54854
2
-3.54795
2
-3.54619
2
-3.54339
2
-3.53961
2
-3.53496
2
-3.52949
2
-3.52329
2
-3.51639
2
-3.50887
2
-3.50076
2
-3.49211
2
-3.48296
2
-3.47334
2
-3.46329
2
-3.4528
2
-3.44203
2
-3.44203
2
-3.44203
2
-3.44203
2
-3.44203
2
-3.44203
2
-3.44203
2
-3.44203
2
-3.44203
2
-3.44203
2
-3.44203
2
-3.44203
2
-3.44203
2
-3.44203
2
-3.44203
2
-3.44203
2
-3.44203
2
-3.44203
2
-3.44203
2
-3.44203
2
-3.44203
2
-3.44203
2
-3.44203
2
-3.44203
2
-3.44203
2
-3.44203
2
-3.44203
2
-3.44203
2
-3.44203
2
-3.44203
2
-3.44203
2
-3.44203
2
-3.44203
2
-3.44203
2
-3.44203
2
-3.44203
2
-3.44203
2
-3.44203
2
-3.44203
2
-3.44203
2
-3.44203
2
-3.44203
2
-3.44203
2
-3.44203
2
-3.44203
2
-3.44203
2
-3.44203
2
-3.44203
2
-3.44203
2
-3.44203
2
-3.44203
2
-3.44203
2
-3.44203
2
-3.44203
2
-3.44203
2
-3.44203
2
-3.44203
2
-3.44203
2
-3.44203
2
-3.44203
2
-3.44203
2
-3.44203
2
-3.44203
2
-3.44203
2
-3.44203
2
-3.44203
2
-3.44203
2
-3.44203
2
-3.44202
2
-3.44202
2
-3.44202
2
-3.44201
2
-3.442
2
-3.44199
2
-3.44198
2
-3.44196
2
-3.44195
2
-3.44192
2
-3.44189
2
-3.44185
2
-3.4418
2
-3.44174
2
-3.44167
2
-3.44159
2
-3.44148
2
-3.44135
2
-3.4412
2
-3.44102
2
-3.4408
2
-3.44054
2
-3.44024
2
-3.43989
2
-3.43947
2
-3.43899
2
-3.43844
2
-3.43779
2
-3.43706
2
-3.43621
2
-3.43525
2
-3.43416
2
-3.43293
2
-3.43155
2
-3.42999
2
-3.42826
2
-3.42632
2
-3.42418
2
-3.4218
2
-3.41919
2
-3.41632
2
-3.41318
-3.40975
2
-9.87378e-12
2
-2.00333e-11
2
-3.01718e-11
2
-4.04763e-11
2
-5.12296e-11
2
-6.26915e-11
2
-7.50001e-11
2
-8.80383e-11
2
-1.0139e-10
2
-1.14268e-10
2
-1.25654e-10
2
-1.34288e-10
2
-1.38982e-10
2
-1.38573e-10
2
-1.32266e-10
2
-1.19479e-10
2
-1.00076e-10
2
-7.41732e-11
2
-4.22216e-11
2
-4.89784e-12
2
3.69233e-11
2
8.21053e-11
2
1.29398e-10
2
1.77234e-10
2
2.24018e-10
2
2.67889e-10
2
3.07138e-10
2
3.39997e-10
2
3.65087e-10
2
3.81238e-10
2
3.87812e-10
2
3.84576e-10
2
3.71779e-10
2
3.50124e-10
2
3.20653e-10
2
2.84844e-10
2
2.44424e-10
2
2.01756e-10
2
1.58002e-10
2
-4.34614e-07
2
-0.434732
2
-0.807638
2
-1.1319
2
-1.41923
2
-1.67418
2
-1.90011
2
-2.10041
2
-2.27812
2
-2.43586
2
-2.57589
2
-2.70022
2
-2.81059
2
-2.90853
2
-2.99538
2
-3.07233
2
-3.14043
2
-3.20061
2
-3.25367
2
-3.30036
2
-3.34131
2
-3.37712
2
-3.40828
2
-3.43527
2
-3.45849
2
-3.47831
2
-3.49507
2
-3.50905
2
-3.52053
2
-3.52974
2
-3.5369
2
-3.54219
2
-3.54579
2
-3.54787
2
-3.54854
2
-3.54795
2
-3.54619
2
-3.54339
2
-3.53961
2
-3.53496
2
-3.52949
2
-3.52329
2
-3.51639
2
-3.50887
2
-3.50076
2
-3.49211
2
-3.48296
2
-3.47334
2
-3.46329
2
-3.4528
2
-3.44203
2
-3.44203
2
-3.44203
2
-3.44203
2
-3.44203
2
-3.44203
2
-3.44203
2
-3.44203
2
-3.44203
2
-3.44203
2
-3.44203
2
-3.44203
2
-3.44203
2
-3.44203
2
-3.44203
2
-3.44203
2
-3.44203
2
-3.44203
2
-3.44203
2
-3.44203
2
-3.44203
2
-3.44203
2
-3.44203
2
-3.44203
2
-3.44203
2
-3.44203
2
-3.44203
2
-3.44203
2
-3.44203
2
-3.44203
2
-3.44203
2
-3.44203
2
-3.44203
2
-3.44203
2
-3.44203
2
-3.44203
2
-3.44203
2
-3.44203
2
-3.44203
2
-3.44203
2
-3.44203
2
-3.44203
2
-3.44203
2
-3.44203
2
-3.44203
2
-3.44203
2
-3.44203
2
-3.44203
2
-3.44203
2
-3.44203
2
-3.44203
2
-3.44203
2
-3.44203
2
-3.44203
2
-3.44203
2
-3.44203
2
-3.44203
2
-3.44203
2
-3.44203
2
-3.44203
2
-3.44203
2
-3.44203
2
-3.44203
2
-3.44203
2
-3.44203
2
-3.44203
2
-3.44203
2
-3.44203
2
-3.44202
2
-3.44202
2
-3.44202
2
-3.44201
2
-3.442
2
-3.44199
2
-3.44198
2
-3.44196
2
-3.44195
2
-3.44192
2
-3.44189
2
-3.44185
2
-3.4418
2
-3.44174
2
-3.44167
2
-3.44159
2
-3.44148
2
-3.44135
2
-3.4412
2
-3.44102
2
-3.4408
2
-3.44054
2
-3.44024
2
-3.43989
2
-3.43947
2
-3.43899
2
-3.43844
2
-3.43779
2
-3.43706
2
-3.43621
2
-3.43525
2
-3.43416
2
-3.43293
2
-3.43155
2
-3.42999
2
-3.42826
2
-3.42632
2
-3.42418
2
-3.4218
2
-3.41919
2
-3.41632
2
-3.41318
-3.40975
2
-1.47053e-11
2
-2.92377e-11
2
-4.39133e-11
2
-5.86717e-11
2
-7.36228e-11
2
-8.89041e-11
2
-1.0444e-10
2
-1.19977e-10
2
-1.34621e-10
2
-1.47452e-10
2
-1.56698e-10
2
-1.61183e-10
2
-1.58866e-10
2
-1.49118e-10
2
-1.30443e-10
2
-1.03337e-10
2
-6.73035e-11
2
-2.39206e-11
2
2.63497e-11
2
8.13277e-11
2
1.39845e-10
2
1.99591e-10
2
2.58879e-10
2
3.15513e-10
2
3.67445e-10
2
4.12751e-10
2
4.49376e-10
2
4.75902e-10
2
4.90829e-10
2
4.93507e-10
2
4.83508e-10
2
4.61052e-10
2
4.2695e-10
2
3.82186e-10
2
3.28643e-10
2
2.67965e-10
2
2.02911e-10
2
1.35879e-10
2
7.03132e-11
2
-4.34723e-07
2
-0.434732
2
-0.807638
2
-1.1319
2
-1.41923
2
-1.67418
2
-1.90011
2
-2.10041
2
-2.27812
2
-2.43586
2
-2.57589
2
-2.70022
2
-2.81059
2
-2.90853
2
-2.99538
2
-3.07233
2
-3.14043
2
-3.20061
2
-3.25367
2
-3.30036
2
-3.34131
2
-3.37712
2
-3.40828
2
-3.43527
2
-3.45849
2
-3.47831
2
-3.49507
2
-3.50905
2
-3.52053
2
-3.52974
2
-3.5369
2
-3.54219
2
-3.54579
2
-3.54787
2
-3.54854
2
-3.54795
2
-3.54619
2
-3.54339
2
-3.53961
2
-3.53496
2
-3.52949
2
-3.52329
2
-3.51639
2
-3.50887
2
-3.50076
2
-3.49211
2
-3.48296
2
-3.47334
2
-3.46329
2
-3.4528
2
-3.44203
2
-3.44203
2
-3.44203
2
-3.44203
2
-3.44203
2
-3.44203
2
-3.44203
2
-3.44203
2
-3.44203
2
-3.44203
2
-3.44203
2
-3.44203
2
-3.44203
2
-3.44203
2
-3.44203
2
-3.44203
2
-3.44203
2
-3.44203
2
-3.44203
2
-3.44203
2
-3.44203
2
-3.44203
2
-3.44203
2
-3.44203
2
-3.44203
2
-3.44203
2
-3.44203
2
-3.44203
2
-3.44203
2
-3.44203
2
-3.44203
2
-3.44203
2
-3.44203
2
-3.44203
2
-3.44203
2
-3.44203
2
-3.44203
2
-3.44203
2
-3.44203
2
-3.44203
2
-3.44203
2
-3.44203
2
-3.44203
2
-3.44203
2
-3.44203
2
-3.44203
2
-3.44203
2
-3.44203
2
-3.44203
2
-3.44203
2
-3.44203
2
-3.44203
2
-3.44203
2
-3.44203
2
-3.44203
2
-3.44203
2
-3.44203
2
-3.44203
2
-3.44203
2
-3.44203
2
-3.44203
2
-3.44203
2
-3.44203
2
-3.44203
2
-3.44203
2
-3.44203
2
-3.44203
2
-3.44203
2
-3.44202
2
-3.44202
2
-3.44202
2
-3.44201
2
-3.442
2
-3.44199
2
-3.44198
2
-3.44196
2
-3.44195
2
-3.44192
2
-3.44189
2
-3.44185
2
-3.4418
2
-3.44174
2
-3.44167
2
-3.44159
2
-3.44148
2
-3.44135
2
-3.4412
2
-3.44102
2
-3.4408
2
-3.44054
2
-3.44024
2
-3.43989
2
-3.43947
2
-3.43899
2
-3.43844
2
-3.43779
2
-3.43706
2
-3.43621
2
-3.43525
2
-3.43416
2
-3.43293
2
-3.43155
2
-3.42999
2
-3.42826
2
-3.42632
2
-3.42418
2
-3.4218
2
-3.41919
2
-3.41632
2
-3.41318
-3.40975
2
-1.82351e-11
2
-3.71929e-11
2
-5.60435e-11
2
-7.4675e-11
2
-9.31556e-11
2
-1.11378e-10
2
-1.29393e-10
2
-1.46299e-10
2
-1.61699e-10
2
-1.73389e-10
2
-1.80667e-10
2
-1.80317e-10
2
-1.72153e-10
2
-1.52904e-10
2
-1.23772e-10
2
-8.24311e-11
2
-3.17513e-11
2
2.91337e-11
2
9.62247e-11
2
1.68995e-10
2
2.43274e-10
2
3.17487e-10
2
3.88078e-10
2
4.5281e-10
2
5.09096e-10
2
5.54524e-10
2
5.8753e-10
2
6.06203e-10
2
6.09934e-10
2
5.98032e-10
2
5.70693e-10
2
5.28852e-10
2
4.73309e-10
2
4.06533e-10
2
3.29838e-10
2
2.4677e-10
2
1.59349e-10
2
7.18818e-11
2
-1.40192e-11
2
-4.34823e-07
2
-0.434732
2
-0.807638
2
-1.1319
2
-1.41923
2
-1.67418
2
-1.90011
2
-2.10041
2
-2.27812
2
-2.43586
2
-2.57589
2
-2.70022
2
-2.81059
2
-2.90853
2
-2.99538
2
-3.07233
2
-3.14043
2
-3.20061
2
-3.25367
2
-3.30036
2
-3.34131
2
-3.37712
2
-3.40828
2
-3.43527
2
-3.45849
2
-3.47831
2
-3.49507
2
-3.50905
2
-3.52053
2
-3.52974
2
-3.5369
2
-3.54219
2
-3.54579
2
-3.54787
2
-3.54854
2
-3.54795
2
-3.54619
2
-3.54339
2
-3.53961
2
-3.53496
2
-3.52949
2
-3.52329
2
-3.51639
2
-3.50887
2
-3.50076
2
-3.49211
2
-3.48296
2
-3.47334
2
-3.46329
2
-3.4528
2
-3.44203
2
-3.44203
2
-3.44203
2
-3.44203
2
-3.44203
2
-3.44203
2
-3.44203
2
-3.44203
2
-3.44203
2
-3.44203
2
-3.44203
2
-3.44203
2
-3.44203
2
-3.44203
2
-3.44203
2
-3.44203
2
-3.44203
2
-3.44203
2
-3.44203
2
-3.44203
2
-3.44203
2
-3.44203
2
-3.44203
2
-3.44203
2
-3.44203
2
-3.44203
2
-3.44203
2
-3.44203
2
-3.44203
2
-3.44203
2
-3.44203
2
-3.44203
2
-3.44203
2
-3.44203
2
-3.44203
2
-3.44203
2
-3.44203
2
-3.44203
2
-3.44203
2
-3.44203
2
-3.44203
2
-3.44203
2
-3.44203
2
-3.44203
2
-3.44203
2
-3.44203
2
-3.44203
2
-3.44203
2
-3.44203
2
-3.44203
2
-3.44203
2
-3.44203
2
-3.44203
2
-3.44203
2
-3.44203
2
-3.44203
2
-3.44203
2
-3.44203
2
-3.44203
2
-3.44203
2
-3.44203
2
-3.44203
2
-3.44203
2
-3.44203
2
-3.44203
2
-3.44203
2
-3.44203
2
-3.44203
2
-3.44202
2
-3.44202
2
-3.44202
2
-3.44201
2
-3.442
2
-3.44199
2
-3.44198
2
-3.44196
2
-3.44195
2
-3.44192
2
-3.44189
2
-3.44185
2
-3.4418
2
-3.44174
2
-3.44167
2
-3.44159
2
-3.44148
2
-3.44135
2
-3.4412
2
-3.44102
2
-3.4408
2
-3.44054
2
-3.44024
2
-3.43989
2
-3.43947
2
-3.43899
2
-3.43844
2
-3.43779
2
-3.43706
2
-3.43621
2
-3.43525
2
-3.43416
2
-3.43293
2
-3.43155
2
-3.42999
2
-3.42826
2
-3.42632
2
-3.42418
2
-3.4218
2
-3.41919
2
-3.41632
2
-3.41318
-3.40975
2
-2.19116e-11
2
-4.37977e-11
2
-6.56788e-11
2
-8.7124e-11
2
-1.07994e-10
2
-1.28152e-10
2
-1.47423e-10
2
-1.65159e-10
2
-1.80395e-10
2
-1.9149e-10
2
-1.96619e-10
2
-1.93524e-10
2
-1.80233e-10
2
-1.54886e-10
2
-1.16459e-10
2
-6.46125e-11
2
-1.00969e-13
2
7.53879e-11
2
1.59342e-10
2
2.48441e-10
2
3.39209e-10
2
4.27622e-10
2
5.10199e-10
2
5.83117e-10
2
6.43604e-10
2
6.8869e-10
2
7.16734e-10
2
7.2608e-10
2
7.16451e-10
2
6.87775e-10
2
6.41153e-10
2
5.78073e-10
2
5.00772e-10
2
4.11975e-10
2
3.14703e-10
2
2.12415e-10
2
1.08594e-10
2
6.72831e-12
2
-8.95743e-11
2
-4.34909e-07
2
-0.434732
2
-0.807638
2
-1.1319
2
-1.41923
2
-1.67418
2
-1.90011
2
-2.10041
2
-2.27812
2
-2.43586
2
-2.57589
2
-2.70022
2
-2.81059
2
-2.90853
2
-2.99538
2
-3.07233
2
-3.14043
2
-3.20061
2
-3.25367
2
-3.30036
2
-3.34131
2
-3.37712
2
-3.40828
2
-3.43527
2
-3.45849
2
-3.47831
2
-3.49507
2
-3.50905
2
-3.52053
2
-3.52974
2
-3.5369
2
-3.54219
2
-3.54579
2
-3.54787
2
-3.54854
2
-3.54795
2
-3.54619
2
-3.54339
2
-3.53961
2
-3.53496
2
-3.52949
2
-3.52329
2
-3.51639
2
-3.50887
2
-3.50076
2
-3.49211
2
-3.48296
2
-3.47334
2
-3.46329
2
-3.4528
2
-3.44203
2
-3.44203
2
-3.44203
2
-3.44203
2
-3.44203
2
-3.44203
2
-3.44203
2
-3.44203
2
-3.44203
2
-3.44203
2
-3.44203
2
-3.44203
2
-3.44203
2
-3.44203
2
-3.44203
2
-3.44203
2
-3.44203
2
-3.44203
2
-3.44203
2
-3.44203
2
-3.44203
2
-3.44203
2
-3.44203
2
-3.44203
2
-3.44203
2
-3.44203
2
-3.44203
2
-3.44203
2
-3.44203
2
-3.44203
2
-3.44203
2
-3.44203
2
-3.44203
2
-3.44203
2
-3.44203
2
-3.44203
2
-3.44203
2
-3.44203
2
-3.44203
2
-3.44203
2
-3.44203
2
-3.44203
2
-3.44203
2
-3.44203
2
-3.44203
2
-3.44203
2
-3.44203
2
-3.44203
2
-3.44203
2
-3.44203
2
-3.44203
2
-3.44203
2
-3.44203
2
-3.44203
2
-3.44203
2
-3.44203
2
-3.44203
2
-3.44203
2
-3.44203
2
-3.44203
2
-3.44203
2
-3.44203
2
-3.44203
2
-3.44203
2
-3.44203
2
-3.44203
2
-3.44203
2
-3.44203
2
-3.44202
2
-3.44202
2
-3.44202
2
-3.44201
2
-3.442
2
-3.44199
2
-3.44198
2
-3.44196
2
-3.44195
2
-3.44192
2
-3.44189
2
-3.44185
2
-3.4418
2
-3.44174
2
-3.44167
2
-3.44159
2
-3.44148
2
-3.44135
2
-3.4412
2
-3.44102
2
-3.4408
2
-3.44054
2
-3.44024
2
-3.43989
2
-3.43947
2
-3.43899
2
-3.43844
2
-3.43779
2
-3.43706
2
-3.43621
2
-3.43525
2
-3.43416
2
-3.43293
2
-3.43155
2
-3.42999
2
-3.42826
2
-3.42632
2
-3.42418
2
-3.4218
2
-3.41919
2
-3.41632
2
-3.41318
-3.40975
2
-2.35842e-11
2
-4.83655e-11
2
-7.25303e-11
2
-9.58555e-11
2
-1.17528e-10
2
-1.3865e-10
2
-1.57383e-10
2
-1.75633e-10
2
-1.89069e-10
2
-2.00267e-10
2
-2.01963e-10
2
-1.97859e-10
2
-1.7858e-10
2
-1.49597e-10
2
-1.0146e-10
2
-4.18084e-11
2
3.64092e-11
2
1.23957e-10
2
2.23891e-10
2
3.27082e-10
2
4.32469e-10
2
5.32983e-10
2
6.24555e-10
2
7.03304e-10
2
7.63993e-10
2
8.05824e-10
2
8.24539e-10
2
8.21367e-10
2
7.94945e-10
2
7.47153e-10
2
6.80514e-10
2
5.96459e-10
2
5.00953e-10
2
3.94718e-10
2
2.85347e-10
2
1.73501e-10
2
6.57583e-11
2
-3.68041e-11
2
-1.32801e-10
2
-4.3495e-07
2
-0.434732
2
-0.807638
2
-1.1319
2
-1.41923
2
-1.67418
2
-1.90011
2
-2.10041
2
-2.27812
2
-2.43586
2
-2.57589
2
-2.70022
2
-2.81059
2
-2.90853
2
-2.99538
2
-3.07233
2
-3.14043
2
-3.20061
2
-3.25367
2
-3.30036
2
-3.34131
2
-3.37712
2
-3.40828
2
-3.43527
2
-3.45849
2
-3.47831
2
-3.49507
2
-3.50905
2
-3.52053
2
-3.52974
2
-3.5369
2
-3.54219
2
-3.54579
2
-3.54787
2
-3.54854
2
-3.54795
2
-3.54619
2
-3.54339
2
-3.53961
2
-3.53496
2
-3.52949
2
-3.52329
2
-3.51639
2
-3.50887
2
-3.50076
2
-3.49211
2
-3.48296
2
-3.47334
2
-3.46329
2
-3.4528
2
-3.44203
2
-3.44203
2
-3.44203
2
-3.44203
2
-3.44203
2
-3.44203
2
-3.44203
2
-3.44203
2
-3.44203
2
-3.44203
2
-3.44203
2
-3.44203
2
-3.44203
2
-3.44203
2
-3.44203
2
-3.44203
2
-3.44203
2
-3.44203
2
-3.44203
2
-3.44203
2
-3.44203
2
-3.44203
2
-3.44203
2
-3.44203
2
-3.44203
2
-3.44203
2
-3.44203
2
-3.44203
2
-3.44203
2
-3.44203
2
-3.44203
2
-3.44203
2
-3.44203
2
-3.44203
2
-3.44203
2
-3.44203
2
-3.44203
2
-3.44203
2
-3.44203
2
-3.44203
2
-3.44203
2
-3.44203
2
-3.44203
2
-3.44203
2
-3.44203
2
-3.44203
2
-3.44203
2
-3.44203
2
-3.44203
2
-3.44203
2
-3.44203
2
-3.44203
2
-3.44203
2
-3.44203
2
-3.44203
2
-3.44203
2
-3.44203
2
-3.44203
2
-3.44203
2
-3.44203
2
-3.44203
2
-3.44203
2
-3.44203
2
-3.44203
2
-3.44203
2
-3.44203
2
-3.44203
2
-3.44203
2
-3.44202
2
-3.44202
2
-3.44202
2
-3.44201
2
-3.442
2
-3.44199
2
-3.44198
2
-3.44196
2
-3.44195
2
-3.44192
2
-3.44189
2
-3.44185
2
-3.4418
2
-3.44174
2
-3.44167
2
-3.44159
2
-3.44148
2
-3.44135
2
-3.4412
2
-3.44102
2
-3.4408
2
-3.44054
2
-3.44024
2
-3.43989
2
-3.43947
2
-3.43899
2
-3.43844
2
-3.43779
2
-3.43706
2
-3.43621
2
-3.43525
2
-3.43416
2
-3.43293
2
-3.43155
2
-3.42999
2
-3.42826
2
-3.42632
2
-3.42418
2
-3.4218
2
-3.41919
2
-3.41632
2
-3.41318
-3.40975
2
-2.78994e-11
2
-5.60177e-11
2
-8.29793e-11
2
-1.07528e-10
2
-1.30954e-10
2
-1.5111e-10
2
-1.71197e-10
2
-1.86047e-10
2
-2.0057e-10
2
-2.05423e-10
2
-2.07688e-10
2
-1.94202e-10
2
-1.74628e-10
2
-1.33953e-10
2
-8.44765e-11
2
-1.26268e-11
2
6.75365e-11
2
1.65088e-10
2
2.66379e-10
2
3.74562e-10
2
4.7905e-10
2
5.77592e-10
2
6.64413e-10
2
7.33967e-10
2
7.85304e-10
2
8.12639e-10
2
8.18261e-10
2
7.99246e-10
2
7.58719e-10
2
6.98658e-10
2
6.20871e-10
2
5.32265e-10
2
4.32481e-10
2
3.31277e-10
2
2.27015e-10
2
1.28769e-10
2
3.49808e-11
2
-5.03591e-11
2
-1.29127e-10
2
-4.34933e-07
2
-0.434732
2
-0.807638
2
-1.1319
2
-1.41923
2
-1.67418
2
-1.90011
2
-2.10041
2
-2.27812
2
-2.43586
2
-2.57589
2
-2.70022
2
-2.81059
2
-2.90853
2
-2.99538
2
-3.07233
2
-3.14043
2
-3.20061
2
-3.25367
2
-3.30036
2
-3.34131
2
-3.37712
2
-3.40828
2
-3.43527
2
-3.45849
2
-3.47831
2
-3.49507
2
-3.50905
2
-3.52053
2
-3.52974
2
-3.5369
2
-3.54219
2
-3.54579
2
-3.54787
2
-3.54854
2
-3.54795
2
-3.54619
2
-3.54339
2
-3.53961
2
-3.53496
2
-3.52949
2
-3.52329
2
-3.51639
2
-3.50887
2
-3.50076
2
-3.49211
2
-3.48296
2
-3.47334
2
-3.46329
2
-3.4528
2
-3.44203
2
-3.44203
2
-3.44203
2
-3.44203
2
-3.44203
2
-3.44203
2
-3.44203
2
-3.44203
2
-3.44203
2
-3.44203
2
-3.44203
2
-3.44203
2
-3.44203
2
-3.44203
2
-3.44203
2
-3.44203
2
-3.44203
2
-3.44203
2
-3.44203
2
-3.44203
2
-3.44203
2
-3.44203
2
-3.44203
2
-3.44203
2
-3.44203
2
-3.44203
2
-3.44203
2
-3.44203
2
-3.44203
2
-3.44203
2
-3.44203
2
-3.44203
2
-3.44203
2
-3.44203
2
-3.44203
2
-3.44203
2
-3.44203
2
-3.44203
2
-3.44203
2
-3.44203
2
-3.44203
2
-3.44203
2
-3.44203
2
-3.44203
2
-3.44203
2
-3.44203
2
-3.44203
2
-3.44203
2
-3.44203
2
-3.44203
2
-3.44203
2
-3.44203
2
-3.44203
2
-3.44203
2
-3.44203
2
-3.44203
2
-3.44203
2
-3.44203
2
-3.44203
2
-3.44203
2
-3.44203
2
-3.44203
2
-3.44203
2
-3.44203
2
-3.44203
2
-3.44203
2
-3.44203
2
-3.44203
2
-3.44202
2
-3.44202
2
-3.44202
2
-3.44201
2
-3.442
2
-3.44199
2
-3.44198
2
-3.44196
2
-3.44195
2
-3.44192
2
-3.44189
2
-3.44185
2
-3.4418
2
-3.44174
2
-3.44167
2
-3.44159
2
-3.44148
2
-3.44135
2
-3.4412
2
-3.44102
2
-3.4408
2
-3.44054
2
-3.44024
2
-3.43989
2
-3.43947
2
-3.43899
2
-3.43844
2
-3.43779
2
-3.43706
2
-3.43621
2
-3.43525
2
-3.43416
2
-3.43293
2
-3.43155
2
-3.42999
2
-3.42826
2
-3.42632
2
-3.42418
2
-3.4218
2
-3.41919
2
-3.41632
2
-3.41318
-3.40975
2
2
2
2
2
2
2
2
2
2
2
2
2
2
2
2
2
2
2
2
2
2
2
2
2
2
2
2
2
2
2
2
2
2
2
2
2
2
2
2
2
2
2
2
2
2
2
2
2
2
2
2
2
2
2
2
2
2
2
2
2
2
2
2
2
2
2
2
2
2
2
2
2
2
2
2
2
2
2
2
2
2
2
2
2
2
2
2
2
2
2
2
2
2
2
2
2
2
2
2
2
2
2
2
2
2
2
2
2
2
2
2
2
2
2
2
2
2
2
2
2
2
2
2
2
2
2
2
2
2
2
2
2
2
2
2
2
2
2
2
2
2
2
2
2
2
2
2
2
2
2
2
2
2
2
2
2
2
2
2
2
2
2
2
2
2
2
2
2
2
2
2
2
2
2
2
2
2
2
2
2
2
2
2
2
2
2
2
2
2
2
2
2
2
2
2
2
2
2
)
;

boundaryField
{
    cyclic1
    {
        type            cyclic;
        value           nonuniform List<scalar> 
200
(
-3.07717e-11
-5.10495e-11
-6.99591e-11
-8.78692e-11
-1.03238e-10
-1.18059e-10
-1.28873e-10
-1.39153e-10
-1.42404e-10
-1.43973e-10
-1.3429e-10
-1.20978e-10
-9.24717e-11
-5.86943e-11
-8.29098e-12
4.71754e-11
1.1639e-10
1.87775e-10
2.6575e-10
3.40876e-10
4.1311e-10
4.76832e-10
5.28695e-10
5.67303e-10
5.88158e-10
5.93076e-10
5.78898e-10
5.48707e-10
5.02644e-10
4.4302e-10
3.73909e-10
2.9569e-10
2.15403e-10
1.3183e-10
5.26667e-11
-2.36681e-11
-9.19955e-11
-1.54712e-10
-2.14349e-10
-4.35e-07
-0.434732
-0.807638
-1.1319
-1.41923
-1.67418
-1.90011
-2.10041
-2.27812
-2.43586
-2.57589
-2.70022
-2.81059
-2.90853
-2.99538
-3.07233
-3.14043
-3.20061
-3.25367
-3.30036
-3.34131
-3.37712
-3.40828
-3.43527
-3.45849
-3.47831
-3.49507
-3.50905
-3.52053
-3.52974
-3.5369
-3.54219
-3.54579
-3.54787
-3.54854
-3.54795
-3.54619
-3.54339
-3.53961
-3.53496
-3.52949
-3.52329
-3.51639
-3.50887
-3.50076
-3.49211
-3.48296
-3.47334
-3.46329
-3.4528
-3.44203
-3.44203
-3.44203
-3.44203
-3.44203
-3.44203
-3.44203
-3.44203
-3.44203
-3.44203
-3.44203
-3.44203
-3.44203
-3.44203
-3.44203
-3.44203
-3.44203
-3.44203
-3.44203
-3.44203
-3.44203
-3.44203
-3.44203
-3.44203
-3.44203
-3.44203
-3.44203
-3.44203
-3.44203
-3.44203
-3.44203
-3.44203
-3.44203
-3.44203
-3.44203
-3.44203
-3.44203
-3.44203
-3.44203
-3.44203
-3.44203
-3.44203
-3.44203
-3.44203
-3.44203
-3.44203
-3.44203
-3.44203
-3.44203
-3.44203
-3.44203
-3.44203
-3.44203
-3.44203
-3.44203
-3.44203
-3.44203
-3.44203
-3.44203
-3.44203
-3.44203
-3.44203
-3.44203
-3.44203
-3.44203
-3.44203
-3.44203
-3.44203
-3.44202
-3.44202
-3.44202
-3.44201
-3.442
-3.44199
-3.44198
-3.44196
-3.44195
-3.44192
-3.44189
-3.44185
-3.4418
-3.44174
-3.44167
-3.44159
-3.44148
-3.44135
-3.4412
-3.44102
-3.4408
-3.44054
-3.44024
-3.43989
-3.43947
-3.43899
-3.43844
-3.43779
-3.43706
-3.43621
-3.43525
-3.43416
-3.43293
-3.43155
-3.42999
-3.42826
-3.42632
-3.42418
-3.4218
-3.41919
-3.41632
-3.41318
-3.40975
)
;
    }
    cyclic2
    {
        type            cyclic;
        value           nonuniform List<scalar> 
200
(
3.07717e-11
5.10495e-11
6.99591e-11
8.78692e-11
1.03238e-10
1.18059e-10
1.28873e-10
1.39153e-10
1.42404e-10
1.43973e-10
1.3429e-10
1.20978e-10
9.24717e-11
5.86943e-11
8.29098e-12
-4.71754e-11
-1.1639e-10
-1.87775e-10
-2.6575e-10
-3.40876e-10
-4.1311e-10
-4.76832e-10
-5.28695e-10
-5.67303e-10
-5.88158e-10
-5.93076e-10
-5.78898e-10
-5.48707e-10
-5.02644e-10
-4.4302e-10
-3.73909e-10
-2.9569e-10
-2.15403e-10
-1.3183e-10
-5.26667e-11
2.36681e-11
9.19955e-11
1.54712e-10
2.14349e-10
4.35e-07
0.434732
0.807638
1.1319
1.41923
1.67418
1.90011
2.10041
2.27812
2.43586
2.57589
2.70022
2.81059
2.90853
2.99538
3.07233
3.14043
3.20061
3.25367
3.30036
3.34131
3.37712
3.40828
3.43527
3.45849
3.47831
3.49507
3.50905
3.52053
3.52974
3.5369
3.54219
3.54579
3.54787
3.54854
3.54795
3.54619
3.54339
3.53961
3.53496
3.52949
3.52329
3.51639
3.50887
3.50076
3.49211
3.48296
3.47334
3.46329
3.4528
3.44203
3.44203
3.44203
3.44203
3.44203
3.44203
3.44203
3.44203
3.44203
3.44203
3.44203
3.44203
3.44203
3.44203
3.44203
3.44203
3.44203
3.44203
3.44203
3.44203
3.44203
3.44203
3.44203
3.44203
3.44203
3.44203
3.44203
3.44203
3.44203
3.44203
3.44203
3.44203
3.44203
3.44203
3.44203
3.44203
3.44203
3.44203
3.44203
3.44203
3.44203
3.44203
3.44203
3.44203
3.44203
3.44203
3.44203
3.44203
3.44203
3.44203
3.44203
3.44203
3.44203
3.44203
3.44203
3.44203
3.44203
3.44203
3.44203
3.44203
3.44203
3.44203
3.44203
3.44203
3.44203
3.44203
3.44203
3.44203
3.44202
3.44202
3.44202
3.44201
3.442
3.44199
3.44198
3.44196
3.44195
3.44192
3.44189
3.44185
3.4418
3.44174
3.44167
3.44159
3.44148
3.44135
3.4412
3.44102
3.4408
3.44054
3.44024
3.43989
3.43947
3.43899
3.43844
3.43779
3.43706
3.43621
3.43525
3.43416
3.43293
3.43155
3.42999
3.42826
3.42632
3.42418
3.4218
3.41919
3.41632
3.41318
3.40975
)
;
    }
    frontAndBack
    {
        type            empty;
        value           nonuniform 0();
    }
    outlet
    {
        type            calculated;
        value           nonuniform List<scalar> 
20
(
2
2
2
2
2
2
2
2
2
2
2
2
2
2
2
2
2
2
2
2
)
;
    }
    inlet
    {
        type            calculated;
        value           nonuniform List<scalar> 
20
(
-2
-2
-2
-2
-2
-2
-2
-2
-2
-2
-2
-2
-2
-2
-2
-2
-2
-2
-2
-2
)
;
    }
}


// ************************************************************************* //
