/*--------------------------------*- C++ -*----------------------------------*\
  =========                 |
  \\      /  F ield         | OpenFOAM: The Open Source CFD Toolbox
   \\    /   O peration     | Website:  https://openfoam.org
    \\  /    A nd           | Version:  6
     \\/     M anipulation  |
\*---------------------------------------------------------------------------*/
FoamFile
{
    version     2.0;
    format      ascii;
    class       surfaceScalarField;
    location    "140";
    object      phi;
}
// * * * * * * * * * * * * * * * * * * * * * * * * * * * * * * * * * * * * * //

dimensions      [0 3 -1 0 0 0 0];

internalField   nonuniform List<scalar> 
7780
(
2
2.26136e-16
2
1.42599e-16
2
2.46743e-16
2
2.67385e-16
2
3.79921e-16
2
2.24548e-16
2
2.25474e-16
2
1.04013e-16
2
1.54101e-16
2
-1.48422e-17
2
1.15379e-16
2
9.20208e-17
2
4.46415e-16
2
2.08958e-16
2
2.22611e-16
2
2.30574e-16
2
2.01421e-17
2
-7.05473e-17
2
-1.14202e-16
2
-2.71955e-16
2
-2.73002e-17
2
6.66553e-17
2
8.16932e-17
2
-7.35229e-17
2
6.30165e-17
2
5.06423e-17
2
-3.35364e-17
2
-4.98096e-17
2
3.30228e-17
2
1.60944e-16
2
9.42616e-17
2
6.53249e-17
2
2.94195e-17
2
-1.3773e-16
2
1.24111e-16
2
1.06097e-16
2
1.85344e-16
2
-7.84303e-18
2
-1.36111e-16
2
-1.88865e-17
2
8.16983e-17
2
2.08036e-16
2
2.33601e-16
2
1.32946e-16
2
6.46623e-17
2
6.18303e-17
2
6.76904e-17
2
1.1444e-16
2
1.48361e-16
2
1.92112e-16
2
1.64782e-16
2
6.17206e-17
2
-6.81553e-17
2
2.91166e-17
2
1.9414e-16
2
2.06016e-16
2
6.03081e-17
2
1.09232e-16
2
9.83705e-17
2
-4.04459e-17
2
1.30302e-16
2
1.14462e-16
2
1.39762e-16
2
1.5189e-16
2
1.64583e-16
2
1.55013e-16
2
7.15964e-17
2
3.25821e-17
2
2.85631e-17
2
-4.49431e-17
2
1.71084e-16
2
3.70011e-16
2
3.86644e-16
2
1.72206e-16
2
2.4346e-16
2
1.06504e-16
2
3.09487e-18
2
7.57896e-19
2
-1.1756e-18
2
-9.85242e-17
2
-1.12068e-16
2
1.44212e-16
2
9.7698e-17
2
1.57269e-16
2
8.93301e-17
2
1.31001e-16
2
2.56056e-16
2
1.95396e-16
2
1.39791e-16
2
2.0322e-16
2
1.99414e-16
2
3.65389e-16
2
3.55803e-16
2
-5.60068e-17
2
-4.25235e-17
2
1.37979e-16
2
8.65283e-17
2
-1.9367e-17
2
3.1672e-16
2
4.12936e-16
2
3.05397e-16
2
1.61349e-16
2
2.33486e-16
2
2.97181e-16
2
4.05634e-16
2
4.33614e-16
2
3.06183e-16
2
3.98286e-16
2
4.19236e-16
2
3.87361e-16
2
2.32314e-16
2
4.09283e-16
2
3.49053e-16
2
3.73368e-16
2
9.04511e-17
2
4.11358e-17
2
5.35405e-17
2
4.42319e-17
2
8.63038e-18
2
-1.2361e-17
2
-1.21692e-17
2
-2.5444e-16
2
-2.62239e-16
2
-2.32358e-16
2
-2.17894e-16
2
-1.55266e-16
2
-4.43017e-17
2
-5.01106e-17
2
-1.08549e-16
2
-6.00488e-17
2
-1.74522e-16
2
-1.02365e-16
2
-9.41145e-17
2
-1.51687e-16
2
-1.19267e-16
2
-2.22965e-16
2
-1.94575e-16
2
-9.50658e-17
2
-1.06226e-16
2
-1.59023e-16
2
-3.6288e-16
2
-3.0323e-16
2
-1.17294e-16
2
-3.73357e-17
2
-2.03838e-16
2
-3.00282e-17
2
1.78151e-16
2
-1.12547e-17
2
-6.41571e-18
2
5.37787e-17
2
1.08111e-16
2
1.06245e-16
2
2.7906e-16
2
3.0845e-16
2
1.35983e-16
2
1.12138e-16
2
1.44689e-16
2
2.03688e-16
2
2.53725e-16
2
2.73678e-16
2
1.01314e-16
2
2.96582e-16
2
3.38938e-16
2
4.12315e-16
2
3.37311e-16
2
3.55861e-16
2
1.76886e-16
2
2.91058e-16
2
1.59231e-16
2
1.15975e-17
2
1.43835e-16
2
1.07264e-16
2
7.78201e-17
2
1.23847e-16
2
-5.57411e-17
2
-5.88339e-17
2
6.55478e-17
2
3.84641e-16
2
2.16805e-16
2
7.92615e-17
2
2.16361e-16
2
1.48033e-16
2
2.73657e-16
2
1.79792e-16
2
1.86519e-16
2
3.1947e-16
2
2.46779e-16
2
1.5697e-16
2
1.12895e-16
2
1.07154e-16
2
1.4225e-16
2
6.03271e-17
2
-2.10892e-16
2
-3.38104e-16
2
-3.95148e-16
2
-1.46108e-16
2
-1.35587e-16
2
-2.11242e-16
2
-2.19094e-16
-1.87265e-16
2
-8.83659e-17
2
2.83297e-17
2
1.21038e-16
2
3.49644e-16
2
1.20739e-16
2
1.44792e-16
2
2.96664e-16
2
3.77717e-16
2
1.14126e-16
2
2.44537e-16
2
1.82636e-16
2
1.18801e-16
2
1.43415e-16
2
1.36281e-16
2
2.36729e-16
2
1.01892e-16
2
1.91979e-16
2
2.69266e-16
2
2.30293e-17
2
7.0973e-17
2
9.99756e-17
2
-1.0787e-16
2
-9.44178e-17
2
1.45776e-16
2
-6.58757e-17
2
-9.39874e-18
2
2.2241e-17
2
5.83458e-17
2
1.32718e-16
2
2.22551e-16
2
2.03189e-16
2
1.24038e-16
2
-9.09676e-18
2
1.33187e-16
2
1.49225e-16
2
3.4584e-19
2
-6.09375e-17
2
1.17728e-16
2
3.75148e-17
2
9.48182e-17
2
1.30192e-16
2
9.76022e-18
2
3.56759e-16
2
3.01367e-16
2
2.61673e-16
2
3.22963e-16
2
2.27092e-16
2
2.90203e-16
2
2.74432e-16
2
1.53441e-16
2
2.3856e-16
2
3.45106e-16
2
1.90666e-16
2
8.51361e-17
2
-5.63081e-17
2
-5.32681e-18
2
2.13964e-16
2
1.01004e-16
2
9.6074e-17
2
-7.96482e-17
2
-4.39668e-17
2
1.07349e-16
2
-7.2789e-17
2
-4.49828e-17
2
1.27531e-16
2
1.24345e-16
2
8.22575e-17
2
7.06513e-17
2
1.1578e-16
2
2.8691e-16
2
1.02219e-16
2
1.86646e-16
2
1.67767e-16
2
1.5763e-16
2
6.56722e-17
2
2.52124e-17
2
-3.20378e-17
2
-1.15302e-16
2
7.57828e-17
2
3.91477e-17
2
-6.27354e-17
2
1.09511e-17
2
9.60794e-17
2
6.0583e-17
2
1.78492e-16
2
2.3383e-16
2
2.71022e-16
2
2.23021e-16
2
4.69885e-16
2
2.26345e-16
2
1.89249e-16
2
1.53609e-16
2
1.22184e-16
2
2.48145e-16
2
2.39491e-16
2
-1.37127e-18
2
2.20638e-16
2
1.95456e-16
2
2.66041e-16
2
2.97272e-16
2
3.88757e-16
2
4.75498e-16
2
1.99537e-16
2
2.39025e-16
2
2.07322e-16
2
2.21438e-16
2
2.54785e-16
2
3.20713e-16
2
3.21663e-16
2
3.48752e-16
2
3.39366e-16
2
3.30483e-16
2
4.53679e-16
2
2.80474e-16
2
1.14769e-16
2
5.93559e-17
2
7.17395e-17
2
2.09563e-16
2
4.95723e-17
2
3.37327e-17
2
4.95375e-17
2
7.83417e-17
2
-3.80632e-17
2
-1.30212e-16
2
-2.77856e-16
2
-1.92016e-16
2
-8.28168e-17
2
-1.64634e-16
2
-1.22494e-16
2
-2.03997e-16
2
-2.23184e-16
2
-1.74039e-16
2
7.47786e-18
2
-1.38321e-16
2
-1.1229e-16
2
-7.76274e-17
2
-7.85576e-17
2
-1.8012e-16
2
-1.96966e-16
2
-3.0735e-16
2
-2.38618e-16
2
-2.61278e-16
2
-1.72536e-16
2
-6.77528e-17
2
4.05878e-17
2
-6.73781e-17
2
6.58435e-18
2
1.19515e-16
2
5.49418e-17
2
1.63384e-16
2
1.20895e-16
2
1.29219e-16
2
9.12564e-17
2
1.89029e-16
2
3.26634e-16
2
2.782e-16
2
1.39189e-16
2
-4.17497e-17
2
6.04293e-17
2
1.73458e-16
2
2.695e-16
2
3.50376e-16
2
5.29676e-16
2
3.67041e-16
2
2.51714e-16
2
1.21848e-16
2
1.63798e-16
2
2.7387e-16
2
3.14939e-16
2
3.34823e-16
2
1.53001e-16
2
1.56369e-16
2
1.36046e-16
2
2.08155e-16
2
4.47223e-17
2
1.84866e-16
2
2.83121e-16
2
2.47843e-16
2
2.5771e-16
2
2.32397e-16
2
3.05638e-16
2
3.70198e-16
2
5.06988e-16
2
3.02083e-16
2
2.09923e-16
2
1.7801e-16
2
2.3403e-16
2
1.77568e-16
2
9.42051e-17
2
1.88184e-16
2
-4.57295e-17
2
-1.80827e-16
2
-2.45748e-16
2
-7.23221e-17
2
-1.51906e-16
2
-2.87636e-16
2
-2.14206e-16
2
-2.29716e-16
2
1.60799e-17
-1.3255e-16
2
-6.46602e-17
2
-7.5871e-17
2
3.44869e-17
2
6.04589e-17
2
1.34811e-16
2
3.03841e-16
2
2.45325e-16
2
1.27542e-16
2
1.8295e-16
2
2.32742e-16
2
1.98765e-16
2
9.55534e-17
2
-2.42831e-17
2
5.83175e-17
2
5.35291e-17
2
1.56367e-16
2
1.44633e-17
2
1.31195e-16
2
2.15312e-16
2
3.01449e-16
2
2.36587e-16
2
2.29895e-16
2
1.76082e-17
2
-1.41844e-17
2
-1.1191e-16
2
-1.09986e-16
2
-2.18131e-17
2
7.25162e-17
2
2.49437e-16
2
3.59853e-16
2
2.93175e-16
2
1.44162e-16
2
1.20314e-16
2
1.4453e-16
2
-5.87958e-17
2
-9.35764e-17
2
-3.96858e-17
2
1.18477e-16
2
1.16836e-16
2
2.42801e-16
2
3.34063e-16
2
2.28009e-16
2
1.12039e-16
2
1.27997e-16
2
1.39641e-17
2
3.40547e-17
2
2.91693e-16
2
2.40033e-16
2
2.01831e-16
2
6.56057e-17
2
2.70903e-17
2
6.78431e-17
2
3.59245e-16
2
1.45089e-16
2
-1.10742e-17
2
1.02029e-16
2
1.77195e-16
2
2.67578e-16
2
1.34576e-16
2
9.85491e-17
2
2.03079e-17
2
-7.17597e-17
2
-9.31243e-17
2
-1.63182e-17
2
1.44088e-16
2
-3.74547e-18
2
5.83993e-18
2
2.26926e-17
2
4.16377e-17
2
6.7499e-17
2
1.88996e-16
2
1.56495e-16
2
1.11738e-16
2
-3.1123e-17
2
2.96614e-18
2
2.84907e-17
2
6.36012e-17
2
8.40341e-17
2
-1.00064e-17
2
6.85753e-18
2
1.982e-16
2
2.10242e-17
2
1.57131e-16
2
2.38748e-16
2
2.37079e-16
2
2.60425e-16
2
3.05554e-16
2
4.21002e-16
2
3.75515e-16
2
3.8763e-16
2
2.03532e-16
2
3.36133e-17
2
2.30349e-16
2
2.82984e-16
2
3.01532e-16
2
2.87377e-16
2
1.76996e-16
2
2.22867e-16
2
2.10867e-16
2
1.85554e-16
2
9.81461e-17
2
1.47827e-16
2
3.86528e-16
2
3.44119e-16
2
2.61372e-16
2
2.38335e-16
2
2.74296e-16
2
3.62826e-16
2
2.20943e-16
2
1.95055e-16
2
3.49078e-16
2
4.78985e-16
2
4.23168e-16
2
1.62252e-16
2
2.97236e-17
2
5.44907e-17
2
2.73822e-16
2
2.14201e-16
2
1.84877e-16
2
7.39038e-17
2
-3.39528e-17
2
3.85721e-17
2
-1.55049e-16
2
-8.83114e-17
2
1.85086e-17
2
-1.11848e-16
2
-1.81921e-16
2
-1.77324e-16
2
-2.19759e-16
2
-2.18525e-16
2
-2.74768e-16
2
-1.37576e-16
2
-1.1684e-16
2
-8.35452e-17
2
-4.81397e-17
2
3.52941e-17
2
7.08015e-18
2
-6.99844e-17
2
-1.93261e-16
2
-6.04363e-17
2
8.56801e-18
2
-3.74452e-17
2
-8.28635e-17
2
-9.81943e-17
2
2.6566e-17
2
1.39001e-16
2
7.5132e-17
2
4.78815e-17
2
1.25342e-17
2
6.10315e-17
2
1.06372e-16
2
7.17041e-17
2
-4.26029e-17
2
-5.8295e-19
2
-4.03735e-17
2
1.62647e-16
2
6.86327e-17
2
6.43902e-17
2
7.84086e-17
2
2.75007e-16
2
2.77858e-16
2
3.84429e-16
2
4.20635e-16
2
4.44099e-16
2
3.65582e-16
2
2.51829e-16
2
2.47372e-16
2
2.32838e-16
2
2.48559e-16
2
3.83645e-16
2
3.67172e-16
2
9.76187e-17
2
1.73645e-16
2
3.2045e-16
2
3.00176e-16
2
3.21186e-16
2
2.78742e-16
2
2.55415e-16
2
3.74076e-16
2
2.87383e-16
2
3.02224e-16
2
3.32216e-16
2
4.35094e-17
2
1.56905e-16
2
2.31466e-16
2
2.27111e-16
2
1.88132e-16
2
1.70885e-16
2
2.07556e-16
2
2.23072e-16
2
-1.54122e-17
2
-2.84339e-16
2
-3.19188e-16
2
-8.2449e-17
2
-1.3519e-17
2
-1.07355e-16
2
-4.23245e-16
2
-4.49493e-16
2
-4.43293e-16
-5.21074e-16
2
-3.69731e-17
2
-1.0537e-17
2
6.92917e-17
2
1.08698e-16
2
-6.79155e-18
2
8.50574e-17
2
1.37456e-16
2
2.27942e-16
2
2.84733e-16
2
2.95126e-16
2
2.75814e-16
2
1.98468e-16
2
1.48933e-16
2
2.19718e-16
2
2.86824e-16
2
5.49565e-17
2
2.06117e-16
2
2.26151e-16
2
3.96971e-16
2
2.68743e-16
2
-1.22841e-17
2
6.47018e-17
2
5.87104e-17
2
-4.0826e-17
2
-2.00581e-16
2
-1.85849e-16
2
-9.53648e-17
2
-4.07168e-17
2
-4.44177e-17
2
1.32536e-16
2
3.77547e-16
2
3.60927e-16
2
1.6831e-16
2
-4.36813e-17
2
8.68269e-18
2
2.23314e-16
2
3.70303e-16
2
3.09226e-16
2
5.04406e-16
2
3.4926e-16
2
2.68174e-16
2
4.78988e-16
2
1.81922e-16
2
1.20793e-16
2
9.25981e-17
2
1.8992e-16
2
3.07796e-16
2
3.24087e-16
2
1.67171e-16
2
8.84566e-17
2
2.72834e-16
2
1.83079e-16
2
1.46611e-16
2
-1.34219e-17
2
-9.86412e-17
2
-1.20675e-17
2
6.54434e-17
2
7.60308e-17
2
8.12321e-18
2
4.59263e-17
2
-7.85992e-17
2
-1.94901e-16
2
-1.97361e-16
2
-8.85994e-17
2
-5.78557e-17
2
6.83884e-17
2
1.13018e-16
2
1.3807e-16
2
9.04339e-17
2
1.45365e-16
2
1.77196e-16
2
1.27762e-16
2
1.52516e-16
2
2.2841e-16
2
1.14449e-16
2
-3.66096e-17
2
-5.65022e-17
2
-2.43947e-17
2
-2.3938e-17
2
1.60157e-16
2
2.78425e-17
2
2.08741e-16
2
1.4511e-16
2
1.51966e-16
2
2.88038e-16
2
3.43192e-16
2
3.78678e-16
2
4.10083e-16
2
3.3304e-16
2
2.50609e-16
2
1.92045e-16
2
2.13114e-16
2
2.10279e-16
2
2.89244e-16
2
3.23093e-16
2
4.09575e-16
2
2.02478e-16
2
2.02547e-16
2
1.03452e-16
2
2.26786e-16
2
1.44189e-16
2
1.60181e-16
2
2.44135e-16
2
3.48247e-16
2
2.58468e-16
2
8.48153e-17
2
1.7703e-16
2
3.72245e-16
2
4.36019e-16
2
3.19493e-16
2
3.65174e-16
2
3.56643e-16
2
2.95978e-16
2
2.61614e-16
2
1.99792e-16
2
4.61904e-17
2
2.3929e-16
2
3.55424e-17
2
5.33183e-17
2
4.6029e-18
2
5.39641e-17
2
-2.45285e-16
2
-8.59825e-17
2
-1.37466e-16
2
-4.16365e-17
2
-1.83155e-16
2
-1.55021e-16
2
-1.5336e-16
2
-1.71202e-16
2
-1.96044e-16
2
-1.49295e-16
2
-1.43841e-16
2
-2.30536e-16
2
-1.09275e-16
2
-4.68719e-17
2
-1.00553e-16
2
-1.42431e-17
2
8.38231e-17
2
7.01387e-17
2
6.05816e-17
2
5.81737e-17
2
4.00636e-17
2
-7.42203e-17
2
-1.1636e-16
2
-2.52736e-17
2
6.70544e-17
2
-1.45324e-16
2
-3.78505e-17
2
-1.04198e-16
2
3.11253e-17
2
-3.13483e-17
2
5.1114e-17
2
1.48984e-16
2
1.61273e-16
2
1.81148e-17
2
6.11205e-17
2
2.73347e-16
2
2.67503e-16
2
4.15661e-16
2
2.76144e-16
2
5.02062e-16
2
3.71885e-16
2
-2.10282e-17
2
3.65838e-16
2
3.42343e-16
2
3.02059e-16
2
3.11148e-16
2
2.88902e-16
2
3.39374e-16
2
3.49148e-16
2
2.72029e-16
2
3.77569e-16
2
2.52767e-16
2
3.77588e-17
2
2.76296e-16
2
1.9824e-16
2
2.08483e-16
2
3.16488e-17
2
2.68397e-16
2
4.46751e-16
2
2.37744e-16
2
8.43257e-17
2
7.25418e-17
2
2.59525e-16
2
2.18017e-16
2
2.03681e-16
2
1.16724e-16
2
6.17806e-17
2
9.39825e-17
2
-1.32671e-16
2
-1.9375e-16
2
-1.55616e-16
2
-1.18095e-16
2
-4.01964e-16
2
-3.38009e-16
2
-4.05966e-16
2
-2.43934e-16
2
-1.45433e-16
2
-2.5246e-16
-2.23983e-16
2
-2.35317e-17
2
-5.67944e-17
2
-1.52095e-16
2
-1.38114e-16
2
8.46239e-17
2
1.55239e-16
2
1.02703e-16
2
2.64369e-16
2
2.88949e-16
2
2.87743e-16
2
2.88824e-16
2
-4.56226e-17
2
5.87179e-17
2
1.63749e-16
2
-1.58277e-16
2
-4.35536e-17
2
1.91044e-16
2
1.79498e-16
2
2.23745e-17
2
3.23614e-17
2
1.62753e-16
2
1.23681e-16
2
1.59488e-16
2
2.77681e-17
2
-5.98032e-17
2
-1.65885e-16
2
-2.73258e-16
2
-7.72003e-17
2
6.34726e-17
2
-7.76799e-17
2
-8.8592e-17
2
1.7969e-16
2
1.17292e-16
2
1.27738e-16
2
1.60295e-17
2
2.16417e-16
2
2.89978e-16
2
2.00366e-16
2
1.16808e-16
2
-4.90342e-17
2
-1.39272e-17
2
3.41056e-17
2
5.24948e-17
2
1.07085e-16
2
8.35398e-17
2
9.03472e-17
2
5.21399e-17
2
1.33477e-16
2
2.42763e-16
2
2.92303e-16
2
1.86964e-16
2
2.70972e-16
2
1.53081e-16
2
1.23257e-16
2
1.75645e-16
2
5.54354e-17
2
4.04825e-17
2
-5.23835e-17
2
1.09268e-16
2
1.0522e-16
2
-1.91951e-16
2
-3.45913e-16
2
-2.62611e-16
2
-1.78839e-16
2
-2.69171e-16
2
-1.09831e-16
2
-9.70013e-18
2
1.43148e-17
2
1.93984e-16
2
1.63788e-16
2
-2.83871e-17
2
-2.93703e-17
2
-2.39779e-17
2
-2.0938e-16
2
-2.07251e-16
2
5.2183e-18
2
-1.88699e-16
2
-2.69232e-16
2
-1.68844e-16
2
6.31981e-18
2
1.06034e-16
2
-4.30537e-17
2
5.29297e-17
2
9.26974e-17
2
1.40443e-16
2
2.19147e-16
2
2.81811e-16
2
2.29313e-16
2
7.26569e-17
2
2.0312e-16
2
1.62774e-16
2
1.39419e-16
2
1.96847e-16
2
2.03819e-16
2
1.69935e-16
2
6.92503e-17
2
2.03625e-16
2
2.53356e-16
2
1.86781e-16
2
9.1041e-18
2
4.22408e-17
2
2.38714e-17
2
2.20161e-16
2
2.71618e-16
2
1.36483e-16
2
2.96644e-16
2
3.24644e-16
2
2.86332e-16
2
3.69591e-16
2
2.05649e-16
2
3.66709e-16
2
2.50907e-16
2
2.0086e-16
2
2.1967e-16
2
3.36787e-16
2
2.96023e-16
2
5.67796e-17
2
2.77268e-17
2
-2.40301e-17
2
2.41113e-16
2
2.4088e-17
2
-4.42466e-17
2
-8.47728e-17
2
-7.84447e-17
2
-1.79132e-16
2
1.73212e-16
2
6.58844e-17
2
5.13825e-17
2
2.57419e-17
2
-6.32501e-17
2
9.99775e-17
2
-1.20184e-17
2
-2.87863e-16
2
-1.87742e-16
2
-5.23227e-18
2
1.4002e-16
2
2.27357e-17
2
-3.20685e-16
2
-2.01907e-16
2
-6.77455e-17
2
-1.14545e-16
2
-1.34139e-16
2
-9.43972e-17
2
-6.32921e-17
2
-2.62136e-17
2
-9.586e-17
2
5.18336e-17
2
-3.98232e-17
2
8.64405e-18
2
-2.22384e-16
2
-7.78673e-17
2
-3.52554e-17
2
-7.09157e-17
2
-1.11884e-16
2
-1.05447e-16
2
1.11409e-17
2
-3.59113e-17
2
1.68501e-16
2
3.37886e-16
2
2.51348e-16
2
4.14026e-17
2
3.10501e-17
2
1.80064e-16
2
5.54721e-18
2
1.71542e-16
2
2.78805e-16
2
1.89044e-16
2
2.2133e-16
2
4.52596e-16
2
3.85128e-16
2
2.8791e-16
2
4.23052e-16
2
3.27891e-16
2
2.13025e-16
2
3.44321e-16
2
1.16915e-16
2
5.83143e-17
2
2.76078e-16
2
1.06486e-16
2
2.10573e-16
2
2.60619e-16
2
2.38729e-16
2
2.34325e-16
2
1.02403e-17
2
3.08798e-17
2
2.97592e-17
2
6.60553e-17
2
1.50106e-16
2
-7.60611e-17
2
-1.62919e-16
2
6.52316e-18
2
-4.76067e-17
2
-6.06192e-17
2
-1.47476e-16
2
-1.02454e-16
2
-1.19928e-16
2
-1.53965e-16
2
-2.15103e-16
2
-3.02844e-16
-1.22489e-16
2
-1.75092e-16
2
-9.89743e-17
2
-1.05717e-16
2
-5.94225e-17
2
-1.13945e-17
2
-6.52266e-17
2
-1.15802e-16
2
-1.87569e-16
2
9.29783e-17
2
4.85993e-17
2
-8.84889e-17
2
8.50619e-17
2
1.27243e-16
2
9.69017e-17
2
1.27013e-16
2
2.20406e-16
2
1.26676e-16
2
-1.11809e-16
2
3.80771e-17
2
2.17988e-16
2
3.2138e-16
2
1.17783e-16
2
-4.46494e-17
2
-9.40384e-18
2
-3.41135e-17
2
-4.57232e-17
2
3.40971e-17
2
-6.47156e-17
2
-8.10418e-17
2
-1.67505e-16
2
-1.73932e-16
2
-1.36132e-16
2
-2.88391e-17
2
2.16656e-16
2
2.24588e-16
2
3.43189e-16
2
1.57087e-16
2
1.57802e-16
2
1.97774e-16
2
1.83516e-17
2
-9.18682e-17
2
-1.62452e-16
2
1.11373e-17
2
2.1802e-16
2
1.00466e-16
2
9.69743e-17
2
1.45536e-16
2
2.57749e-16
2
2.02157e-16
2
5.48986e-17
2
1.45836e-16
2
-7.97162e-17
2
8.7888e-17
2
2.31713e-16
2
1.56337e-16
2
6.70503e-18
2
9.04378e-17
2
4.23767e-17
2
-1.57666e-16
2
-1.18903e-16
2
-2.0289e-16
2
-2.24763e-16
2
-1.18579e-16
2
-1.85547e-16
2
-1.96472e-16
2
-1.1274e-16
2
-3.66203e-17
2
1.39e-16
2
8.509e-17
2
-1.4703e-17
2
-8.49362e-17
2
-1.46236e-16
2
-1.26925e-16
2
-1.18822e-16
2
-2.29794e-17
2
-2.00521e-16
2
-2.34855e-16
2
2.4503e-17
2
3.0191e-18
2
-8.70194e-17
2
-5.42485e-17
2
-4.30234e-17
2
5.50938e-17
2
-2.90126e-17
2
2.97534e-17
2
1.59041e-16
2
2.94928e-16
2
1.81029e-16
2
5.77077e-17
2
-3.07057e-17
2
1.36165e-16
2
3.26239e-16
2
1.21008e-16
2
9.03106e-18
2
5.06547e-18
2
-1.05276e-16
2
-9.77351e-17
2
-1.42943e-16
2
-2.30375e-16
2
-3.63584e-17
2
-2.03128e-17
2
1.53311e-16
2
-1.10264e-17
2
-3.24571e-18
2
2.44404e-16
2
3.35449e-16
2
2.62625e-16
2
2.33356e-16
2
2.27483e-16
2
2.9308e-16
2
2.60737e-16
2
1.39989e-16
2
2.09245e-16
2
2.36247e-16
2
2.84743e-16
2
3.96665e-16
2
2.12611e-16
2
2.06649e-16
2
1.94195e-16
2
4.13054e-17
2
5.73386e-17
2
1.51973e-16
2
5.0449e-17
2
1.37679e-17
2
-1.8015e-17
2
-8.48465e-17
2
-1.32777e-17
2
-3.09751e-17
2
-1.1188e-17
2
6.51295e-17
2
-1.07959e-17
2
-1.01896e-16
2
-4.45575e-18
2
-3.34694e-18
2
-1.59351e-16
2
-3.15572e-16
2
-2.65699e-16
2
1.74114e-17
2
2.23421e-17
2
-6.19228e-18
2
4.50201e-17
2
1.6379e-16
2
2.2737e-16
2
7.32635e-17
2
2.22941e-17
2
1.26042e-16
2
2.58497e-17
2
-1.2604e-16
2
-1.65838e-16
2
-3.56849e-17
2
-4.4695e-17
2
5.11414e-18
2
-9.88474e-17
2
-7.44877e-17
2
-2.07651e-16
2
-1.2727e-17
2
2.61925e-16
2
1.7303e-16
2
2.27468e-17
2
1.49232e-16
2
9.12286e-17
2
7.58307e-17
2
3.58887e-16
2
2.80344e-16
2
1.38277e-16
2
8.13982e-18
2
1.71193e-16
2
1.6989e-16
2
2.58618e-17
2
1.1014e-16
2
2.98845e-16
2
1.7185e-16
2
1.86459e-16
2
1.90527e-16
2
-1.03685e-17
2
2.10992e-17
2
1.80541e-16
2
6.51441e-17
2
4.13731e-17
2
-4.27272e-17
2
-5.35905e-17
2
-3.4959e-17
2
9.34231e-17
2
-9.9396e-17
2
-8.20016e-17
2
-3.74349e-17
2
4.05966e-17
2
3.94626e-17
2
3.61047e-18
2
-1.56672e-17
2
2.94361e-17
2
4.7783e-17
2
5.18911e-17
2
-4.85504e-17
2
-2.39075e-16
2
-2.29166e-16
2
-6.90469e-17
2
7.76975e-17
2
1.06006e-16
6.80375e-17
2
-1.87806e-16
2
-2.32968e-16
2
-2.16849e-16
2
-3.04414e-16
2
-3.4658e-16
2
-4.21149e-16
2
-1.91159e-16
2
-2.34788e-17
2
-1.46225e-16
2
-5.17549e-17
2
9.4386e-17
2
2.10021e-16
2
1.36769e-16
2
2.21467e-16
2
2.75837e-16
2
2.53335e-16
2
1.84175e-16
2
1.00383e-16
2
6.59691e-17
2
4.71302e-17
2
-6.44237e-17
2
1.20939e-16
2
1.55567e-17
2
-8.81731e-17
2
-5.68271e-17
2
-2.25643e-18
2
9.84099e-17
2
-3.11718e-17
2
-2.30579e-16
2
-1.91989e-16
2
-1.893e-16
2
-1.6072e-16
2
-3.44258e-17
2
-6.96519e-17
2
1.10771e-16
2
8.44247e-17
2
1.6008e-16
2
7.89848e-17
2
1.48555e-16
2
1.71397e-16
2
-6.55859e-17
2
-8.26119e-17
2
-6.28501e-17
2
-7.91027e-17
2
-5.78366e-18
2
6.75125e-17
2
1.72327e-16
2
5.03378e-17
2
1.36873e-16
2
2.8593e-16
2
1.63942e-16
2
2.73573e-16
2
5.09641e-17
2
1.60071e-16
2
2.37193e-16
2
1.52451e-16
2
-1.82739e-16
2
-1.01186e-16
2
-5.15789e-17
2
-2.45981e-16
2
-3.0691e-17
2
1.78468e-16
2
-1.2432e-16
2
-1.77342e-16
2
-2.1041e-16
2
-1.89428e-16
2
-2.30341e-16
2
-5.24413e-17
2
4.25201e-17
2
-2.54615e-17
2
-2.18607e-16
2
-2.01326e-16
2
-1.6518e-16
2
-1.0532e-16
2
-2.77787e-17
2
-1.82798e-16
2
1.61878e-17
2
-9.0958e-17
2
-1.19303e-16
2
-1.77885e-16
2
-1.82092e-16
2
-1.51802e-16
2
-2.15424e-16
2
5.85868e-17
2
6.19707e-17
2
1.10202e-16
2
5.88492e-17
2
1.24223e-16
2
-3.03311e-17
2
-1.3307e-16
2
2.73477e-17
2
-3.43575e-17
2
-5.9423e-17
2
6.72113e-17
2
-7.85674e-17
2
-3.23101e-16
2
-1.58544e-16
2
-3.25915e-17
2
-1.03799e-16
2
-3.74601e-16
2
-2.40665e-16
2
-1.03461e-16
2
-8.96206e-17
2
1.52943e-16
2
1.92667e-16
2
2.399e-16
2
3.73187e-16
2
2.89046e-16
2
3.85461e-16
2
3.9008e-16
2
1.68384e-16
2
1.96678e-16
2
1.09149e-16
2
2.44389e-16
2
1.57258e-16
2
1.22883e-16
2
1.81431e-16
2
3.49752e-16
2
3.0068e-16
2
1.27845e-16
2
1.15584e-16
2
1.17901e-16
2
1.60757e-16
2
3.62963e-17
2
-5.34749e-17
2
-3.73004e-17
2
1.18159e-17
2
2.0467e-16
2
1.72902e-16
2
4.55518e-17
2
-7.96264e-17
2
4.93455e-17
2
1.41897e-16
2
4.33874e-17
2
5.77156e-17
2
7.78742e-17
2
4.26106e-17
2
-1.13016e-16
2
2.88606e-18
2
1.49207e-17
2
6.86444e-17
2
3.44267e-16
2
1.82994e-16
2
2.07072e-16
2
-1.48427e-16
2
-2.87346e-16
2
4.19666e-17
2
3.21268e-16
2
1.59872e-16
2
9.11692e-17
2
1.85809e-16
2
2.2174e-16
2
-3.94264e-17
2
-2.90787e-17
2
-9.40792e-17
2
-6.50123e-17
2
-6.52838e-18
2
-6.04893e-17
2
-8.44232e-17
2
-2.33493e-16
2
-1.77399e-16
2
-7.08572e-17
2
1.93824e-17
2
8.15345e-17
2
1.1526e-16
2
-5.59769e-17
2
1.62008e-16
2
1.81049e-16
2
1.56106e-17
2
-5.14139e-17
2
1.36761e-16
2
3.347e-16
2
3.90969e-16
2
2.57256e-16
2
2.30389e-16
2
2.20407e-16
2
3.59587e-17
2
3.20119e-17
2
-2.78106e-17
2
2.40704e-18
2
2.98384e-17
2
7.01616e-17
2
-1.98764e-16
2
1.11685e-17
2
1.86576e-17
2
-4.41875e-17
2
-1.16773e-16
2
-1.35003e-16
2
-6.88437e-18
2
-1.26439e-17
2
-2.69645e-17
2
1.0793e-16
2
1.77891e-16
2
5.39493e-17
2
-9.47466e-17
2
3.11592e-17
2
1.67728e-17
2
-5.4734e-17
2
-1.22028e-17
-8.58513e-17
2
-1.79113e-16
2
-1.35909e-16
2
-1.41891e-16
2
-1.68182e-16
2
-1.78175e-16
2
-1.39469e-16
2
-9.41358e-17
2
6.28589e-17
2
1.74074e-17
2
2.00954e-17
2
1.5186e-17
2
1.4727e-16
2
5.27933e-17
2
2.43541e-17
2
1.76191e-16
2
-3.52916e-17
2
-2.77743e-16
2
-2.07757e-16
2
-2.27922e-16
2
1.31656e-16
2
2.89526e-16
2
3.90271e-17
2
1.05755e-16
2
1.74559e-16
2
3.42233e-16
2
3.81383e-16
2
2.65458e-16
2
9.14579e-17
2
-4.77815e-17
2
-1.37986e-16
2
-1.53044e-16
2
-2.52767e-16
2
6.28261e-19
2
1.13977e-16
2
6.86392e-17
2
5.36224e-17
2
-1.32511e-16
2
-1.24533e-16
2
-2.41753e-16
2
-2.28869e-16
2
-1.91706e-16
2
-3.87738e-17
2
-1.2448e-16
2
-3.04215e-16
2
-1.00705e-16
2
-3.46836e-17
2
-6.60207e-17
2
8.93664e-17
2
1.8841e-17
2
2.62327e-16
2
2.67147e-16
2
6.60209e-17
2
2.07679e-16
2
1.90442e-16
2
9.84143e-17
2
1.27466e-16
2
1.08981e-16
2
-7.85104e-17
2
-4.51433e-18
2
2.1138e-17
2
-1.08733e-16
2
6.33924e-17
2
-2.50713e-17
2
-1.93307e-16
2
-2.21047e-16
2
-1.81338e-16
2
-1.85429e-16
2
-2.04829e-16
2
-2.33348e-16
2
-2.72729e-16
2
-1.15757e-16
2
-1.80995e-16
2
-1.59794e-16
2
-5.94118e-17
2
-1.81932e-16
2
2.06808e-17
2
5.13492e-17
2
-5.80235e-18
2
-1.56319e-16
2
-2.06213e-16
2
-2.8381e-16
2
-1.94415e-16
2
3.20526e-17
2
-8.76173e-17
2
1.58561e-16
2
6.84173e-17
2
9.97299e-17
2
1.26952e-16
2
4.33088e-17
2
2.06775e-16
2
-4.30995e-17
2
-1.26531e-16
2
-2.25503e-17
2
-1.08807e-16
2
-1.38462e-16
2
9.32522e-19
2
-1.00549e-16
2
-1.4065e-16
2
-2.12335e-16
2
-1.67234e-16
2
-3.07905e-16
2
-8.41316e-17
2
1.55042e-16
2
8.51978e-17
2
3.99812e-17
2
6.82121e-18
2
1.95398e-16
2
7.05064e-17
2
-1.98857e-17
2
1.01828e-16
2
1.55108e-16
2
2.22276e-16
2
6.15449e-17
2
1.27594e-16
2
7.65192e-18
2
1.55783e-17
2
-4.0752e-18
2
1.26042e-16
2
1.77907e-16
2
1.70914e-16
2
9.87224e-17
2
1.61852e-16
2
5.98647e-17
2
1.61109e-16
2
1.88094e-16
2
1.44451e-16
2
8.01294e-17
2
-7.19739e-18
2
1.45595e-16
2
3.42312e-16
2
2.48622e-16
2
1.36214e-16
2
-8.02391e-17
2
-1.17409e-16
2
3.19411e-17
2
1.80576e-16
2
-1.06635e-16
2
5.91422e-17
2
4.60203e-17
2
-6.12211e-18
2
-9.38454e-17
2
-2.35474e-16
2
-8.24271e-17
2
-1.50504e-16
2
-2.33783e-17
2
1.02663e-16
2
-1.50544e-16
2
-2.45709e-16
2
-6.07823e-18
2
-1.36966e-16
2
-3.61232e-16
2
-3.84165e-16
2
-3.06827e-17
2
8.00576e-17
2
2.94673e-16
2
-1.0333e-17
2
-2.04284e-16
2
-2.77509e-16
2
-4.41601e-16
2
-1.7353e-16
2
-9.8839e-17
2
-1.67935e-16
2
-2.47935e-16
2
-1.17734e-16
2
-2.63231e-17
2
1.47011e-16
2
-1.47804e-17
2
2.84456e-17
2
1.49203e-17
2
6.51523e-17
2
1.84842e-16
2
1.05323e-16
2
8.3282e-17
2
8.56374e-17
2
2.41433e-16
2
3.26783e-16
2
3.22998e-16
2
2.15083e-16
2
1.15398e-16
2
-5.73945e-17
2
-4.91786e-19
2
1.89685e-17
2
-1.54659e-17
2
-2.99701e-17
2
-8.43725e-17
2
-1.68743e-18
2
-2.30592e-17
2
7.10083e-17
2
1.2515e-16
2
-6.85715e-18
2
1.52025e-16
2
1.58564e-16
2
-3.68545e-17
2
6.93649e-17
2
1.3912e-16
2
-1.30684e-16
2
4.24961e-17
2
8.49796e-18
2
-5.94931e-17
9.92716e-17
2
-2.188e-16
2
-2.2308e-16
2
-1.97046e-16
2
-2.27646e-16
2
-2.02607e-16
2
-1.98663e-16
2
-1.93925e-16
2
-3.26833e-16
2
-2.21627e-16
2
-2.57781e-16
2
-1.31039e-16
2
-3.97927e-17
2
6.07987e-17
2
-8.28143e-17
2
-1.25614e-16
2
-5.91327e-17
2
-3.7893e-19
2
2.2467e-16
2
2.20608e-16
2
4.43167e-19
2
-5.06347e-17
2
1.37861e-16
2
2.41221e-16
2
4.00227e-16
2
3.77906e-16
2
2.56881e-16
2
2.00882e-16
2
2.17098e-16
2
1.26371e-16
2
-1.97758e-17
2
1.45633e-16
2
1.30545e-16
2
5.59557e-17
2
-1.455e-16
2
-5.68132e-17
2
-1.45888e-16
2
-2.81325e-17
2
-1.0725e-16
2
-2.07406e-16
2
-8.54932e-17
2
1.10251e-16
2
-1.31735e-16
2
-9.01745e-17
2
-3.43278e-17
2
-7.14921e-17
2
-9.40562e-17
2
-1.04797e-16
2
-9.41832e-17
2
6.40273e-17
2
6.22115e-17
2
1.19227e-16
2
2.39881e-16
2
9.25097e-17
2
2.56697e-17
2
-1.83237e-16
2
1.13604e-16
2
1.10411e-16
2
1.1414e-16
2
-1.59766e-16
2
-1.71787e-16
2
8.03294e-18
2
-4.28858e-17
2
6.90758e-17
2
6.36888e-17
2
1.31885e-16
2
-4.62545e-17
2
-2.45535e-16
2
-4.32756e-16
2
-4.17354e-16
2
-2.86937e-16
2
-2.20066e-16
2
-2.31847e-16
2
-1.97468e-16
2
-1.21201e-16
2
-4.23016e-17
2
-5.81203e-17
2
-6.08712e-17
2
-7.21933e-17
2
-1.48954e-16
2
-1.49713e-16
2
-4.01879e-17
2
-1.1666e-16
2
-3.42915e-17
2
6.15286e-17
2
-1.40979e-16
2
-2.58002e-17
2
-3.43968e-17
2
5.52702e-18
2
1.90537e-16
2
-2.22601e-18
2
8.24161e-17
2
1.74041e-17
2
-2.13099e-16
2
-2.09403e-16
2
-1.87545e-16
2
-1.29454e-16
2
-7.93345e-17
2
-2.25499e-16
2
2.66139e-17
2
-7.62711e-17
2
-9.99842e-18
2
1.37118e-17
2
9.22807e-17
2
6.63988e-17
2
1.12699e-17
2
1.67152e-16
2
1.5113e-17
2
1.53303e-17
2
-1.2073e-16
2
4.41308e-17
2
-1.0602e-17
2
8.09865e-17
2
1.71316e-16
2
-1.3284e-16
2
-2.30575e-17
2
7.44749e-17
2
1.47794e-16
2
1.50015e-16
2
2.3338e-16
2
2.07344e-16
2
2.25844e-16
2
2.3387e-16
2
2.37467e-16
2
3.45685e-16
2
2.31545e-16
2
2.4491e-16
2
8.37247e-17
2
4.02284e-18
2
8.8403e-17
2
1.39752e-16
2
2.21594e-16
2
3.51614e-17
2
1.71237e-16
2
2.68377e-16
2
1.28026e-16
2
6.89932e-17
2
2.09328e-16
2
3.54714e-17
2
-1.04456e-16
2
-6.50392e-17
2
-2.75677e-17
2
-5.23697e-17
2
1.50313e-17
2
8.90995e-17
2
2.02006e-16
2
2.42665e-16
2
6.68032e-17
2
5.07071e-17
2
-2.3685e-17
2
-6.90596e-17
2
-2.52059e-17
2
-7.40441e-17
2
-7.31161e-17
2
-6.11598e-17
2
1.8169e-16
2
6.47247e-17
2
-7.85712e-17
2
-3.33727e-16
2
-2.85341e-16
2
-2.98487e-16
2
-2.28673e-16
2
-2.04938e-16
2
-2.33672e-16
2
-1.8658e-16
2
-1.15739e-16
2
-9.95172e-18
2
-1.1955e-16
2
-2.7665e-16
2
-2.11537e-17
2
1.0839e-16
2
-5.22032e-17
2
-6.0822e-17
2
-1.22429e-16
2
-3.20093e-17
2
9.63727e-18
2
1.47942e-16
2
1.28254e-16
2
6.29169e-17
2
3.33093e-17
2
-2.48218e-17
2
-4.79657e-17
2
6.90548e-17
2
7.1022e-17
2
-7.31516e-17
2
-1.23358e-17
2
1.76482e-16
2
2.63546e-16
2
1.70759e-16
2
-2.66465e-18
2
2.01227e-16
2
9.91438e-17
2
2.02629e-16
2
1.13858e-16
2
3.28759e-17
2
9.07152e-17
2
3.59753e-16
2
3.25008e-16
2
2.84173e-16
2
4.14052e-16
2.92757e-16
2
-2.54099e-16
2
-2.68273e-16
2
-2.93749e-16
2
-4.2034e-16
2
-2.02537e-16
2
-2.79186e-16
2
-3.35595e-16
2
-3.84543e-16
2
-3.94795e-16
2
-2.05674e-16
2
-1.71428e-16
2
-1.24783e-16
2
-3.30404e-17
2
-3.64807e-19
2
-1.70535e-16
2
-2.53513e-16
2
-4.08547e-17
2
-3.69674e-17
2
6.89894e-18
2
1.14036e-17
2
-3.43667e-17
2
1.95439e-17
2
5.37381e-17
2
3.39758e-17
2
1.01252e-16
2
8.18511e-17
2
5.7041e-17
2
2.95681e-16
2
8.00742e-17
2
1.2585e-17
2
-8.65419e-18
2
-3.74188e-17
2
1.23658e-16
2
7.77445e-17
2
-9.52609e-17
2
-1.14377e-16
2
-1.98129e-16
2
-1.24048e-16
2
-3.96001e-18
2
-5.30538e-17
2
-1.40154e-16
2
-1.40859e-16
2
-1.60845e-16
2
-1.40963e-16
2
-1.12275e-16
2
-2.11264e-16
2
-1.67247e-16
2
-5.53227e-17
2
-2.12926e-16
2
-1.64268e-16
2
-1.21887e-16
2
-1.80344e-17
2
-2.01737e-16
2
-2.58556e-16
2
-1.01713e-16
2
-1.29969e-16
2
2.91687e-18
2
-8.72323e-19
2
-1.87202e-17
2
8.20287e-17
2
1.79766e-16
2
1.3207e-16
2
1.7121e-16
2
1.67463e-16
2
1.89476e-16
2
3.56937e-17
2
-7.99077e-17
2
-7.61714e-17
2
-1.8915e-16
2
-2.10126e-16
2
-2.31817e-16
2
-3.33817e-16
2
-2.16549e-16
2
-2.81241e-18
2
-2.51776e-17
2
-1.64884e-16
2
1.34468e-17
2
1.24328e-16
2
1.77786e-17
2
-1.25452e-16
2
-4.39262e-16
2
-3.94823e-16
2
-3.51963e-16
2
-1.45112e-16
2
-1.08532e-16
2
-3.01546e-16
2
-3.7595e-16
2
-4.24771e-16
2
-2.1731e-16
2
-1.09081e-16
2
-1.38385e-16
2
-5.11031e-17
2
-9.13711e-17
2
-1.80928e-16
2
-8.81542e-17
2
-1.21547e-16
2
-2.65504e-16
2
-2.46921e-16
2
-1.94161e-16
2
-5.32095e-17
2
-1.61886e-17
2
1.08473e-17
2
-6.38329e-18
2
-1.60247e-16
2
1.27706e-17
2
-3.49829e-18
2
-6.15781e-17
2
-2.61904e-17
2
2.96475e-17
2
-1.21184e-16
2
-8.31937e-17
2
-2.62269e-17
2
3.92781e-17
2
-9.97751e-17
2
3.35792e-17
2
1.40011e-16
2
2.84931e-16
2
2.21517e-16
2
1.31236e-17
2
5.60338e-17
2
1.59502e-16
2
7.88767e-17
2
1.12141e-16
2
1.03266e-16
2
2.03238e-16
2
-4.27261e-17
2
-5.67111e-17
2
2.01048e-16
2
1.96764e-17
2
-9.95049e-18
2
-4.56203e-18
2
2.02853e-16
2
2.23433e-16
2
1.38049e-16
2
5.18467e-17
2
-2.12282e-17
2
-1.93326e-17
2
-2.0575e-17
2
1.16149e-16
2
7.19812e-17
2
9.57153e-17
2
1.46442e-16
2
5.78309e-17
2
-2.18595e-18
2
-3.96232e-17
2
-2.19223e-16
2
-4.49834e-17
2
4.63966e-18
2
-1.47758e-17
2
-3.57752e-17
2
-3.08973e-17
2
-6.31531e-17
2
-1.73064e-16
2
-1.92701e-16
2
-8.99407e-17
2
-4.65326e-17
2
-2.28344e-16
2
-1.43331e-16
2
-3.54509e-16
2
-2.51957e-16
2
-3.52776e-17
2
2.07572e-18
2
-1.60577e-16
2
-1.15043e-16
2
-1.64852e-16
2
-2.89732e-16
2
-2.58183e-16
2
-1.59802e-16
2
-1.7017e-16
2
-2.41932e-16
2
-2.98707e-16
2
-3.05795e-16
2
-1.67697e-16
2
-2.11028e-16
2
-3.45497e-16
2
-3.66921e-16
2
-3.58702e-16
2
-2.35868e-16
2
-1.69169e-16
2
4.32304e-18
2
-1.513e-16
2
-1.70769e-16
2
5.46815e-17
2
2.72756e-16
2
1.88719e-16
2
3.33394e-17
2
1.34184e-18
2
-2.31122e-17
2
1.89963e-16
2
1.28102e-16
2
1.60602e-16
2
1.40439e-17
2
2.49204e-16
2
4.60195e-16
2
4.80995e-16
2
5.07457e-16
2
5.74152e-16
2
4.57429e-16
2
3.66661e-16
4.0958e-16
2
-2.78573e-16
2
-4.00851e-16
2
-2.62674e-16
2
-7.19702e-17
2
-2.49569e-16
2
-1.01761e-16
2
-1.64785e-16
2
-2.03777e-16
2
-8.13655e-17
2
2.05888e-17
2
-1.26892e-16
2
-9.82521e-17
2
-5.34826e-18
2
-5.05212e-17
2
-1.02755e-16
2
-1.37505e-17
2
-1.06836e-16
2
-9.66602e-17
2
-1.3531e-16
2
-2.92104e-16
2
-1.03015e-16
2
-3.19534e-17
2
3.11789e-17
2
7.67855e-17
2
-4.11168e-17
2
8.38618e-17
2
2.93451e-16
2
4.01026e-17
2
-2.16816e-17
2
1.73347e-16
2
5.47249e-17
2
1.43823e-16
2
2.54527e-17
2
8.14078e-17
2
2.22878e-16
2
-1.69145e-17
2
-7.31569e-17
2
-1.63207e-16
2
-8.01174e-17
2
-1.16431e-17
2
-2.69905e-17
2
-3.0558e-17
2
-5.96997e-17
2
-4.62867e-17
2
-3.25425e-16
2
-2.34408e-16
2
-8.68782e-17
2
-1.14398e-16
2
-1.69545e-16
2
-2.03291e-16
2
-2.16959e-16
2
-2.55212e-16
2
-3.88353e-17
2
-1.81715e-16
2
-1.49928e-16
2
-2.28469e-17
2
8.31428e-17
2
-8.75275e-17
2
-1.34409e-17
2
-1.40085e-16
2
-6.91311e-17
2
5.01719e-17
2
1.22686e-16
2
1.25554e-16
2
-1.53029e-17
2
8.15905e-17
2
1.39054e-17
2
3.5313e-17
2
2.51323e-17
2
-3.8187e-17
2
-1.08633e-16
2
-1.02215e-16
2
-1.7197e-16
2
-3.43785e-16
2
-1.4387e-16
2
6.35915e-17
2
-1.22465e-16
2
-1.97787e-16
2
-8.67271e-17
2
-1.87445e-16
2
-9.76599e-18
2
-4.74578e-17
2
-3.01561e-16
2
-5.20428e-16
2
-5.36325e-16
2
-5.00585e-16
2
-5.41552e-16
2
-4.33819e-16
2
-4.08731e-16
2
-4.30455e-16
2
-3.76124e-16
2
-3.13229e-16
2
-2.14532e-16
2
-2.40066e-16
2
-2.64074e-16
2
2.07966e-17
2
-1.22945e-16
2
-2.08308e-16
2
-3.47755e-16
2
-2.21811e-16
2
-3.2532e-17
2
-3.30007e-17
2
-1.58123e-17
2
-2.47132e-16
2
-1.49564e-16
2
-2.67249e-17
2
-4.56159e-17
2
1.9853e-17
2
7.09711e-18
2
2.03508e-17
2
-1.28829e-16
2
-1.50152e-17
2
1.42085e-16
2
-1.11831e-17
2
4.59954e-17
2
8.92289e-17
2
7.78133e-17
2
-2.11192e-17
2
3.94552e-17
2
-8.37102e-17
2
-1.52758e-16
2
1.46578e-16
2
2.7002e-16
2
3.78628e-17
2
1.73914e-18
2
-9.84457e-17
2
7.62698e-18
2
-1.2396e-16
2
-1.46419e-16
2
-1.19568e-16
2
-1.26797e-17
2
9.19875e-17
2
3.17827e-16
2
3.07657e-16
2
2.83772e-16
2
2.16542e-16
2
2.00299e-16
2
2.67355e-16
2
1.74777e-16
2
2.55345e-16
2
2.08061e-16
2
1.32522e-16
2
1.36671e-16
2
-2.14072e-17
2
-3.41413e-17
2
-3.89042e-17
2
-5.79844e-17
2
-1.17425e-17
2
-5.03835e-17
2
-9.3724e-17
2
-5.98176e-17
2
-3.30564e-17
2
4.43205e-17
2
1.59511e-17
2
-2.24442e-16
2
-2.03154e-16
2
-7.31882e-17
2
-4.35265e-18
2
-1.80853e-16
2
-2.18147e-16
2
-4.54675e-16
2
-3.84717e-16
2
-2.87097e-16
2
-3.7904e-16
2
-2.05391e-16
2
-3.58058e-16
2
-3.53572e-16
2
-2.94285e-16
2
-2.3786e-16
2
-1.39018e-16
2
-1.92216e-16
2
-2.60011e-16
2
-3.6965e-16
2
-1.73853e-16
2
-1.59125e-16
2
-2.40503e-16
2
-2.96522e-16
2
-2.09727e-16
2
-2.232e-16
2
-2.6568e-16
2
-1.78969e-16
2
-8.80574e-17
2
2.0881e-17
2
-2.46428e-17
2
7.59528e-17
2
-2.20834e-16
2
-2.76522e-16
2
-4.00621e-17
2
4.71043e-17
2
1.70443e-16
2
1.04108e-16
2
9.23916e-17
2
2.70574e-16
2
4.49772e-16
2
7.36771e-16
2
5.55393e-16
2
4.93664e-16
2
5.19582e-16
2
4.68998e-16
4.23508e-16
2
-2.26021e-16
2
-3.2634e-16
2
-1.71227e-16
2
-2.32994e-16
2
-1.62446e-16
2
-1.15865e-16
2
-9.01569e-17
2
-6.62133e-17
2
-9.72791e-17
2
-2.2786e-16
2
-4.20375e-17
2
-7.85146e-17
2
-5.27958e-17
2
-2.34505e-18
2
3.11214e-17
2
1.24907e-16
2
1.3833e-16
2
4.19858e-17
2
-1.71483e-16
2
-3.23494e-16
2
-1.68972e-16
2
3.48291e-17
2
1.20976e-16
2
1.31156e-16
2
1.15006e-16
2
-5.21719e-17
2
-1.71332e-16
2
4.18803e-17
2
1.61438e-16
2
3.72382e-16
2
3.01549e-16
2
1.80742e-16
2
4.15907e-17
2
-5.95086e-17
2
-1.83944e-17
2
-2.65568e-17
2
-1.0195e-16
2
-7.86539e-17
2
-2.10772e-16
2
-1.94542e-16
2
-1.0113e-17
2
-1.43449e-17
2
-5.04638e-17
2
-1.91253e-16
2
-9.45527e-17
2
-7.35258e-17
2
-8.78637e-17
2
-2.01003e-16
2
-2.18522e-16
2
-2.35179e-16
2
-9.96667e-17
2
4.58192e-17
2
-6.07996e-17
2
-2.94917e-17
2
-1.17212e-16
2
-1.7262e-16
2
-2.6968e-16
2
-4.3915e-18
2
1.00593e-16
2
1.2028e-16
2
6.92669e-17
2
9.06198e-18
2
1.13544e-16
2
2.3479e-16
2
1.04239e-16
2
-5.9349e-18
2
1.44457e-16
2
2.10297e-17
2
4.84649e-17
2
-6.4062e-17
2
-1.87645e-16
2
-9.96355e-17
2
-9.17524e-17
2
-1.39455e-16
2
-3.42198e-17
2
9.9953e-18
2
-1.17004e-16
2
2.34948e-17
2
-2.05957e-17
2
-3.47576e-17
2
-8.8637e-17
2
-2.06774e-16
2
-3.43113e-16
2
-4.29829e-16
2
-3.55217e-16
2
-4.40236e-16
2
-3.3998e-16
2
-3.60067e-16
2
-4.82497e-16
2
-3.93061e-16
2
-2.57315e-16
2
-2.81347e-16
2
-1.53449e-16
2
-3.89491e-17
2
9.71768e-17
2
-2.08533e-16
2
-1.27576e-16
2
-1.39419e-16
2
-1.11353e-16
2
-1.08519e-16
2
-7.90646e-17
2
-2.60727e-16
2
-3.0789e-16
2
-2.94044e-16
2
-3.08673e-16
2
-4.96338e-16
2
-2.02976e-16
2
-5.44708e-18
2
-2.175e-16
2
-2.88156e-16
2
-1.43024e-16
2
-1.3842e-16
2
-1.19803e-17
2
3.13361e-16
2
4.33928e-17
2
-1.02801e-16
2
-2.12655e-16
2
-6.03327e-17
2
-1.53633e-17
2
1.05072e-16
2
1.62465e-16
2
1.92516e-16
2
-1.34352e-16
2
1.44815e-16
2
7.93897e-17
2
3.28515e-16
2
3.7034e-17
2
1.52375e-17
2
8.17353e-17
2
1.83473e-16
2
1.99206e-16
2
5.13798e-17
2
1.27951e-16
2
2.17416e-16
2
8.56309e-17
2
9.95048e-17
2
6.20934e-17
2
6.05981e-17
2
3.5419e-16
2
2.15892e-16
2
1.46621e-16
2
2.82173e-16
2
1.50524e-16
2
3.03337e-16
2
2.07274e-16
2
-4.63199e-17
2
-1.96134e-16
2
-1.65646e-17
2
1.11622e-16
2
1.52061e-16
2
9.12492e-17
2
-6.36708e-17
2
-1.9275e-17
2
1.93581e-17
2
9.37613e-17
2
-1.24713e-16
2
-2.23801e-16
2
-2.60517e-16
2
-1.39131e-16
2
-3.41389e-16
2
-4.12678e-16
2
-6.74052e-16
2
-5.69653e-16
2
-3.17496e-16
2
-3.63553e-16
2
-1.68154e-16
2
-2.59554e-16
2
-4.58784e-16
2
-3.26395e-16
2
-2.68098e-16
2
-1.74239e-16
2
-2.17915e-16
2
-1.93305e-16
2
-2.97316e-16
2
-2.39546e-16
2
-2.51682e-16
2
-1.9675e-16
2
-2.86676e-16
2
-2.56353e-16
2
-3.06878e-16
2
-1.24977e-16
2
-8.82028e-17
2
-1.8657e-16
2
-1.15638e-16
2
-3.77142e-17
2
1.17033e-16
2
9.12955e-17
2
5.84456e-18
2
1.70538e-16
2
9.69745e-17
2
2.35162e-16
2
2.2729e-16
2
2.23758e-16
2
4.13795e-16
2
3.52203e-16
2
2.93202e-16
2
2.66244e-16
2
3.49596e-16
2
3.81836e-16
2.40886e-16
2
-1.22571e-16
2
-5.16705e-17
2
-1.76939e-16
2
-8.44592e-18
2
-6.0983e-17
2
-7.33743e-17
2
-4.18325e-17
2
-2.67837e-17
2
-1.94617e-16
2
-7.10064e-17
2
1.20656e-16
2
-3.73184e-17
2
-2.21135e-16
2
-1.37635e-16
2
-1.27562e-16
2
-1.86632e-16
2
-1.00449e-16
2
-2.92678e-17
2
1.2341e-17
2
1.95438e-16
2
-4.9571e-18
2
-1.27366e-16
2
-1.20966e-16
2
8.28129e-17
2
5.90857e-17
2
8.52951e-17
2
3.072e-17
2
-1.94658e-16
2
-3.20728e-17
2
3.79629e-17
2
-4.57109e-17
2
-1.05934e-16
2
-4.96235e-17
2
7.32123e-17
2
1.53245e-16
2
9.64409e-17
2
-5.09149e-17
2
-1.28321e-16
2
-1.86693e-16
2
3.06904e-17
2
-1.27057e-16
2
-7.2523e-18
2
2.48497e-17
2
-8.04371e-17
2
-6.78361e-17
2
1.09026e-17
2
-1.05065e-16
2
-1.65233e-16
2
-2.68029e-17
2
-1.7446e-16
2
-9.6123e-17
2
-2.1142e-16
2
-2.02206e-16
2
-1.51413e-16
2
-1.42616e-16
2
-2.09989e-16
2
-1.25906e-17
2
8.64354e-17
2
1.01903e-16
2
1.49231e-16
2
1.0757e-16
2
1.81685e-16
2
6.11574e-17
2
1.11575e-16
2
1.31467e-16
2
7.60684e-17
2
1.69999e-16
2
7.1517e-17
2
-9.50154e-17
2
5.53784e-17
2
1.35585e-16
2
-1.04131e-17
2
-1.39829e-16
2
-1.37537e-16
2
-1.42775e-16
2
-2.28443e-16
2
-2.60437e-16
2
-2.48399e-16
2
2.91034e-18
2
1.01658e-16
2
1.56146e-16
2
-3.86736e-18
2
-1.50392e-16
2
-3.33543e-16
2
-3.47389e-16
2
-5.92149e-17
2
-1.41637e-16
2
-4.53056e-17
2
3.66162e-17
2
-6.76863e-17
2
-1.66227e-16
2
-1.542e-16
2
-1.20681e-16
2
-1.36164e-16
2
-8.50031e-17
2
6.51634e-17
2
-1.95246e-16
2
-2.0786e-16
2
-1.92791e-16
2
-1.47889e-16
2
-2.28735e-18
2
-1.36083e-16
2
-4.49708e-16
2
-5.57496e-16
2
-5.9337e-16
2
-6.36041e-16
2
-7.80675e-16
2
-5.89462e-16
2
-2.46695e-16
2
-9.26745e-17
2
-1.59709e-16
2
-1.46749e-16
2
-1.59683e-16
2
-1.37286e-16
2
-7.03768e-17
2
-5.44586e-17
2
2.48915e-17
2
-5.56071e-17
2
-1.08788e-16
2
8.09983e-17
2
4.62196e-17
2
-9.43131e-17
2
1.52517e-16
2
6.1257e-17
2
-4.70445e-18
2
1.41431e-16
2
3.53868e-16
2
1.89851e-16
2
1.39678e-16
2
5.72661e-17
2
-5.3322e-17
2
1.10394e-16
2
4.83636e-17
2
-1.53488e-16
2
-4.10117e-17
2
-6.0117e-17
2
-1.56717e-16
2
-2.58411e-17
2
-3.96569e-17
2
8.73842e-17
2
8.77591e-17
2
-4.96207e-17
2
1.84482e-17
2
-6.12685e-17
2
-1.40405e-16
2
1.02813e-17
2
1.54817e-16
2
6.35894e-19
2
2.08931e-16
2
9.92337e-17
2
9.61631e-17
2
9.39622e-17
2
-9.34773e-17
2
-4.82273e-17
2
-5.19957e-17
2
-6.54276e-17
2
-7.80965e-17
2
2.94088e-17
2
2.2915e-16
2
7.56941e-18
2
-2.19161e-16
2
-2.78511e-16
2
-2.95778e-16
2
-5.43633e-16
2
-6.25428e-16
2
-4.82432e-16
2
-2.68976e-16
2
-7.89224e-17
2
-2.06778e-16
2
-2.22344e-16
2
-3.02322e-16
2
-1.71095e-16
2
-1.53371e-16
2
-1.86265e-16
2
-2.86941e-16
2
-1.31553e-16
2
-3.19565e-17
2
-1.20558e-16
2
-1.00338e-16
2
-1.39127e-17
2
1.51485e-17
2
-1.74108e-16
2
-3.81152e-17
2
2.65487e-17
2
4.41535e-17
2
3.1181e-17
2
-1.00243e-18
2
-1.37234e-18
2
-7.9284e-18
2
9.10119e-17
2
1.01122e-16
2
2.19429e-16
2
2.53438e-16
2
2.02165e-16
2
1.75875e-16
2
2.86214e-16
2
3.19765e-16
2
3.97688e-16
2
3.65244e-16
3.0902e-16
2
8.96069e-17
2
-8.26449e-18
2
3.61607e-18
2
-7.60613e-18
2
-5.39779e-17
2
-1.02079e-16
2
-1.28845e-16
2
-1.63462e-16
2
-5.97917e-17
2
9.42552e-17
2
6.07378e-17
2
-2.77716e-17
2
-1.45946e-17
2
-7.60806e-17
2
-4.96562e-17
2
-1.79423e-16
2
-2.21012e-16
2
-3.51451e-16
2
-1.02944e-16
2
-3.29462e-17
2
-1.08293e-16
2
-1.48469e-16
2
-1.78584e-16
2
-1.77137e-16
2
6.56797e-17
2
2.23178e-16
2
-6.83176e-17
2
-1.07599e-17
2
3.81718e-17
2
-1.07536e-16
2
3.825e-17
2
6.77131e-17
2
1.85758e-16
2
2.86026e-16
2
1.592e-16
2
8.61157e-17
2
1.72426e-16
2
2.78646e-17
2
-1.44373e-17
2
-2.58958e-16
2
-1.14261e-16
2
-1.96883e-16
2
-1.10321e-16
2
-1.67124e-16
2
-1.45466e-16
2
-2.50372e-16
2
-2.72004e-16
2
-1.0701e-16
2
4.35661e-17
2
1.08166e-16
2
-1.94958e-16
2
-5.90759e-17
2
6.68168e-17
2
-8.96744e-17
2
1.25816e-16
2
2.25926e-17
2
-7.42787e-18
2
4.92479e-17
2
4.52839e-17
2
8.86296e-18
2
4.85781e-18
2
-9.11778e-17
2
-1.52076e-16
2
-1.83588e-16
2
-1.36581e-17
2
1.54107e-16
2
1.46532e-16
2
1.82056e-16
2
3.22646e-16
2
1.80593e-16
2
1.32514e-16
2
2.34977e-16
2
1.67548e-16
2
1.44065e-16
2
9.27903e-17
2
1.51936e-16
2
2.24783e-16
2
-4.03606e-18
2
-1.86803e-16
2
-1.22322e-16
2
-1.58192e-16
2
-9.80427e-17
2
-1.33175e-16
2
-1.65698e-16
2
-1.14421e-16
2
-7.86757e-17
2
-5.41511e-17
2
-2.4706e-16
2
-4.00448e-16
2
-1.68667e-16
2
-1.44536e-16
2
-5.92718e-17
2
-1.44231e-16
2
1.97024e-16
2
1.20929e-16
2
-6.7434e-17
2
-6.4521e-18
2
-2.12884e-16
2
-1.83635e-16
2
-2.112e-16
2
-3.10051e-16
2
-1.98857e-16
2
-3.94407e-16
2
-4.65362e-16
2
-4.9948e-16
2
-3.73618e-16
2
-5.18897e-16
2
-6.07175e-16
2
-2.94993e-16
2
-2.23589e-16
2
-1.18203e-16
2
-2.24809e-16
2
-2.44975e-16
2
-3.14355e-16
2
-2.46647e-16
2
-1.82114e-16
2
-1.05051e-16
2
1.58263e-17
2
2.1397e-16
2
-1.68442e-17
2
-4.36444e-17
2
4.06587e-17
2
-9.70322e-17
2
1.2033e-16
2
2.38867e-16
2
-4.50431e-18
2
1.0354e-16
2
3.0058e-16
2
4.62857e-16
2
3.41626e-16
2
1.45635e-16
2
1.16604e-16
2
1.01283e-16
2
1.84979e-16
2
-5.65486e-17
2
-1.43765e-16
2
-1.24312e-16
2
3.59017e-17
2
3.24455e-18
2
-5.8695e-17
2
-1.03932e-16
2
1.63245e-18
2
-8.72396e-17
2
-3.57727e-18
2
2.00066e-16
2
1.01414e-16
2
1.55696e-16
2
1.75699e-16
2
3.20645e-17
2
2.08341e-16
2
7.97392e-17
2
1.938e-16
2
2.53557e-16
2
9.35667e-17
2
-6.59391e-17
2
5.94466e-17
2
2.1432e-16
2
1.61197e-16
2
8.68366e-17
2
1.63923e-16
2
8.6557e-17
2
-9.37352e-17
2
-1.28107e-16
2
-2.50115e-16
2
-3.06737e-16
2
-2.64905e-16
2
-2.29054e-16
2
-2.69352e-16
2
-1.98014e-16
2
-2.30194e-16
2
-1.90128e-16
2
-2.15068e-16
2
-1.80928e-16
2
-2.21773e-16
2
-8.45073e-17
2
-1.36019e-16
2
-2.0106e-16
2
-1.32853e-16
2
-1.35324e-17
2
-3.39948e-17
2
-2.79504e-17
2
-7.4927e-17
2
-1.66215e-16
2
-1.0043e-16
2
-2.52918e-17
2
6.42057e-17
2
1.93782e-16
2
9.81448e-17
2
8.32005e-17
2
-8.7771e-19
2
5.64358e-17
2
3.91901e-16
2
2.99103e-16
2
1.77959e-16
2
1.36497e-16
2
2.10657e-16
2
1.73302e-16
2
3.45017e-16
2
1.05855e-16
-1.87265e-17
2
1.38874e-16
2
3.77008e-16
2
1.58569e-16
2
1.06476e-18
2
-4.4203e-17
2
-6.74557e-17
2
6.45195e-17
2
-5.20524e-17
2
3.24852e-17
2
-5.55143e-17
2
-2.17721e-16
2
-2.2294e-16
2
-6.68445e-17
2
-1.40839e-16
2
-1.2573e-16
2
-1.13288e-16
2
-7.34571e-17
2
3.11973e-17
2
-5.15965e-17
2
-1.27368e-16
2
-3.17029e-16
2
-2.25554e-16
2
-2.28292e-16
2
-2.50023e-16
2
-1.2028e-16
2
-1.1966e-16
2
-1.54812e-16
2
-1.6792e-16
2
-2.32157e-16
2
-1.81465e-16
2
-1.87135e-16
2
8.02253e-17
2
8.33943e-17
2
9.66312e-17
2
1.86984e-16
2
1.60479e-16
2
6.78544e-17
2
-3.93736e-17
2
-1.05473e-16
2
-8.56808e-17
2
-1.04094e-16
2
-7.96924e-17
2
-1.93512e-16
2
-2.45962e-16
2
-6.93065e-17
2
-9.34791e-17
2
-9.74332e-17
2
-1.73178e-16
2
-1.34753e-16
2
-1.07051e-16
2
-1.8412e-16
2
-2.33671e-16
2
-2.1101e-16
2
1.28528e-16
2
-6.72981e-18
2
1.65331e-17
2
-1.31422e-16
2
-7.67666e-17
2
9.77045e-17
2
1.14129e-16
2
7.18589e-17
2
-3.56384e-17
2
1.45719e-16
2
8.75491e-17
2
1.72893e-16
2
1.18749e-16
2
1.05837e-16
2
7.46651e-17
2
8.96004e-17
2
6.70884e-17
2
2.05036e-16
2
2.69567e-16
2
2.4845e-16
2
1.89692e-17
2
2.21827e-16
2
1.31783e-16
2
2.54819e-16
2
2.61232e-16
2
3.22958e-17
2
7.55838e-17
2
5.841e-17
2
1.10986e-16
2
1.20981e-16
2
1.54998e-16
2
9.78955e-17
2
-6.17421e-17
2
-1.03837e-16
2
-2.54946e-18
2
-6.48129e-17
2
-5.11118e-17
2
-1.79633e-16
2
-2.95483e-16
2
-2.15794e-16
2
-2.64653e-16
2
-2.963e-16
2
-2.1593e-16
2
-2.35577e-16
2
-2.12265e-16
2
-3.70793e-16
2
-2.18491e-16
2
-2.69596e-16
2
-4.69106e-16
2
-3.45038e-16
2
-3.22225e-16
2
-4.13561e-16
2
-2.1156e-16
2
7.47842e-17
2
-1.89697e-16
2
-5.50913e-16
2
-6.28134e-16
2
-3.34086e-16
2
-1.6996e-16
2
-2.30025e-16
2
-3.19887e-16
2
-2.77536e-16
2
-1.97787e-16
2
-1.32782e-16
2
-7.53445e-17
2
-1.92986e-16
2
-1.7624e-16
2
6.40078e-17
2
3.23767e-16
2
1.6334e-16
2
3.97476e-17
2
9.35065e-17
2
9.07041e-17
2
2.4015e-16
2
1.53356e-16
2
4.51134e-17
2
1.5745e-16
2
3.39363e-16
2
1.21747e-16
2
-6.40098e-17
2
-1.24026e-17
2
-9.19707e-18
2
-3.09954e-17
2
8.07098e-18
2
5.43328e-17
2
3.06337e-17
2
5.22842e-17
2
1.21212e-16
2
-5.58385e-17
2
-3.00423e-17
2
-4.72487e-17
2
-1.08924e-17
2
4.43875e-17
2
6.62057e-18
2
8.75582e-17
2
1.17763e-16
2
2.99913e-16
2
2.61502e-16
2
1.61119e-16
2
1.27418e-16
2
-2.36034e-17
2
-9.2595e-17
2
-1.35215e-17
2
1.74513e-16
2
1.22917e-16
2
9.0589e-17
2
1.99671e-16
2
2.14657e-16
2
1.41067e-16
2
-1.41716e-17
2
-6.76701e-17
2
1.32217e-17
2
-1.31966e-16
2
-2.75876e-16
2
-2.49694e-16
2
-1.38681e-16
2
-1.15352e-16
2
-2.02089e-16
2
-2.12071e-16
2
-2.20692e-16
2
-1.0445e-16
2
-6.83545e-17
2
7.68304e-17
2
-8.37385e-17
2
-1.80555e-16
2
-1.29528e-16
2
-5.66565e-18
2
-8.67947e-17
2
-7.19764e-18
2
-1.31943e-16
2
-1.96654e-16
2
-1.70783e-16
2
-1.95154e-16
2
-3.3305e-16
2
-1.87661e-16
2
-3.6089e-16
2
-4.38393e-16
2
-7.35796e-17
2
-2.15085e-16
2
-3.85215e-17
2
-3.13174e-17
2
-4.55875e-17
2
1.35907e-16
2
5.76446e-17
2
2.41174e-17
2
-3.28631e-17
-1.55244e-16
2
3.74394e-16
2
3.27924e-16
2
1.6141e-16
2
-1.29988e-17
2
9.31938e-17
2
-2.94602e-17
2
-3.26926e-16
2
-1.52135e-16
2
-1.59903e-16
2
-1.92959e-16
2
-2.42485e-16
2
-1.60717e-16
2
-3.4806e-16
2
-3.1674e-16
2
-2.46727e-16
2
-7.26271e-17
2
5.97995e-17
2
1.58914e-16
2
8.57045e-17
2
3.99772e-18
2
1.08068e-16
2
-1.04519e-16
2
-1.98136e-16
2
-5.98761e-17
2
-1.63035e-16
2
-3.59252e-16
2
-1.74702e-16
2
-2.95901e-16
2
-2.3778e-16
2
-1.67536e-16
2
-1.25101e-16
2
-5.17184e-17
2
-1.54589e-17
2
-1.02976e-16
2
-3.71088e-16
2
-3.62087e-16
2
-2.4534e-16
2
-4.78172e-17
2
1.08819e-16
2
8.00632e-17
2
-5.18473e-17
2
-1.4395e-16
2
-2.0939e-16
2
-4.3807e-17
2
-1.87207e-16
2
-2.4208e-16
2
-1.05117e-16
2
-2.0116e-16
2
-2.16347e-16
2
-2.20581e-16
2
-2.46783e-16
2
-4.30571e-16
2
-3.13783e-16
2
-1.91451e-16
2
-2.41394e-17
2
-5.5273e-17
2
-1.36276e-16
2
-2.56507e-16
2
-7.9473e-17
2
2.08057e-16
2
1.26627e-16
2
1.25415e-16
2
1.88856e-16
2
1.06667e-16
2
-1.05431e-17
2
1.07369e-17
2
5.30737e-18
2
-2.25451e-17
2
1.94567e-18
2
-1.67633e-16
2
-1.10032e-16
2
-9.14475e-17
2
-4.64057e-17
2
2.16353e-16
2
9.05359e-17
2
2.44375e-16
2
2.84587e-16
2
1.05686e-16
2
2.30742e-16
2
2.02942e-16
2
2.29177e-16
2
3.24e-16
2
2.9073e-16
2
1.58099e-16
2
-9.05864e-18
2
-1.26336e-16
2
-1.80697e-16
2
-2.37545e-16
2
-7.1917e-17
2
-6.45688e-17
2
-9.05486e-17
2
-2.0715e-16
2
-3.58179e-17
2
-1.0386e-16
2
-5.7117e-17
2
-2.11923e-17
2
1.5016e-16
2
2.37598e-16
2
1.66796e-16
2
4.02684e-17
2
-2.47848e-17
2
-1.59682e-16
2
-2.5435e-16
2
-1.49844e-16
2
-1.9897e-16
2
-2.31923e-16
2
-2.95185e-16
2
-2.8427e-16
2
-2.84651e-16
2
-2.47505e-16
2
-4.33655e-16
2
-3.95897e-16
2
-4.13893e-16
2
-4.33712e-16
2
-3.06569e-16
2
-2.27773e-16
2
-1.96469e-16
2
-4.06819e-16
2
-5.78065e-16
2
-3.74934e-16
2
-1.79058e-16
2
-2.14768e-16
2
-1.64155e-17
2
-1.37697e-16
2
-2.52886e-16
2
-1.95703e-16
2
-1.14269e-16
2
-3.61917e-16
2
-1.75349e-16
2
-1.2533e-16
2
-1.5383e-17
2
-2.08683e-17
2
-8.42198e-17
2
-1.3506e-16
2
8.27904e-17
2
5.61558e-17
2
1.64084e-16
2
1.31047e-16
2
-9.83905e-18
2
8.92883e-17
2
3.35304e-17
2
-1.20328e-17
2
1.94852e-17
2
-4.12582e-17
2
-1.86853e-16
2
1.1415e-17
2
1.19112e-16
2
-2.94213e-17
2
-7.82531e-17
2
7.03245e-17
2
1.01163e-16
2
1.47516e-16
2
1.21907e-16
2
-1.37093e-16
2
-1.47227e-16
2
-5.78851e-17
2
-2.42456e-17
2
-5.55924e-17
2
-1.43521e-16
2
-1.72816e-16
2
-1.56753e-16
2
-7.18668e-17
2
-1.11609e-16
2
-1.28311e-16
2
-1.20626e-17
2
-1.49674e-16
2
-1.71622e-16
2
-2.91578e-16
2
-2.47199e-16
2
-2.28155e-16
2
-2.59372e-16
2
-1.94373e-16
2
-2.54426e-16
2
-1.32008e-16
2
-5.64289e-17
2
-2.49526e-16
2
-2.66317e-16
2
-1.48175e-16
2
-5.64798e-17
2
2.66784e-17
2
-1.66318e-16
2
-1.09985e-16
2
-7.29635e-17
2
-1.16486e-16
2
-3.16664e-16
2
-3.24313e-16
2
-2.27486e-16
2
-2.30086e-16
2
-2.32904e-16
2
-1.69627e-16
2
-2.73064e-16
2
-1.03203e-17
2
-9.80389e-18
2
-4.32644e-17
2
1.57945e-16
2
-1.18304e-16
2
-1.77832e-16
2
-3.46956e-16
2
-1.01105e-16
1.81648e-16
2
1.73059e-16
2
1.87942e-16
2
1.66924e-16
2
7.02288e-17
2
-2.97801e-17
2
6.40497e-17
2
2.14334e-16
2
2.99656e-18
2
-8.00646e-17
2
-2.15365e-16
2
-1.24106e-16
2
-1.89393e-16
2
-3.02403e-16
2
-2.63687e-16
2
-2.39058e-16
2
-2.06064e-17
2
-1.76227e-17
2
1.37614e-16
2
1.68411e-16
2
-1.74824e-17
2
3.82624e-17
2
1.12877e-16
2
1.67725e-16
2
-6.85575e-17
2
-2.26031e-16
2
-2.10019e-16
2
-3.07743e-16
2
-1.47661e-16
2
-1.22074e-16
2
-1.93342e-16
2
-2.0875e-16
2
-1.42399e-16
2
-5.91726e-17
2
-2.09712e-16
2
-2.39148e-16
2
-2.93196e-16
2
-2.4725e-16
2
-1.6351e-16
2
1.07139e-16
2
6.23145e-17
2
5.88626e-17
2
-7.90082e-17
2
-1.64518e-16
2
-1.58244e-16
2
-1.13693e-16
2
-5.52433e-17
2
-2.6875e-16
2
-2.63906e-16
2
-2.86766e-16
2
-3.07494e-16
2
-3.39681e-16
2
-1.75608e-16
2
-8.60139e-17
2
-1.22608e-16
2
5.23321e-17
2
-1.34306e-16
2
-1.70603e-16
2
-5.39352e-17
2
-6.9715e-18
2
2.18712e-16
2
1.78147e-16
2
2.86404e-16
2
2.43991e-16
2
2.08929e-16
2
9.71746e-18
2
5.14928e-17
2
6.3814e-17
2
-3.36375e-17
2
-2.15593e-16
2
-2.17486e-17
2
-1.37682e-16
2
-1.88182e-16
2
-1.08394e-16
2
-1.03604e-17
2
-3.50516e-17
2
1.12714e-16
2
7.46712e-18
2
3.38681e-17
2
1.70314e-16
2
2.08828e-16
2
3.32149e-16
2
2.95232e-16
2
3.14284e-16
2
2.33484e-16
2
-8.15089e-18
2
-2.08482e-16
2
1.80827e-17
2
-1.48314e-16
2
-2.86671e-16
2
-1.35546e-16
2
1.55968e-17
2
1.19243e-16
2
3.15795e-17
2
-1.46571e-16
2
-1.10479e-16
2
7.3464e-17
2
3.16375e-16
2
2.63847e-16
2
2.03425e-16
2
-9.74493e-18
2
1.61817e-17
2
2.1172e-16
2
1.03222e-16
2
2.54095e-17
2
1.09745e-16
2
-9.96683e-17
2
-2.29383e-16
2
-3.06824e-16
2
-3.45039e-16
2
-4.72008e-16
2
-2.33568e-16
2
-3.1405e-16
2
-5.15305e-16
2
-1.59192e-16
2
-2.18045e-16
2
-1.91355e-16
2
-3.21872e-16
2
-3.75407e-16
2
-2.12419e-16
2
-2.2642e-16
2
-3.39405e-16
2
-3.23059e-16
2
-1.3298e-16
2
-8.57753e-17
2
2.25915e-17
2
-1.29305e-16
2
-3.66576e-16
2
-1.15503e-16
2
-1.7754e-16
2
-2.96432e-16
2
-3.46995e-16
2
-8.70767e-17
2
-1.54912e-16
2
-3.99774e-17
2
-1.84227e-16
2
-1.21216e-16
2
-8.97423e-17
2
-8.3975e-17
2
1.2373e-16
2
-2.22613e-16
2
-1.20705e-16
2
-1.08127e-16
2
-1.09326e-16
2
3.53535e-17
2
-5.0057e-17
2
1.33655e-17
2
1.23651e-16
2
6.49077e-17
2
9.62171e-17
2
-1.37929e-16
2
-1.39673e-16
2
-1.14242e-17
2
-3.06142e-17
2
6.5066e-17
2
-1.26882e-17
2
1.98835e-17
2
-2.75808e-16
2
-1.39411e-16
2
5.88917e-17
2
-1.53076e-16
2
-8.16432e-17
2
8.76667e-17
2
1.22528e-16
2
5.38423e-17
2
-7.73958e-17
2
7.15993e-17
2
1.30306e-16
2
3.23856e-16
2
-4.96202e-17
2
-2.53335e-16
2
-2.74337e-17
2
-8.61747e-17
2
-1.6454e-18
2
-8.17197e-17
2
-2.12629e-16
2
-2.41026e-16
2
-2.69161e-17
2
-1.31968e-17
2
-1.56892e-16
2
-3.13398e-16
2
-5.10694e-17
2
2.84587e-17
2
-1.18644e-16
2
-1.70445e-16
2
-2.30873e-16
2
-3.37103e-16
2
-3.98663e-16
2
-4.71679e-16
2
-2.03903e-16
2
6.85149e-18
2
-2.17468e-16
2
-2.93625e-16
2
-6.50324e-18
2
8.02586e-17
2
-1.20858e-17
2
-1.18601e-17
2
1.05991e-17
2
-1.65512e-16
2
-8.37463e-17
1.54057e-16
2
3.778e-16
2
2.93763e-16
2
2.86924e-16
2
3.01869e-16
2
1.88789e-16
2
1.80149e-16
2
9.79365e-17
2
2.92599e-16
2
5.82288e-17
2
-6.65932e-17
2
-1.53849e-16
2
-1.39584e-16
2
6.93877e-17
2
-8.21485e-17
2
-2.23313e-16
2
-1.87403e-16
2
-8.116e-17
2
-5.41573e-17
2
-5.5348e-17
2
1.64499e-16
2
4.46594e-17
2
-7.32449e-18
2
-7.24394e-17
2
-2.29937e-16
2
-1.98488e-16
2
-2.21624e-16
2
-5.81341e-17
2
-1.45381e-17
2
1.09691e-16
2
-1.06463e-16
2
-1.98578e-16
2
5.60773e-18
2
-1.71818e-16
2
-2.43824e-16
2
-1.76951e-16
2
-3.47613e-16
2
-1.79997e-16
2
1.10095e-16
2
-6.64693e-17
2
1.33562e-16
2
-6.45184e-17
2
1.03575e-17
2
-4.45467e-17
2
-1.33953e-16
2
8.25893e-17
2
1.8661e-16
2
-8.54559e-18
2
-7.52702e-17
2
-8.61993e-17
2
-8.67199e-17
2
-8.36422e-17
2
-2.18453e-16
2
-7.78163e-17
2
5.03695e-17
2
-1.75329e-16
2
-1.44068e-16
2
-1.11237e-16
2
-1.11774e-16
2
-2.41614e-16
2
-2.44318e-16
2
-6.24139e-17
2
-5.69433e-18
2
-1.17386e-16
2
-1.42559e-16
2
-1.10446e-16
2
-1.64164e-16
2
-1.27329e-16
2
-2.0444e-18
2
2.41093e-17
2
8.06981e-18
2
-8.0031e-17
2
-1.20616e-16
2
-7.69643e-17
2
8.94694e-18
2
-5.97878e-17
2
-1.3175e-16
2
4.28769e-17
2
2.84997e-16
2
2.53469e-16
2
1.99714e-16
2
1.33765e-16
2
-2.89072e-17
2
-7.83644e-18
2
1.15841e-16
2
4.1831e-17
2
1.18436e-16
2
-1.39824e-16
2
-2.17433e-16
2
5.57319e-17
2
1.41763e-18
2
-9.10682e-17
2
-1.57784e-16
2
-6.17084e-17
2
-1.02646e-16
2
-3.09753e-17
2
-2.59396e-17
2
-1.46196e-17
2
8.9524e-17
2
2.57966e-16
2
2.03515e-16
2
9.47331e-18
2
1.40112e-16
2
1.42259e-16
2
1.25788e-17
2
1.53003e-17
2
9.96536e-17
2
-1.18995e-16
2
-1.92314e-16
2
-1.23321e-16
2
-7.9785e-17
2
-3.01796e-16
2
-4.41197e-16
2
-5.09316e-16
2
-3.44087e-16
2
-4.55321e-17
2
-2.92927e-16
2
-5.32379e-16
2
-2.72027e-16
2
-1.29484e-16
2
-1.13278e-16
2
-2.08011e-16
2
-1.8968e-16
2
-1.1063e-16
2
-1.68922e-17
2
1.07599e-16
2
-1.69418e-17
2
-2.38376e-16
2
-1.4903e-16
2
-5.12912e-17
2
3.01025e-17
2
-1.77555e-16
2
-1.30735e-16
2
1.93746e-16
2
3.53524e-17
2
8.04789e-17
2
4.84152e-17
2
-1.27957e-17
2
-1.7892e-17
2
-7.29355e-17
2
-3.26971e-17
2
-3.99058e-18
2
6.56996e-17
2
-3.7627e-17
2
-1.00326e-16
2
1.36434e-16
2
6.80821e-17
2
-2.15671e-16
2
-2.76364e-16
2
-1.03313e-16
2
-1.7629e-16
2
-1.18678e-16
2
-2.33367e-16
2
-2.28809e-16
2
3.54424e-17
2
2.05932e-16
2
-4.37225e-17
2
-2.02684e-16
2
-1.41706e-16
2
-1.52768e-16
2
-3.29887e-17
2
1.82245e-17
2
1.41667e-16
2
2.28739e-16
2
1.00124e-16
2
8.00208e-17
2
2.78964e-16
2
2.71105e-16
2
-1.02521e-16
2
-4.14557e-17
2
-5.46983e-19
2
-5.9608e-17
2
-1.8342e-16
2
-1.04611e-16
2
-1.41618e-16
2
-1.28159e-16
2
1.05209e-17
2
-9.77316e-17
2
-3.11043e-16
2
-2.19636e-16
2
-1.68623e-16
2
-3.04922e-16
2
-3.13255e-16
2
-9.47589e-17
2
-2.53157e-16
2
-2.86418e-16
2
-3.46631e-16
2
-3.22742e-16
2
-8.54966e-17
2
-1.40367e-16
2
-6.73551e-17
2
-2.36664e-16
2
-3.92555e-16
2
-2.67364e-16
2
-7.5338e-17
2
-1.8477e-16
2
-1.39261e-16
2
-1.05757e-16
2
-1.08723e-16
2
-8.87155e-17
-2.3133e-17
2
2.38334e-16
2
1.88676e-16
2
9.94366e-17
2
6.08577e-17
2
2.54801e-16
2
1.96818e-16
2
2.8626e-17
2
-2.3408e-17
2
1.18264e-16
2
1.08072e-16
2
1.14416e-17
2
5.39317e-18
2
-2.3197e-16
2
-8.60855e-17
2
-1.87813e-17
2
-3.06473e-17
2
-1.45157e-16
2
-1.88143e-16
2
-7.64627e-17
2
-2.31632e-17
2
1.05991e-16
2
1.69672e-17
2
-1.31157e-17
2
4.50264e-17
2
1.5432e-16
2
2.72166e-16
2
1.65629e-16
2
7.39373e-17
2
3.16738e-17
2
-1.48775e-17
2
-9.14833e-17
2
-3.63124e-16
2
-4.27953e-16
2
-3.02566e-16
2
-2.7304e-16
2
2.82848e-17
2
-9.41799e-17
2
-1.28893e-16
2
-1.1421e-16
2
-1.70258e-16
2
-1.39754e-16
2
-1.26858e-16
2
-3.48856e-17
2
1.04688e-16
2
1.161e-16
2
-3.62496e-17
2
-8.16184e-17
2
-1.36543e-16
2
-1.10974e-16
2
-4.193e-17
2
-2.3089e-16
2
-1.7681e-16
2
-1.17101e-16
2
-1.19681e-16
2
-4.58111e-17
2
2.48474e-17
2
-9.91139e-18
2
-5.33588e-17
2
-7.5192e-17
2
-1.4677e-16
2
-6.79776e-17
2
-1.01245e-16
2
-1.35798e-16
2
-6.55309e-17
2
-1.3046e-16
2
-1.23788e-16
2
-3.23789e-17
2
-3.76315e-17
2
-8.64478e-17
2
9.24731e-18
2
2.58396e-17
2
1.90883e-17
2
-3.52251e-17
2
-4.60182e-17
2
-1.58848e-16
2
-1.00927e-16
2
3.95855e-17
2
4.05776e-17
2
3.4221e-17
2
2.46492e-17
2
1.64474e-17
2
5.64798e-17
2
2.23912e-17
2
6.50478e-17
2
1.74794e-16
2
-5.60326e-18
2
-1.61872e-16
2
-9.7705e-17
2
-1.39315e-17
2
4.36001e-17
2
1.16028e-16
2
1.27141e-16
2
-8.86739e-17
2
7.57363e-17
2
-5.49111e-17
2
-5.96475e-17
2
-1.62379e-17
2
2.86826e-17
2
1.30044e-17
2
8.63528e-17
2
3.32054e-17
2
-7.25687e-17
2
9.62628e-17
2
1.9294e-16
2
1.55557e-16
2
-5.91793e-18
2
1.08125e-17
2
-7.06524e-17
2
-2.87027e-17
2
-3.35056e-17
2
-2.03832e-16
2
-4.66386e-16
2
-2.45547e-16
2
-2.05566e-16
2
-3.37042e-16
2
-2.65668e-16
2
-2.27844e-16
2
-2.71979e-16
2
-2.13429e-16
2
-1.23411e-16
2
-1.69234e-16
2
-2.79758e-16
2
-2.26318e-16
2
-2.45598e-16
2
-1.66213e-16
2
-1.05284e-16
2
-1.26637e-16
2
-2.82481e-17
2
-2.68819e-16
2
-3.34879e-16
2
3.38153e-17
2
-7.63207e-17
2
-9.29634e-17
2
4.03477e-17
2
3.5707e-17
2
1.01304e-16
2
8.85487e-17
2
3.67181e-17
2
-1.27047e-16
2
-5.16224e-17
2
6.42684e-17
2
1.45794e-16
2
1.10747e-16
2
1.55906e-17
2
-8.49573e-17
2
-9.80802e-17
2
-1.56825e-16
2
-3.91103e-17
2
-1.07777e-16
2
-1.69684e-16
2
-1.66171e-16
2
-1.2735e-16
2
-4.31554e-17
2
-7.5383e-17
2
-3.86642e-17
2
9.30181e-17
2
1.03746e-16
2
8.94496e-19
2
-5.25777e-17
2
-9.58861e-17
2
-4.79672e-17
2
9.39989e-17
2
-7.73369e-17
2
-1.13614e-16
2
-2.6334e-17
2
1.36557e-16
2
6.3773e-17
2
1.30876e-16
2
-2.63121e-17
2
-1.63117e-16
2
-1.1009e-16
2
5.08456e-17
2
8.142e-18
2
4.55618e-17
2
1.2325e-16
2
1.30946e-16
2
8.20836e-19
2
-1.09792e-17
2
-5.3101e-17
2
-4.17473e-17
2
6.2552e-17
2
-5.63449e-17
2
-1.6882e-16
2
-4.9075e-17
2
6.2301e-17
2
1.23435e-16
2
7.53713e-17
2
6.25128e-17
2
4.4181e-17
2
-1.47016e-16
2
-1.87461e-16
2
6.08088e-17
2
5.96366e-17
2
-1.64969e-16
2
-2.91499e-16
2
-2.69463e-16
2
-3.66532e-16
2
-2.64988e-16
2
-3.00463e-16
-2.73448e-16
2
2
2
2
2
2
2
2
2
2
2
2
2
2
2
2
2
2
2
2
2
2
2
2
2
2
2
2
2
2
2
2
2
2
2
2
2
2
2
2
2
2
2
2
2
2
2
2
2
2
2
2
2
2
2
2
2
2
2
2
2
2
2
2
2
2
2
2
2
2
2
2
2
2
2
2
2
2
2
2
2
2
2
2
2
2
2
2
2
2
2
2
2
2
2
2
2
2
2
2
2
2
2
2
2
2
2
2
2
2
2
2
2
2
2
2
2
2
2
2
2
2
2
2
2
2
2
2
2
2
2
2
2
2
2
2
2
2
2
2
2
2
2
2
2
2
2
2
2
2
2
2
2
2
2
2
2
2
2
2
2
2
2
2
2
2
2
2
2
2
2
2
2
2
2
2
2
2
2
2
2
2
2
2
2
2
2
2
2
2
2
2
2
2
2
2
2
2
2
)
;

boundaryField
{
    cyclic1
    {
        type            cyclic;
        value           nonuniform List<scalar> 
200
(
2.37403e-16
3.43291e-16
3.69747e-16
4.31927e-16
2.92165e-16
2.39195e-16
2.70123e-16
1.50218e-16
9.1444e-17
7.58999e-18
-6.57801e-17
2.12099e-16
5.60011e-17
1.09513e-16
1.78153e-16
5.34317e-17
-6.80561e-17
-3.54115e-16
-3.20429e-16
-3.5757e-16
-5.15927e-16
-3.31705e-16
-1.03051e-16
-1.06446e-16
-4.39461e-19
4.6567e-17
1.91084e-16
2.04033e-16
2.35143e-17
-1.06005e-16
-3.80508e-17
-2.32585e-16
-1.55385e-16
-3.59601e-17
-1.34865e-16
1.4779e-18
4.91129e-17
-7.09503e-18
2.95525e-17
-2.68393e-17
1.03168e-16
1.69191e-16
2.03103e-16
3.6179e-16
3.1963e-16
9.56777e-17
2.02709e-17
-7.3616e-17
-1.90736e-16
-1.63444e-16
1.03025e-16
1.92076e-16
-7.85721e-17
-1.01124e-16
-7.35691e-18
-1.33995e-17
1.27926e-17
-3.00229e-17
-4.13018e-17
-4.14105e-17
-9.80702e-17
-1.9409e-16
-1.9584e-17
-4.82694e-17
-1.20864e-17
-1.57976e-17
-5.76538e-17
-2.768e-17
3.38142e-17
6.43928e-17
2.82366e-16
2.64787e-16
2.15605e-16
2.65734e-16
1.35279e-16
8.71389e-17
-4.61237e-17
-7.27446e-17
-1.48524e-17
4.73876e-17
5.81026e-17
4.42382e-17
4.24267e-17
5.39488e-17
1.60891e-17
6.15704e-17
9.20397e-18
2.0111e-16
1.08065e-16
-2.72067e-17
7.47967e-17
1.0074e-16
7.16655e-17
1.36043e-16
1.00714e-16
1.41171e-16
-7.94266e-18
2.25403e-16
1.27707e-16
9.74675e-17
2.11024e-16
-4.45344e-17
-6.16094e-17
1.01548e-16
5.05546e-17
-1.00553e-16
-7.77217e-17
-1.58978e-16
-2.47755e-16
-1.82972e-16
-1.50929e-16
-1.93014e-16
-1.91151e-16
-1.28694e-16
1.11927e-16
1.08968e-16
3.74742e-17
-1.34542e-16
-6.77012e-17
-8.98023e-17
5.93295e-18
4.83466e-18
6.08025e-17
1.16025e-17
-5.06859e-17
1.56443e-16
3.1835e-16
1.64369e-16
1.93359e-16
1.88158e-16
1.57765e-16
-5.02385e-18
-1.98364e-16
-1.77705e-16
-1.29136e-16
-2.86033e-18
1.86785e-16
7.5723e-17
3.99794e-17
1.23158e-16
6.33734e-17
-1.36349e-16
-9.29901e-17
2.68216e-17
8.03681e-17
-9.99742e-17
-9.37736e-17
-9.22408e-17
-1.93484e-16
-2.02804e-16
-1.43714e-16
-2.02737e-16
-1.67646e-16
-2.57609e-16
-1.27904e-16
-2.60049e-16
1.16804e-17
2.28708e-16
1.63459e-16
1.65933e-16
2.75518e-16
-6.37685e-17
-8.4722e-17
7.65536e-17
7.73133e-17
-7.2365e-17
3.46081e-17
1.00857e-17
6.3627e-17
1.36954e-16
-4.19333e-18
5.41958e-17
1.03955e-16
7.2153e-17
4.9446e-17
-1.07321e-16
-3.08244e-17
5.09619e-17
-3.56119e-17
-4.32967e-17
-2.64467e-16
-2.71409e-16
-2.08266e-16
-1.99514e-17
-5.06371e-17
-2.74338e-17
1.49964e-16
-2.28997e-17
-1.73796e-16
-9.27177e-17
1.48816e-16
-3.83608e-17
-4.2179e-16
-5.71414e-16
-4.3898e-16
-4.52501e-16
-4.28874e-16
-3.12076e-16
-3.69477e-16
-4.76871e-16
)
;
    }
    cyclic2
    {
        type            cyclic;
        value           nonuniform List<scalar> 
200
(
-2.37403e-16
-3.43291e-16
-3.69747e-16
-4.31927e-16
-2.92165e-16
-2.39195e-16
-2.70123e-16
-1.50218e-16
-9.1444e-17
-7.58999e-18
6.57801e-17
-2.12099e-16
-5.60011e-17
-1.09513e-16
-1.78153e-16
-5.34317e-17
6.80561e-17
3.54115e-16
3.20429e-16
3.5757e-16
5.15927e-16
3.31705e-16
1.03051e-16
1.06446e-16
4.39461e-19
-4.6567e-17
-1.91084e-16
-2.04033e-16
-2.35143e-17
1.06005e-16
3.80508e-17
2.32585e-16
1.55385e-16
3.59601e-17
1.34865e-16
-1.4779e-18
-4.91129e-17
7.09503e-18
-2.95525e-17
2.68393e-17
-1.03168e-16
-1.69191e-16
-2.03103e-16
-3.6179e-16
-3.1963e-16
-9.56777e-17
-2.02709e-17
7.3616e-17
1.90736e-16
1.63444e-16
-1.03025e-16
-1.92076e-16
7.85721e-17
1.01124e-16
7.35691e-18
1.33995e-17
-1.27926e-17
3.00229e-17
4.13018e-17
4.14105e-17
9.80702e-17
1.9409e-16
1.9584e-17
4.82694e-17
1.20864e-17
1.57976e-17
5.76538e-17
2.768e-17
-3.38142e-17
-6.43928e-17
-2.82366e-16
-2.64787e-16
-2.15605e-16
-2.65734e-16
-1.35279e-16
-8.71389e-17
4.61237e-17
7.27446e-17
1.48524e-17
-4.73876e-17
-5.81026e-17
-4.42382e-17
-4.24267e-17
-5.39488e-17
-1.60891e-17
-6.15704e-17
-9.20397e-18
-2.0111e-16
-1.08065e-16
2.72067e-17
-7.47967e-17
-1.0074e-16
-7.16655e-17
-1.36043e-16
-1.00714e-16
-1.41171e-16
7.94266e-18
-2.25403e-16
-1.27707e-16
-9.74675e-17
-2.11024e-16
4.45344e-17
6.16094e-17
-1.01548e-16
-5.05546e-17
1.00553e-16
7.77217e-17
1.58978e-16
2.47755e-16
1.82972e-16
1.50929e-16
1.93014e-16
1.91151e-16
1.28694e-16
-1.11927e-16
-1.08968e-16
-3.74742e-17
1.34542e-16
6.77012e-17
8.98023e-17
-5.93295e-18
-4.83466e-18
-6.08025e-17
-1.16025e-17
5.06859e-17
-1.56443e-16
-3.1835e-16
-1.64369e-16
-1.93359e-16
-1.88158e-16
-1.57765e-16
5.02385e-18
1.98364e-16
1.77705e-16
1.29136e-16
2.86033e-18
-1.86785e-16
-7.5723e-17
-3.99794e-17
-1.23158e-16
-6.33734e-17
1.36349e-16
9.29901e-17
-2.68216e-17
-8.03681e-17
9.99742e-17
9.37736e-17
9.22408e-17
1.93484e-16
2.02804e-16
1.43714e-16
2.02737e-16
1.67646e-16
2.57609e-16
1.27904e-16
2.60049e-16
-1.16804e-17
-2.28708e-16
-1.63459e-16
-1.65933e-16
-2.75518e-16
6.37685e-17
8.4722e-17
-7.65536e-17
-7.73133e-17
7.2365e-17
-3.46081e-17
-1.00857e-17
-6.3627e-17
-1.36954e-16
4.19333e-18
-5.41958e-17
-1.03955e-16
-7.2153e-17
-4.9446e-17
1.07321e-16
3.08244e-17
-5.09619e-17
3.56119e-17
4.32967e-17
2.64467e-16
2.71409e-16
2.08266e-16
1.99514e-17
5.06371e-17
2.74338e-17
-1.49964e-16
2.28997e-17
1.73796e-16
9.27177e-17
-1.48816e-16
3.83608e-17
4.2179e-16
5.71414e-16
4.3898e-16
4.52501e-16
4.28874e-16
3.12076e-16
3.69477e-16
4.76871e-16
)
;
    }
    frontAndBack
    {
        type            empty;
        value           nonuniform 0();
    }
    outlet
    {
        type            calculated;
        value           nonuniform List<scalar> 
20
(
2
2
2
2
2
2
2
2
2
2
2
2
2
2
2
2
2
2
2
2
)
;
    }
    inlet
    {
        type            calculated;
        value           nonuniform List<scalar> 
20
(
-2
-2
-2
-2
-2
-2
-2
-2
-2
-2
-2
-2
-2
-2
-2
-2
-2
-2
-2
-2
)
;
    }
}


// ************************************************************************* //
