/*--------------------------------*- C++ -*----------------------------------*\
  =========                 |
  \\      /  F ield         | OpenFOAM: The Open Source CFD Toolbox
   \\    /   O peration     | Website:  https://openfoam.org
    \\  /    A nd           | Version:  6
     \\/     M anipulation  |
\*---------------------------------------------------------------------------*/
FoamFile
{
    version     2.0;
    format      ascii;
    class       volVectorField;
    location    "80";
    object      U;
}
// * * * * * * * * * * * * * * * * * * * * * * * * * * * * * * * * * * * * * //

dimensions      [0 1 -1 0 0 0 0];

internalField   nonuniform List<vector> 
4000
(
(400 4.31705e-14 0)
(400 3.5307e-14 0)
(400 2.50269e-14 0)
(400 9.34261e-15 0)
(400 7.59544e-15 0)
(400 1.7597e-14 0)
(400 2.98618e-14 0)
(400 5.47107e-14 0)
(400 7.38063e-14 0)
(400 6.63488e-14 0)
(400 7.90263e-14 0)
(400 8.43055e-14 0)
(400 7.23142e-14 0)
(400 6.5472e-14 0)
(400 7.09011e-14 0)
(400 8.25687e-14 0)
(400 6.8068e-14 0)
(400 2.71629e-14 0)
(400 2.44289e-14 0)
(400 2.7277e-14 0)
(400 2.79204e-14 0)
(400 5.39152e-14 0)
(400 6.7987e-14 0)
(400 4.78823e-14 0)
(400 4.83691e-14 0)
(400 4.22964e-14 0)
(400 3.14709e-14 0)
(400 1.53469e-15 0)
(400 -2.19656e-14 0)
(400 -1.38946e-14 0)
(400 -1.32111e-14 0)
(400 -6.16548e-15 0)
(400 7.81908e-15 0)
(400 9.88362e-15 0)
(400 1.01342e-15 0)
(400 -1.33568e-14 0)
(400 -1.47974e-14 0)
(400 -2.23425e-14 0)
(400 -2.98023e-14 0)
(400 -3.98446e-14 0)
(400 -2.87851e-14 0)
(400 -1.55282e-14 0)
(400 -1.72675e-14 0)
(400 -2.08182e-14 0)
(400 -3.48037e-14 0)
(400 -4.21868e-14 0)
(400 -3.88032e-14 0)
(400 -2.28336e-14 0)
(400 -1.93578e-14 0)
(400 -8.91883e-15 0)
(400 -1.81864e-15 0)
(400 1.42614e-14 0)
(400 1.06167e-14 0)
(400 -1.78246e-17 0)
(400 5.29195e-15 0)
(400 2.01791e-14 0)
(400 1.86875e-14 0)
(400 1.62126e-14 0)
(400 2.28476e-14 0)
(400 1.76785e-14 0)
(400 1.68649e-14 0)
(400 1.09439e-14 0)
(400 1.0908e-15 0)
(400 -5.10573e-15 0)
(400 -8.37676e-15 0)
(400 3.01409e-16 0)
(400 1.92942e-14 0)
(400 3.93001e-14 0)
(400 6.12701e-14 0)
(400 7.96124e-14 0)
(400 9.37269e-14 0)
(400 9.22969e-14 0)
(400 7.82667e-14 0)
(400 6.33357e-14 0)
(400 4.70632e-14 0)
(400 3.46499e-14 0)
(400 1.8234e-14 0)
(400 4.1493e-15 0)
(400 -1.4048e-15 0)
(400 -8.67698e-15 0)
(400 -4.17234e-15 0)
(400 -3.9669e-15 0)
(400 -6.13606e-15 0)
(400 3.90918e-15 0)
(400 -3.41032e-15 0)
(400 -1.56358e-14 0)
(400 -2.0848e-14 0)
(400 -1.57377e-14 0)
(400 -2.20421e-14 0)
(400 -4.32058e-14 0)
(400 -3.08973e-14 0)
(400 -7.23849e-15 0)
(400 1.44948e-14 0)
(400 1.96795e-14 0)
(400 3.75674e-14 0)
(400 5.43788e-14 0)
(400 3.96346e-14 0)
(400 4.1318e-14 0)
(400 4.1455e-14 0)
(400 5.12765e-14 0)
(400 5.37206e-14 0)
(400 3.40219e-14 0)
(400 3.20671e-14 0)
(400 2.90263e-14 0)
(400 5.84743e-15 0)
(400 -1.41419e-14 0)
(400 -1.01381e-14 0)
(400 5.98396e-15 0)
(400 7.42838e-15 0)
(400 -1.17277e-14 0)
(400 -1.68367e-15 0)
(400 1.39178e-14 0)
(400 1.16393e-15 0)
(400 7.30935e-16 0)
(400 8.74745e-15 0)
(400 1.84567e-14 0)
(400 1.76664e-14 0)
(400 1.71897e-15 0)
(400 -5.27193e-15 0)
(400 -2.98012e-15 0)
(400 -1.66156e-14 0)
(400 -2.247e-14 0)
(400 -1.52185e-14 0)
(400 -2.37465e-14 0)
(400 -1.69617e-14 0)
(400 -1.34269e-14 0)
(400 -2.19884e-14 0)
(400 -2.12177e-14 0)
(400 -4.22744e-14 0)
(400 -4.04917e-14 0)
(400 -2.695e-14 0)
(400 -2.66606e-14 0)
(400 -3.71328e-14 0)
(400 -1.61391e-14 0)
(400 4.81822e-15 0)
(400 9.11803e-15 0)
(400 1.91297e-14 0)
(400 4.40854e-14 0)
(400 4.12773e-14 0)
(400 2.87544e-14 0)
(400 2.54765e-14 0)
(400 1.51171e-14 0)
(400 2.96941e-14 0)
(400 4.85309e-14 0)
(400 5.21838e-14 0)
(400 6.45853e-14 0)
(400 8.31342e-14 0)
(400 7.93152e-14 0)
(400 8.15142e-14 0)
(400 7.90894e-14 0)
(400 7.36897e-14 0)
(400 6.68997e-14 0)
(400 5.91293e-14 0)
(400 4.89553e-14 0)
(400 3.77876e-14 0)
(400 1.32239e-14 0)
(400 7.41103e-16 0)
(400 -1.16571e-14 0)
(400 -2.20056e-14 0)
(400 -2.742e-14 0)
(400 -2.41226e-14 0)
(400 -6.61019e-15 0)
(400 -4.8176e-15 0)
(400 -1.25915e-14 0)
(400 -6.30115e-15 0)
(400 2.61584e-14 0)
(400 2.75176e-14 0)
(400 2.57085e-14 0)
(400 3.43447e-14 0)
(400 3.70656e-14 0)
(400 2.8554e-14 0)
(400 2.63978e-14 0)
(400 2.2974e-14 0)
(400 2.09661e-14 0)
(400 2.04281e-14 0)
(400 2.18204e-14 0)
(400 2.27856e-14 0)
(400 4.31528e-14 0)
(400 3.51104e-14 0)
(400 2.22804e-15 0)
(400 -4.15023e-15 0)
(400 4.94036e-15 0)
(400 1.00014e-14 0)
(400 8.37909e-15 0)
(400 4.52861e-15 0)
(400 -1.75526e-15 0)
(400 -4.10511e-15 0)
(400 6.11174e-15 0)
(400 1.22277e-14 0)
(400 1.05099e-14 0)
(400 2.1954e-14 0)
(400 3.48325e-14 0)
(400 4.16376e-14 0)
(400 4.12622e-14 0)
(400 3.35185e-14 0)
(400 2.43472e-14 0)
(400 1.85759e-14 0)
(400 1.40143e-14 0)
(400 8.87635e-15 0)
(400 -4.51221e-15 0)
(400 3.12487e-15 0)
(400 -9.58273e-15 0)
(400 -5.55549e-15 0)
(400 -4.49617e-16 0)
(400 -3.61392e-15 0)
(400 1.65142e-14 0)
(400 2.64995e-14 0)
(400 2.92528e-14 0)
(400 4.33118e-14 0)
(400 4.28008e-14 0)
(400 4.43932e-14 0)
(400 5.05922e-14 0)
(400 5.95269e-14 0)
(400 7.49215e-14 0)
(400 1.00103e-13 0)
(400 1.08866e-13 0)
(400 1.03941e-13 0)
(400 9.41048e-14 0)
(400 8.39619e-14 0)
(400 9.32179e-14 0)
(400 9.21184e-14 0)
(400 9.65946e-14 0)
(400 8.1358e-14 0)
(400 7.16083e-14 0)
(400 6.65586e-14 0)
(400 5.6767e-14 0)
(400 4.15268e-14 0)
(400 1.83106e-14 0)
(400 -3.16707e-15 0)
(400 -8.1525e-15 0)
(400 2.95819e-15 0)
(400 3.01839e-14 0)
(400 2.92972e-14 0)
(400 4.79916e-16 0)
(400 -1.39371e-14 0)
(400 2.74589e-15 0)
(400 2.01604e-14 0)
(400 1.53706e-14 0)
(400 6.03774e-15 0)
(400 -9.04237e-15 0)
(400 -3.18054e-15 0)
(400 -5.04281e-15 0)
(400 -1.05945e-14 0)
(400 -6.53573e-15 0)
(400 -3.96155e-15 0)
(400 3.68988e-15 0)
(400 5.37671e-15 0)
(400 2.35638e-14 0)
(400 3.48361e-14 0)
(400 3.66777e-14 0)
(400 4.83427e-14 0)
(400 4.67162e-14 0)
(400 3.89981e-14 0)
(400 1.87769e-14 0)
(400 6.54378e-15 0)
(400 1.73914e-15 0)
(400 7.61427e-15 0)
(400 2.41071e-14 0)
(400 3.67813e-14 0)
(400 2.51518e-14 0)
(400 1.13889e-14 0)
(400 1.04621e-14 0)
(400 -6.13234e-16 0)
(400 -8.40394e-15 0)
(400 -5.02671e-15 0)
(400 -4.40555e-15 0)
(400 -8.03172e-15 0)
(400 -3.7092e-15 0)
(400 2.10863e-14 0)
(400 4.86668e-14 0)
(400 5.06519e-14 0)
(400 4.98152e-14 0)
(400 3.94261e-14 0)
(400 9.79475e-15 0)
(400 -1.15925e-14 0)
(400 -3.77795e-14 0)
(400 -4.69194e-14 0)
(400 -4.72217e-14 0)
(400 -5.19928e-14 0)
(400 -5.99256e-14 0)
(400 -4.7258e-14 0)
(400 -3.55574e-14 0)
(400 -4.1157e-14 0)
(400 -2.91595e-14 0)
(400 -3.08933e-14 0)
(400 -2.97277e-14 0)
(400 -2.80998e-14 0)
(400 -3.27946e-14 0)
(400 -2.71351e-14 0)
(400 -3.61458e-14 0)
(400 -2.12069e-14 0)
(400 3.0598e-14 0)
(400 6.18236e-14 0)
(400 8.54889e-14 0)
(400 9.80822e-14 0)
(400 1.07365e-13 0)
(400 9.53101e-14 0)
(400 8.65018e-14 0)
(400 9.94007e-14 0)
(400 1.05944e-13 0)
(400 1.06352e-13 0)
(400 1.072e-13 0)
(400 8.83407e-14 0)
(400 1.06876e-13 0)
(400 9.48131e-14 0)
(400 6.86082e-14 0)
(400 5.04883e-14 0)
(400 5.97356e-14 0)
(400 7.33053e-14 0)
(400 7.37488e-14 0)
(400 7.18442e-14 0)
(400 8.24859e-14 0)
(400 8.90265e-14 0)
(400 9.06473e-14 0)
(400 7.5369e-14 0)
(400 7.25659e-14 0)
(400 7.56953e-14 0)
(400 8.21433e-14 0)
(400 7.63885e-14 0)
(400 6.99069e-14 0)
(400 6.77207e-14 0)
(400 6.08913e-14 0)
(400 5.41392e-14 0)
(400 3.5974e-14 0)
(400 2.03173e-14 0)
(400 4.76591e-15 0)
(400 -1.66256e-15 0)
(400 -4.26991e-15 0)
(400 6.6519e-15 0)
(400 1.94164e-14 0)
(400 1.71759e-14 0)
(400 1.89147e-14 0)
(400 -4.53447e-16 0)
(400 4.59339e-15 0)
(400 1.37118e-14 0)
(400 2.63334e-14 0)
(400 2.47979e-14 0)
(400 1.34842e-14 0)
(400 1.35751e-15 0)
(400 -8.10874e-15 0)
(400 -2.33791e-15 0)
(400 -1.38675e-14 0)
(400 -1.1402e-14 0)
(400 2.14513e-14 0)
(400 3.67669e-14 0)
(400 4.54049e-14 0)
(400 5.42774e-14 0)
(400 5.0151e-14 0)
(400 4.16474e-14 0)
(400 3.9327e-14 0)
(400 2.26976e-15 0)
(400 1.06485e-15 0)
(400 2.75262e-15 0)
(400 8.77499e-15 0)
(400 1.32566e-14 0)
(400 -6.02194e-16 0)
(400 -1.26559e-14 0)
(400 -4.98467e-15 0)
(400 -7.47325e-16 0)
(400 1.02186e-14 0)
(400 1.0754e-14 0)
(400 1.17701e-14 0)
(400 1.76188e-14 0)
(400 1.49814e-14 0)
(400 -1.28346e-14 0)
(400 -4.37113e-14 0)
(400 -6.66559e-14 0)
(400 -8.08454e-14 0)
(400 -7.31995e-14 0)
(400 -7.20137e-14 0)
(400 -7.623e-14 0)
(400 -9.48091e-14 0)
(400 -9.52785e-14 0)
(400 -9.57139e-14 0)
(400 -9.14487e-14 0)
(400 -7.78073e-14 0)
(400 -7.57064e-14 0)
(400 -8.6268e-14 0)
(400 -9.51627e-14 0)
(400 -1.09189e-13 0)
(400 -1.13934e-13 0)
(400 -1.05156e-13 0)
(400 -8.03056e-14 0)
(400 -5.42709e-14 0)
(400 -4.66437e-14 0)
(400 -3.61704e-14 0)
(400 -1.89822e-14 0)
(400 -1.8575e-14 0)
(400 -3.24959e-15 0)
(400 -3.20117e-15 0)
(400 1.11418e-14 0)
(400 3.10219e-14 0)
(400 3.89965e-14 0)
(400 4.72034e-14 0)
(400 4.70955e-14 0)
(400 7.52019e-14 0)
(400 8.75592e-14 0)
(400 9.66791e-14 0)
(400 9.56332e-14 0)
(400 8.84534e-14 0)
(400 -2.16308e-14 0)
(400 -3.3599e-14 0)
(400 -2.6373e-14 0)
(400 -9.46684e-15 0)
(400 -4.16144e-16 0)
(400 1.47791e-14 0)
(400 2.55561e-14 0)
(400 3.06225e-14 0)
(400 4.74659e-14 0)
(400 6.4066e-14 0)
(400 6.04528e-14 0)
(400 6.81342e-14 0)
(400 6.84364e-14 0)
(400 8.15599e-14 0)
(400 9.88234e-14 0)
(400 1.01915e-13 0)
(400 9.64957e-14 0)
(400 9.82273e-14 0)
(400 8.54627e-14 0)
(400 6.46158e-14 0)
(400 5.6031e-14 0)
(400 2.91091e-14 0)
(400 7.18647e-15 0)
(400 3.10553e-14 0)
(400 2.48033e-14 0)
(400 2.7341e-14 0)
(400 2.29495e-14 0)
(400 7.97953e-15 0)
(400 -5.6069e-15 0)
(400 -2.07625e-14 0)
(400 -6.2866e-15 0)
(400 -1.93121e-15 0)
(400 -4.5433e-15 0)
(400 1.22978e-14 0)
(400 1.70777e-14 0)
(400 2.43619e-14 0)
(400 1.91012e-14 0)
(400 8.25289e-15 0)
(400 -7.56095e-15 0)
(400 -1.96819e-14 0)
(400 -2.43504e-14 0)
(400 -2.62553e-14 0)
(400 -3.81267e-14 0)
(400 -2.62315e-14 0)
(400 -7.9183e-15 0)
(400 2.1223e-14 0)
(400 3.38904e-14 0)
(400 2.94497e-14 0)
(400 3.15853e-14 0)
(400 2.85435e-14 0)
(400 4.42583e-14 0)
(400 4.96618e-14 0)
(400 4.14881e-14 0)
(400 1.66282e-14 0)
(400 3.25612e-15 0)
(400 7.71535e-15 0)
(400 1.88517e-14 0)
(400 3.96144e-14 0)
(400 4.81337e-14 0)
(400 5.61905e-14 0)
(400 5.72359e-14 0)
(400 5.64573e-14 0)
(400 5.741e-14 0)
(400 5.77511e-14 0)
(400 5.1915e-14 0)
(400 2.45552e-14 0)
(400 1.2827e-14 0)
(400 1.57358e-14 0)
(400 3.16055e-14 0)
(400 4.21373e-14 0)
(400 4.0328e-14 0)
(400 2.67915e-14 0)
(400 1.41145e-14 0)
(400 -6.07363e-15 0)
(400 -1.51446e-14 0)
(400 -2.36851e-14 0)
(400 -2.54824e-14 0)
(400 -1.64577e-14 0)
(400 -1.22149e-14 0)
(400 1.38259e-15 0)
(400 1.83132e-14 0)
(400 1.33987e-14 0)
(400 1.19014e-14 0)
(400 1.7679e-14 0)
(400 2.679e-14 0)
(400 4.06104e-14 0)
(400 4.50108e-14 0)
(400 4.30726e-14 0)
(400 3.77835e-14 0)
(400 4.17706e-14 0)
(400 3.68474e-14 0)
(400 4.58087e-14 0)
(400 4.3856e-14 0)
(400 5.8926e-14 0)
(400 5.68244e-14 0)
(400 5.40327e-14 0)
(400 4.46757e-14 0)
(400 2.83714e-14 0)
(400 3.64917e-14 0)
(400 3.77092e-14 0)
(400 4.57075e-14 0)
(400 5.44931e-14 0)
(400 5.05912e-14 0)
(400 4.19057e-14 0)
(400 2.98047e-14 0)
(400 2.64499e-14 0)
(400 6.58454e-15 0)
(400 9.80219e-15 0)
(400 1.36895e-14 0)
(400 1.77995e-14 0)
(400 1.15645e-14 0)
(400 1.62086e-14 0)
(400 3.13942e-14 0)
(400 3.63705e-14 0)
(400 1.86172e-14 0)
(400 5.17434e-15 0)
(400 7.66212e-15 0)
(400 1.57494e-14 0)
(400 1.04104e-15 0)
(400 -7.19307e-15 0)
(400 -6.93603e-15 0)
(400 -1.36965e-14 0)
(400 -1.60292e-14 0)
(400 -9.75436e-15 0)
(400 -2.62724e-14 0)
(400 -3.62605e-14 0)
(400 -2.7912e-14 0)
(400 -1.65272e-14 0)
(400 7.42228e-15 0)
(400 2.29447e-14 0)
(400 3.1415e-14 0)
(400 4.72283e-14 0)
(400 6.29905e-14 0)
(400 4.4627e-14 0)
(400 3.781e-14 0)
(400 4.74367e-14 0)
(400 5.0879e-14 0)
(400 1.74037e-14 0)
(400 8.96538e-15 0)
(400 1.63445e-14 0)
(400 6.88408e-15 0)
(400 1.0019e-14 0)
(400 2.05097e-14 0)
(400 4.24301e-14 0)
(400 5.83013e-14 0)
(400 5.47004e-14 0)
(400 4.97047e-14 0)
(400 4.94917e-14 0)
(400 4.97772e-14 0)
(400 5.95116e-14 0)
(400 5.16432e-14 0)
(400 5.43049e-14 0)
(400 5.20481e-14 0)
(400 4.67008e-14 0)
(400 3.98051e-14 0)
(400 3.62846e-14 0)
(400 2.77134e-14 0)
(400 3.5637e-14 0)
(400 3.29707e-14 0)
(400 3.11949e-14 0)
(400 3.94662e-14 0)
(400 5.33293e-14 0)
(400 7.83031e-14 0)
(400 9.99777e-14 0)
(400 9.74378e-14 0)
(400 6.19947e-14 0)
(400 4.15089e-14 0)
(400 4.09568e-14 0)
(400 3.96453e-14 0)
(400 3.82753e-14 0)
(400 4.27502e-14 0)
(400 2.51613e-14 0)
(400 2.57498e-14 0)
(400 2.76408e-14 0)
(400 1.93822e-14 0)
(400 1.69263e-14 0)
(400 1.99539e-14 0)
(400 2.60442e-15 0)
(400 2.98079e-16 0)
(400 1.99902e-14 0)
(400 1.71949e-14 0)
(400 7.16633e-15 0)
(400 3.23273e-14 0)
(400 5.52664e-14 0)
(400 6.34277e-14 0)
(400 4.91603e-14 0)
(400 3.13185e-14 0)
(400 7.98666e-15 0)
(400 1.56329e-14 0)
(400 1.46394e-14 0)
(400 -1.1002e-14 0)
(400 -1.65422e-14 0)
(400 -2.75206e-14 0)
(400 -3.54022e-14 0)
(400 -2.68854e-14 0)
(400 -1.45973e-14 0)
(400 -2.82165e-15 0)
(400 1.60109e-16 0)
(400 -3.78918e-15 0)
(400 -1.53757e-14 0)
(400 -6.21587e-15 0)
(400 -1.50333e-14 0)
(400 -5.32719e-15 0)
(400 1.64315e-14 0)
(400 1.94616e-14 0)
(400 7.57098e-15 0)
(400 9.96648e-15 0)
(400 2.0217e-14 0)
(400 2.77067e-14 0)
(400 4.46307e-14 0)
(400 5.82408e-14 0)
(400 6.15367e-14 0)
(400 6.38212e-14 0)
(400 8.24121e-14 0)
(400 9.47266e-14 0)
(400 9.75975e-14 0)
(400 9.0265e-14 0)
(400 8.87201e-14 0)
(400 7.86403e-14 0)
(400 7.31157e-14 0)
(400 5.97518e-14 0)
(400 3.92142e-14 0)
(400 2.5817e-14 0)
(400 2.68023e-14 0)
(400 2.20942e-14 0)
(400 2.9332e-14 0)
(400 2.71876e-14 0)
(400 1.64087e-14 0)
(400 1.26224e-15 0)
(400 -1.01216e-14 0)
(400 -7.93837e-15 0)
(400 -1.54286e-14 0)
(400 -2.79915e-15 0)
(400 1.22716e-14 0)
(400 2.22066e-14 0)
(400 7.42691e-15 0)
(400 -1.28357e-14 0)
(400 -1.48568e-14 0)
(400 -1.95113e-14 0)
(400 -1.17607e-14 0)
(400 -1.34737e-14 0)
(400 -9.62675e-15 0)
(400 8.53616e-17 0)
(400 -1.92503e-15 0)
(400 2.46081e-14 0)
(400 4.01018e-14 0)
(400 3.7187e-14 0)
(400 2.73315e-14 0)
(400 2.38869e-14 0)
(400 3.5303e-14 0)
(400 3.97109e-14 0)
(400 3.22879e-14 0)
(400 1.72319e-14 0)
(400 4.60433e-15 0)
(400 3.01903e-17 0)
(400 6.57549e-15 0)
(400 1.84407e-14 0)
(400 3.21041e-14 0)
(400 3.71702e-14 0)
(400 4.52685e-14 0)
(400 5.17088e-14 0)
(400 5.03397e-14 0)
(400 5.19463e-14 0)
(400 5.35633e-14 0)
(400 3.90604e-14 0)
(400 2.47913e-14 0)
(400 1.99724e-14 0)
(400 2.5358e-14 0)
(400 3.80048e-14 0)
(400 1.90938e-14 0)
(400 6.53418e-15 0)
(400 -6.57411e-15 0)
(400 -1.42358e-14 0)
(400 -2.34412e-14 0)
(400 -3.76445e-14 0)
(400 -4.12207e-14 0)
(400 -3.55205e-14 0)
(400 -1.58866e-14 0)
(400 -1.95892e-15 0)
(400 7.89177e-15 0)
(400 1.98554e-14 0)
(400 3.05168e-14 0)
(400 4.18689e-14 0)
(400 4.22237e-14 0)
(400 4.56878e-14 0)
(400 4.48243e-14 0)
(400 4.68121e-14 0)
(400 6.16176e-14 0)
(400 6.68046e-14 0)
(400 7.38415e-14 0)
(400 6.29076e-14 0)
(400 3.74829e-14 0)
(400 3.12622e-14 0)
(400 1.37792e-14 0)
(400 8.78084e-15 0)
(400 9.19766e-15 0)
(400 1.39238e-14 0)
(400 1.54689e-14 0)
(400 1.39253e-14 0)
(400 2.01331e-14 0)
(400 3.06605e-14 0)
(400 4.11433e-14 0)
(400 6.17096e-14 0)
(400 5.97775e-14 0)
(400 5.9257e-14 0)
(400 7.23552e-14 0)
(400 7.27744e-14 0)
(400 8.50386e-14 0)
(400 8.99992e-14 0)
(400 7.57204e-14 0)
(400 6.24572e-14 0)
(400 6.51367e-14 0)
(400 7.33664e-14 0)
(400 5.30361e-14 0)
(400 3.44205e-14 0)
(400 2.27626e-14 0)
(400 2.56131e-14 0)
(400 1.53573e-14 0)
(400 3.0509e-14 0)
(400 2.79457e-14 0)
(400 3.33369e-14 0)
(400 2.26175e-14 0)
(400 3.65472e-14 0)
(400 5.97394e-14 0)
(400 5.86648e-14 0)
(400 5.11012e-14 0)
(400 4.68817e-14 0)
(400 5.32432e-14 0)
(400 4.91945e-14 0)
(400 4.88832e-14 0)
(400 6.45173e-14 0)
(400 6.78443e-14 0)
(400 6.75905e-14 0)
(400 5.10422e-14 0)
(400 4.50991e-14 0)
(400 3.50283e-14 0)
(400 2.22905e-14 0)
(400 4.45189e-15 0)
(400 4.82654e-15 0)
(400 6.66296e-15 0)
(400 -1.47207e-14 0)
(400 -8.00692e-15 0)
(400 1.615e-15 0)
(400 5.99714e-15 0)
(400 2.25994e-14 0)
(400 1.19719e-14 0)
(400 -9.28551e-15 0)
(400 -2.39001e-14 0)
(400 -1.2181e-14 0)
(400 7.84875e-15 0)
(400 2.48992e-14 0)
(400 2.34295e-14 0)
(400 3.9701e-14 0)
(400 4.98067e-14 0)
(400 3.33252e-14 0)
(400 3.32095e-14 0)
(400 3.20935e-14 0)
(400 2.67307e-15 0)
(400 -4.82522e-15 0)
(400 -1.52124e-14 0)
(400 -8.19535e-15 0)
(400 9.72401e-15 0)
(400 2.16514e-14 0)
(400 4.32716e-14 0)
(400 5.50694e-14 0)
(400 4.12952e-14 0)
(400 2.90853e-14 0)
(400 2.68248e-14 0)
(400 1.32521e-14 0)
(400 -1.02523e-14 0)
(400 -7.30418e-15 0)
(400 -6.79133e-15 0)
(400 -1.0011e-14 0)
(400 -2.7587e-14 0)
(400 -4.83305e-14 0)
(400 -5.97626e-14 0)
(400 -6.96244e-14 0)
(400 -8.07023e-14 0)
(400 -8.3645e-14 0)
(400 -8.17324e-14 0)
(400 -6.49308e-14 0)
(400 -5.51858e-14 0)
(400 -5.02183e-14 0)
(400 -4.58682e-14 0)
(400 -5.28563e-14 0)
(400 -4.19427e-14 0)
(400 -3.04265e-14 0)
(400 -2.05284e-14 0)
(400 -2.38876e-14 0)
(400 -1.49222e-14 0)
(400 -1.1633e-14 0)
(400 -1.14396e-14 0)
(400 -2.41871e-14 0)
(400 -2.73261e-14 0)
(400 -2.60622e-14 0)
(400 -1.92822e-14 0)
(400 -6.11971e-15 0)
(400 -1.10684e-14 0)
(400 1.27727e-15 0)
(400 -4.40609e-15 0)
(400 4.5048e-15 0)
(400 9.46849e-15 0)
(400 1.53764e-14 0)
(400 1.96286e-14 0)
(400 2.27692e-14 0)
(400 1.54203e-14 0)
(400 1.18598e-14 0)
(400 2.37778e-14 0)
(400 3.12667e-14 0)
(400 3.89428e-14 0)
(400 4.24781e-14 0)
(400 3.93655e-14 0)
(400 5.25353e-14 0)
(400 5.6057e-14 0)
(400 5.33392e-14 0)
(400 3.89333e-14 0)
(400 4.40391e-14 0)
(400 4.67665e-14 0)
(400 3.9139e-14 0)
(400 4.03039e-14 0)
(400 2.39795e-14 0)
(400 1.79676e-14 0)
(400 6.47632e-15 0)
(400 -7.88441e-15 0)
(400 -1.66248e-15 0)
(400 -5.55419e-15 0)
(400 -1.3136e-14 0)
(400 3.81121e-15 0)
(400 8.53711e-15 0)
(400 -8.22704e-15 0)
(400 -3.07285e-14 0)
(400 -2.95924e-14 0)
(400 -1.57621e-14 0)
(400 -1.63517e-14 0)
(400 -2.53542e-15 0)
(400 1.5882e-15 0)
(400 -4.93523e-15 0)
(400 -5.83436e-15 0)
(400 -1.63785e-15 0)
(400 1.20683e-14 0)
(400 1.47325e-14 0)
(400 1.71722e-14 0)
(400 4.05577e-14 0)
(400 5.62482e-14 0)
(400 6.62457e-14 0)
(400 6.56058e-14 0)
(400 5.38354e-14 0)
(400 4.98532e-14 0)
(400 4.89504e-14 0)
(400 5.04037e-14 0)
(400 5.37767e-14 0)
(400 4.41629e-14 0)
(400 3.33562e-14 0)
(400 3.94143e-14 0)
(400 4.55487e-14 0)
(400 5.73249e-14 0)
(400 7.40042e-14 0)
(400 6.79873e-14 0)
(400 4.64819e-14 0)
(400 3.3655e-14 0)
(400 3.27484e-14 0)
(400 4.63511e-14 0)
(400 4.34335e-14 0)
(400 3.66912e-14 0)
(400 2.26404e-14 0)
(400 2.35452e-14 0)
(400 1.7041e-14 0)
(400 2.24542e-14 0)
(400 1.90875e-14 0)
(400 1.61902e-14 0)
(400 1.69706e-14 0)
(400 2.10768e-14 0)
(400 1.56496e-14 0)
(400 5.09974e-15 0)
(400 -5.56163e-15 0)
(400 1.04234e-14 0)
(400 2.40439e-14 0)
(400 2.67602e-14 0)
(400 3.35552e-14 0)
(400 3.45296e-14 0)
(400 2.0517e-14 0)
(400 2.88565e-14 0)
(400 4.34072e-14 0)
(400 5.10078e-14 0)
(400 5.47915e-14 0)
(400 4.15584e-14 0)
(400 2.6859e-14 0)
(400 3.4455e-14 0)
(400 5.75329e-14 0)
(400 5.3828e-14 0)
(400 4.04941e-14 0)
(400 1.87038e-14 0)
(400 1.83525e-14 0)
(400 -7.89534e-15 0)
(400 -1.64657e-14 0)
(400 -3.37525e-14 0)
(400 -2.57891e-14 0)
(400 -8.60255e-15 0)
(400 -1.7094e-14 0)
(400 2.39443e-15 0)
(400 3.37183e-14 0)
(400 6.66944e-14 0)
(400 8.58433e-14 0)
(400 8.67583e-14 0)
(400 9.02242e-14 0)
(400 9.84092e-14 0)
(400 1.04335e-13 0)
(400 8.20067e-14 0)
(400 6.28009e-14 0)
(400 5.39821e-14 0)
(400 4.54767e-14 0)
(400 1.60421e-14 0)
(400 -4.38064e-15 0)
(400 -2.28965e-14 0)
(400 -3.04029e-14 0)
(400 -4.26118e-14 0)
(400 -3.79797e-14 0)
(400 -4.58901e-14 0)
(400 -2.84552e-14 0)
(400 -2.17203e-14 0)
(400 -1.29913e-14 0)
(400 6.49997e-16 0)
(400 2.54359e-14 0)
(400 4.07084e-14 0)
(400 4.5438e-14 0)
(400 4.5975e-14 0)
(400 4.95022e-14 0)
(400 5.39613e-14 0)
(400 4.14585e-14 0)
(400 2.52243e-14 0)
(400 4.04861e-14 0)
(400 4.68173e-14 0)
(400 2.46144e-14 0)
(400 2.27844e-14 0)
(400 1.62131e-14 0)
(400 7.03277e-15 0)
(400 -1.14573e-14 0)
(400 -1.89466e-14 0)
(400 -2.10132e-14 0)
(400 -2.75191e-14 0)
(400 -1.6883e-14 0)
(400 1.48341e-15 0)
(400 8.11964e-15 0)
(400 1.99964e-14 0)
(400 5.16354e-14 0)
(400 5.29254e-14 0)
(400 4.29899e-14 0)
(400 4.1808e-14 0)
(400 4.58423e-14 0)
(400 5.31575e-14 0)
(400 7.46378e-14 0)
(400 8.06947e-14 0)
(400 8.92335e-14 0)
(400 9.97801e-14 0)
(400 9.55439e-14 0)
(400 9.04133e-14 0)
(400 8.89344e-14 0)
(400 6.18481e-14 0)
(400 6.03606e-14 0)
(400 6.20159e-14 0)
(400 7.38183e-14 0)
(400 7.42103e-14 0)
(400 7.22066e-14 0)
(400 7.06694e-14 0)
(400 6.4082e-14 0)
(400 5.37895e-14 0)
(400 4.52008e-14 0)
(400 3.57998e-14 0)
(400 1.93207e-14 0)
(400 1.49826e-14 0)
(400 2.14756e-14 0)
(400 2.64596e-14 0)
(400 1.38076e-14 0)
(400 -9.83721e-15 0)
(400 -1.78238e-14 0)
(400 -3.02459e-14 0)
(400 -4.51929e-14 0)
(400 -5.14746e-14 0)
(400 -6.63729e-14 0)
(400 -8.83774e-14 0)
(400 -7.72844e-14 0)
(400 -8.20554e-14 0)
(400 -1.07755e-13 0)
(400 -1.20047e-13 0)
(400 -1.28937e-13 0)
(400 -1.05306e-13 0)
(400 -8.17997e-14 0)
(400 -6.17821e-14 0)
(400 -6.38492e-14 0)
(400 -5.59776e-14 0)
(400 -4.12043e-14 0)
(400 -4.99979e-14 0)
(400 -4.18457e-14 0)
(400 -3.37713e-14 0)
(400 -4.21795e-14 0)
(400 -3.44562e-14 0)
(400 -2.59422e-14 0)
(400 -2.38131e-14 0)
(400 -1.01387e-14 0)
(400 -3.87784e-15 0)
(400 9.39265e-15 0)
(400 2.00198e-14 0)
(400 2.03411e-14 0)
(400 1.53949e-14 0)
(400 1.90326e-14 0)
(400 2.96331e-14 0)
(400 3.36726e-14 0)
(400 3.44278e-14 0)
(400 4.31212e-14 0)
(400 4.84156e-14 0)
(400 4.45981e-14 0)
(400 4.20112e-14 0)
(400 3.97244e-14 0)
(400 2.76403e-14 0)
(400 1.85341e-14 0)
(400 2.04842e-14 0)
(400 3.29332e-14 0)
(400 3.72045e-14 0)
(400 2.34515e-14 0)
(400 -9.31818e-15 0)
(400 -2.3597e-14 0)
(400 -2.39181e-14 0)
(400 -1.70861e-14 0)
(400 -1.74569e-14 0)
(400 -1.86169e-14 0)
(400 -2.28417e-14 0)
(400 -3.96501e-14 0)
(400 -2.34439e-14 0)
(400 4.90382e-16 0)
(400 -9.60148e-15 0)
(400 -2.69015e-14 0)
(400 -3.47909e-14 0)
(400 -3.1292e-14 0)
(400 -1.53761e-14 0)
(400 -4.85879e-15 0)
(400 7.59694e-15 0)
(400 3.6622e-15 0)
(400 1.98629e-15 0)
(400 1.23775e-15 0)
(400 -1.87232e-14 0)
(400 -7.41196e-15 0)
(400 1.01328e-14 0)
(400 2.99397e-14 0)
(400 5.34364e-14 0)
(400 3.70288e-14 0)
(400 4.26235e-14 0)
(400 4.88163e-14 0)
(400 4.82493e-14 0)
(400 3.36642e-14 0)
(400 2.56935e-14 0)
(400 3.54704e-14 0)
(400 2.94315e-14 0)
(400 4.15942e-14 0)
(400 5.01671e-14 0)
(400 5.83917e-14 0)
(400 7.76381e-14 0)
(400 9.44105e-14 0)
(400 7.45302e-14 0)
(400 4.00612e-14 0)
(400 2.42625e-14 0)
(400 1.77544e-14 0)
(400 2.314e-14 0)
(400 2.07421e-14 0)
(400 2.63973e-14 0)
(400 4.24601e-14 0)
(400 2.76143e-14 0)
(400 1.14201e-14 0)
(400 1.90252e-14 0)
(400 1.12701e-14 0)
(400 1.75528e-14 0)
(400 1.57187e-14 0)
(400 1.95213e-14 0)
(400 1.91858e-14 0)
(400 1.65496e-14 0)
(400 4.0173e-14 0)
(400 6.56993e-14 0)
(400 5.67341e-14 0)
(400 5.20623e-14 0)
(400 5.0632e-14 0)
(400 5.01312e-14 0)
(400 5.5343e-14 0)
(400 5.88551e-14 0)
(400 6.6257e-14 0)
(400 7.28029e-14 0)
(400 7.87841e-14 0)
(400 8.52397e-14 0)
(400 6.37426e-14 0)
(400 5.54613e-14 0)
(400 5.76287e-14 0)
(400 6.05403e-14 0)
(400 5.50691e-14 0)
(400 3.95337e-14 0)
(400 2.94043e-14 0)
(400 1.16115e-14 0)
(400 -8.74827e-16 0)
(400 -3.32938e-14 0)
(400 -3.81886e-14 0)
(400 -1.77159e-14 0)
(400 -2.3531e-14 0)
(400 6.99442e-16 0)
(400 3.28014e-14 0)
(400 6.11841e-14 0)
(400 8.03168e-14 0)
(400 8.00281e-14 0)
(400 9.52438e-14 0)
(400 1.14434e-13 0)
(400 1.17936e-13 0)
(400 8.44893e-14 0)
(400 5.46961e-14 0)
(400 5.06571e-14 0)
(400 4.55232e-14 0)
(400 1.10966e-14 0)
(400 -1.98905e-14 0)
(400 -1.75755e-14 0)
(400 -1.34422e-14 0)
(400 -9.19528e-15 0)
(400 -4.08093e-15 0)
(400 6.73749e-15 0)
(400 -5.25412e-15 0)
(400 4.05933e-15 0)
(400 6.63119e-15 0)
(400 3.12913e-14 0)
(400 4.47262e-14 0)
(400 3.90933e-14 0)
(400 4.55612e-14 0)
(400 5.29523e-14 0)
(400 6.41167e-14 0)
(400 7.15973e-14 0)
(400 5.36547e-14 0)
(400 4.15688e-14 0)
(400 4.30735e-14 0)
(400 5.16722e-14 0)
(400 4.87681e-14 0)
(400 3.58314e-14 0)
(400 1.00373e-14 0)
(400 -1.62771e-14 0)
(400 -2.2223e-14 0)
(400 -1.47195e-14 0)
(400 -2.10583e-14 0)
(400 -1.93926e-14 0)
(400 -4.71766e-15 0)
(400 2.95909e-14 0)
(400 4.37696e-14 0)
(400 4.03051e-14 0)
(400 4.2429e-14 0)
(400 4.69178e-14 0)
(400 4.52171e-14 0)
(400 4.58163e-14 0)
(400 3.33157e-14 0)
(400 4.254e-14 0)
(400 6.36802e-14 0)
(400 7.92988e-14 0)
(400 7.36468e-14 0)
(400 6.31685e-14 0)
(400 6.1414e-14 0)
(400 6.66877e-14 0)
(400 7.05653e-14 0)
(400 6.23857e-14 0)
(400 5.6528e-14 0)
(400 4.89052e-14 0)
(400 5.98488e-14 0)
(400 4.95744e-14 0)
(400 4.33254e-14 0)
(400 3.03797e-14 0)
(400 1.85507e-14 0)
(400 2.06054e-14 0)
(400 2.65432e-14 0)
(400 2.93491e-14 0)
(400 2.06992e-14 0)
(400 2.79682e-14 0)
(400 2.10717e-14 0)
(400 6.57521e-15 0)
(400 -2.05622e-14 0)
(400 -2.28352e-14 0)
(400 -1.68688e-14 0)
(400 -2.9242e-14 0)
(400 -4.07908e-14 0)
(400 -3.40148e-14 0)
(400 -4.58348e-14 0)
(400 -5.29032e-14 0)
(400 -6.28405e-14 0)
(400 -7.97821e-14 0)
(400 -9.73783e-14 0)
(400 -1.00966e-13 0)
(400 -8.94102e-14 0)
(400 -9.13246e-14 0)
(400 -8.70374e-14 0)
(400 -6.3665e-14 0)
(400 -3.32519e-14 0)
(400 -2.16565e-14 0)
(400 -4.08321e-14 0)
(400 -4.25959e-14 0)
(400 -3.06959e-14 0)
(400 -3.41478e-14 0)
(400 -2.18992e-14 0)
(400 -2.64454e-14 0)
(400 -2.89668e-15 0)
(400 2.7566e-14 0)
(400 2.6913e-14 0)
(400 4.6617e-14 0)
(400 8.05174e-15 0)
(400 1.09922e-14 0)
(400 1.43799e-14 0)
(400 1.04906e-14 0)
(400 1.17052e-14 0)
(400 2.15364e-14 0)
(400 3.92371e-14 0)
(400 3.57415e-14 0)
(400 3.79774e-14 0)
(400 4.32421e-14 0)
(400 4.61274e-14 0)
(400 3.90534e-14 0)
(400 3.2677e-14 0)
(400 3.95043e-14 0)
(400 3.31833e-14 0)
(400 3.40272e-14 0)
(400 3.15034e-14 0)
(400 6.91587e-15 0)
(400 -8.85329e-15 0)
(400 -1.60069e-14 0)
(400 -3.71251e-14 0)
(400 -4.30663e-14 0)
(400 -2.74711e-14 0)
(400 -3.42572e-14 0)
(400 -4.12975e-14 0)
(400 -4.28322e-14 0)
(400 -4.50198e-14 0)
(400 -4.22932e-14 0)
(400 -3.51129e-14 0)
(400 -3.5765e-14 0)
(400 -4.05222e-14 0)
(400 -4.42781e-14 0)
(400 -4.18937e-14 0)
(400 -3.08229e-14 0)
(400 -2.36448e-14 0)
(400 -1.60224e-14 0)
(400 -1.28913e-14 0)
(400 -1.42605e-14 0)
(400 -1.28132e-14 0)
(400 -4.60454e-15 0)
(400 1.86136e-14 0)
(400 4.77861e-14 0)
(400 6.58648e-14 0)
(400 5.82545e-14 0)
(400 4.05262e-14 0)
(400 4.22296e-14 0)
(400 5.13197e-14 0)
(400 5.4322e-14 0)
(400 3.50482e-14 0)
(400 2.54276e-14 0)
(400 3.24051e-14 0)
(400 4.38962e-14 0)
(400 4.81793e-14 0)
(400 6.53183e-14 0)
(400 8.01885e-14 0)
(400 8.9612e-14 0)
(400 9.29736e-14 0)
(400 8.20428e-14 0)
(400 7.78955e-14 0)
(400 7.60635e-14 0)
(400 7.46502e-14 0)
(400 6.38636e-14 0)
(400 5.93313e-14 0)
(400 5.56361e-14 0)
(400 7.24523e-14 0)
(400 7.55429e-14 0)
(400 7.85222e-14 0)
(400 7.39677e-14 0)
(400 6.55417e-14 0)
(400 5.75724e-14 0)
(400 2.51907e-14 0)
(400 1.69495e-14 0)
(400 9.21309e-15 0)
(400 1.53837e-14 0)
(400 3.66875e-14 0)
(400 3.87724e-14 0)
(400 3.77554e-14 0)
(400 3.78392e-14 0)
(400 3.19489e-14 0)
(400 3.40067e-14 0)
(400 3.41277e-14 0)
(400 3.21528e-14 0)
(400 3.78048e-14 0)
(400 4.53534e-14 0)
(400 4.71077e-14 0)
(400 3.39711e-14 0)
(400 2.36189e-15 0)
(400 -1.18395e-14 0)
(400 -1.0484e-14 0)
(400 -5.77386e-16 0)
(400 3.71448e-16 0)
(400 -1.63269e-15 0)
(400 -4.15156e-15 0)
(400 -3.2511e-15 0)
(400 -1.42985e-14 0)
(400 -2.43299e-14 0)
(400 -1.87325e-14 0)
(400 -1.34546e-14 0)
(400 -8.27192e-16 0)
(400 -4.5943e-15 0)
(400 -5.56638e-15 0)
(400 -4.93672e-15 0)
(400 1.24197e-14 0)
(400 3.79429e-14 0)
(400 5.25278e-14 0)
(400 4.99717e-14 0)
(400 5.45691e-14 0)
(400 4.71824e-14 0)
(400 4.54149e-14 0)
(400 2.36785e-14 0)
(400 9.70653e-16 0)
(400 4.5557e-15 0)
(400 2.07955e-15 0)
(400 -1.04489e-15 0)
(400 -6.06022e-15 0)
(400 6.47259e-15 0)
(400 1.17698e-14 0)
(400 1.30199e-14 0)
(400 7.39569e-15 0)
(400 1.0441e-14 0)
(400 1.06855e-14 0)
(400 2.12059e-14 0)
(400 1.66291e-14 0)
(400 2.43077e-14 0)
(400 2.98006e-14 0)
(400 3.04199e-14 0)
(400 4.09003e-14 0)
(400 3.78778e-14 0)
(400 3.27967e-14 0)
(400 1.79137e-14 0)
(400 -6.74992e-15 0)
(400 -9.24204e-15 0)
(400 -1.42946e-14 0)
(400 -2.36723e-14 0)
(400 -4.07092e-14 0)
(400 -5.89245e-14 0)
(400 -5.63726e-14 0)
(400 -5.12971e-14 0)
(400 -4.53075e-14 0)
(400 -2.31844e-14 0)
(400 2.58622e-15 0)
(400 3.85956e-14 0)
(400 4.81631e-14 0)
(400 4.15048e-14 0)
(400 2.22496e-14 0)
(400 3.23761e-14 0)
(400 3.58513e-14 0)
(400 3.4712e-14 0)
(400 4.0471e-14 0)
(400 3.04338e-14 0)
(400 1.69487e-14 0)
(400 2.38968e-14 0)
(400 3.3833e-14 0)
(400 3.1782e-14 0)
(400 2.63477e-14 0)
(400 4.12711e-14 0)
(400 4.30042e-14 0)
(400 4.19773e-14 0)
(400 3.40606e-14 0)
(400 2.6436e-14 0)
(400 3.23414e-14 0)
(400 3.94996e-14 0)
(400 4.02647e-14 0)
(400 2.46616e-14 0)
(400 1.18822e-14 0)
(400 1.28098e-14 0)
(400 1.90808e-14 0)
(400 1.95201e-14 0)
(400 1.98463e-14 0)
(400 2.95152e-14 0)
(400 1.75484e-14 0)
(400 1.06305e-14 0)
(400 8.60585e-15 0)
(400 7.00899e-16 0)
(400 -3.08773e-15 0)
(400 -3.73172e-15 0)
(400 -1.77158e-14 0)
(400 -3.62022e-14 0)
(400 -4.45613e-14 0)
(400 -5.12222e-14 0)
(400 -6.68526e-14 0)
(400 -7.30905e-14 0)
(400 -7.54909e-14 0)
(400 -8.01501e-14 0)
(400 -7.90676e-14 0)
(400 -8.17066e-14 0)
(400 -8.28737e-14 0)
(400 -6.30064e-14 0)
(400 -4.27394e-14 0)
(400 -2.7039e-14 0)
(400 -3.06357e-14 0)
(400 -2.5297e-14 0)
(400 -1.87061e-14 0)
(400 -3.05859e-14 0)
(400 -2.55569e-14 0)
(400 -2.7099e-14 0)
(400 -1.77489e-14 0)
(400 7.42834e-15 0)
(400 -1.45992e-14 0)
(400 -1.39325e-14 0)
(400 7.65891e-15 0)
(400 2.18398e-14 0)
(400 2.36852e-14 0)
(400 2.49087e-14 0)
(400 3.1488e-14 0)
(400 3.31956e-14 0)
(400 2.98954e-14 0)
(400 2.86539e-14 0)
(400 2.95087e-14 0)
(400 2.18914e-14 0)
(400 2.15815e-14 0)
(400 1.34604e-14 0)
(400 1.93389e-14 0)
(400 2.89122e-14 0)
(400 3.90912e-14 0)
(400 3.88638e-14 0)
(400 1.97043e-14 0)
(400 -2.428e-14 0)
(400 -3.06449e-14 0)
(400 -7.45468e-15 0)
(400 -1.42797e-14 0)
(400 -2.9254e-14 0)
(400 -3.50167e-14 0)
(400 -5.6733e-14 0)
(400 -5.30338e-14 0)
(400 -4.31615e-14 0)
(400 -2.30722e-14 0)
(400 -2.48857e-14 0)
(400 -3.27739e-14 0)
(400 -3.56463e-14 0)
(400 -4.5588e-14 0)
(400 -5.17188e-14 0)
(400 -5.76786e-14 0)
(400 -5.67807e-14 0)
(400 -4.1759e-14 0)
(400 -3.72163e-14 0)
(400 -3.16698e-14 0)
(400 -2.90006e-14 0)
(400 -2.74141e-14 0)
(400 -3.45194e-15 0)
(400 1.3799e-14 0)
(400 2.74299e-14 0)
(400 3.26222e-14 0)
(400 3.22157e-14 0)
(400 3.54959e-14 0)
(400 3.29803e-14 0)
(400 3.143e-14 0)
(400 2.65287e-14 0)
(400 2.01419e-14 0)
(400 1.80793e-14 0)
(400 2.33485e-14 0)
(400 3.1761e-14 0)
(400 4.333e-14 0)
(400 6.19008e-14 0)
(400 6.96672e-14 0)
(400 6.27909e-14 0)
(400 4.74675e-14 0)
(400 4.54867e-14 0)
(400 6.791e-14 0)
(400 5.84241e-14 0)
(400 5.09331e-14 0)
(400 5.04763e-14 0)
(400 4.55473e-14 0)
(400 2.52124e-14 0)
(400 1.86409e-14 0)
(400 4.61526e-14 0)
(400 7.19522e-14 0)
(400 7.16391e-14 0)
(400 7.10549e-14 0)
(400 6.28052e-14 0)
(400 4.32429e-14 0)
(400 3.23244e-14 0)
(400 2.91143e-14 0)
(400 3.89286e-14 0)
(400 4.08461e-14 0)
(400 4.89266e-14 0)
(400 6.40877e-14 0)
(400 6.09984e-14 0)
(400 5.27282e-14 0)
(400 4.67488e-14 0)
(400 1.60144e-14 0)
(400 1.36209e-14 0)
(400 1.2978e-14 0)
(400 1.10779e-14 0)
(400 5.31198e-16 0)
(400 -2.63576e-14 0)
(400 -3.39005e-14 0)
(400 -4.18974e-14 0)
(400 -5.89452e-14 0)
(400 -5.54317e-14 0)
(400 -2.95278e-14 0)
(400 -3.43791e-16 0)
(400 5.2236e-15 0)
(400 2.55929e-15 0)
(400 4.79411e-16 0)
(400 7.33744e-15 0)
(400 2.36703e-14 0)
(400 1.79733e-14 0)
(400 6.36871e-15 0)
(400 -9.86521e-15 0)
(400 -9.65579e-15 0)
(400 -2.88057e-15 0)
(400 1.72851e-16 0)
(400 -3.21634e-16 0)
(400 -1.9435e-14 0)
(400 -2.48463e-14 0)
(400 -2.20157e-14 0)
(400 -1.23452e-14 0)
(400 -1.42087e-14 0)
(400 -2.23384e-14 0)
(400 -2.34134e-14 0)
(400 -9.43461e-15 0)
(400 -3.69044e-15 0)
(400 -1.30554e-15 0)
(400 1.62403e-15 0)
(400 -7.55811e-15 0)
(400 -1.92308e-15 0)
(400 -3.94409e-15 0)
(400 -2.864e-15 0)
(400 8.42622e-16 0)
(400 1.91586e-14 0)
(400 2.15962e-14 0)
(400 2.52636e-14 0)
(400 4.09304e-14 0)
(400 4.05428e-14 0)
(400 3.92871e-14 0)
(400 2.69111e-14 0)
(400 1.91982e-14 0)
(400 1.74052e-14 0)
(400 4.02526e-15 0)
(400 -1.29164e-14 0)
(400 -3.46459e-14 0)
(400 -5.0363e-14 0)
(400 -5.4471e-14 0)
(400 -4.94133e-14 0)
(400 -4.41496e-14 0)
(400 -4.8955e-14 0)
(400 -5.86002e-14 0)
(400 -5.68546e-14 0)
(400 -2.9292e-14 0)
(400 -3.75403e-16 0)
(400 -5.28794e-15 0)
(400 -1.37834e-14 0)
(400 -4.9505e-15 0)
(400 -2.07109e-14 0)
(400 -3.86833e-14 0)
(400 -2.90254e-14 0)
(400 -1.42526e-14 0)
(400 -3.20365e-15 0)
(400 -2.24941e-14 0)
(400 -3.667e-14 0)
(400 -3.42136e-14 0)
(400 -1.19411e-14 0)
(400 -7.5754e-15 0)
(400 5.52761e-15 0)
(400 1.28707e-14 0)
(400 6.35576e-15 0)
(400 9.30905e-15 0)
(400 2.86529e-15 0)
(400 1.13237e-14 0)
(400 1.43703e-14 0)
(400 1.34198e-14 0)
(400 1.73286e-14 0)
(400 7.80157e-15 0)
(400 9.60684e-15 0)
(400 1.21632e-14 0)
(400 2.22157e-14 0)
(400 3.55735e-14 0)
(400 4.86232e-14 0)
(400 6.9303e-14 0)
(400 8.5793e-14 0)
(400 9.64583e-14 0)
(400 1.12002e-13 0)
(400 9.86814e-14 0)
(400 8.69416e-14 0)
(400 9.47837e-14 0)
(400 8.89904e-14 0)
(400 4.65615e-14 0)
(400 2.75138e-14 0)
(400 1.70369e-16 0)
(400 -1.48017e-14 0)
(400 -2.74199e-14 0)
(400 -2.80269e-14 0)
(400 -1.84972e-14 0)
(400 -2.37439e-14 0)
(400 -2.45929e-14 0)
(400 -1.93132e-14 0)
(400 -2.31776e-14 0)
(400 -3.15917e-14 0)
(400 -3.00144e-14 0)
(400 -1.16483e-14 0)
(400 -1.00936e-14 0)
(400 -1.10952e-14 0)
(400 -1.17415e-14 0)
(400 -1.29301e-14 0)
(400 -1.75856e-15 0)
(400 -4.87528e-16 0)
(400 6.8502e-16 0)
(400 -7.31068e-15 0)
(400 -1.07337e-14 0)
(400 -2.14783e-16 0)
(400 2.24657e-14 0)
(400 3.42431e-14 0)
(400 5.28659e-14 0)
(400 6.00775e-14 0)
(400 5.55279e-14 0)
(400 3.87753e-14 0)
(400 3.16524e-14 0)
(400 2.17464e-14 0)
(400 1.24089e-14 0)
(400 7.77784e-15 0)
(400 9.26535e-15 0)
(400 5.00699e-15 0)
(400 -2.72578e-15 0)
(400 5.09082e-15 0)
(400 4.40093e-15 0)
(400 -6.88787e-16 0)
(400 1.37638e-14 0)
(400 9.57931e-15 0)
(400 1.86829e-15 0)
(400 1.03651e-14 0)
(400 5.45695e-15 0)
(400 -2.02698e-14 0)
(400 -3.70769e-14 0)
(400 -3.35784e-14 0)
(400 -2.93596e-14 0)
(400 -1.38792e-14 0)
(400 -9.66332e-15 0)
(400 -1.86839e-14 0)
(400 -1.22196e-14 0)
(400 1.11067e-14 0)
(400 1.13871e-14 0)
(400 4.41211e-15 0)
(400 -4.85176e-15 0)
(400 7.98584e-15 0)
(400 1.00838e-14 0)
(400 1.45483e-14 0)
(400 1.24777e-14 0)
(400 1.5655e-14 0)
(400 2.9764e-14 0)
(400 4.01873e-14 0)
(400 3.37829e-14 0)
(400 3.37615e-14 0)
(400 4.37666e-14 0)
(400 6.03567e-14 0)
(400 4.87971e-14 0)
(400 4.08277e-14 0)
(400 4.17879e-14 0)
(400 5.58393e-14 0)
(400 6.10491e-14 0)
(400 5.25746e-14 0)
(400 5.11813e-14 0)
(400 6.31668e-14 0)
(400 6.3434e-14 0)
(400 4.89852e-14 0)
(400 3.4544e-14 0)
(400 1.66491e-14 0)
(400 1.28052e-14 0)
(400 2.1678e-14 0)
(400 -1.20996e-15 0)
(400 -3.11518e-14 0)
(400 -4.33738e-14 0)
(400 -4.58702e-14 0)
(400 -3.72912e-14 0)
(400 -3.49467e-14 0)
(400 -2.21486e-14 0)
(400 -2.131e-14 0)
(400 -1.78485e-14 0)
(400 -5.95087e-15 0)
(400 -8.13252e-15 0)
(400 1.29388e-15 0)
(400 -1.72096e-14 0)
(400 -1.22963e-14 0)
(400 -4.18578e-15 0)
(400 1.12923e-14 0)
(400 3.64408e-14 0)
(400 4.67985e-14 0)
(400 3.58424e-14 0)
(400 2.96471e-14 0)
(400 3.40762e-14 0)
(400 1.68174e-14 0)
(400 -4.73143e-15 0)
(400 -1.68312e-14 0)
(400 -1.76724e-14 0)
(400 -3.31619e-14 0)
(400 -4.73227e-14 0)
(400 -4.34052e-14 0)
(400 -4.26758e-14 0)
(400 -5.17354e-14 0)
(400 -4.32456e-14 0)
(400 -2.37719e-14 0)
(400 -2.10103e-15 0)
(400 1.19104e-14 0)
(400 1.1618e-14 0)
(400 2.42707e-14 0)
(400 3.69662e-14 0)
(400 3.44936e-14 0)
(400 2.06771e-14 0)
(400 8.11412e-15 0)
(400 7.59362e-15 0)
(400 1.33516e-14 0)
(400 -7.18475e-16 0)
(400 -2.89631e-14 0)
(400 -4.22194e-14 0)
(400 -4.24527e-14 0)
(400 -3.92761e-14 0)
(400 -3.65414e-14 0)
(400 -3.12941e-14 0)
(400 -3.85467e-14 0)
(400 -2.02315e-14 0)
(400 -5.42813e-15 0)
(400 3.08575e-15 0)
(400 1.59111e-14 0)
(400 2.69342e-14 0)
(400 3.12826e-14 0)
(400 2.6426e-14 0)
(400 2.92313e-14 0)
(400 3.63702e-14 0)
(400 3.62467e-14 0)
(400 4.88197e-14 0)
(400 6.28395e-14 0)
(400 5.53327e-14 0)
(400 6.1049e-14 0)
(400 3.71552e-14 0)
(400 3.02771e-14 0)
(400 3.59011e-14 0)
(400 1.94718e-14 0)
(400 4.41377e-15 0)
(400 3.75523e-15 0)
(400 1.19679e-14 0)
(400 -4.40909e-15 0)
(400 -3.02998e-14 0)
(400 -2.38523e-14 0)
(400 -3.7911e-14 0)
(400 -3.84887e-14 0)
(400 -4.34931e-14 0)
(400 -5.06398e-14 0)
(400 -5.54888e-14 0)
(400 -5.80303e-14 0)
(400 -5.26241e-14 0)
(400 -4.67692e-14 0)
(400 -6.64962e-14 0)
(400 -6.87368e-14 0)
(400 -6.397e-14 0)
(400 -5.08548e-14 0)
(400 -5.61506e-14 0)
(400 -5.49277e-14 0)
(400 -4.16521e-14 0)
(400 -3.74647e-14 0)
(400 -2.71184e-14 0)
(400 -1.00817e-14 0)
(400 -6.35837e-15 0)
(400 -3.68471e-15 0)
(400 -2.24678e-15 0)
(400 9.65763e-15 0)
(400 2.64677e-14 0)
(400 4.25649e-14 0)
(400 4.22441e-14 0)
(400 4.30805e-14 0)
(400 6.16531e-14 0)
(400 5.57653e-14 0)
(400 2.86142e-14 0)
(400 5.13448e-15 0)
(400 4.43584e-16 0)
(400 6.96697e-15 0)
(400 1.59698e-14 0)
(400 1.92604e-14 0)
(400 3.51162e-14 0)
(400 6.09155e-14 0)
(400 6.20755e-14 0)
(400 6.63791e-14 0)
(400 6.64133e-14 0)
(400 6.07465e-14 0)
(400 5.10318e-14 0)
(400 3.68371e-14 0)
(400 1.98039e-14 0)
(400 1.50651e-14 0)
(400 2.84234e-15 0)
(400 -1.57681e-14 0)
(400 -4.43822e-14 0)
(400 -5.83165e-14 0)
(400 -7.56006e-14 0)
(400 -6.54202e-14 0)
(400 -4.37994e-14 0)
(400 -2.16746e-14 0)
(400 -7.41151e-15 0)
(400 2.63719e-15 0)
(400 -3.52435e-15 0)
(400 -1.01981e-14 0)
(400 -2.76208e-14 0)
(400 -2.64841e-14 0)
(400 -3.24173e-14 0)
(400 -5.84927e-14 0)
(400 -7.51685e-14 0)
(400 -7.99155e-14 0)
(400 -7.49518e-14 0)
(400 -6.97498e-14 0)
(400 -6.93814e-14 0)
(400 -5.00559e-14 0)
(400 -3.08239e-14 0)
(400 -2.49192e-14 0)
(400 -1.25125e-14 0)
(400 1.48135e-15 0)
(400 -3.26259e-15 0)
(400 -6.81939e-16 0)
(400 -6.12608e-15 0)
(400 -1.10322e-14 0)
(400 -1.92452e-14 0)
(400 -2.8639e-14 0)
(400 -3.17261e-14 0)
(400 -3.6494e-14 0)
(400 -3.74639e-14 0)
(400 -5.30589e-14 0)
(400 -6.36353e-14 0)
(400 -6.12926e-14 0)
(400 -7.71928e-14 0)
(400 -6.80844e-14 0)
(400 -3.05446e-14 0)
(400 -2.96302e-14 0)
(400 -4.15006e-14 0)
(400 -3.54866e-14 0)
(400 -3.69468e-14 0)
(400 -3.25e-14 0)
(400 -3.55419e-14 0)
(400 -4.30955e-14 0)
(400 -4.75123e-14 0)
(400 -3.70881e-14 0)
(400 -2.1581e-14 0)
(400 -2.48615e-14 0)
(400 -1.2823e-14 0)
(400 1.54623e-14 0)
(400 3.38087e-14 0)
(400 4.00227e-14 0)
(400 4.23301e-14 0)
(400 4.0271e-14 0)
(400 4.70574e-14 0)
(400 5.19261e-14 0)
(400 5.19024e-14 0)
(400 6.26944e-14 0)
(400 6.35246e-14 0)
(400 5.18442e-14 0)
(400 5.60271e-14 0)
(400 7.10561e-14 0)
(400 6.87622e-14 0)
(400 5.68324e-14 0)
(400 4.54197e-14 0)
(400 4.54817e-14 0)
(400 4.92204e-14 0)
(400 6.33666e-14 0)
(400 5.59833e-14 0)
(400 2.89706e-14 0)
(400 4.08801e-14 0)
(400 3.51825e-14 0)
(400 2.18506e-14 0)
(400 2.63664e-14 0)
(400 1.96032e-14 0)
(400 1.58302e-14 0)
(400 8.76725e-15 0)
(400 -1.96083e-15 0)
(400 -3.19565e-15 0)
(400 -1.44445e-14 0)
(400 -1.81953e-14 0)
(400 -3.17001e-14 0)
(400 -3.00854e-14 0)
(400 -1.60816e-14 0)
(400 -1.62337e-14 0)
(400 -3.10757e-14 0)
(400 -4.79634e-14 0)
(400 -4.69336e-14 0)
(400 -4.02961e-14 0)
(400 -4.04949e-14 0)
(400 -4.4751e-14 0)
(400 -3.39278e-14 0)
(400 -2.1499e-14 0)
(400 5.88451e-16 0)
(400 1.29865e-14 0)
(400 1.60847e-14 0)
(400 1.39892e-14 0)
(400 2.00361e-14 0)
(400 2.88376e-14 0)
(400 3.52546e-14 0)
(400 1.00318e-14 0)
(400 -8.3414e-15 0)
(400 -5.99895e-15 0)
(400 -4.24968e-15 0)
(400 -1.73421e-14 0)
(400 -1.97766e-14 0)
(400 -2.91767e-14 0)
(400 -1.06834e-14 0)
(400 2.04311e-15 0)
(400 -6.32096e-15 0)
(400 -2.16974e-14 0)
(400 -8.43722e-15 0)
(400 2.03057e-14 0)
(400 4.51603e-14 0)
(400 6.47322e-14 0)
(400 5.86861e-14 0)
(400 5.55702e-14 0)
(400 6.0711e-14 0)
(400 5.08104e-14 0)
(400 3.31722e-14 0)
(400 4.42496e-15 0)
(400 -2.33794e-14 0)
(400 -2.5556e-14 0)
(400 -8.47297e-15 0)
(400 -1.40687e-14 0)
(400 -1.90055e-14 0)
(400 -3.6987e-14 0)
(400 -2.82995e-14 0)
(400 -7.25155e-15 0)
(400 3.01971e-15 0)
(400 8.88684e-15 0)
(400 3.65499e-14 0)
(400 3.57843e-14 0)
(400 3.26387e-14 0)
(400 4.01234e-14 0)
(400 3.04867e-14 0)
(400 2.93397e-14 0)
(400 2.95235e-14 0)
(400 4.01611e-14 0)
(400 5.42036e-14 0)
(400 6.55299e-14 0)
(400 6.05608e-14 0)
(400 3.33743e-14 0)
(400 2.15397e-14 0)
(400 2.65598e-14 0)
(400 2.52261e-14 0)
(400 -5.63266e-15 0)
(400 -1.21053e-15 0)
(400 9.11277e-15 0)
(400 1.04295e-14 0)
(400 2.72755e-15 0)
(400 1.81531e-14 0)
(400 2.3663e-14 0)
(400 2.54016e-14 0)
(400 9.86052e-15 0)
(400 1.70451e-14 0)
(400 2.45577e-14 0)
(400 2.1524e-14 0)
(400 9.38593e-15 0)
(400 1.58064e-15 0)
(400 -1.23899e-14 0)
(400 -1.61882e-14 0)
(400 -3.19599e-14 0)
(400 -1.86674e-14 0)
(400 -5.54145e-15 0)
(400 -3.44044e-15 0)
(400 1.59912e-17 0)
(400 1.88325e-15 0)
(400 2.85464e-15 0)
(400 2.13489e-14 0)
(400 3.38579e-14 0)
(400 1.81141e-14 0)
(400 1.82262e-14 0)
(400 2.46667e-14 0)
(400 3.08068e-14 0)
(400 5.18593e-14 0)
(400 6.72741e-14 0)
(400 7.20684e-14 0)
(400 8.2853e-14 0)
(400 7.44736e-14 0)
(400 4.99544e-14 0)
(400 5.103e-15 0)
(400 5.2195e-15 0)
(400 1.35961e-14 0)
(400 2.3878e-14 0)
(400 2.70969e-14 0)
(400 3.39344e-14 0)
(400 6.34554e-14 0)
(400 6.53551e-14 0)
(400 6.97396e-14 0)
(400 8.21242e-14 0)
(400 8.08416e-14 0)
(400 7.5089e-14 0)
(400 6.0977e-14 0)
(400 5.51111e-14 0)
(400 5.8224e-14 0)
(400 6.65305e-14 0)
(400 5.38258e-14 0)
(400 3.61695e-14 0)
(400 3.1304e-14 0)
(400 2.31724e-14 0)
(400 3.19762e-14 0)
(400 3.81802e-14 0)
(400 4.71335e-14 0)
(400 6.20093e-14 0)
(400 5.64775e-14 0)
(400 4.79568e-14 0)
(400 4.12056e-14 0)
(400 2.88153e-14 0)
(400 3.61124e-14 0)
(400 2.86051e-14 0)
(400 4.49666e-15 0)
(400 -2.31835e-14 0)
(400 -3.9248e-14 0)
(400 -4.17549e-14 0)
(400 -4.86046e-14 0)
(400 -5.13839e-14 0)
(400 -4.4868e-14 0)
(400 -3.05676e-14 0)
(400 -1.57553e-14 0)
(400 -5.56512e-15 0)
(400 8.33786e-15 0)
(400 -1.03086e-14 0)
(400 -1.11105e-14 0)
(400 -1.94666e-14 0)
(400 -2.16934e-14 0)
(400 -2.89556e-14 0)
(400 -3.24253e-14 0)
(400 -3.73537e-14 0)
(400 -5.03768e-14 0)
(400 -5.79937e-14 0)
(400 -6.64439e-14 0)
(400 -7.98605e-14 0)
(400 -9.73718e-14 0)
(400 -9.4403e-14 0)
(400 -8.07815e-14 0)
(400 -6.2154e-14 0)
(400 -4.74064e-14 0)
(400 -3.89303e-14 0)
(400 -2.63354e-14 0)
(400 -2.60816e-14 0)
(400 -7.20066e-15 0)
(400 1.05101e-15 0)
(400 -2.24511e-14 0)
(400 -3.73216e-14 0)
(400 -2.93353e-14 0)
(400 -7.75582e-15 0)
(400 -5.2572e-16 0)
(400 -1.14303e-15 0)
(400 1.23283e-15 0)
(400 1.77511e-14 0)
(400 3.2428e-14 0)
(400 4.04287e-14 0)
(400 4.66102e-14 0)
(400 4.14436e-14 0)
(400 4.41638e-14 0)
(400 5.69551e-14 0)
(400 6.90962e-14 0)
(400 4.44921e-14 0)
(400 3.3945e-14 0)
(400 4.77315e-14 0)
(400 6.66026e-14 0)
(400 6.73343e-14 0)
(400 3.71637e-14 0)
(400 4.04607e-14 0)
(400 5.20917e-14 0)
(400 5.02895e-14 0)
(400 3.34946e-14 0)
(400 1.3214e-14 0)
(400 -5.13433e-15 0)
(400 -1.19752e-14 0)
(400 -2.19438e-14 0)
(400 -3.53224e-14 0)
(400 -2.67808e-14 0)
(400 -2.77685e-14 0)
(400 -3.33088e-14 0)
(400 -4.89837e-14 0)
(400 -7.05977e-14 0)
(400 -6.17847e-14 0)
(400 -5.31497e-14 0)
(400 -4.75548e-14 0)
(400 -5.71455e-14 0)
(400 -6.32617e-14 0)
(400 -5.86523e-14 0)
(400 -6.00735e-14 0)
(400 -6.60991e-14 0)
(400 -8.11162e-14 0)
(400 -8.686e-14 0)
(400 -7.82293e-14 0)
(400 -6.66023e-14 0)
(400 -4.70789e-14 0)
(400 -3.16509e-14 0)
(400 -1.85837e-14 0)
(400 -1.26817e-14 0)
(400 -1.63632e-14 0)
(400 -1.94474e-14 0)
(400 -1.01767e-14 0)
(400 -2.65206e-16 0)
(400 -3.13563e-14 0)
(400 -2.19023e-14 0)
(400 -3.58391e-15 0)
(400 -1.4521e-14 0)
(400 -4.03854e-14 0)
(400 -4.48226e-14 0)
(400 -3.89525e-14 0)
(400 -3.94816e-14 0)
(400 -4.82912e-14 0)
(400 -5.68409e-14 0)
(400 -7.60813e-14 0)
(400 -8.58349e-14 0)
(400 -8.36906e-14 0)
(400 -8.33443e-14 0)
(400 -7.60742e-14 0)
(400 -6.48383e-14 0)
(400 -5.01134e-14 0)
(400 -4.23582e-14 0)
(400 -4.6963e-14 0)
(400 -6.32598e-14 0)
(400 -7.53993e-14 0)
(400 -8.19847e-14 0)
(400 -7.28335e-14 0)
(400 -6.05863e-14 0)
(400 -6.19445e-14 0)
(400 -4.68185e-14 0)
(400 -4.35404e-14 0)
(400 -4.34722e-14 0)
(400 -4.48391e-14 0)
(400 -3.9447e-14 0)
(400 -2.88245e-14 0)
(400 -2.394e-14 0)
(400 -1.32115e-14 0)
(400 1.74748e-15 0)
(400 2.43105e-15 0)
(400 -1.65148e-15 0)
(400 -4.92819e-15 0)
(400 -5.86288e-15 0)
(400 -5.58375e-16 0)
(400 1.49471e-15 0)
(400 1.78114e-16 0)
(400 1.23289e-14 0)
(400 2.33399e-14 0)
(400 1.58649e-14 0)
(400 1.21091e-14 0)
(400 5.74999e-15 0)
(400 -1.11251e-14 0)
(400 -1.88441e-14 0)
(400 -4.12663e-14 0)
(400 -4.98226e-14 0)
(400 -4.46158e-14 0)
(400 -3.18827e-14 0)
(400 -2.31858e-14 0)
(400 -9.45059e-15 0)
(400 -2.00627e-15 0)
(400 2.4748e-15 0)
(400 1.66201e-14 0)
(400 2.66854e-14 0)
(400 3.14396e-14 0)
(400 2.31686e-14 0)
(400 1.25848e-14 0)
(400 -9.13726e-16 0)
(400 -5.98044e-15 0)
(400 -1.62036e-14 0)
(400 -4.04303e-14 0)
(400 -4.90661e-14 0)
(400 -3.70484e-14 0)
(400 -3.60411e-14 0)
(400 -4.48249e-14 0)
(400 -3.89523e-14 0)
(400 -2.83921e-14 0)
(400 -2.71897e-14 0)
(400 -2.87876e-14 0)
(400 -2.6981e-14 0)
(400 -2.06332e-14 0)
(400 -1.45325e-14 0)
(400 -4.63457e-15 0)
(400 1.31598e-14 0)
(400 2.9501e-14 0)
(400 2.04347e-14 0)
(400 1.66107e-14 0)
(400 1.01009e-14 0)
(400 4.28693e-15 0)
(400 -3.66237e-15 0)
(400 -1.67402e-15 0)
(400 5.86116e-15 0)
(400 -8.10193e-15 0)
(400 -2.27424e-15 0)
(400 5.57138e-15 0)
(400 1.51022e-14 0)
(400 2.98792e-14 0)
(400 3.90238e-14 0)
(400 4.61274e-14 0)
(400 4.34763e-14 0)
(400 4.71542e-14 0)
(400 5.99443e-14 0)
(400 7.20669e-14 0)
(400 6.63891e-14 0)
(400 6.53197e-14 0)
(400 6.06977e-14 0)
(400 5.40434e-14 0)
(400 4.3467e-14 0)
(400 4.65631e-14 0)
(400 2.78182e-14 0)
(400 1.22871e-14 0)
(400 2.7189e-14 0)
(400 2.19634e-14 0)
(400 1.30106e-14 0)
(400 6.48031e-16 0)
(400 -2.18813e-14 0)
(400 -1.94686e-14 0)
(400 -1.79876e-14 0)
(400 -3.88263e-14 0)
(400 -4.76487e-14 0)
(400 -4.60074e-14 0)
(400 -3.97941e-14 0)
(400 -4.36254e-14 0)
(400 -6.10071e-14 0)
(400 -6.41907e-14 0)
(400 -5.30035e-14 0)
(400 -3.67726e-14 0)
(400 9.29934e-15 0)
(400 1.51066e-14 0)
(400 2.1929e-14 0)
(400 2.61899e-14 0)
(400 8.82052e-15 0)
(400 6.84738e-16 0)
(400 -5.26291e-15 0)
(400 -1.73445e-14 0)
(400 -2.96314e-14 0)
(400 -2.64813e-14 0)
(400 -3.22392e-14 0)
(400 -3.83527e-14 0)
(400 -3.50174e-14 0)
(400 -5.21905e-14 0)
(400 -7.65891e-14 0)
(400 -5.32801e-14 0)
(400 -5.71692e-14 0)
(400 -5.71063e-14 0)
(400 -3.76893e-14 0)
(400 -3.26975e-14 0)
(400 -2.08395e-14 0)
(400 -6.63722e-15 0)
(400 -1.55254e-15 0)
(400 8.45342e-15 0)
(400 5.47447e-15 0)
(400 -3.01741e-15 0)
(400 -1.09988e-14 0)
(400 -8.28148e-15 0)
(400 -6.26616e-15 0)
(400 7.74874e-16 0)
(400 3.22901e-15 0)
(400 2.34022e-14 0)
(400 3.42239e-14 0)
(400 3.00568e-14 0)
(400 4.0902e-14 0)
(400 3.975e-14 0)
(400 3.72309e-14 0)
(400 3.54112e-14 0)
(400 1.60608e-14 0)
(400 1.44165e-14 0)
(400 3.77961e-14 0)
(400 3.55419e-14 0)
(400 3.775e-14 0)
(400 3.90622e-14 0)
(400 2.95305e-14 0)
(400 3.25258e-14 0)
(400 3.16798e-14 0)
(400 2.35159e-14 0)
(400 1.07144e-14 0)
(400 4.26942e-15 0)
(400 6.24564e-15 0)
(400 4.21109e-16 0)
(400 -1.16681e-14 0)
(400 -1.78083e-14 0)
(400 -3.1051e-14 0)
(400 -4.01121e-14 0)
(400 -5.0507e-14 0)
(400 -5.7358e-14 0)
(400 -7.45043e-14 0)
(400 -8.31162e-14 0)
(400 -8.47443e-14 0)
(400 -8.26072e-14 0)
(400 -7.2109e-14 0)
(400 -6.71797e-14 0)
(400 -7.328e-14 0)
(400 -7.37064e-14 0)
(400 -7.22728e-14 0)
(400 -7.44213e-14 0)
(400 -7.52978e-14 0)
(400 -7.85232e-14 0)
(400 -7.2125e-14 0)
(400 -6.11016e-14 0)
(400 -4.78919e-14 0)
(400 -3.23503e-14 0)
(400 -4.23203e-14 0)
(400 -4.42279e-14 0)
(400 -4.13341e-14 0)
(400 -3.9561e-14 0)
(400 -4.88865e-14 0)
(400 -6.02849e-14 0)
(400 -4.65954e-14 0)
(400 -2.78974e-14 0)
(400 -2.63016e-14 0)
(400 -3.86568e-14 0)
(400 -3.77584e-14 0)
(400 -2.4725e-14 0)
(400 -1.41165e-14 0)
(400 -1.30852e-16 0)
(400 -8.58904e-15 0)
(400 -1.92951e-14 0)
(400 -2.0785e-14 0)
(400 -1.15036e-14 0)
(400 1.55522e-15 0)
(400 3.71868e-15 0)
(400 -2.67275e-15 0)
(400 -7.46386e-15 0)
(400 -1.22243e-15 0)
(400 -1.72663e-14 0)
(400 -3.90645e-14 0)
(400 -5.71569e-14 0)
(400 -6.56873e-14 0)
(400 -4.8062e-14 0)
(400 -3.57335e-14 0)
(400 -3.31184e-14 0)
(400 -3.4723e-14 0)
(400 -2.42876e-14 0)
(400 -3.25938e-14 0)
(400 -2.67173e-14 0)
(400 -3.03237e-14 0)
(400 -3.0975e-14 0)
(400 -2.07182e-14 0)
(400 -1.21104e-14 0)
(400 -1.7569e-14 0)
(400 -3.14498e-14 0)
(400 -3.03242e-14 0)
(400 -2.67701e-14 0)
(400 -1.81549e-14 0)
(400 -3.49186e-16 0)
(400 1.7313e-14 0)
(400 2.7763e-14 0)
(400 3.36331e-14 0)
(400 2.69453e-14 0)
(400 2.70388e-14 0)
(400 3.35581e-14 0)
(400 3.10433e-14 0)
(400 1.46021e-14 0)
(400 8.49322e-15 0)
(400 8.85816e-15 0)
(400 -1.68636e-15 0)
(400 -9.34671e-16 0)
(400 7.21066e-15 0)
(400 1.79921e-14 0)
(400 2.63319e-14 0)
(400 3.5927e-14 0)
(400 4.05158e-14 0)
(400 4.718e-14 0)
(400 3.78365e-14 0)
(400 3.20057e-14 0)
(400 3.42114e-14 0)
(400 2.8391e-14 0)
(400 9.86796e-15 0)
(400 8.37376e-16 0)
(400 1.56542e-15 0)
(400 -1.27149e-15 0)
(400 -1.50532e-14 0)
(400 -1.65325e-14 0)
(400 -2.28894e-14 0)
(400 -3.46434e-14 0)
(400 -3.58883e-14 0)
(400 -2.89008e-14 0)
(400 -2.07147e-14 0)
(400 -2.5514e-14 0)
(400 -1.94263e-14 0)
(400 -1.37623e-14 0)
(400 -1.10443e-14 0)
(400 2.12357e-15 0)
(400 1.29348e-14 0)
(400 2.1842e-14 0)
(400 1.70315e-14 0)
(400 7.14973e-15 0)
(400 -9.79888e-15 0)
(400 -1.67545e-14 0)
(400 -5.94091e-15 0)
(400 -1.09347e-14 0)
(400 -3.23297e-15 0)
(400 3.33268e-16 0)
(400 6.18726e-15 0)
(400 4.72269e-15 0)
(400 4.63109e-15 0)
(400 6.85069e-15 0)
(400 5.82184e-15 0)
(400 1.09739e-14 0)
(400 2.14054e-14 0)
(400 5.0367e-14 0)
(400 8.3533e-14 0)
(400 8.55365e-14 0)
(400 6.90109e-14 0)
(400 6.53616e-14 0)
(400 7.17508e-14 0)
(400 8.71194e-14 0)
(400 7.82879e-14 0)
(400 6.91047e-14 0)
(400 4.93213e-14 0)
(400 4.08916e-14 0)
(400 4.87584e-14 0)
(400 4.07754e-14 0)
(400 3.76333e-14 0)
(400 2.98696e-14 0)
(400 1.90926e-14 0)
(400 6.77504e-15 0)
(400 -1.49966e-14 0)
(400 -3.93002e-14 0)
(400 -4.47877e-14 0)
(400 -3.0854e-14 0)
(400 -2.30728e-14 0)
(400 -3.20488e-14 0)
(400 -5.58153e-14 0)
(400 -7.85538e-14 0)
(400 -5.57727e-14 0)
(400 -3.85547e-14 0)
(400 -9.74631e-15 0)
(400 -6.03335e-15 0)
(400 -4.98321e-15 0)
(400 7.83046e-15 0)
(400 -4.46471e-15 0)
(400 -1.59111e-14 0)
(400 -3.58612e-14 0)
(400 -3.42527e-14 0)
(400 -4.17833e-14 0)
(400 -5.12244e-14 0)
(400 -5.32447e-14 0)
(400 -5.39761e-14 0)
(400 -5.23147e-14 0)
(400 -5.93722e-14 0)
(400 -5.75919e-14 0)
(400 -6.66181e-14 0)
(400 -7.63607e-14 0)
(400 -7.07091e-14 0)
(400 -4.11768e-14 0)
(400 -1.17515e-14 0)
(400 1.10572e-14 0)
(400 2.76113e-14 0)
(400 2.84284e-14 0)
(400 4.18545e-14 0)
(400 6.19158e-14 0)
(400 6.85285e-14 0)
(400 4.19572e-14 0)
(400 1.83473e-14 0)
(400 2.80022e-14 0)
(400 4.87173e-14 0)
(400 4.14447e-14 0)
(400 3.6187e-14 0)
(400 2.81668e-14 0)
(400 1.65324e-14 0)
(400 1.39458e-14 0)
(400 2.69529e-14 0)
(400 2.77114e-14 0)
(400 6.87959e-15 0)
(400 -1.35557e-14 0)
(400 1.16832e-14 0)
(400 2.73798e-14 0)
(400 2.69677e-14 0)
(400 2.00183e-14 0)
(400 -3.21691e-16 0)
(400 1.18928e-14 0)
(400 8.13585e-15 0)
(400 -9.00141e-15 0)
(400 -2.27763e-14 0)
(400 -3.12892e-14 0)
(400 -3.58823e-14 0)
(400 -1.78871e-14 0)
(400 2.6173e-16 0)
(400 -4.70482e-15 0)
(400 -2.45106e-15 0)
(400 -1.50136e-14 0)
(400 -2.76991e-14 0)
(400 -3.20567e-14 0)
(400 -3.62292e-14 0)
(400 -5.3779e-14 0)
(400 -6.60695e-14 0)
(400 -6.47606e-14 0)
(400 -6.8051e-14 0)
(400 -5.5834e-14 0)
(400 -3.89469e-14 0)
(400 -4.05831e-14 0)
(400 -5.7801e-14 0)
(400 -5.54786e-14 0)
(400 -5.60527e-14 0)
(400 -5.94422e-14 0)
(400 -6.97647e-14 0)
(400 -8.38218e-14 0)
(400 -8.00084e-14 0)
(400 -6.75214e-14 0)
(400 -4.58566e-14 0)
(400 -3.70571e-14 0)
(400 -4.06902e-14 0)
(400 -3.6387e-14 0)
(400 -3.6995e-14 0)
(400 -5.09939e-14 0)
(400 -3.63149e-14 0)
(400 -1.43375e-14 0)
(400 -4.33514e-15 0)
(400 -8.62649e-15 0)
(400 -1.98257e-14 0)
(400 -3.03349e-14 0)
(400 -3.41136e-14 0)
(400 -2.36559e-14 0)
(400 -1.24611e-14 0)
(400 -1.96983e-14 0)
(400 -2.73757e-14 0)
(400 -2.12693e-14 0)
(400 -2.38333e-14 0)
(400 -4.0496e-14 0)
(400 -4.74431e-14 0)
(400 -4.42993e-14 0)
(400 -5.91894e-14 0)
(400 -6.03608e-14 0)
(400 -5.03384e-14 0)
(400 -3.9774e-14 0)
(400 -4.38149e-14 0)
(400 -6.29067e-14 0)
(400 -5.48835e-14 0)
(400 -4.8428e-14 0)
(400 -3.79692e-14 0)
(400 -3.09468e-14 0)
(400 -2.94703e-14 0)
(400 -4.13403e-14 0)
(400 -4.40195e-14 0)
(400 -3.74232e-14 0)
(400 -3.32214e-14 0)
(400 -1.79423e-14 0)
(400 -4.99907e-16 0)
(400 -7.43746e-15 0)
(400 -2.01117e-14 0)
(400 -1.59475e-14 0)
(400 -1.80736e-14 0)
(400 -2.55986e-14 0)
(400 -7.86177e-15 0)
(400 1.73119e-14 0)
(400 3.56524e-14 0)
(400 3.50419e-14 0)
(400 3.21599e-14 0)
(400 2.83571e-14 0)
(400 3.10545e-14 0)
(400 2.95947e-14 0)
(400 3.0557e-14 0)
(400 3.12505e-14 0)
(400 4.15167e-14 0)
(400 2.74097e-14 0)
(400 1.97348e-14 0)
(400 1.90884e-14 0)
(400 2.68837e-14 0)
(400 2.35478e-14 0)
(400 2.41626e-14 0)
(400 2.58593e-14 0)
(400 2.0512e-14 0)
(400 1.08649e-14 0)
(400 1.21676e-14 0)
(400 2.39762e-14 0)
(400 2.27346e-14 0)
(400 1.10161e-14 0)
(400 -7.19664e-15 0)
(400 -1.99129e-14 0)
(400 -3.31722e-14 0)
(400 -4.96418e-14 0)
(400 -7.90362e-14 0)
(400 -8.9925e-14 0)
(400 -8.76845e-14 0)
(400 -9.14401e-14 0)
(400 -9.14164e-14 0)
(400 -7.69393e-14 0)
(400 -5.66763e-14 0)
(400 -4.55161e-14 0)
(400 -3.8018e-14 0)
(400 -2.85017e-14 0)
(400 -1.77946e-14 0)
(400 -1.7566e-14 0)
(400 -5.18802e-15 0)
(400 1.14667e-14 0)
(400 4.11099e-15 0)
(400 -1.15484e-14 0)
(400 -1.97838e-14 0)
(400 -1.78545e-14 0)
(400 -1.58797e-14 0)
(400 -1.04492e-14 0)
(400 5.33927e-15 0)
(400 7.77878e-15 0)
(400 -3.46929e-16 0)
(400 -6.13023e-15 0)
(400 -2.41326e-14 0)
(400 -2.53239e-14 0)
(400 -1.24263e-14 0)
(400 8.70675e-15 0)
(400 3.32958e-14 0)
(400 4.63334e-14 0)
(400 4.08798e-14 0)
(400 4.39707e-14 0)
(400 5.37884e-14 0)
(400 7.25969e-14 0)
(400 8.66178e-14 0)
(400 9.74189e-14 0)
(400 8.41183e-14 0)
(400 8.56272e-14 0)
(400 9.57639e-14 0)
(400 7.47121e-14 0)
(400 6.29485e-14 0)
(400 5.92808e-14 0)
(400 5.67842e-14 0)
(400 4.75979e-14 0)
(400 1.80179e-14 0)
(400 -1.8437e-14 0)
(400 -1.92364e-14 0)
(400 -1.69572e-14 0)
(400 -1.84558e-14 0)
(400 -3.80265e-14 0)
(400 -6.03789e-14 0)
(400 -7.73489e-14 0)
(400 -8.65663e-14 0)
(400 -7.31339e-14 0)
(400 -6.31798e-14 0)
(400 -2.57213e-14 0)
(400 -3.10931e-14 0)
(400 -1.58827e-14 0)
(400 -9.09321e-15 0)
(400 -1.21924e-14 0)
(400 -3.48805e-14 0)
(400 -4.14505e-14 0)
(400 -4.05026e-14 0)
(400 -4.75454e-14 0)
(400 -5.40535e-14 0)
(400 -6.8175e-14 0)
(400 -6.16283e-14 0)
(400 -5.64711e-14 0)
(400 -5.40622e-14 0)
(400 -5.4219e-14 0)
(400 -7.23344e-14 0)
(400 -5.95303e-14 0)
(400 -4.38855e-14 0)
(400 -3.35328e-14 0)
(400 -1.39353e-14 0)
(400 3.54927e-15 0)
(400 6.96552e-15 0)
(400 8.78482e-15 0)
(400 2.45898e-14 0)
(400 3.35581e-14 0)
(400 3.27463e-14 0)
(400 1.79715e-14 0)
(400 6.56184e-15 0)
(400 2.91756e-14 0)
(400 3.19639e-14 0)
(400 2.41759e-14 0)
(400 7.17645e-15 0)
(400 1.02532e-14 0)
(400 1.10818e-14 0)
(400 -1.05183e-14 0)
(400 -1.997e-14 0)
(400 -2.51874e-14 0)
(400 -2.2178e-14 0)
(400 8.86998e-15 0)
(400 3.56603e-14 0)
(400 3.35588e-14 0)
(400 3.03975e-14 0)
(400 1.9608e-14 0)
(400 -3.6549e-15 0)
(400 2.6902e-15 0)
(400 -4.49415e-15 0)
(400 -1.48835e-14 0)
(400 -2.66484e-14 0)
(400 -3.82418e-14 0)
(400 -3.07031e-14 0)
(400 -2.11653e-14 0)
(400 -1.77466e-14 0)
(400 -1.03125e-14 0)
(400 -4.28463e-15 0)
(400 3.87973e-15 0)
(400 1.95971e-15 0)
(400 -4.43222e-16 0)
(400 -6.10559e-15 0)
(400 -6.85065e-15 0)
(400 -2.07663e-14 0)
(400 -2.36496e-14 0)
(400 -2.95071e-14 0)
(400 -2.76668e-14 0)
(400 -1.23985e-14 0)
(400 -4.90455e-15 0)
(400 -1.51619e-14 0)
(400 -2.38484e-14 0)
(400 -2.88134e-14 0)
(400 -3.91848e-14 0)
(400 -3.62523e-14 0)
(400 -3.71598e-14 0)
(400 -2.93931e-14 0)
(400 -2.28346e-14 0)
(400 -2.27733e-14 0)
(400 -1.11314e-14 0)
(400 -2.60354e-14 0)
(400 -2.3179e-14 0)
(400 -1.41805e-14 0)
(400 4.00322e-15 0)
(400 2.23176e-14 0)
(400 2.62785e-14 0)
(400 1.49082e-14 0)
(400 1.49502e-14 0)
(400 1.46569e-14 0)
(400 -1.17097e-14 0)
(400 -1.44417e-14 0)
(400 -1.78089e-16 0)
(400 4.70906e-15 0)
(400 3.98521e-15 0)
(400 -8.52379e-15 0)
(400 -8.70812e-15 0)
(400 -9.89475e-15 0)
(400 -3.08083e-14 0)
(400 -4.97389e-14 0)
(400 -5.75188e-14 0)
(400 -6.80163e-14 0)
(400 -8.76578e-14 0)
(400 -9.46976e-14 0)
(400 -6.65471e-14 0)
(400 -5.12243e-14 0)
(400 -5.11072e-14 0)
(400 -5.60238e-14 0)
(400 -3.91478e-14 0)
(400 -4.38096e-14 0)
(400 -4.9188e-14 0)
(400 -5.21382e-14 0)
(400 -5.18583e-14 0)
(400 -5.92551e-14 0)
(400 -4.26803e-14 0)
(400 -3.91234e-14 0)
(400 -4.46991e-14 0)
(400 -4.72839e-14 0)
(400 -5.37164e-14 0)
(400 -3.84322e-14 0)
(400 -3.87574e-14 0)
(400 -2.95203e-14 0)
(400 -2.71915e-14 0)
(400 -1.71611e-14 0)
(400 -7.95319e-15 0)
(400 -6.1124e-15 0)
(400 -1.58515e-14 0)
(400 -1.8189e-14 0)
(400 -1.56969e-14 0)
(400 -9.08037e-15 0)
(400 -4.4777e-15 0)
(400 -4.38612e-15 0)
(400 1.43433e-17 0)
(400 1.57855e-14 0)
(400 2.27405e-14 0)
(400 1.56006e-14 0)
(400 -1.60333e-15 0)
(400 2.95713e-16 0)
(400 -4.05899e-15 0)
(400 3.34547e-15 0)
(400 -6.49747e-15 0)
(400 -3.79887e-16 0)
(400 8.61573e-15 0)
(400 1.41389e-14 0)
(400 1.27323e-14 0)
(400 9.95801e-15 0)
(400 6.6263e-15 0)
(400 4.333e-15 0)
(400 4.46046e-15 0)
(400 -4.40535e-15 0)
(400 -3.38013e-14 0)
(400 -4.46177e-14 0)
(400 -5.01695e-14 0)
(400 -5.99939e-14 0)
(400 -5.56038e-14 0)
(400 -4.71549e-14 0)
(400 -3.78861e-14 0)
(400 -1.92024e-14 0)
(400 -1.45039e-14 0)
(400 -5.31e-15 0)
(400 -2.63869e-14 0)
(400 -1.82349e-14 0)
(400 -1.01626e-14 0)
(400 1.99897e-15 0)
(400 1.77002e-14 0)
(400 3.72778e-15 0)
(400 -6.40539e-15 0)
(400 1.6514e-15 0)
(400 5.74217e-15 0)
(400 7.66433e-15 0)
(400 1.23577e-14 0)
(400 2.01376e-14 0)
(400 1.14196e-14 0)
(400 -1.0557e-15 0)
(400 -4.38803e-15 0)
(400 -3.14732e-15 0)
(400 -4.70751e-15 0)
(400 -1.97586e-15 0)
(400 3.43506e-15 0)
(400 1.01356e-14 0)
(400 7.55676e-15 0)
(400 7.88368e-15 0)
(400 1.61417e-14 0)
(400 2.55983e-14 0)
(400 3.93754e-14 0)
(400 3.87113e-14 0)
(400 4.83943e-14 0)
(400 4.53897e-14 0)
(400 6.17837e-14 0)
(400 7.39596e-14 0)
(400 7.03529e-14 0)
(400 5.6204e-14 0)
(400 4.43564e-14 0)
(400 4.17303e-14 0)
(400 2.08354e-14 0)
(400 -8.73181e-15 0)
(400 -2.8292e-14 0)
(400 -2.9424e-14 0)
(400 -2.51045e-14 0)
(400 -2.63319e-14 0)
(400 -2.1587e-14 0)
(400 -3.22589e-14 0)
(400 -4.30063e-14 0)
(400 -4.12427e-14 0)
(400 -4.96214e-14 0)
(400 -5.90039e-14 0)
(400 -2.67355e-14 0)
(400 -2.85334e-14 0)
(400 -7.70582e-15 0)
(400 -5.16693e-15 0)
(400 -2.38882e-14 0)
(400 -3.83713e-14 0)
(400 -3.22556e-14 0)
(400 -4.53486e-14 0)
(400 -5.53906e-14 0)
(400 -6.24421e-14 0)
(400 -7.40492e-14 0)
(400 -7.4386e-14 0)
(400 -6.12422e-14 0)
(400 -4.76867e-14 0)
(400 -3.82103e-14 0)
(400 -3.42746e-14 0)
(400 -1.64691e-14 0)
(400 -1.02455e-14 0)
(400 -7.65965e-15 0)
(400 9.45918e-15 0)
(400 8.40375e-15 0)
(400 1.63679e-14 0)
(400 3.35689e-14 0)
(400 3.19558e-14 0)
(400 2.65935e-14 0)
(400 2.43712e-14 0)
(400 3.31942e-14 0)
(400 4.30437e-14 0)
(400 5.58038e-14 0)
(400 4.40055e-14 0)
(400 5.73981e-14 0)
(400 4.33067e-14 0)
(400 2.93641e-14 0)
(400 2.0027e-14 0)
(400 -1.09197e-14 0)
(400 -3.0657e-14 0)
(400 -4.25077e-14 0)
(400 -1.23664e-14 0)
(400 2.65784e-14 0)
(400 1.3301e-14 0)
(400 -6.49186e-15 0)
(400 -8.23706e-15 0)
(400 -2.66775e-14 0)
(400 -3.05862e-14 0)
(400 -3.36984e-14 0)
(400 -3.69048e-14 0)
(400 -3.69702e-14 0)
(400 -3.68392e-14 0)
(400 -3.33002e-14 0)
(400 -1.89738e-14 0)
(400 -3.26218e-14 0)
(400 -4.63454e-14 0)
(400 -3.37933e-14 0)
(400 -3.53057e-14 0)
(400 -8.0244e-15 0)
(400 -1.47599e-15 0)
(400 -1.50047e-14 0)
(400 -1.51989e-14 0)
(400 2.01131e-15 0)
(400 4.88889e-15 0)
(400 -3.87283e-15 0)
(400 -9.99008e-15 0)
(400 -1.02423e-14 0)
(400 -1.70074e-14 0)
(400 -7.97061e-15 0)
(400 -1.61268e-15 0)
(400 -1.00018e-14 0)
(400 -2.6739e-14 0)
(400 -3.83559e-14 0)
(400 -2.50953e-14 0)
(400 -1.45371e-14 0)
(400 -7.42144e-15 0)
(400 4.8767e-15 0)
(400 5.43288e-15 0)
(400 1.05794e-14 0)
(400 6.96597e-15 0)
(400 2.37191e-15 0)
(400 1.26255e-14 0)
(400 2.70131e-14 0)
(400 3.95158e-14 0)
(400 1.56352e-14 0)
(400 1.63662e-15 0)
(400 -2.59146e-15 0)
(400 1.863e-15 0)
(400 1.79932e-15 0)
(400 8.80798e-15 0)
(400 1.64831e-14 0)
(400 1.07749e-14 0)
(400 1.52332e-14 0)
(400 1.57565e-14 0)
(400 -7.18414e-15 0)
(400 -3.77574e-14 0)
(400 -5.37927e-14 0)
(400 -8.21392e-14 0)
(400 -9.04404e-14 0)
(400 -8.06116e-14 0)
(400 -8.5645e-14 0)
(400 -7.49522e-14 0)
(400 -6.39391e-14 0)
(400 -5.77501e-14 0)
(400 -4.79196e-14 0)
(400 -5.34221e-14 0)
(400 -3.59613e-14 0)
(400 -4.37808e-14 0)
(400 -6.77579e-14 0)
(400 -5.94569e-14 0)
(400 -3.5249e-14 0)
(400 -2.12277e-14 0)
(400 -2.21247e-14 0)
(400 -1.56956e-14 0)
(400 -7.57932e-15 0)
(400 -3.05135e-14 0)
(400 -3.29388e-14 0)
(400 -9.81335e-15 0)
(400 2.51178e-15 0)
(400 2.74773e-14 0)
(400 3.59762e-14 0)
(400 1.2374e-14 0)
(400 5.91501e-15 0)
(400 4.5359e-15 0)
(400 1.01424e-14 0)
(400 1.31639e-14 0)
(400 9.63551e-15 0)
(400 2.36466e-14 0)
(400 2.40068e-14 0)
(400 2.31438e-14 0)
(400 2.04157e-14 0)
(400 1.48891e-14 0)
(400 2.53809e-14 0)
(400 2.73271e-14 0)
(400 2.50153e-14 0)
(400 1.59109e-14 0)
(400 3.14206e-15 0)
(400 2.95969e-14 0)
(400 3.364e-14 0)
(400 3.5848e-14 0)
(400 3.5177e-14 0)
(400 3.04958e-14 0)
(400 2.07612e-14 0)
(400 1.66272e-14 0)
(400 1.91731e-14 0)
(400 1.26669e-14 0)
(400 8.67691e-15 0)
(400 1.55086e-14 0)
(400 8.60358e-16 0)
(400 -1.48334e-15 0)
(400 -7.92273e-15 0)
(400 -1.7436e-14 0)
(400 -2.09495e-14 0)
(400 -2.8722e-14 0)
(400 -3.47467e-14 0)
(400 -2.39051e-14 0)
(400 -3.87451e-14 0)
(400 -5.18479e-14 0)
(400 -6.42088e-14 0)
(400 -6.08854e-14 0)
(400 -5.01133e-14 0)
(400 -4.08156e-14 0)
(400 -3.31393e-14 0)
(400 -4.30352e-14 0)
(400 -5.27379e-14 0)
(400 -5.11103e-14 0)
(400 -6.58253e-14 0)
(400 -5.92079e-14 0)
(400 -5.71418e-14 0)
(400 -4.42763e-14 0)
(400 -4.32822e-14 0)
(400 -4.06849e-14 0)
(400 -3.82209e-14 0)
(400 -2.6092e-14 0)
(400 -1.65758e-14 0)
(400 -1.34936e-14 0)
(400 -1.91359e-14 0)
(400 -2.77577e-14 0)
(400 -2.77037e-14 0)
(400 -3.8652e-15 0)
(400 1.90298e-14 0)
(400 3.43399e-14 0)
(400 3.67586e-14 0)
(400 4.72369e-14 0)
(400 6.33724e-14 0)
(400 9.0496e-14 0)
(400 9.61082e-14 0)
(400 7.35639e-14 0)
(400 5.93063e-14 0)
(400 5.7535e-14 0)
(400 5.20523e-14 0)
(400 3.81716e-14 0)
(400 2.4903e-14 0)
(400 4.76362e-15 0)
(400 2.13522e-14 0)
(400 2.49161e-14 0)
(400 3.19985e-14 0)
(400 4.49505e-14 0)
(400 5.83073e-14 0)
(400 7.59597e-14 0)
(400 7.91034e-14 0)
(400 5.88693e-14 0)
(400 3.48389e-14 0)
(400 9.25732e-15 0)
(400 -4.54574e-15 0)
(400 -8.95749e-16 0)
(400 -2.2145e-14 0)
(400 -3.9297e-14 0)
(400 -3.88908e-14 0)
(400 -2.70708e-14 0)
(400 -3.91227e-14 0)
(400 -6.537e-14 0)
(400 -7.60017e-14 0)
(400 -8.85989e-14 0)
(400 -8.13549e-14 0)
(400 -8.05361e-14 0)
(400 -9.02127e-14 0)
(400 -7.60664e-14 0)
(400 -6.48505e-14 0)
(400 -5.53496e-14 0)
(400 -5.01902e-14 0)
(400 -4.83258e-14 0)
(400 -3.6216e-14 0)
(400 -1.37157e-14 0)
(400 -1.96395e-14 0)
(400 -2.27928e-14 0)
(400 -1.09219e-14 0)
(400 -9.63132e-15 0)
(400 -1.78322e-14 0)
(400 -1.41413e-14 0)
(400 2.13397e-14 0)
(400 4.42482e-14 0)
(400 3.74032e-14 0)
(400 2.67795e-14 0)
(400 2.76551e-14 0)
(400 1.62208e-14 0)
(400 2.41033e-15 0)
(400 2.85936e-15 0)
(400 -1.09557e-14 0)
(400 -2.88771e-14 0)
(400 -3.25646e-14 0)
(400 5.68752e-16 0)
(400 1.75897e-14 0)
(400 -5.78619e-15 0)
(400 -3.32038e-14 0)
(400 -4.03547e-14 0)
(400 -5.00083e-14 0)
(400 -4.59847e-14 0)
(400 -6.32665e-14 0)
(400 -7.52596e-14 0)
(400 -8.18823e-14 0)
(400 -7.81402e-14 0)
(400 -7.03009e-14 0)
(400 -6.89149e-14 0)
(400 -8.10121e-14 0)
(400 -1.03041e-13 0)
(400 -9.5827e-14 0)
(400 -8.10096e-14 0)
(400 -7.10754e-14 0)
(400 -7.3611e-14 0)
(400 -7.74094e-14 0)
(400 -6.04646e-14 0)
(400 -3.67017e-14 0)
(400 -2.15414e-14 0)
(400 -1.75439e-14 0)
(400 -2.12823e-14 0)
(400 -1.21153e-14 0)
(400 -7.14087e-15 0)
(400 -9.14296e-15 0)
(400 -1.01368e-14 0)
(400 -2.33155e-14 0)
(400 -2.6568e-14 0)
(400 -3.74565e-14 0)
(400 -4.71809e-14 0)
(400 -3.20607e-14 0)
(400 -1.18017e-14 0)
(400 -9.61986e-16 0)
(400 2.60468e-15 0)
(400 2.63785e-15 0)
(400 1.32465e-14 0)
(400 8.70836e-15 0)
(400 7.97126e-15 0)
(400 2.33682e-15 0)
(400 -9.73809e-15 0)
(400 -1.64565e-14 0)
(400 -1.50766e-14 0)
(400 -1.83906e-14 0)
(400 -3.60976e-14 0)
(400 -1.38585e-14 0)
(400 9.21511e-15 0)
(400 1.23238e-14 0)
(400 1.5347e-14 0)
(400 1.62187e-14 0)
(400 1.53343e-14 0)
(400 9.9905e-15 0)
(400 -9.09841e-15 0)
(400 -3.60131e-14 0)
(400 -5.94037e-14 0)
(400 -6.55829e-14 0)
(400 -5.19091e-14 0)
(400 -4.80452e-14 0)
(400 -3.27747e-14 0)
(400 -5.60734e-14 0)
(400 -6.30859e-14 0)
(400 -5.39859e-14 0)
(400 -5.84166e-14 0)
(400 -7.43477e-14 0)
(400 -8.25626e-14 0)
(400 -8.23106e-14 0)
(400 -9.17984e-14 0)
(400 -6.60456e-14 0)
(400 -5.3604e-14 0)
(400 -6.96742e-14 0)
(400 -7.49959e-14 0)
(400 -7.27499e-14 0)
(400 -7.17295e-14 0)
(400 -7.1287e-14 0)
(400 -7.50961e-14 0)
(400 -6.08665e-14 0)
(400 -4.91669e-14 0)
(400 -5.29317e-14 0)
(400 -7.64551e-14 0)
(400 -1.04412e-13 0)
(400 -9.72732e-14 0)
(400 -8.05948e-14 0)
(400 -6.11003e-14 0)
(400 -5.83984e-14 0)
(400 -6.23534e-14 0)
(400 -6.20966e-14 0)
(400 -5.17739e-14 0)
(400 -4.2733e-14 0)
(400 -6.43333e-14 0)
(400 -7.30967e-14 0)
(400 -6.1546e-14 0)
(400 -5.26808e-14 0)
(400 -5.57958e-14 0)
(400 -5.50471e-14 0)
(400 -5.13899e-14 0)
(400 -3.87267e-14 0)
(400 -3.29173e-14 0)
(400 -3.28222e-14 0)
(400 -3.62335e-14 0)
(400 -3.16649e-14 0)
(400 -2.19829e-14 0)
(400 -1.11529e-14 0)
(400 -6.86695e-15 0)
(400 -2.27346e-14 0)
(400 -3.88161e-14 0)
(400 -2.75203e-14 0)
(400 -1.90371e-14 0)
(400 -1.42161e-14 0)
(400 9.61478e-17 0)
(400 -6.78594e-15 0)
(400 -2.16788e-14 0)
(400 -3.97575e-14 0)
(400 -5.08925e-14 0)
(400 -6.39519e-14 0)
(400 -8.0788e-14 0)
(400 -5.01296e-14 0)
(400 -5.35595e-14 0)
(400 -4.53734e-14 0)
(400 -3.34437e-14 0)
(400 -2.40418e-14 0)
(400 -1.33298e-14 0)
(400 -1.4467e-14 0)
(400 -3.38056e-14 0)
(400 -4.13908e-14 0)
(400 -3.47983e-14 0)
(400 -1.60106e-14 0)
(400 -2.13932e-14 0)
(400 -2.07196e-14 0)
(400 -1.66992e-14 0)
(400 -2.46262e-14 0)
(400 -1.41295e-14 0)
(400 -4.4905e-15 0)
(400 -6.75614e-15 0)
(400 -2.34736e-14 0)
(400 -3.00288e-14 0)
(400 -1.16851e-14 0)
(400 1.53957e-14 0)
(400 3.00387e-14 0)
(400 3.69435e-14 0)
(400 4.61718e-14 0)
(400 7.04598e-14 0)
(400 9.77084e-14 0)
(400 1.28174e-13 0)
(400 1.17371e-13 0)
(400 8.93345e-14 0)
(400 6.98171e-14 0)
(400 6.05242e-14 0)
(400 5.42308e-14 0)
(400 3.69718e-14 0)
(400 1.50728e-14 0)
(400 1.19388e-14 0)
(400 2.12185e-14 0)
(400 2.44445e-14 0)
(400 2.21023e-14 0)
(400 2.35721e-14 0)
(400 2.67889e-14 0)
(400 4.71056e-14 0)
(400 5.48322e-14 0)
(400 2.76224e-14 0)
(400 6.2668e-15 0)
(400 -8.00931e-15 0)
(400 -1.61451e-15 0)
(400 -4.93779e-15 0)
(400 -4.50166e-14 0)
(400 -7.13496e-14 0)
(400 -5.94141e-14 0)
(400 -3.49945e-14 0)
(400 -4.30995e-14 0)
(400 -6.0869e-14 0)
(400 -7.35888e-14 0)
(400 -6.63885e-14 0)
(400 -5.02992e-14 0)
(400 -5.01225e-14 0)
(400 -5.8677e-14 0)
(400 -5.20293e-14 0)
(400 -5.63585e-14 0)
(400 -2.91475e-14 0)
(400 -2.88639e-14 0)
(400 -3.06293e-14 0)
(400 -2.80659e-14 0)
(400 -4.2902e-14 0)
(400 -4.56692e-14 0)
(400 -4.47517e-14 0)
(400 -4.87754e-14 0)
(400 -5.22327e-14 0)
(400 -4.5247e-14 0)
(400 -3.11838e-14 0)
(400 -9.90812e-15 0)
(400 1.74183e-14 0)
(400 2.69525e-14 0)
(400 1.68304e-14 0)
(400 -8.12877e-15 0)
(400 -1.77742e-14 0)
(400 -1.33704e-14 0)
(400 -6.41767e-15 0)
(400 -2.38135e-14 0)
(400 -3.27747e-14 0)
(400 -2.07741e-14 0)
(400 -2.12186e-14 0)
(400 -2.53825e-14 0)
(400 -2.81993e-14 0)
(400 -3.40575e-14 0)
(400 -6.26644e-14 0)
(400 -6.46173e-14 0)
(400 -6.64954e-14 0)
(400 -6.30699e-14 0)
(400 -6.17855e-14 0)
(400 -5.05553e-14 0)
(400 -4.22696e-14 0)
(400 -2.53701e-14 0)
(400 -2.89312e-14 0)
(400 -4.79838e-14 0)
(400 -6.43384e-14 0)
(400 -5.82758e-14 0)
(400 -3.28833e-14 0)
(400 -4.78755e-14 0)
(400 -6.50976e-14 0)
(400 -7.45114e-14 0)
(400 -5.02966e-14 0)
(400 -1.81305e-14 0)
(400 -7.17872e-15 0)
(400 1.49429e-15 0)
(400 3.26028e-15 0)
(400 1.86682e-14 0)
(400 2.89349e-14 0)
(400 5.40485e-15 0)
(400 -1.71542e-15 0)
(400 2.0645e-15 0)
(400 1.06039e-14 0)
(400 1.3359e-14 0)
(400 -1.76705e-14 0)
(400 -1.7901e-14 0)
(400 -9.05458e-16 0)
(400 4.74042e-15 0)
(400 7.82939e-15 0)
(400 -2.18964e-14 0)
(400 -2.04197e-14 0)
(400 -1.82354e-14 0)
(400 -2.76109e-14 0)
(400 -2.63926e-14 0)
(400 -5.70601e-14 0)
(400 -5.67401e-14 0)
(400 -4.28099e-14 0)
(400 -4.4378e-14 0)
(400 -5.21825e-14 0)
(400 -3.66614e-14 0)
(400 -1.19371e-14 0)
(400 1.64121e-14 0)
(400 2.14255e-14 0)
(400 2.20228e-14 0)
(400 4.12279e-14 0)
(400 6.34453e-14 0)
(400 6.01335e-14 0)
(400 4.83604e-14 0)
(400 5.06723e-14 0)
(400 2.66354e-14 0)
(400 3.12824e-14 0)
(400 4.50773e-14 0)
(400 3.80579e-14 0)
(400 2.09085e-14 0)
(400 7.21339e-15 0)
(400 1.24102e-14 0)
(400 1.7377e-14 0)
(400 -9.96077e-15 0)
(400 -1.76658e-14 0)
(400 -2.47498e-15 0)
(400 1.75499e-15 0)
(400 6.59232e-16 0)
(400 -4.19535e-15 0)
(400 -1.0346e-14 0)
(400 -1.70718e-14 0)
(400 -2.17967e-14 0)
(400 -2.57537e-14 0)
(400 -3.40133e-14 0)
(400 -4.69667e-14 0)
(400 -3.69619e-14 0)
(400 -3.45048e-14 0)
(400 -2.64499e-14 0)
(400 -1.80159e-14 0)
(400 -3.45208e-14 0)
(400 -4.81836e-14 0)
(400 -4.77016e-14 0)
(400 -3.10679e-14 0)
(400 -2.07541e-14 0)
(400 -3.75782e-14 0)
(400 -3.4626e-14 0)
(400 -1.61099e-14 0)
(400 -6.48513e-15 0)
(400 -1.18494e-14 0)
(400 -3.44114e-15 0)
(400 -1.66212e-14 0)
(400 -1.92906e-14 0)
(400 -1.26267e-14 0)
(400 -1.30856e-14 0)
(400 -1.80573e-14 0)
(400 -3.26268e-14 0)
(400 -3.06656e-14 0)
(400 -2.37637e-14 0)
(400 -2.69302e-14 0)
(400 -2.00292e-14 0)
(400 -3.80469e-14 0)
(400 -4.06139e-14 0)
(400 -2.70868e-14 0)
(400 -4.36627e-14 0)
(400 -5.63612e-14 0)
(400 -5.96591e-14 0)
(400 -4.31321e-14 0)
(400 -3.28453e-14 0)
(400 -3.77522e-14 0)
(400 -4.40818e-14 0)
(400 -5.79974e-14 0)
(400 -6.95894e-14 0)
(400 -9.01699e-14 0)
(400 -1.01431e-13 0)
(400 -9.86296e-14 0)
(400 -9.2049e-14 0)
(400 -1.00668e-13 0)
(400 -9.49762e-14 0)
(400 -8.42338e-14 0)
(400 -7.27562e-14 0)
(400 -5.5838e-14 0)
(400 -4.99014e-14 0)
(400 -6.53755e-14 0)
(400 -5.96162e-14 0)
(400 -6.10596e-14 0)
(400 -5.04956e-14 0)
(400 -5.738e-14 0)
(400 -5.99902e-14 0)
(400 -5.88953e-14 0)
(400 -6.49848e-14 0)
(400 -6.35838e-14 0)
(400 -5.73479e-14 0)
(400 -5.78757e-14 0)
(400 -5.13278e-14 0)
(400 -4.79764e-14 0)
(400 -5.14365e-14 0)
(400 -4.15445e-14 0)
(400 -4.31303e-14 0)
(400 -4.45405e-14 0)
(400 -2.20648e-14 0)
(400 5.5335e-15 0)
(400 3.81685e-14 0)
(400 5.8184e-14 0)
(400 5.80504e-14 0)
(400 6.81968e-14 0)
(400 6.55583e-14 0)
(400 5.98097e-14 0)
(400 5.45455e-14 0)
(400 4.75734e-14 0)
(400 5.07951e-14 0)
(400 5.90485e-14 0)
(400 6.58502e-14 0)
(400 7.59679e-14 0)
(400 7.77474e-14 0)
(400 8.13839e-14 0)
(400 8.31935e-14 0)
(400 8.44035e-14 0)
(400 9.14985e-14 0)
(400 9.49207e-14 0)
(400 9.01065e-14 0)
(400 8.20248e-14 0)
(400 -4.14348e-15 0)
(400 -2.67185e-14 0)
(400 -3.44378e-14 0)
(400 -2.94238e-14 0)
(400 -2.71082e-14 0)
(400 -1.47419e-14 0)
(400 -3.53324e-15 0)
(400 1.82157e-14 0)
(400 2.41069e-15 0)
(400 3.36491e-16 0)
(400 -7.15562e-15 0)
(400 -5.4557e-15 0)
(400 1.36276e-15 0)
(400 -3.69592e-15 0)
(400 -2.27452e-14 0)
(400 -2.64067e-14 0)
(400 -1.9137e-14 0)
(400 -4.62191e-15 0)
(400 -9.23859e-15 0)
(400 -2.2515e-14 0)
(400 -2.54829e-14 0)
(400 -1.55518e-14 0)
(400 -1.32724e-14 0)
(400 -1.808e-14 0)
(400 -1.96122e-14 0)
(400 -1.2276e-14 0)
(400 -1.12579e-14 0)
(400 3.81018e-15 0)
(400 2.6517e-14 0)
(400 2.10591e-14 0)
(400 6.25355e-15 0)
(400 1.76681e-14 0)
(400 1.04772e-14 0)
(400 -1.34882e-14 0)
(400 -1.88711e-14 0)
(400 -1.3993e-14 0)
(400 4.43375e-15 0)
(400 -4.46032e-15 0)
(400 -1.89329e-14 0)
(400 -2.62196e-14 0)
(400 -4.49722e-14 0)
(400 -7.67067e-14 0)
(400 -8.62922e-14 0)
(400 -8.97899e-14 0)
(400 -7.22895e-14 0)
(400 -5.95016e-14 0)
(400 -4.90433e-14 0)
(400 -4.0412e-14 0)
(400 -3.36547e-14 0)
(400 -3.53532e-14 0)
(400 -3.84389e-14 0)
(400 -3.53744e-14 0)
(400 -3.31217e-14 0)
(400 -2.52736e-14 0)
(400 -3.56773e-14 0)
(400 -3.8661e-14 0)
(400 -4.92856e-14 0)
(400 -4.94401e-14 0)
(400 -4.11528e-14 0)
(400 -7.93855e-15 0)
(400 1.34696e-14 0)
(400 2.13798e-14 0)
(400 2.72231e-14 0)
(400 1.92876e-14 0)
(400 1.95242e-14 0)
(400 3.28406e-14 0)
(400 4.75723e-14 0)
(400 4.16465e-14 0)
(400 3.71682e-14 0)
(400 2.72401e-14 0)
(400 1.44291e-14 0)
(400 8.35921e-15 0)
(400 2.61467e-15 0)
(400 7.77827e-15 0)
(400 -8.15433e-15 0)
(400 -1.71949e-14 0)
(400 -1.27531e-14 0)
(400 -2.00366e-14 0)
(400 -3.44628e-14 0)
(400 -2.44044e-14 0)
(400 -3.13858e-14 0)
(400 -2.78751e-14 0)
(400 -2.26683e-14 0)
(400 -9.12655e-15 0)
(400 -1.32251e-14 0)
(400 -1.40295e-14 0)
(400 -1.02639e-14 0)
(400 -1.59779e-14 0)
(400 -1.17485e-14 0)
(400 5.77809e-15 0)
(400 2.11773e-15 0)
(400 -1.84812e-14 0)
(400 -2.06247e-14 0)
(400 -4.67077e-15 0)
(400 -1.86844e-14 0)
(400 -3.42585e-14 0)
(400 -3.13546e-14 0)
(400 -3.55224e-14 0)
(400 -1.72727e-14 0)
(400 -2.39219e-14 0)
(400 -4.56556e-14 0)
(400 -5.24485e-14 0)
(400 -5.50227e-14 0)
(400 -4.98948e-14 0)
(400 -3.38902e-14 0)
(400 -1.40925e-14 0)
(400 -2.07625e-14 0)
(400 -2.12428e-14 0)
(400 -8.50164e-15 0)
(400 3.3619e-15 0)
(400 2.32093e-15 0)
(400 -2.2027e-14 0)
(400 -3.92799e-14 0)
(400 -3.00864e-14 0)
(400 -1.75612e-14 0)
(400 -2.80745e-14 0)
(400 -4.21312e-14 0)
(400 -4.27125e-14 0)
(400 -2.39654e-14 0)
(400 -4.95362e-14 0)
(400 -7.33082e-14 0)
(400 -9.10092e-14 0)
(400 -1.02953e-13 0)
(400 -9.86539e-14 0)
(400 -9.6492e-14 0)
(400 -9.00223e-14 0)
(400 -8.71628e-14 0)
(400 -6.07674e-14 0)
(400 -3.33122e-14 0)
(400 -3.72362e-14 0)
(400 -3.3245e-14 0)
(400 -2.90958e-14 0)
(400 -2.08121e-14 0)
(400 -1.40765e-14 0)
(400 -1.04218e-14 0)
(400 -3.27448e-15 0)
(400 -2.48887e-15 0)
(400 7.38497e-15 0)
(400 1.95531e-14 0)
(400 8.80829e-15 0)
(400 2.94502e-15 0)
(400 3.1657e-16 0)
(400 -6.06115e-15 0)
(400 2.0005e-15 0)
(400 1.89298e-15 0)
(400 1.21678e-14 0)
(400 1.16622e-14 0)
(400 1.71854e-14 0)
(400 2.08572e-14 0)
(400 1.6833e-14 0)
(400 1.20312e-14 0)
(400 -6.13797e-15 0)
(400 -8.68137e-15 0)
(400 -4.13521e-15 0)
(400 -1.53984e-14 0)
(400 -1.6407e-14 0)
(400 -2.1788e-14 0)
(400 -2.39319e-14 0)
(400 -2.47734e-14 0)
(400 -1.8884e-14 0)
(400 -2.12807e-14 0)
(400 -1.39226e-14 0)
(400 -3.73957e-15 0)
(400 -3.20824e-15 0)
(400 -1.8874e-14 0)
(400 -2.17681e-14 0)
(400 -2.72797e-14 0)
(400 -2.77506e-14 0)
(400 -3.63778e-14 0)
(400 -6.43189e-14 0)
(400 -7.34363e-14 0)
(400 -7.38555e-14 0)
(400 -3.99994e-14 0)
(400 -2.63199e-14 0)
(400 -3.38061e-14 0)
(400 -4.23817e-14 0)
(400 -2.96258e-14 0)
(400 -5.38695e-15 0)
(400 1.62964e-14 0)
(400 4.20282e-14 0)
(400 4.41679e-14 0)
(400 4.45369e-14 0)
(400 3.66002e-14 0)
(400 3.12982e-14 0)
(400 2.57334e-14 0)
(400 2.85762e-14 0)
(400 2.27653e-14 0)
(400 8.07343e-15 0)
(400 2.86071e-14 0)
(400 4.01503e-14 0)
(400 2.71945e-14 0)
(400 2.15966e-14 0)
(400 2.3465e-14 0)
(400 2.96462e-14 0)
(400 1.70218e-14 0)
(400 7.88009e-16 0)
(400 -1.47002e-14 0)
(400 -1.19218e-14 0)
(400 -2.32117e-14 0)
(400 -4.03867e-14 0)
(400 1.99701e-14 0)
(400 4.35196e-16 0)
(400 -1.32855e-14 0)
(400 -3.8663e-15 0)
(400 -2.85393e-15 0)
(400 -1.61174e-14 0)
(400 -1.23806e-14 0)
(400 -7.0791e-15 0)
(400 -9.07478e-15 0)
(400 -7.5999e-15 0)
(400 -7.89267e-15 0)
(400 -3.64577e-15 0)
(400 7.70792e-15 0)
(400 -9.18654e-16 0)
(400 -1.18054e-14 0)
(400 -3.74023e-14 0)
(400 -3.69423e-14 0)
(400 -1.90985e-14 0)
(400 -2.54481e-14 0)
(400 -3.39338e-14 0)
(400 -2.86274e-14 0)
(400 -3.65285e-14 0)
(400 -3.99303e-14 0)
(400 -2.23478e-14 0)
(400 -1.74453e-14 0)
(400 -1.62858e-14 0)
(400 -1.82935e-14 0)
(400 -3.24225e-14 0)
(400 -3.74007e-14 0)
(400 -1.75415e-14 0)
(400 -1.23052e-14 0)
(400 -8.89054e-15 0)
(400 -2.66206e-14 0)
(400 -4.07255e-14 0)
(400 -2.57195e-14 0)
(400 -1.16194e-14 0)
(400 -9.61908e-15 0)
(400 -8.543e-15 0)
(400 -2.05772e-14 0)
(400 -1.89783e-14 0)
(400 -4.08312e-14 0)
(400 -6.07474e-14 0)
(400 -7.94343e-14 0)
(400 -7.9783e-14 0)
(400 -7.53169e-14 0)
(400 -8.37666e-14 0)
(400 -9.44028e-14 0)
(400 -9.84146e-14 0)
(400 -9.19521e-14 0)
(400 -8.33301e-14 0)
(400 -7.59921e-14 0)
(400 -8.01488e-14 0)
(400 -7.83373e-14 0)
(400 -7.98208e-14 0)
(400 -8.72332e-14 0)
(400 -8.95426e-14 0)
(400 -6.89582e-14 0)
(400 -7.10222e-14 0)
(400 -7.99483e-14 0)
(400 -5.59385e-14 0)
(400 -3.40306e-14 0)
(400 -1.61228e-14 0)
(400 -1.52853e-14 0)
(400 -2.20568e-14 0)
(400 -6.73872e-15 0)
(400 1.43655e-14 0)
(400 1.79307e-14 0)
(400 1.43345e-14 0)
(400 -5.74455e-15 0)
(400 -2.21571e-15 0)
(400 -3.24519e-16 0)
(400 -1.02221e-14 0)
(400 -2.11511e-14 0)
(400 -2.81414e-14 0)
(400 -1.90158e-14 0)
(400 -3.17802e-14 0)
(400 -3.52666e-14 0)
(400 -3.15009e-14 0)
(400 -3.63101e-14 0)
(400 -1.53984e-14 0)
(400 -1.34215e-14 0)
(400 -2.16393e-14 0)
(400 -4.90443e-15 0)
(400 5.52849e-15 0)
(400 1.33286e-14 0)
(400 1.85903e-14 0)
(400 1.59888e-14 0)
(400 1.7147e-14 0)
(400 2.42378e-14 0)
(400 3.40471e-14 0)
(400 2.4072e-14 0)
(400 2.80022e-14 0)
(400 4.13206e-14 0)
(400 7.25261e-14 0)
(400 8.1765e-14 0)
(400 6.81531e-14 0)
(400 6.59099e-14 0)
(400 6.28748e-14 0)
(400 7.49908e-14 0)
(400 7.25097e-14 0)
(400 3.66748e-14 0)
(400 1.1477e-14 0)
(400 3.07111e-16 0)
(400 5.33242e-15 0)
(400 9.48753e-15 0)
(400 6.79388e-15 0)
(400 -1.85956e-15 0)
(400 -1.79916e-15 0)
(400 1.62084e-14 0)
(400 2.90231e-14 0)
(400 1.81276e-14 0)
(400 1.4e-14 0)
(400 2.43713e-14 0)
(400 3.23342e-14 0)
(400 2.7908e-14 0)
(400 1.42351e-14 0)
(400 -8.20567e-15 0)
(400 -8.60675e-15 0)
(400 -2.76223e-15 0)
(400 -2.10554e-14 0)
(400 -4.81958e-14 0)
(400 -7.9914e-14 0)
(400 -1.06158e-13 0)
(400 -9.89826e-14 0)
(400 -8.79799e-14 0)
(400 -8.99421e-14 0)
(400 -8.70768e-14 0)
(400 -6.24677e-14 0)
(400 -4.32654e-14 0)
(400 -2.38836e-14 0)
(400 -2.71515e-14 0)
(400 -3.51954e-14 0)
(400 -1.68028e-14 0)
(400 -2.36773e-14 0)
(400 -9.26677e-15 0)
(400 -3.7605e-15 0)
(400 -7.95312e-16 0)
(400 1.67433e-14 0)
(400 2.58517e-14 0)
(400 4.38791e-14 0)
(400 3.95066e-14 0)
(400 2.82362e-14 0)
(400 3.25895e-14 0)
(400 2.50633e-14 0)
(400 2.29412e-14 0)
(400 1.10498e-14 0)
(400 8.59339e-15 0)
(400 2.24507e-14 0)
(400 1.35193e-14 0)
(400 9.49188e-15 0)
(400 -5.36033e-16 0)
(400 -2.22648e-14 0)
(400 -2.04537e-14 0)
(400 -1.86104e-14 0)
(400 -1.28121e-14 0)
(400 -2.68276e-14 0)
(400 -5.67909e-14 0)
(400 -7.28098e-14 0)
(400 -7.81254e-14 0)
(400 -7.95228e-14 0)
(400 -7.71027e-14 0)
(400 -6.10912e-14 0)
(400 -4.82561e-14 0)
(400 -4.95366e-14 0)
(400 -6.60946e-14 0)
(400 -7.05913e-14 0)
(400 -5.91048e-14 0)
(400 -6.70466e-14 0)
(400 -8.41169e-14 0)
(400 -1.02222e-13 0)
(400 -1.2066e-13 0)
(400 -1.21494e-13 0)
(400 -1.17609e-13 0)
(400 -9.91142e-14 0)
(400 -8.66458e-14 0)
(400 -9.57453e-14 0)
(400 -8.46418e-14 0)
(400 -7.31581e-14 0)
(400 -5.98547e-14 0)
(400 -3.4653e-14 0)
(400 -5.58223e-14 0)
(400 -6.33408e-14 0)
(400 -6.36976e-14 0)
(400 -7.1703e-14 0)
(400 -6.70963e-14 0)
(400 -5.71036e-14 0)
(400 -4.57482e-14 0)
(400 -3.0464e-14 0)
(400 -1.38142e-14 0)
(400 2.19705e-14 0)
(400 3.56003e-14 0)
(400 4.57611e-14 0)
(400 5.9094e-14 0)
(400 7.12377e-14 0)
(400 7.6909e-14 0)
(400 7.00861e-14 0)
(400 6.5236e-14 0)
(400 6.84511e-14 0)
(400 7.08775e-14 0)
(400 7.72475e-14 0)
(400 3.60699e-14 0)
(400 3.88698e-14 0)
(400 1.59115e-14 0)
(400 -1.3987e-15 0)
(400 3.68464e-15 0)
(400 -4.77904e-15 0)
(400 3.67627e-16 0)
(400 1.16951e-14 0)
(400 3.57585e-14 0)
(400 4.27849e-14 0)
(400 5.66053e-14 0)
(400 5.58364e-14 0)
(400 5.0986e-14 0)
(400 3.57641e-14 0)
(400 2.72411e-14 0)
(400 1.87524e-14 0)
(400 7.26768e-15 0)
(400 -1.12654e-14 0)
(400 -9.1019e-15 0)
(400 -2.51966e-14 0)
(400 -1.6094e-14 0)
(400 -7.67361e-15 0)
(400 -5.61005e-15 0)
(400 5.98932e-15 0)
(400 2.45052e-14 0)
(400 2.4105e-14 0)
(400 1.40415e-14 0)
(400 -1.11475e-14 0)
(400 -2.77797e-14 0)
(400 -4.2324e-15 0)
(400 6.94003e-16 0)
(400 -2.65218e-14 0)
(400 -3.49147e-14 0)
(400 -1.34345e-14 0)
(400 -2.47964e-15 0)
(400 -4.52066e-15 0)
(400 -1.51558e-14 0)
(400 -3.47434e-14 0)
(400 -4.66319e-14 0)
(400 -3.86174e-14 0)
(400 -3.60166e-14 0)
(400 -2.98737e-14 0)
(400 -4.67069e-14 0)
(400 -4.83371e-14 0)
(400 -4.886e-14 0)
(400 -5.96756e-14 0)
(400 -5.55323e-14 0)
(400 -5.44229e-14 0)
(400 -4.55352e-14 0)
(400 -4.21211e-14 0)
(400 -4.25664e-14 0)
(400 -2.64758e-14 0)
(400 -2.66291e-14 0)
(400 -3.02647e-14 0)
(400 -2.85792e-14 0)
(400 -1.9637e-14 0)
(400 -8.0965e-15 0)
(400 -1.39258e-14 0)
(400 -2.34288e-14 0)
(400 -1.96585e-14 0)
(400 -8.46635e-15 0)
(400 -8.32831e-15 0)
(400 -5.94002e-15 0)
(400 -4.52635e-15 0)
(400 -1.71256e-14 0)
(400 -1.82333e-14 0)
(400 5.55445e-16 0)
(400 1.61627e-14 0)
(400 1.21032e-14 0)
(400 1.82067e-14 0)
(400 4.21207e-14 0)
(400 3.40543e-14 0)
(400 1.96151e-14 0)
(400 1.42203e-14 0)
(400 1.61762e-14 0)
(400 1.50016e-14 0)
(400 3.3724e-15 0)
(400 -8.9215e-15 0)
(400 -3.24091e-15 0)
(400 -1.23531e-14 0)
(400 -2.17618e-14 0)
(400 -3.2134e-14 0)
(400 -2.96674e-14 0)
(400 -3.20313e-14 0)
(400 -2.3433e-14 0)
(400 -2.25765e-14 0)
(400 -2.62469e-14 0)
(400 -2.6634e-14 0)
(400 -3.67787e-14 0)
(400 -4.71465e-14 0)
(400 -5.23044e-14 0)
(400 -4.51287e-14 0)
(400 -4.1689e-14 0)
(400 -3.17306e-14 0)
(400 -1.50358e-14 0)
(400 -1.35434e-15 0)
(400 7.40514e-15 0)
(400 1.51671e-14 0)
(400 1.49505e-14 0)
(400 2.06826e-14 0)
(400 1.6253e-14 0)
(400 -2.85759e-15 0)
(400 -9.54638e-15 0)
(400 -1.79735e-14 0)
(400 -2.77824e-14 0)
(400 -4.06032e-14 0)
(400 -3.53204e-14 0)
(400 -2.54943e-14 0)
(400 -3.06882e-14 0)
(400 -3.51861e-14 0)
(400 -2.9985e-14 0)
(400 -1.14498e-14 0)
(400 2.31674e-17 0)
(400 7.96444e-15 0)
(400 1.03338e-14 0)
(400 8.21036e-15 0)
(400 7.93484e-15 0)
(400 2.98467e-16 0)
(400 -1.60937e-14 0)
(400 -2.46265e-14 0)
(400 -5.18581e-14 0)
(400 -6.55566e-14 0)
(400 -7.82606e-14 0)
(400 -7.96588e-14 0)
(400 -6.17164e-14 0)
(400 -5.02279e-14 0)
(400 -4.72465e-14 0)
(400 -4.08512e-14 0)
(400 -4.75138e-14 0)
(400 -4.60538e-14 0)
(400 -4.91054e-14 0)
(400 -4.70241e-14 0)
(400 -3.7185e-14 0)
(400 -4.14927e-14 0)
(400 -3.66763e-14 0)
(400 -2.8308e-14 0)
(400 -1.09272e-14 0)
(400 6.78037e-15 0)
(400 8.71036e-15 0)
(400 8.99974e-15 0)
(400 5.81116e-15 0)
(400 4.96829e-15 0)
(400 1.2489e-14 0)
(400 5.48423e-15 0)
(400 6.00566e-15 0)
(400 1.99633e-15 0)
(400 1.20216e-14 0)
(400 1.37808e-14 0)
(400 1.03167e-14 0)
(400 5.28229e-15 0)
(400 5.3525e-15 0)
(400 -7.04416e-15 0)
(400 -2.09741e-14 0)
(400 -3.35842e-14 0)
(400 -4.03278e-14 0)
(400 -6.19137e-14 0)
(400 -8.87739e-14 0)
(400 -1.07997e-13 0)
(400 -1.16613e-13 0)
(400 -1.21496e-13 0)
(400 -1.03982e-13 0)
(400 -7.62359e-14 0)
(400 -6.42658e-14 0)
(400 -6.48896e-14 0)
(400 -6.26873e-14 0)
(400 -3.59452e-14 0)
(400 -1.22444e-14 0)
(400 -8.35166e-15 0)
(400 -1.6313e-14 0)
(400 -9.80319e-15 0)
(400 -2.03885e-14 0)
(400 -1.60153e-14 0)
(400 -3.23701e-14 0)
(400 -3.57349e-14 0)
(400 -4.07495e-14 0)
(400 -5.33283e-14 0)
(400 -5.03976e-14 0)
(400 -3.8288e-14 0)
(400 -3.38786e-14 0)
(400 -3.43405e-14 0)
(400 -4.67792e-14 0)
(400 -4.61719e-14 0)
(400 -4.43735e-14 0)
(400 -5.72212e-14 0)
(400 -5.22086e-14 0)
(400 -5.7032e-14 0)
(400 -6.25822e-14 0)
(400 -4.1438e-14 0)
(400 -3.55181e-14 0)
(400 -1.17417e-14 0)
(400 9.24384e-15 0)
(400 2.47911e-14 0)
(400 4.4512e-14 0)
(400 5.09605e-14 0)
(400 5.1785e-14 0)
(400 2.84379e-14 0)
(400 2.73143e-14 0)
(400 3.97823e-14 0)
(400 4.89451e-14 0)
(400 5.49267e-14 0)
)
;

boundaryField
{
    cyclic1
    {
        type            cyclic;
    }
    cyclic2
    {
        type            cyclic;
    }
    frontAndBack
    {
        type            empty;
    }
    outlet
    {
        type            zeroGradient;
    }
    inlet
    {
        type            fixedValue;
        value           uniform (400 0 0);
    }
}


// ************************************************************************* //
