/*--------------------------------*- C++ -*----------------------------------*\
  =========                 |
  \\      /  F ield         | OpenFOAM: The Open Source CFD Toolbox
   \\    /   O peration     | Website:  https://openfoam.org
    \\  /    A nd           | Version:  6
     \\/     M anipulation  |
\*---------------------------------------------------------------------------*/
FoamFile
{
    version     2.0;
    format      ascii;
    class       volVectorField;
    location    "190";
    object      U;
}
// * * * * * * * * * * * * * * * * * * * * * * * * * * * * * * * * * * * * * //

dimensions      [0 1 -1 0 0 0 0];

internalField   nonuniform List<vector> 
4000
(
(400 3.67524e-14 0)
(400 3.54665e-14 0)
(400 2.00368e-14 0)
(400 2.0014e-14 0)
(400 2.73542e-14 0)
(400 3.53527e-14 0)
(400 4.63198e-14 0)
(400 5.8556e-14 0)
(400 6.70505e-14 0)
(400 4.9589e-14 0)
(400 3.88483e-14 0)
(400 4.91891e-14 0)
(400 3.77774e-14 0)
(400 2.55638e-14 0)
(400 2.52081e-14 0)
(400 2.94953e-14 0)
(400 1.76293e-14 0)
(400 1.84761e-15 0)
(400 6.29303e-15 0)
(400 5.60888e-15 0)
(400 6.43959e-15 0)
(400 1.88771e-14 0)
(400 3.0128e-14 0)
(400 4.99251e-14 0)
(400 6.2812e-14 0)
(400 7.96688e-14 0)
(400 8.93238e-14 0)
(400 9.18263e-14 0)
(400 9.111e-14 0)
(400 8.61171e-14 0)
(400 6.48357e-14 0)
(400 4.99003e-14 0)
(400 4.60366e-14 0)
(400 4.20627e-14 0)
(400 2.72974e-14 0)
(400 1.84055e-14 0)
(400 7.79502e-15 0)
(400 -5.82067e-15 0)
(400 -1.10441e-14 0)
(400 -9.86632e-15 0)
(400 6.36343e-15 0)
(400 1.52539e-14 0)
(400 3.36645e-15 0)
(400 -1.17813e-14 0)
(400 -1.29255e-14 0)
(400 -1.08885e-14 0)
(400 -1.50785e-14 0)
(400 -1.62124e-14 0)
(400 -1.9522e-14 0)
(400 -9.73779e-15 0)
(400 7.82041e-15 0)
(400 1.90719e-14 0)
(400 1.72268e-14 0)
(400 2.10482e-15 0)
(400 -1.89567e-14 0)
(400 -6.77087e-15 0)
(400 7.92901e-15 0)
(400 -3.8013e-15 0)
(400 -4.61527e-15 0)
(400 5.36628e-15 0)
(400 1.45238e-14 0)
(400 1.1532e-14 0)
(400 2.50475e-14 0)
(400 4.29589e-14 0)
(400 3.64701e-14 0)
(400 2.32069e-14 0)
(400 1.36902e-14 0)
(400 6.49258e-15 0)
(400 6.50161e-15 0)
(400 1.70882e-14 0)
(400 3.17633e-14 0)
(400 3.99827e-14 0)
(400 3.10607e-14 0)
(400 2.31384e-14 0)
(400 1.11041e-14 0)
(400 6.67529e-15 0)
(400 8.33789e-16 0)
(400 3.42893e-15 0)
(400 -1.36624e-14 0)
(400 -1.92714e-14 0)
(400 -6.44698e-15 0)
(400 1.43266e-14 0)
(400 3.00788e-14 0)
(400 3.95312e-14 0)
(400 3.50326e-14 0)
(400 2.95454e-14 0)
(400 3.40282e-14 0)
(400 2.67455e-14 0)
(400 1.66858e-14 0)
(400 1.41745e-14 0)
(400 1.87907e-14 0)
(400 2.74863e-14 0)
(400 4.66282e-14 0)
(400 5.40308e-14 0)
(400 6.27644e-14 0)
(400 5.54194e-14 0)
(400 4.97059e-14 0)
(400 5.26766e-14 0)
(400 3.87331e-14 0)
(400 2.4911e-14 0)
(400 2.06163e-14 0)
(400 1.20954e-14 0)
(400 7.781e-15 0)
(400 -1.15236e-15 0)
(400 -1.84762e-15 0)
(400 -1.05412e-14 0)
(400 -2.14209e-14 0)
(400 -3.01536e-14 0)
(400 -4.11397e-14 0)
(400 -4.48596e-14 0)
(400 -5.28315e-14 0)
(400 -5.63979e-14 0)
(400 -8.14909e-14 0)
(400 -8.5274e-14 0)
(400 -8.31269e-14 0)
(400 -7.11059e-14 0)
(400 -6.72574e-14 0)
(400 -6.97986e-14 0)
(400 -7.28278e-14 0)
(400 -6.0063e-14 0)
(400 -4.24294e-14 0)
(400 -3.08808e-14 0)
(400 -8.54072e-15 0)
(400 -6.30857e-15 0)
(400 -1.00071e-14 0)
(400 -1.27291e-14 0)
(400 -1.24391e-14 0)
(400 -6.24883e-15 0)
(400 -1.01461e-14 0)
(400 -1.05372e-14 0)
(400 -7.30012e-15 0)
(400 1.5324e-15 0)
(400 9.85073e-15 0)
(400 3.48109e-14 0)
(400 4.98333e-14 0)
(400 4.72399e-14 0)
(400 5.0267e-14 0)
(400 4.90994e-14 0)
(400 3.12992e-14 0)
(400 8.05979e-17 0)
(400 -7.33102e-15 0)
(400 -2.37862e-14 0)
(400 -3.30834e-14 0)
(400 -4.40103e-14 0)
(400 -5.35809e-14 0)
(400 -3.36124e-14 0)
(400 -2.58355e-14 0)
(400 -1.40346e-14 0)
(400 -4.94231e-16 0)
(400 -6.67679e-15 0)
(400 -2.29138e-14 0)
(400 -3.80957e-14 0)
(400 -4.66339e-14 0)
(400 -4.80831e-14 0)
(400 -4.8881e-14 0)
(400 -5.10852e-14 0)
(400 -5.39514e-14 0)
(400 -4.73904e-14 0)
(400 -5.74161e-14 0)
(400 -5.90673e-14 0)
(400 -5.43199e-14 0)
(400 -3.9166e-14 0)
(400 -2.17871e-14 0)
(400 -1.32097e-14 0)
(400 -2.52822e-15 0)
(400 2.4344e-14 0)
(400 5.96226e-14 0)
(400 6.80641e-14 0)
(400 6.36332e-14 0)
(400 6.31241e-14 0)
(400 5.30774e-14 0)
(400 5.26731e-14 0)
(400 5.71336e-14 0)
(400 5.42041e-14 0)
(400 3.94182e-14 0)
(400 3.84159e-14 0)
(400 4.80679e-14 0)
(400 5.98421e-14 0)
(400 5.50598e-14 0)
(400 2.87405e-14 0)
(400 1.65235e-14 0)
(400 1.79548e-14 0)
(400 1.82728e-14 0)
(400 1.10591e-14 0)
(400 1.16536e-14 0)
(400 3.13188e-14 0)
(400 4.80767e-14 0)
(400 4.9634e-14 0)
(400 5.53581e-14 0)
(400 4.62245e-14 0)
(400 3.9447e-14 0)
(400 2.42326e-14 0)
(400 6.06038e-16 0)
(400 -1.22986e-14 0)
(400 -1.94842e-14 0)
(400 -2.45589e-14 0)
(400 -3.47608e-14 0)
(400 -4.74661e-14 0)
(400 -5.97318e-14 0)
(400 -7.06806e-14 0)
(400 -3.69777e-15 0)
(400 -3.64551e-15 0)
(400 -1.74177e-15 0)
(400 4.60439e-15 0)
(400 2.12421e-14 0)
(400 3.67921e-14 0)
(400 5.08018e-14 0)
(400 6.87363e-14 0)
(400 6.59976e-14 0)
(400 5.13438e-14 0)
(400 3.30935e-14 0)
(400 2.41623e-14 0)
(400 1.67561e-14 0)
(400 5.81192e-15 0)
(400 4.4022e-15 0)
(400 3.1512e-15 0)
(400 2.29103e-14 0)
(400 3.91233e-14 0)
(400 4.24819e-14 0)
(400 5.58908e-14 0)
(400 6.3788e-14 0)
(400 6.11918e-14 0)
(400 4.624e-14 0)
(400 4.08201e-14 0)
(400 3.21392e-14 0)
(400 1.18744e-14 0)
(400 4.64683e-15 0)
(400 4.60545e-15 0)
(400 9.24577e-15 0)
(400 1.88327e-14 0)
(400 3.95151e-14 0)
(400 4.59946e-14 0)
(400 3.53063e-14 0)
(400 2.30655e-14 0)
(400 1.07244e-14 0)
(400 4.52702e-15 0)
(400 2.38935e-15 0)
(400 -4.65317e-15 0)
(400 -1.3726e-14 0)
(400 -5.44624e-15 0)
(400 2.32115e-15 0)
(400 9.17467e-15 0)
(400 1.29653e-14 0)
(400 1.43912e-14 0)
(400 1.84948e-15 0)
(400 -1.85968e-15 0)
(400 4.72496e-16 0)
(400 7.19629e-15 0)
(400 -3.35424e-16 0)
(400 -3.64927e-16 0)
(400 1.42082e-14 0)
(400 2.95294e-14 0)
(400 2.33095e-14 0)
(400 -1.17645e-15 0)
(400 -2.87263e-14 0)
(400 -3.25149e-14 0)
(400 -2.53645e-14 0)
(400 -3.30247e-14 0)
(400 -3.69958e-14 0)
(400 -2.9166e-14 0)
(400 -2.28455e-14 0)
(400 -2.33273e-14 0)
(400 -2.54215e-14 0)
(400 -2.60464e-14 0)
(400 -2.69137e-14 0)
(400 -2.04462e-14 0)
(400 -2.80311e-14 0)
(400 -3.62957e-14 0)
(400 -2.15747e-14 0)
(400 -1.41314e-14 0)
(400 -4.74904e-15 0)
(400 1.92763e-15 0)
(400 2.47687e-15 0)
(400 3.25625e-15 0)
(400 1.06811e-14 0)
(400 2.52979e-14 0)
(400 2.9952e-14 0)
(400 3.07902e-14 0)
(400 3.37547e-14 0)
(400 1.89659e-14 0)
(400 1.7871e-14 0)
(400 3.25063e-14 0)
(400 3.45817e-14 0)
(400 5.30586e-14 0)
(400 6.94596e-14 0)
(400 6.65749e-14 0)
(400 6.17899e-14 0)
(400 4.87016e-14 0)
(400 2.1722e-14 0)
(400 5.51871e-15 0)
(400 -9.17276e-17 0)
(400 2.10985e-14 0)
(400 3.87149e-14 0)
(400 3.19194e-14 0)
(400 4.67693e-14 0)
(400 4.26761e-14 0)
(400 4.19355e-14 0)
(400 2.12034e-14 0)
(400 1.18874e-14 0)
(400 2.26521e-14 0)
(400 2.93876e-14 0)
(400 4.16187e-14 0)
(400 3.98973e-14 0)
(400 4.17555e-14 0)
(400 4.94642e-14 0)
(400 4.84268e-14 0)
(400 4.6935e-14 0)
(400 4.22278e-14 0)
(400 4.27156e-14 0)
(400 4.6006e-14 0)
(400 1.55537e-14 0)
(400 1.09069e-14 0)
(400 1.40123e-14 0)
(400 3.41679e-15 0)
(400 4.5643e-15 0)
(400 9.37016e-15 0)
(400 1.88251e-14 0)
(400 2.78691e-14 0)
(400 4.38722e-14 0)
(400 4.86692e-14 0)
(400 3.68351e-14 0)
(400 4.00709e-14 0)
(400 4.5787e-14 0)
(400 5.02134e-14 0)
(400 5.09989e-14 0)
(400 5.28412e-14 0)
(400 5.38438e-14 0)
(400 4.41205e-14 0)
(400 4.86373e-14 0)
(400 5.72685e-14 0)
(400 4.84397e-14 0)
(400 4.47185e-14 0)
(400 5.27198e-14 0)
(400 4.82488e-14 0)
(400 5.89039e-14 0)
(400 5.98398e-14 0)
(400 6.41048e-14 0)
(400 4.89395e-14 0)
(400 2.55345e-14 0)
(400 -5.52969e-15 0)
(400 -1.31853e-14 0)
(400 -3.7682e-14 0)
(400 -6.58393e-14 0)
(400 -7.60947e-14 0)
(400 -7.81574e-14 0)
(400 -9.80725e-14 0)
(400 -1.19064e-13 0)
(400 -1.1028e-13 0)
(400 -7.37862e-14 0)
(400 -6.45294e-14 0)
(400 -8.00425e-14 0)
(400 -8.97759e-14 0)
(400 -8.42746e-14 0)
(400 -6.53673e-14 0)
(400 -6.22899e-14 0)
(400 -5.23721e-14 0)
(400 -6.04484e-14 0)
(400 -5.42919e-14 0)
(400 -5.04105e-14 0)
(400 -5.59458e-14 0)
(400 -6.2113e-14 0)
(400 -4.17639e-14 0)
(400 3.7342e-15 0)
(400 2.12053e-14 0)
(400 4.60451e-14 0)
(400 8.05197e-14 0)
(400 1.0706e-13 0)
(400 1.22214e-13 0)
(400 1.07532e-13 0)
(400 8.93269e-14 0)
(400 7.89574e-14 0)
(400 7.94861e-14 0)
(400 7.21808e-14 0)
(400 6.2751e-14 0)
(400 6.08758e-14 0)
(400 6.7011e-14 0)
(400 6.43372e-14 0)
(400 7.52925e-14 0)
(400 6.79253e-14 0)
(400 6.94932e-14 0)
(400 8.56797e-14 0)
(400 7.93703e-14 0)
(400 5.06493e-14 0)
(400 3.22274e-14 0)
(400 2.07952e-14 0)
(400 3.86672e-14 0)
(400 5.18123e-14 0)
(400 6.95644e-14 0)
(400 6.60071e-14 0)
(400 5.15048e-14 0)
(400 5.69791e-14 0)
(400 5.19209e-14 0)
(400 4.04687e-14 0)
(400 3.74313e-14 0)
(400 3.77488e-14 0)
(400 3.90469e-14 0)
(400 4.2513e-14 0)
(400 2.88268e-14 0)
(400 7.96375e-15 0)
(400 -1.07735e-14 0)
(400 -2.79624e-14 0)
(400 -4.22365e-14 0)
(400 -3.36659e-14 0)
(400 -2.22228e-14 0)
(400 -1.75412e-14 0)
(400 -1.1061e-14 0)
(400 -6.91744e-15 0)
(400 -4.83176e-15 0)
(400 2.08914e-15 0)
(400 7.07483e-15 0)
(400 -3.84985e-15 0)
(400 -1.39347e-14 0)
(400 -1.50104e-14 0)
(400 -7.21839e-15 0)
(400 1.02578e-14 0)
(400 2.72108e-14 0)
(400 5.08592e-14 0)
(400 7.52101e-14 0)
(400 8.03061e-14 0)
(400 6.83608e-14 0)
(400 6.43721e-14 0)
(400 5.27573e-14 0)
(400 3.58913e-14 0)
(400 1.80373e-14 0)
(400 2.1839e-14 0)
(400 1.42916e-14 0)
(400 7.27002e-15 0)
(400 1.2192e-14 0)
(400 3.51227e-14 0)
(400 4.23341e-14 0)
(400 6.94399e-14 0)
(400 6.27834e-14 0)
(400 5.48913e-14 0)
(400 7.02619e-14 0)
(400 6.00782e-14 0)
(400 5.28534e-14 0)
(400 4.82058e-14 0)
(400 4.65234e-14 0)
(400 4.59564e-14 0)
(400 3.45144e-14 0)
(400 1.40053e-14 0)
(400 1.29805e-14 0)
(400 2.43463e-15 0)
(400 -9.60647e-16 0)
(400 -1.93185e-14 0)
(400 -2.11026e-14 0)
(400 -2.15197e-14 0)
(400 -1.51539e-14 0)
(400 -8.23846e-15 0)
(400 -2.54352e-14 0)
(400 -1.87425e-14 0)
(400 7.63313e-15 0)
(400 1.88136e-14 0)
(400 1.53859e-14 0)
(400 3.04415e-14 0)
(400 4.78213e-14 0)
(400 5.00558e-14 0)
(400 5.66549e-14 0)
(400 3.91319e-14 0)
(400 3.26406e-14 0)
(400 3.47771e-14 0)
(400 4.19156e-14 0)
(400 4.73713e-14 0)
(400 4.9749e-14 0)
(400 4.39167e-14 0)
(400 3.11022e-14 0)
(400 2.9094e-14 0)
(400 3.25114e-14 0)
(400 3.36081e-14 0)
(400 2.22877e-14 0)
(400 1.16845e-14 0)
(400 3.49317e-15 0)
(400 -1.1355e-16 0)
(400 1.03955e-14 0)
(400 2.50785e-14 0)
(400 3.77292e-14 0)
(400 4.61283e-14 0)
(400 4.21084e-14 0)
(400 4.30111e-14 0)
(400 2.59356e-14 0)
(400 -1.79896e-15 0)
(400 -7.34332e-15 0)
(400 -9.27338e-15 0)
(400 5.00694e-15 0)
(400 9.78181e-15 0)
(400 8.92135e-15 0)
(400 9.51083e-15 0)
(400 3.75882e-15 0)
(400 -1.16235e-14 0)
(400 -2.70904e-14 0)
(400 -2.96356e-14 0)
(400 -1.75911e-14 0)
(400 -8.68647e-15 0)
(400 4.48376e-16 0)
(400 4.86964e-16 0)
(400 -1.29221e-15 0)
(400 4.85377e-15 0)
(400 -5.12844e-15 0)
(400 -1.61232e-15 0)
(400 -8.58494e-16 0)
(400 -4.30921e-16 0)
(400 6.09587e-15 0)
(400 1.05892e-14 0)
(400 1.54671e-14 0)
(400 3.04316e-14 0)
(400 3.57779e-14 0)
(400 2.63595e-14 0)
(400 1.79541e-15 0)
(400 -7.45337e-15 0)
(400 -1.45668e-14 0)
(400 -1.81918e-14 0)
(400 -3.07918e-14 0)
(400 -2.10921e-14 0)
(400 -2.30717e-14 0)
(400 -2.47477e-14 0)
(400 -2.74888e-14 0)
(400 -2.62977e-14 0)
(400 -2.07681e-14 0)
(400 -4.75962e-15 0)
(400 -1.59257e-14 0)
(400 -2.9507e-14 0)
(400 -3.89172e-14 0)
(400 -3.37319e-14 0)
(400 -2.36343e-14 0)
(400 -1.83447e-14 0)
(400 -2.38886e-14 0)
(400 -3.00669e-14 0)
(400 -3.63998e-14 0)
(400 -1.88845e-14 0)
(400 1.28467e-15 0)
(400 1.78849e-14 0)
(400 2.80313e-14 0)
(400 3.78811e-14 0)
(400 3.35214e-14 0)
(400 4.45822e-14 0)
(400 7.87297e-14 0)
(400 1.02189e-13 0)
(400 9.99514e-14 0)
(400 9.4797e-14 0)
(400 9.40168e-14 0)
(400 6.90283e-14 0)
(400 4.74621e-14 0)
(400 2.4142e-14 0)
(400 6.68447e-16 0)
(400 8.89215e-16 0)
(400 -1.9662e-14 0)
(400 -3.77252e-14 0)
(400 -3.22093e-14 0)
(400 -1.86267e-14 0)
(400 -1.40963e-14 0)
(400 -1.39456e-14 0)
(400 -2.00863e-14 0)
(400 -3.16303e-14 0)
(400 -3.49103e-14 0)
(400 -3.33296e-14 0)
(400 -2.21179e-14 0)
(400 -2.37996e-14 0)
(400 -3.88399e-14 0)
(400 -4.20366e-14 0)
(400 -4.20569e-14 0)
(400 -3.37149e-14 0)
(400 -1.04399e-14 0)
(400 3.09383e-14 0)
(400 4.90881e-14 0)
(400 7.28925e-14 0)
(400 8.42693e-14 0)
(400 8.51092e-14 0)
(400 1.01134e-13 0)
(400 8.97366e-14 0)
(400 7.50744e-14 0)
(400 6.0429e-14 0)
(400 3.99625e-14 0)
(400 1.49122e-14 0)
(400 1.82877e-14 0)
(400 3.08748e-14 0)
(400 3.64153e-14 0)
(400 2.09441e-14 0)
(400 8.27102e-15 0)
(400 9.98581e-15 0)
(400 4.11527e-14 0)
(400 5.32149e-14 0)
(400 4.38603e-14 0)
(400 3.01316e-14 0)
(400 2.3257e-14 0)
(400 2.30953e-14 0)
(400 1.8843e-14 0)
(400 1.66738e-14 0)
(400 3.04153e-14 0)
(400 3.11179e-14 0)
(400 3.4769e-14 0)
(400 2.98748e-14 0)
(400 1.7799e-14 0)
(400 1.65135e-14 0)
(400 2.1956e-14 0)
(400 3.83285e-14 0)
(400 3.95581e-14 0)
(400 4.13773e-14 0)
(400 4.24575e-14 0)
(400 2.48804e-14 0)
(400 7.23441e-15 0)
(400 -1.28783e-14 0)
(400 -2.66067e-14 0)
(400 -1.81046e-14 0)
(400 -5.87499e-15 0)
(400 -9.47366e-15 0)
(400 -2.65322e-14 0)
(400 -3.32595e-14 0)
(400 -3.50559e-14 0)
(400 -3.07728e-14 0)
(400 -2.58669e-14 0)
(400 -3.22168e-14 0)
(400 -3.8419e-14 0)
(400 -4.62416e-14 0)
(400 -2.63021e-14 0)
(400 1.26985e-14 0)
(400 2.48331e-14 0)
(400 3.27931e-14 0)
(400 5.66521e-14 0)
(400 6.65861e-14 0)
(400 5.1691e-14 0)
(400 4.50866e-14 0)
(400 3.71285e-14 0)
(400 2.36619e-14 0)
(400 3.55835e-15 0)
(400 1.67331e-16 0)
(400 7.40427e-15 0)
(400 2.48233e-15 0)
(400 6.37368e-15 0)
(400 2.12523e-14 0)
(400 3.56953e-14 0)
(400 5.62017e-14 0)
(400 5.6626e-14 0)
(400 5.30466e-14 0)
(400 5.61378e-14 0)
(400 4.64455e-14 0)
(400 4.3645e-14 0)
(400 3.25472e-14 0)
(400 1.90276e-14 0)
(400 2.58861e-14 0)
(400 1.4894e-15 0)
(400 -1.85283e-14 0)
(400 -1.94037e-14 0)
(400 -1.59559e-14 0)
(400 -8.15898e-15 0)
(400 -2.25319e-14 0)
(400 -3.72933e-14 0)
(400 -3.43466e-14 0)
(400 -3.14697e-14 0)
(400 -3.60508e-14 0)
(400 -4.3022e-14 0)
(400 -2.20668e-14 0)
(400 -1.28555e-14 0)
(400 3.23721e-15 0)
(400 1.51069e-14 0)
(400 2.13719e-14 0)
(400 2.19287e-14 0)
(400 2.65231e-14 0)
(400 3.51082e-14 0)
(400 3.14296e-14 0)
(400 2.35247e-14 0)
(400 2.57811e-14 0)
(400 1.99579e-14 0)
(400 2.51557e-14 0)
(400 3.46522e-14 0)
(400 2.75814e-14 0)
(400 5.17125e-15 0)
(400 -2.39748e-14 0)
(400 -2.83493e-14 0)
(400 -3.14179e-14 0)
(400 -3.24163e-14 0)
(400 -3.86953e-14 0)
(400 -4.9083e-14 0)
(400 -4.96069e-14 0)
(400 -4.7681e-14 0)
(400 -3.77473e-14 0)
(400 -4.04972e-14 0)
(400 -3.24926e-14 0)
(400 -1.98205e-14 0)
(400 -9.84634e-15 0)
(400 -5.06136e-15 0)
(400 -3.92811e-15 0)
(400 -5.04035e-15 0)
(400 -3.7801e-18 0)
(400 8.9387e-15 0)
(400 -1.89814e-15 0)
(400 -4.88626e-15 0)
(400 8.42016e-15 0)
(400 2.1656e-14 0)
(400 1.88393e-14 0)
(400 -5.24743e-16 0)
(400 -2.3818e-15 0)
(400 3.05664e-16 0)
(400 3.81576e-15 0)
(400 1.74509e-14 0)
(400 1.42354e-14 0)
(400 2.61631e-14 0)
(400 2.97344e-14 0)
(400 4.414e-14 0)
(400 5.7481e-14 0)
(400 6.49144e-14 0)
(400 5.24423e-14 0)
(400 2.74605e-14 0)
(400 4.16232e-14 0)
(400 6.34215e-14 0)
(400 7.21511e-14 0)
(400 6.98774e-14 0)
(400 5.29104e-14 0)
(400 6.8202e-14 0)
(400 6.89273e-14 0)
(400 7.14949e-14 0)
(400 9.25406e-14 0)
(400 8.83937e-14 0)
(400 8.47646e-14 0)
(400 8.85696e-14 0)
(400 8.93011e-14 0)
(400 9.79669e-14 0)
(400 9.44563e-14 0)
(400 8.37095e-14 0)
(400 7.31827e-14 0)
(400 5.50628e-14 0)
(400 4.20709e-14 0)
(400 1.89022e-14 0)
(400 3.0626e-14 0)
(400 2.73497e-14 0)
(400 1.77222e-14 0)
(400 1.33293e-14 0)
(400 9.61962e-15 0)
(400 7.70588e-15 0)
(400 1.07538e-14 0)
(400 1.34908e-14 0)
(400 3.14993e-14 0)
(400 2.39535e-14 0)
(400 1.26075e-14 0)
(400 7.52124e-15 0)
(400 1.72991e-14 0)
(400 3.41051e-14 0)
(400 4.18943e-14 0)
(400 4.23364e-14 0)
(400 4.16587e-14 0)
(400 4.50805e-14 0)
(400 1.15907e-14 0)
(400 -7.89061e-15 0)
(400 -2.14361e-14 0)
(400 -3.25096e-14 0)
(400 -4.16664e-14 0)
(400 -4.6685e-14 0)
(400 -5.9427e-14 0)
(400 -6.52329e-14 0)
(400 -6.42368e-14 0)
(400 -5.46335e-14 0)
(400 -5.26688e-14 0)
(400 -5.93198e-14 0)
(400 -5.58395e-14 0)
(400 -4.63857e-14 0)
(400 -2.72634e-14 0)
(400 -4.53269e-15 0)
(400 1.56693e-14 0)
(400 3.0031e-15 0)
(400 1.31914e-14 0)
(400 1.80419e-14 0)
(400 3.57341e-14 0)
(400 5.08782e-14 0)
(400 5.71742e-14 0)
(400 8.52676e-14 0)
(400 1.07191e-13 0)
(400 9.98035e-14 0)
(400 1.0135e-13 0)
(400 1.03052e-13 0)
(400 1.09182e-13 0)
(400 1.05405e-13 0)
(400 1.02193e-13 0)
(400 8.09772e-14 0)
(400 6.72197e-14 0)
(400 6.14092e-14 0)
(400 5.43282e-14 0)
(400 5.28989e-14 0)
(400 5.68317e-14 0)
(400 4.39351e-14 0)
(400 6.09708e-14 0)
(400 6.90646e-14 0)
(400 6.73618e-14 0)
(400 6.27495e-14 0)
(400 6.48026e-14 0)
(400 6.21118e-14 0)
(400 4.81369e-14 0)
(400 2.42806e-14 0)
(400 1.01168e-14 0)
(400 -1.69606e-14 0)
(400 -7.61493e-15 0)
(400 -1.34717e-16 0)
(400 1.72282e-14 0)
(400 2.99759e-14 0)
(400 4.01308e-14 0)
(400 4.94227e-14 0)
(400 5.14601e-14 0)
(400 4.77651e-14 0)
(400 3.9602e-14 0)
(400 3.34741e-14 0)
(400 2.39521e-14 0)
(400 1.04103e-14 0)
(400 5.23932e-15 0)
(400 4.24458e-15 0)
(400 4.52767e-15 0)
(400 5.39873e-15 0)
(400 6.65773e-15 0)
(400 -4.31166e-15 0)
(400 -9.47441e-15 0)
(400 1.09768e-14 0)
(400 1.25175e-14 0)
(400 9.73083e-15 0)
(400 -5.50657e-15 0)
(400 -2.93852e-14 0)
(400 -3.12684e-14 0)
(400 -2.20417e-14 0)
(400 -1.61452e-14 0)
(400 -2.9808e-14 0)
(400 -1.21517e-14 0)
(400 1.42129e-14 0)
(400 2.12897e-14 0)
(400 3.00532e-14 0)
(400 3.56124e-14 0)
(400 3.64111e-14 0)
(400 3.28056e-14 0)
(400 3.63832e-14 0)
(400 2.71181e-14 0)
(400 2.26039e-14 0)
(400 1.74167e-14 0)
(400 1.36303e-14 0)
(400 3.18815e-15 0)
(400 1.04838e-14 0)
(400 8.77376e-15 0)
(400 1.97796e-14 0)
(400 2.03141e-14 0)
(400 6.66287e-15 0)
(400 1.00351e-14 0)
(400 1.37155e-14 0)
(400 -2.2202e-15 0)
(400 -1.14509e-14 0)
(400 -1.11991e-14 0)
(400 -1.03229e-14 0)
(400 3.71609e-15 0)
(400 2.42709e-15 0)
(400 1.17093e-14 0)
(400 1.68327e-14 0)
(400 1.67459e-14 0)
(400 3.83064e-15 0)
(400 4.18858e-15 0)
(400 -5.55833e-15 0)
(400 -1.54617e-14 0)
(400 -8.26657e-15 0)
(400 1.40073e-14 0)
(400 1.33889e-14 0)
(400 1.61273e-14 0)
(400 3.98439e-14 0)
(400 4.47308e-14 0)
(400 3.07312e-14 0)
(400 2.88431e-14 0)
(400 2.27185e-14 0)
(400 2.60085e-14 0)
(400 1.70792e-14 0)
(400 4.2512e-15 0)
(400 -1.30318e-15 0)
(400 -7.48014e-15 0)
(400 -1.93925e-14 0)
(400 -2.82899e-14 0)
(400 -3.45795e-14 0)
(400 -5.58887e-14 0)
(400 -6.89964e-14 0)
(400 -7.19907e-14 0)
(400 -5.89639e-14 0)
(400 -5.24718e-14 0)
(400 -5.79021e-14 0)
(400 -6.34839e-14 0)
(400 -7.53032e-14 0)
(400 -8.10509e-14 0)
(400 -8.14107e-14 0)
(400 -8.06616e-14 0)
(400 -8.5271e-14 0)
(400 -7.78021e-14 0)
(400 -5.63202e-14 0)
(400 -4.62468e-14 0)
(400 -3.53824e-14 0)
(400 -1.92964e-14 0)
(400 -1.00793e-14 0)
(400 8.09557e-15 0)
(400 3.22571e-14 0)
(400 2.675e-14 0)
(400 3.1188e-14 0)
(400 2.70809e-14 0)
(400 1.56762e-14 0)
(400 2.17433e-14 0)
(400 2.03364e-14 0)
(400 1.52034e-14 0)
(400 1.58794e-14 0)
(400 1.63297e-14 0)
(400 2.68937e-14 0)
(400 1.9057e-14 0)
(400 2.79092e-14 0)
(400 2.85769e-14 0)
(400 3.28127e-14 0)
(400 3.68312e-14 0)
(400 3.46741e-14 0)
(400 5.39278e-14 0)
(400 6.9946e-14 0)
(400 5.53417e-14 0)
(400 4.7868e-14 0)
(400 4.64441e-14 0)
(400 5.96451e-14 0)
(400 5.82044e-14 0)
(400 6.91041e-14 0)
(400 8.78668e-14 0)
(400 1.01099e-13 0)
(400 9.10481e-14 0)
(400 7.00165e-14 0)
(400 7.76075e-14 0)
(400 8.09261e-14 0)
(400 7.97008e-14 0)
(400 8.90118e-14 0)
(400 6.71859e-14 0)
(400 5.18295e-14 0)
(400 2.83289e-14 0)
(400 2.64221e-14 0)
(400 2.08497e-14 0)
(400 1.03067e-14 0)
(400 7.06826e-15 0)
(400 1.54992e-14 0)
(400 3.26379e-14 0)
(400 5.17739e-14 0)
(400 4.84477e-14 0)
(400 4.07484e-14 0)
(400 4.67525e-14 0)
(400 4.84226e-14 0)
(400 4.77207e-14 0)
(400 4.87572e-14 0)
(400 5.59009e-14 0)
(400 5.26464e-14 0)
(400 5.51393e-14 0)
(400 5.50473e-14 0)
(400 5.69743e-14 0)
(400 5.45899e-14 0)
(400 5.61154e-14 0)
(400 5.1178e-14 0)
(400 4.79748e-14 0)
(400 5.11952e-14 0)
(400 4.97108e-14 0)
(400 4.90771e-14 0)
(400 3.24008e-14 0)
(400 1.1243e-14 0)
(400 -6.33312e-15 0)
(400 2.3394e-15 0)
(400 -1.19525e-15 0)
(400 -9.27888e-15 0)
(400 -2.3156e-14 0)
(400 -3.25578e-14 0)
(400 -2.52584e-14 0)
(400 -8.88147e-15 0)
(400 -1.25159e-14 0)
(400 -5.5879e-15 0)
(400 8.40908e-15 0)
(400 2.56703e-14 0)
(400 5.2121e-14 0)
(400 4.87904e-14 0)
(400 2.42037e-14 0)
(400 3.74866e-14 0)
(400 4.46972e-14 0)
(400 3.53636e-14 0)
(400 4.19982e-14 0)
(400 3.56799e-14 0)
(400 3.61433e-14 0)
(400 4.04847e-14 0)
(400 5.22569e-14 0)
(400 5.56653e-14 0)
(400 5.47526e-14 0)
(400 2.70558e-14 0)
(400 1.49269e-14 0)
(400 1.15659e-15 0)
(400 -9.05627e-15 0)
(400 -8.19104e-15 0)
(400 -4.49821e-16 0)
(400 7.61667e-15 0)
(400 1.65195e-14 0)
(400 2.55602e-14 0)
(400 1.59944e-14 0)
(400 -6.44026e-16 0)
(400 -1.5577e-14 0)
(400 -1.75678e-14 0)
(400 -2.40833e-14 0)
(400 -3.56554e-14 0)
(400 -2.88752e-14 0)
(400 -9.77176e-15 0)
(400 4.12095e-15 0)
(400 7.50536e-15 0)
(400 2.21287e-14 0)
(400 3.02407e-14 0)
(400 2.94093e-14 0)
(400 3.41996e-14 0)
(400 4.60989e-14 0)
(400 4.72526e-14 0)
(400 4.75998e-14 0)
(400 4.92783e-14 0)
(400 1.50529e-14 0)
(400 1.78366e-14 0)
(400 4.04819e-15 0)
(400 -1.24712e-15 0)
(400 -2.22154e-15 0)
(400 -2.56232e-15 0)
(400 -4.25709e-15 0)
(400 3.63388e-15 0)
(400 4.23446e-15 0)
(400 -6.11586e-15 0)
(400 -1.11686e-14 0)
(400 -2.27081e-14 0)
(400 -1.86641e-14 0)
(400 -2.8533e-14 0)
(400 -5.4899e-14 0)
(400 -4.74177e-14 0)
(400 -3.5134e-14 0)
(400 -2.08384e-14 0)
(400 -8.41556e-15 0)
(400 -1.14552e-15 0)
(400 9.42407e-15 0)
(400 2.03615e-14 0)
(400 4.25379e-14 0)
(400 5.52083e-14 0)
(400 5.04589e-14 0)
(400 5.04896e-14 0)
(400 4.61766e-14 0)
(400 4.22113e-14 0)
(400 4.22374e-14 0)
(400 3.22696e-14 0)
(400 2.27407e-14 0)
(400 1.17105e-14 0)
(400 3.82885e-15 0)
(400 -6.97596e-15 0)
(400 -4.60497e-15 0)
(400 -1.82633e-14 0)
(400 -2.03414e-14 0)
(400 -1.29473e-14 0)
(400 -1.74694e-14 0)
(400 -1.53154e-14 0)
(400 9.93341e-15 0)
(400 1.43866e-14 0)
(400 1.47132e-14 0)
(400 8.56134e-15 0)
(400 2.47355e-14 0)
(400 2.43715e-14 0)
(400 1.15446e-14 0)
(400 7.28726e-16 0)
(400 1.11081e-14 0)
(400 1.4472e-14 0)
(400 8.52442e-15 0)
(400 3.28195e-15 0)
(400 1.63258e-14 0)
(400 3.52088e-14 0)
(400 3.88534e-14 0)
(400 1.87207e-14 0)
(400 -1.14769e-15 0)
(400 -1.29521e-14 0)
(400 -2.32945e-14 0)
(400 -3.32671e-14 0)
(400 -4.85475e-14 0)
(400 -4.84516e-14 0)
(400 -4.95207e-14 0)
(400 -5.13477e-14 0)
(400 -4.37233e-14 0)
(400 -4.10756e-14 0)
(400 -3.67726e-14 0)
(400 -2.51776e-14 0)
(400 -2.59006e-14 0)
(400 -1.61551e-14 0)
(400 -1.46609e-14 0)
(400 -1.87003e-14 0)
(400 -3.68563e-14 0)
(400 -4.40866e-14 0)
(400 -5.45089e-14 0)
(400 -6.21042e-14 0)
(400 -6.99144e-14 0)
(400 -7.81742e-14 0)
(400 -7.77099e-14 0)
(400 -4.47767e-14 0)
(400 -1.60811e-14 0)
(400 -8.70413e-15 0)
(400 1.05495e-14 0)
(400 9.57878e-15 0)
(400 3.13372e-14 0)
(400 5.97922e-14 0)
(400 5.4962e-14 0)
(400 4.82786e-14 0)
(400 4.6325e-14 0)
(400 5.09376e-14 0)
(400 5.17671e-14 0)
(400 4.85829e-14 0)
(400 4.59706e-14 0)
(400 3.07047e-14 0)
(400 2.85255e-14 0)
(400 1.94332e-14 0)
(400 2.20057e-14 0)
(400 3.6878e-14 0)
(400 3.15579e-14 0)
(400 2.32711e-14 0)
(400 3.74162e-14 0)
(400 5.5938e-14 0)
(400 5.71042e-14 0)
(400 3.39016e-14 0)
(400 2.74148e-15 0)
(400 -4.04918e-15 0)
(400 1.46013e-14 0)
(400 1.6006e-14 0)
(400 1.95033e-14 0)
(400 3.76364e-14 0)
(400 7.2211e-14 0)
(400 9.24473e-14 0)
(400 7.77218e-14 0)
(400 6.65204e-14 0)
(400 6.7343e-14 0)
(400 5.79743e-14 0)
(400 6.60791e-14 0)
(400 7.00752e-14 0)
(400 5.4707e-14 0)
(400 4.2939e-14 0)
(400 3.10201e-14 0)
(400 3.43484e-14 0)
(400 1.73065e-14 0)
(400 2.25543e-14 0)
(400 1.3938e-14 0)
(400 1.35398e-14 0)
(400 1.19486e-14 0)
(400 2.58887e-14 0)
(400 1.6984e-14 0)
(400 6.7394e-15 0)
(400 7.82311e-15 0)
(400 7.93804e-15 0)
(400 4.25659e-15 0)
(400 9.11405e-15 0)
(400 1.1197e-14 0)
(400 1.11e-14 0)
(400 2.55564e-14 0)
(400 2.28915e-14 0)
(400 1.11707e-14 0)
(400 -5.93258e-15 0)
(400 -1.49665e-14 0)
(400 -8.07982e-15 0)
(400 5.07752e-15 0)
(400 2.2912e-15 0)
(400 1.13319e-14 0)
(400 2.60633e-14 0)
(400 4.28519e-14 0)
(400 3.96086e-14 0)
(400 2.30345e-14 0)
(400 2.10657e-14 0)
(400 2.06418e-14 0)
(400 2.30587e-14 0)
(400 5.8754e-15 0)
(400 -1.99082e-14 0)
(400 -3.61372e-14 0)
(400 -3.30456e-14 0)
(400 -2.65666e-14 0)
(400 -2.23613e-14 0)
(400 -1.75326e-14 0)
(400 3.5955e-15 0)
(400 3.69674e-14 0)
(400 5.41213e-14 0)
(400 4.7879e-14 0)
(400 5.01478e-14 0)
(400 5.80214e-14 0)
(400 6.06377e-14 0)
(400 6.3619e-14 0)
(400 6.84506e-14 0)
(400 6.73003e-14 0)
(400 7.48079e-14 0)
(400 7.26406e-14 0)
(400 7.71907e-14 0)
(400 6.6673e-14 0)
(400 3.59937e-14 0)
(400 1.17928e-14 0)
(400 -1.0664e-14 0)
(400 -2.85293e-14 0)
(400 -3.06377e-14 0)
(400 -2.59603e-14 0)
(400 -2.06429e-14 0)
(400 -6.13416e-15 0)
(400 4.57891e-15 0)
(400 9.54944e-15 0)
(400 -2.12276e-15 0)
(400 -1.1447e-15 0)
(400 -3.52057e-15 0)
(400 -5.67456e-15 0)
(400 6.85449e-15 0)
(400 2.80917e-14 0)
(400 4.61553e-14 0)
(400 3.61342e-14 0)
(400 2.94144e-14 0)
(400 3.13768e-14 0)
(400 1.93129e-14 0)
(400 6.6159e-15 0)
(400 4.77224e-15 0)
(400 1.01397e-14 0)
(400 2.32302e-14 0)
(400 1.67314e-14 0)
(400 2.22467e-14 0)
(400 -8.8758e-16 0)
(400 -1.2951e-14 0)
(400 -6.83745e-15 0)
(400 -5.48143e-15 0)
(400 -2.34198e-14 0)
(400 -2.52746e-14 0)
(400 -2.97642e-14 0)
(400 -4.65665e-14 0)
(400 -5.69681e-14 0)
(400 -5.31193e-14 0)
(400 -2.8768e-14 0)
(400 -1.52944e-14 0)
(400 -1.31641e-14 0)
(400 -2.37041e-14 0)
(400 -3.9018e-14 0)
(400 -2.09327e-14 0)
(400 -1.47043e-14 0)
(400 -9.55577e-15 0)
(400 4.33404e-15 0)
(400 1.90235e-14 0)
(400 3.59423e-14 0)
(400 3.80571e-14 0)
(400 5.03389e-14 0)
(400 3.80936e-14 0)
(400 2.99202e-14 0)
(400 3.61495e-14 0)
(400 2.98621e-14 0)
(400 2.51802e-14 0)
(400 3.03203e-14 0)
(400 2.35124e-14 0)
(400 1.37727e-14 0)
(400 -3.87053e-15 0)
(400 -8.89949e-15 0)
(400 -2.10106e-14 0)
(400 -3.05954e-14 0)
(400 -3.10964e-14 0)
(400 -6.04244e-15 0)
(400 1.24843e-14 0)
(400 2.30965e-14 0)
(400 3.40388e-14 0)
(400 4.94662e-14 0)
(400 5.77178e-14 0)
(400 5.88444e-14 0)
(400 4.69138e-14 0)
(400 5.71154e-14 0)
(400 5.84468e-14 0)
(400 4.76704e-14 0)
(400 4.94169e-14 0)
(400 4.90675e-14 0)
(400 5.37981e-14 0)
(400 2.97963e-14 0)
(400 3.11744e-14 0)
(400 4.59736e-14 0)
(400 5.19822e-14 0)
(400 5.47931e-14 0)
(400 3.70985e-14 0)
(400 1.58589e-14 0)
(400 -1.01866e-14 0)
(400 -1.52967e-14 0)
(400 -2.34621e-14 0)
(400 -4.72241e-14 0)
(400 -5.39238e-14 0)
(400 -5.80579e-14 0)
(400 -6.84302e-14 0)
(400 -5.45755e-14 0)
(400 -5.69276e-14 0)
(400 -3.67341e-14 0)
(400 -2.40737e-14 0)
(400 -1.74461e-14 0)
(400 -2.33756e-14 0)
(400 -4.75643e-14 0)
(400 -4.67571e-14 0)
(400 -6.6128e-14 0)
(400 -7.8347e-14 0)
(400 -7.99108e-14 0)
(400 -9.71833e-14 0)
(400 -1.00233e-13 0)
(400 -1.13444e-13 0)
(400 -1.12291e-13 0)
(400 -9.23333e-14 0)
(400 -4.94293e-14 0)
(400 -3.15007e-14 0)
(400 -2.50145e-14 0)
(400 -2.35433e-14 0)
(400 -2.3851e-14 0)
(400 -2.09211e-14 0)
(400 -4.80354e-15 0)
(400 1.38304e-16 0)
(400 1.42615e-15 0)
(400 2.91806e-15 0)
(400 -5.34802e-15 0)
(400 8.78365e-16 0)
(400 1.05692e-14 0)
(400 1.44983e-14 0)
(400 1.17624e-15 0)
(400 -1.29064e-14 0)
(400 -4.18621e-16 0)
(400 4.91824e-15 0)
(400 1.64098e-14 0)
(400 2.10423e-14 0)
(400 2.3872e-14 0)
(400 2.95758e-14 0)
(400 7.37391e-15 0)
(400 -1.46422e-14 0)
(400 -3.42654e-14 0)
(400 -1.8774e-14 0)
(400 6.5523e-15 0)
(400 2.33121e-14 0)
(400 5.11015e-14 0)
(400 6.48926e-14 0)
(400 7.05787e-14 0)
(400 9.43771e-14 0)
(400 8.60766e-14 0)
(400 9.57173e-14 0)
(400 8.17454e-14 0)
(400 8.05099e-14 0)
(400 1.03183e-13 0)
(400 8.70244e-14 0)
(400 8.39579e-14 0)
(400 6.87364e-14 0)
(400 7.27672e-14 0)
(400 7.51429e-14 0)
(400 7.16187e-14 0)
(400 7.11045e-14 0)
(400 6.49284e-14 0)
(400 6.94936e-14 0)
(400 7.03272e-14 0)
(400 7.96717e-14 0)
(400 7.38655e-14 0)
(400 6.19238e-14 0)
(400 5.60611e-14 0)
(400 6.01895e-14 0)
(400 5.70712e-14 0)
(400 5.88259e-14 0)
(400 5.02334e-14 0)
(400 5.82044e-14 0)
(400 6.7456e-14 0)
(400 5.00861e-14 0)
(400 2.57282e-14 0)
(400 2.92997e-15 0)
(400 -1.07833e-14 0)
(400 -1.80763e-16 0)
(400 5.28623e-15 0)
(400 7.15443e-15 0)
(400 6.66205e-15 0)
(400 2.6048e-14 0)
(400 5.90487e-14 0)
(400 6.51917e-14 0)
(400 5.59642e-14 0)
(400 3.23431e-14 0)
(400 3.70058e-14 0)
(400 3.58401e-14 0)
(400 2.8025e-14 0)
(400 7.33276e-15 0)
(400 -2.01385e-14 0)
(400 -3.0607e-14 0)
(400 -1.98919e-14 0)
(400 -3.21789e-14 0)
(400 -3.47732e-14 0)
(400 -2.40344e-14 0)
(400 -1.40676e-14 0)
(400 5.02905e-15 0)
(400 1.90538e-14 0)
(400 2.14315e-14 0)
(400 2.30915e-14 0)
(400 3.15897e-14 0)
(400 3.59781e-14 0)
(400 3.27063e-14 0)
(400 3.18542e-14 0)
(400 2.96051e-14 0)
(400 7.30748e-15 0)
(400 -6.38917e-15 0)
(400 -1.40775e-14 0)
(400 -2.79564e-14 0)
(400 -5.08934e-14 0)
(400 -5.61055e-14 0)
(400 -5.70345e-14 0)
(400 -6.70189e-14 0)
(400 -6.35112e-14 0)
(400 -6.75384e-14 0)
(400 -6.70895e-14 0)
(400 -6.20346e-14 0)
(400 -2.79117e-14 0)
(400 6.90944e-16 0)
(400 1.29042e-14 0)
(400 1.49775e-14 0)
(400 2.81776e-14 0)
(400 5.55195e-14 0)
(400 7.27001e-14 0)
(400 7.42936e-14 0)
(400 5.38179e-14 0)
(400 5.20497e-14 0)
(400 5.4126e-14 0)
(400 4.46468e-14 0)
(400 3.16515e-14 0)
(400 2.26538e-14 0)
(400 2.2903e-14 0)
(400 3.2023e-14 0)
(400 2.58966e-14 0)
(400 2.88031e-14 0)
(400 -3.17976e-15 0)
(400 5.95724e-16 0)
(400 1.49877e-14 0)
(400 1.03772e-14 0)
(400 1.6634e-15 0)
(400 -9.5814e-15 0)
(400 -2.40897e-14 0)
(400 -3.96879e-14 0)
(400 -4.07628e-14 0)
(400 -3.2301e-14 0)
(400 -1.76475e-14 0)
(400 -1.87704e-14 0)
(400 -9.97512e-15 0)
(400 -7.92841e-15 0)
(400 -6.90428e-15 0)
(400 8.56359e-15 0)
(400 -4.69166e-16 0)
(400 -2.28216e-14 0)
(400 -1.63919e-14 0)
(400 1.84177e-14 0)
(400 4.60121e-14 0)
(400 4.81306e-14 0)
(400 3.28042e-14 0)
(400 1.84775e-14 0)
(400 1.25372e-14 0)
(400 1.5242e-14 0)
(400 1.35614e-14 0)
(400 1.02734e-14 0)
(400 2.33988e-15 0)
(400 -2.49871e-15 0)
(400 -1.26157e-14 0)
(400 -1.5075e-14 0)
(400 -1.05997e-14 0)
(400 -6.47277e-15 0)
(400 3.89401e-15 0)
(400 1.97286e-14 0)
(400 4.90199e-14 0)
(400 5.80358e-14 0)
(400 6.33829e-14 0)
(400 6.73758e-14 0)
(400 6.6176e-14 0)
(400 6.75617e-14 0)
(400 6.78091e-14 0)
(400 5.25287e-14 0)
(400 4.49442e-14 0)
(400 4.79673e-14 0)
(400 4.85351e-14 0)
(400 4.71159e-14 0)
(400 2.76274e-14 0)
(400 3.13836e-14 0)
(400 1.88329e-14 0)
(400 1.13418e-14 0)
(400 1.04997e-14 0)
(400 7.64943e-15 0)
(400 6.23336e-15 0)
(400 1.6599e-14 0)
(400 2.47332e-15 0)
(400 -1.20925e-14 0)
(400 -1.77158e-14 0)
(400 -3.20937e-14 0)
(400 -3.67713e-14 0)
(400 -1.43739e-14 0)
(400 -1.86342e-14 0)
(400 -2.97408e-14 0)
(400 -5.54379e-14 0)
(400 -5.85717e-14 0)
(400 -4.63938e-14 0)
(400 -4.48961e-14 0)
(400 -3.21787e-14 0)
(400 -3.43659e-14 0)
(400 -4.51122e-14 0)
(400 -3.19562e-14 0)
(400 -3.23612e-14 0)
(400 -4.52441e-14 0)
(400 -5.73702e-14 0)
(400 -6.78081e-14 0)
(400 -6.99392e-14 0)
(400 -7.60461e-14 0)
(400 -8.75119e-14 0)
(400 -8.27597e-14 0)
(400 -6.36886e-14 0)
(400 -3.86882e-14 0)
(400 -2.41719e-14 0)
(400 -2.67759e-14 0)
(400 -1.61042e-14 0)
(400 -1.92773e-14 0)
(400 1.96368e-15 0)
(400 1.87282e-14 0)
(400 1.64709e-14 0)
(400 1.49353e-14 0)
(400 1.95697e-14 0)
(400 1.09535e-14 0)
(400 9.44291e-15 0)
(400 2.88463e-14 0)
(400 2.91117e-14 0)
(400 1.69496e-14 0)
(400 8.31596e-15 0)
(400 -6.19457e-15 0)
(400 -1.79205e-14 0)
(400 -1.45506e-14 0)
(400 -1.55727e-14 0)
(400 -2.77618e-14 0)
(400 -3.7591e-14 0)
(400 -3.46171e-14 0)
(400 -4.41827e-14 0)
(400 -3.78612e-14 0)
(400 -2.83004e-14 0)
(400 -1.89074e-14 0)
(400 5.62318e-15 0)
(400 1.04615e-14 0)
(400 7.32612e-15 0)
(400 1.41169e-14 0)
(400 2.67543e-14 0)
(400 4.11614e-14 0)
(400 4.57259e-14 0)
(400 5.09041e-14 0)
(400 4.26996e-14 0)
(400 3.06295e-14 0)
(400 3.54696e-14 0)
(400 2.38092e-14 0)
(400 2.34714e-14 0)
(400 2.76148e-14 0)
(400 2.84245e-14 0)
(400 2.64048e-14 0)
(400 5.38702e-14 0)
(400 5.35189e-14 0)
(400 4.44891e-14 0)
(400 4.50923e-14 0)
(400 5.23201e-14 0)
(400 5.61375e-14 0)
(400 5.22628e-14 0)
(400 6.61804e-14 0)
(400 7.68657e-14 0)
(400 6.56e-14 0)
(400 4.2509e-14 0)
(400 2.70192e-14 0)
(400 2.30277e-15 0)
(400 -4.8863e-15 0)
(400 -1.22692e-15 0)
(400 -3.99885e-15 0)
(400 1.10604e-14 0)
(400 1.84915e-14 0)
(400 2.23693e-14 0)
(400 3.39538e-14 0)
(400 3.85772e-14 0)
(400 4.22115e-14 0)
(400 5.48747e-14 0)
(400 5.93072e-14 0)
(400 5.5392e-14 0)
(400 3.17293e-14 0)
(400 3.06251e-14 0)
(400 2.7676e-14 0)
(400 1.70091e-14 0)
(400 -2.9842e-15 0)
(400 -1.45306e-14 0)
(400 -2.42639e-14 0)
(400 -2.52742e-14 0)
(400 -5.16259e-15 0)
(400 1.53992e-15 0)
(400 3.16775e-14 0)
(400 3.85849e-14 0)
(400 3.12086e-14 0)
(400 2.38864e-14 0)
(400 1.83277e-14 0)
(400 7.28268e-15 0)
(400 1.54718e-14 0)
(400 6.20304e-16 0)
(400 -1.29973e-14 0)
(400 -7.22872e-15 0)
(400 -8.927e-15 0)
(400 -2.27918e-14 0)
(400 -3.46353e-14 0)
(400 -4.22756e-14 0)
(400 -2.79409e-14 0)
(400 -1.24692e-14 0)
(400 -2.24611e-14 0)
(400 -3.06915e-14 0)
(400 -3.67672e-14 0)
(400 -4.33115e-14 0)
(400 -3.38372e-14 0)
(400 -4.32657e-14 0)
(400 -4.04273e-14 0)
(400 -1.24272e-14 0)
(400 2.91578e-14 0)
(400 5.85432e-14 0)
(400 7.55984e-14 0)
(400 7.45605e-14 0)
(400 7.64854e-14 0)
(400 6.25438e-14 0)
(400 3.66268e-14 0)
(400 2.10652e-14 0)
(400 1.32359e-14 0)
(400 1.2387e-14 0)
(400 1.69765e-14 0)
(400 2.91083e-14 0)
(400 2.80799e-14 0)
(400 1.79346e-14 0)
(400 1.15842e-14 0)
(400 2.13377e-14 0)
(400 3.6535e-14 0)
(400 1.17184e-14 0)
(400 4.25486e-14 0)
(400 4.26098e-14 0)
(400 3.08636e-14 0)
(400 3.79578e-14 0)
(400 2.74951e-14 0)
(400 1.13802e-14 0)
(400 -4.19295e-15 0)
(400 3.86156e-15 0)
(400 -3.5687e-16 0)
(400 -3.62823e-15 0)
(400 3.85953e-15 0)
(400 1.20064e-14 0)
(400 2.55321e-14 0)
(400 4.32177e-14 0)
(400 3.17093e-14 0)
(400 2.03329e-14 0)
(400 1.61459e-14 0)
(400 1.79685e-14 0)
(400 3.13268e-14 0)
(400 3.54626e-14 0)
(400 3.79865e-14 0)
(400 2.95376e-14 0)
(400 1.86999e-14 0)
(400 1.49068e-14 0)
(400 8.06566e-15 0)
(400 1.25208e-14 0)
(400 9.15673e-15 0)
(400 -1.51072e-14 0)
(400 -3.29584e-14 0)
(400 -3.31078e-14 0)
(400 -1.60221e-14 0)
(400 -1.15109e-14 0)
(400 -1.58542e-14 0)
(400 -6.27355e-15 0)
(400 5.11712e-15 0)
(400 2.34624e-14 0)
(400 1.77314e-14 0)
(400 1.69405e-14 0)
(400 2.88353e-14 0)
(400 3.51464e-14 0)
(400 3.06126e-14 0)
(400 3.85062e-14 0)
(400 3.9265e-14 0)
(400 3.76408e-14 0)
(400 3.28089e-14 0)
(400 4.20123e-14 0)
(400 4.82121e-14 0)
(400 4.06543e-14 0)
(400 3.15986e-14 0)
(400 2.20516e-14 0)
(400 9.01783e-15 0)
(400 -6.73778e-15 0)
(400 -2.09354e-14 0)
(400 -3.77641e-14 0)
(400 -3.08965e-14 0)
(400 -3.10973e-14 0)
(400 -1.98818e-14 0)
(400 -1.26902e-14 0)
(400 -6.29812e-15 0)
(400 7.63427e-15 0)
(400 1.03652e-14 0)
(400 1.11402e-14 0)
(400 3.16048e-15 0)
(400 -1.25712e-14 0)
(400 -4.91177e-15 0)
(400 -1.508e-14 0)
(400 -3.11592e-14 0)
(400 -4.32273e-14 0)
(400 -4.18155e-14 0)
(400 -2.23065e-14 0)
(400 -1.17596e-14 0)
(400 -4.87674e-15 0)
(400 -2.07108e-14 0)
(400 -3.92468e-14 0)
(400 -5.54078e-14 0)
(400 -6.92548e-14 0)
(400 -6.93792e-14 0)
(400 -7.16463e-14 0)
(400 -6.15361e-14 0)
(400 -4.54163e-14 0)
(400 -3.67128e-14 0)
(400 -1.93672e-14 0)
(400 1.22397e-16 0)
(400 9.95932e-15 0)
(400 1.39331e-15 0)
(400 -9.80294e-15 0)
(400 -1.17697e-14 0)
(400 -3.69961e-15 0)
(400 -1.14484e-14 0)
(400 -2.10209e-14 0)
(400 -4.29693e-14 0)
(400 -4.4462e-14 0)
(400 -4.23982e-14 0)
(400 -2.38469e-14 0)
(400 -1.81803e-14 0)
(400 -5.20613e-14 0)
(400 -5.76596e-14 0)
(400 -5.30413e-14 0)
(400 -3.22423e-14 0)
(400 -1.98322e-14 0)
(400 -3.75724e-14 0)
(400 -3.75175e-14 0)
(400 -2.64139e-14 0)
(400 -1.25146e-14 0)
(400 -2.27544e-14 0)
(400 -3.63534e-14 0)
(400 -2.63161e-14 0)
(400 -1.22608e-14 0)
(400 1.1002e-14 0)
(400 2.77268e-14 0)
(400 2.15194e-14 0)
(400 4.22009e-14 0)
(400 7.49656e-14 0)
(400 9.1151e-14 0)
(400 9.54215e-14 0)
(400 7.71495e-14 0)
(400 7.63644e-14 0)
(400 7.5837e-14 0)
(400 8.16339e-14 0)
(400 8.80753e-14 0)
(400 7.42349e-14 0)
(400 6.67187e-14 0)
(400 6.41152e-14 0)
(400 6.97352e-14 0)
(400 6.18659e-14 0)
(400 3.99449e-14 0)
(400 1.64038e-14 0)
(400 3.95363e-14 0)
(400 7.19556e-14 0)
(400 6.87009e-14 0)
(400 5.52567e-14 0)
(400 5.72852e-14 0)
(400 5.61742e-14 0)
(400 5.34777e-14 0)
(400 2.34159e-14 0)
(400 -1.14684e-14 0)
(400 -1.5691e-14 0)
(400 -2.22202e-14 0)
(400 -1.28339e-14 0)
(400 4.28981e-16 0)
(400 7.71954e-15 0)
(400 1.68907e-14 0)
(400 2.58834e-14 0)
(400 4.16645e-14 0)
(400 4.1373e-14 0)
(400 3.27757e-14 0)
(400 1.222e-14 0)
(400 1.53396e-14 0)
(400 5.47901e-15 0)
(400 -1.33246e-14 0)
(400 -1.6714e-14 0)
(400 -1.2575e-14 0)
(400 -1.68514e-14 0)
(400 7.42366e-15 0)
(400 8.80048e-15 0)
(400 -1.65874e-15 0)
(400 1.92287e-14 0)
(400 3.76332e-14 0)
(400 6.40103e-14 0)
(400 7.14698e-14 0)
(400 5.15171e-14 0)
(400 3.00109e-14 0)
(400 1.41344e-14 0)
(400 -2.0292e-14 0)
(400 -3.74188e-14 0)
(400 -6.11208e-14 0)
(400 -7.1853e-14 0)
(400 -6.83031e-14 0)
(400 -7.01671e-14 0)
(400 -5.51268e-14 0)
(400 -4.83462e-14 0)
(400 -5.87778e-14 0)
(400 -5.29512e-14 0)
(400 -3.49248e-14 0)
(400 -2.57665e-14 0)
(400 -3.2174e-14 0)
(400 -3.05453e-14 0)
(400 -3.1954e-14 0)
(400 -3.46854e-14 0)
(400 -3.96205e-14 0)
(400 -3.82199e-14 0)
(400 -4.20051e-14 0)
(400 -2.69967e-14 0)
(400 -1.71751e-14 0)
(400 -2.50509e-15 0)
(400 -9.90543e-15 0)
(400 -2.73453e-14 0)
(400 -4.44995e-14 0)
(400 -5.27701e-14 0)
(400 -3.09382e-14 0)
(400 -9.42308e-15 0)
(400 5.1959e-16 0)
(400 1.77509e-14 0)
(400 3.89095e-14 0)
(400 5.60628e-14 0)
(400 5.56677e-14 0)
(400 5.12516e-14 0)
(400 6.91099e-14 0)
(400 7.13769e-14 0)
(400 1.62928e-15 0)
(400 1.34121e-14 0)
(400 6.74548e-15 0)
(400 -7.00001e-15 0)
(400 -1.0602e-14 0)
(400 -5.22532e-15 0)
(400 -1.24978e-14 0)
(400 -1.41724e-14 0)
(400 -1.1889e-14 0)
(400 -1.62925e-14 0)
(400 -1.9574e-14 0)
(400 -4.82725e-15 0)
(400 1.42309e-15 0)
(400 1.55531e-14 0)
(400 1.92465e-14 0)
(400 -2.58536e-15 0)
(400 1.39833e-14 0)
(400 4.70839e-14 0)
(400 4.80731e-14 0)
(400 5.19783e-14 0)
(400 3.09937e-14 0)
(400 2.80337e-14 0)
(400 2.86244e-14 0)
(400 2.36642e-14 0)
(400 2.95388e-14 0)
(400 3.05953e-14 0)
(400 3.74058e-14 0)
(400 4.39119e-14 0)
(400 2.25529e-14 0)
(400 -9.55086e-15 0)
(400 -2.2151e-14 0)
(400 -1.23303e-14 0)
(400 -1.0908e-15 0)
(400 -9.46384e-15 0)
(400 -2.29116e-14 0)
(400 -1.68842e-14 0)
(400 -2.55505e-14 0)
(400 -2.12512e-14 0)
(400 3.64542e-15 0)
(400 2.60693e-14 0)
(400 3.43983e-14 0)
(400 4.42102e-14 0)
(400 5.34503e-14 0)
(400 6.32852e-14 0)
(400 5.21682e-14 0)
(400 5.88561e-14 0)
(400 7.59272e-14 0)
(400 7.15637e-14 0)
(400 6.16255e-14 0)
(400 4.50353e-14 0)
(400 2.72658e-14 0)
(400 1.9022e-14 0)
(400 9.21414e-15 0)
(400 5.84169e-15 0)
(400 3.11426e-14 0)
(400 3.7043e-14 0)
(400 4.11525e-14 0)
(400 4.36012e-14 0)
(400 5.01522e-14 0)
(400 6.80942e-14 0)
(400 7.63664e-14 0)
(400 5.64957e-14 0)
(400 4.10582e-14 0)
(400 2.58181e-14 0)
(400 3.24937e-14 0)
(400 2.8389e-14 0)
(400 2.41878e-14 0)
(400 1.61471e-14 0)
(400 1.59557e-15 0)
(400 6.19055e-15 0)
(400 1.61253e-14 0)
(400 1.23621e-14 0)
(400 1.50966e-14 0)
(400 1.08082e-14 0)
(400 7.72242e-15 0)
(400 -5.27829e-15 0)
(400 -1.29408e-14 0)
(400 -1.0606e-14 0)
(400 3.83314e-15 0)
(400 3.99332e-15 0)
(400 -9.17678e-16 0)
(400 -1.82963e-14 0)
(400 -1.97938e-14 0)
(400 -5.11797e-15 0)
(400 -3.79657e-15 0)
(400 -2.0469e-15 0)
(400 -1.96992e-14 0)
(400 -3.80734e-14 0)
(400 -2.94913e-14 0)
(400 -2.19396e-14 0)
(400 -3.26633e-14 0)
(400 -4.37576e-14 0)
(400 -3.99352e-14 0)
(400 -4.75656e-14 0)
(400 -5.0191e-14 0)
(400 -4.67283e-14 0)
(400 -7.50728e-14 0)
(400 -8.66526e-14 0)
(400 -7.12498e-14 0)
(400 -6.31964e-14 0)
(400 -7.06383e-14 0)
(400 -7.66277e-14 0)
(400 -8.03104e-14 0)
(400 -5.80423e-14 0)
(400 -2.7865e-14 0)
(400 -2.93338e-14 0)
(400 -4.36671e-14 0)
(400 -5.29599e-14 0)
(400 -3.88583e-14 0)
(400 -1.84227e-14 0)
(400 -1.93221e-14 0)
(400 -2.10001e-14 0)
(400 1.98828e-15 0)
(400 4.05632e-14 0)
(400 5.60752e-14 0)
(400 6.05476e-14 0)
(400 5.71752e-14 0)
(400 5.37566e-14 0)
(400 3.6299e-14 0)
(400 4.72793e-14 0)
(400 4.66482e-14 0)
(400 1.92331e-14 0)
(400 -1.20291e-15 0)
(400 -2.00433e-15 0)
(400 -9.76821e-15 0)
(400 -7.75361e-15 0)
(400 -8.54495e-15 0)
(400 -8.63983e-15 0)
(400 -1.50727e-16 0)
(400 1.8921e-14 0)
(400 1.91298e-14 0)
(400 8.76273e-15 0)
(400 7.12077e-15 0)
(400 1.76648e-14 0)
(400 3.97253e-14 0)
(400 3.28206e-14 0)
(400 1.75657e-14 0)
(400 8.68942e-15 0)
(400 1.34514e-14 0)
(400 3.38948e-14 0)
(400 4.11329e-14 0)
(400 5.33972e-14 0)
(400 6.54743e-14 0)
(400 6.64956e-14 0)
(400 6.50602e-14 0)
(400 6.25419e-14 0)
(400 4.51035e-14 0)
(400 3.51387e-14 0)
(400 2.99126e-14 0)
(400 2.38574e-14 0)
(400 1.64648e-14 0)
(400 1.75045e-14 0)
(400 3.47851e-14 0)
(400 6.03806e-14 0)
(400 8.92709e-14 0)
(400 9.61108e-14 0)
(400 8.75005e-14 0)
(400 6.94638e-14 0)
(400 7.57555e-14 0)
(400 6.36206e-14 0)
(400 5.21853e-14 0)
(400 3.97333e-14 0)
(400 2.11063e-14 0)
(400 1.29744e-14 0)
(400 -1.63432e-14 0)
(400 -4.91286e-14 0)
(400 -5.85065e-14 0)
(400 -5.90259e-14 0)
(400 -6.78626e-14 0)
(400 -6.58873e-14 0)
(400 -5.46127e-14 0)
(400 -4.86431e-14 0)
(400 -4.66583e-14 0)
(400 -4.66536e-14 0)
(400 -3.49582e-14 0)
(400 -1.6038e-14 0)
(400 -3.9136e-15 0)
(400 6.40568e-15 0)
(400 -9.50429e-17 0)
(400 -1.36307e-14 0)
(400 -1.14746e-14 0)
(400 -9.15312e-15 0)
(400 -1.2614e-14 0)
(400 -2.04015e-14 0)
(400 -3.55203e-14 0)
(400 -3.48227e-14 0)
(400 -3.59634e-14 0)
(400 -3.48654e-14 0)
(400 -2.47467e-14 0)
(400 1.64051e-15 0)
(400 2.9438e-14 0)
(400 5.15338e-14 0)
(400 6.22038e-14 0)
(400 7.44671e-14 0)
(400 7.94392e-14 0)
(400 8.17526e-14 0)
(400 8.90379e-14 0)
(400 8.2374e-14 0)
(400 6.46049e-14 0)
(400 4.73541e-14 0)
(400 -3.59344e-15 0)
(400 -1.72554e-15 0)
(400 6.96769e-15 0)
(400 7.71661e-15 0)
(400 1.48225e-14 0)
(400 1.53726e-14 0)
(400 2.39726e-14 0)
(400 2.76516e-14 0)
(400 1.24806e-14 0)
(400 4.8287e-15 0)
(400 2.31647e-16 0)
(400 2.31362e-15 0)
(400 1.35769e-14 0)
(400 7.83396e-15 0)
(400 -1.47286e-14 0)
(400 -7.26108e-15 0)
(400 2.47811e-14 0)
(400 4.50711e-14 0)
(400 3.91821e-14 0)
(400 2.59341e-14 0)
(400 1.98267e-14 0)
(400 1.57703e-14 0)
(400 2.35895e-14 0)
(400 2.9821e-14 0)
(400 3.28075e-14 0)
(400 2.62915e-14 0)
(400 3.85606e-14 0)
(400 4.47991e-14 0)
(400 2.3166e-14 0)
(400 -7.60153e-15 0)
(400 -2.57112e-14 0)
(400 -2.64194e-14 0)
(400 -2.27683e-14 0)
(400 -1.28564e-14 0)
(400 -1.80265e-14 0)
(400 -3.78834e-14 0)
(400 -6.47389e-14 0)
(400 -5.08688e-14 0)
(400 -2.5123e-14 0)
(400 -1.89992e-14 0)
(400 -2.54504e-14 0)
(400 -5.92942e-15 0)
(400 4.7293e-15 0)
(400 1.92763e-14 0)
(400 3.8141e-15 0)
(400 3.20985e-14 0)
(400 4.54604e-14 0)
(400 3.6787e-14 0)
(400 2.13552e-14 0)
(400 -7.01905e-15 0)
(400 -1.19705e-14 0)
(400 -3.64151e-14 0)
(400 -3.33545e-14 0)
(400 -2.10464e-14 0)
(400 3.85584e-15 0)
(400 1.62463e-14 0)
(400 3.93242e-14 0)
(400 5.07206e-14 0)
(400 4.35261e-14 0)
(400 4.73772e-14 0)
(400 5.68891e-14 0)
(400 4.70709e-14 0)
(400 1.76261e-14 0)
(400 5.84929e-15 0)
(400 5.99187e-15 0)
(400 3.29071e-16 0)
(400 -4.73552e-15 0)
(400 -6.42007e-15 0)
(400 -8.15457e-15 0)
(400 -1.16586e-14 0)
(400 -1.92814e-14 0)
(400 -3.99035e-14 0)
(400 -3.38751e-14 0)
(400 -1.83399e-14 0)
(400 -1.1279e-14 0)
(400 1.79384e-15 0)
(400 3.37026e-15 0)
(400 1.75098e-14 0)
(400 2.94955e-14 0)
(400 1.06075e-14 0)
(400 -1.41942e-14 0)
(400 -2.90124e-14 0)
(400 -5.23697e-14 0)
(400 -8.50302e-14 0)
(400 -8.48888e-14 0)
(400 -6.29082e-14 0)
(400 -5.26223e-14 0)
(400 -5.33482e-14 0)
(400 -5.5508e-14 0)
(400 -4.44957e-14 0)
(400 -3.03249e-14 0)
(400 -1.39247e-14 0)
(400 -2.72475e-14 0)
(400 -4.67276e-14 0)
(400 -6.72349e-14 0)
(400 -6.5849e-14 0)
(400 -4.6422e-14 0)
(400 -5.89608e-14 0)
(400 -8.12746e-14 0)
(400 -9.05627e-14 0)
(400 -9.63623e-14 0)
(400 -8.08218e-14 0)
(400 -6.88653e-14 0)
(400 -6.10599e-14 0)
(400 -3.96017e-14 0)
(400 -4.38777e-14 0)
(400 -4.23965e-14 0)
(400 -4.51859e-14 0)
(400 -5.22967e-14 0)
(400 -5.39644e-14 0)
(400 -5.57741e-14 0)
(400 -4.69144e-14 0)
(400 -1.34583e-14 0)
(400 -8.78555e-15 0)
(400 -3.25678e-15 0)
(400 -2.10373e-15 0)
(400 3.06908e-15 0)
(400 -1.30857e-15 0)
(400 -1.60444e-14 0)
(400 -9.49489e-15 0)
(400 -1.47218e-14 0)
(400 -2.34291e-14 0)
(400 -2.03559e-14 0)
(400 -1.51287e-14 0)
(400 -2.85367e-15 0)
(400 4.48775e-15 0)
(400 2.32869e-14 0)
(400 3.94009e-14 0)
(400 3.05007e-14 0)
(400 2.36581e-14 0)
(400 1.93271e-14 0)
(400 1.23316e-14 0)
(400 4.88171e-15 0)
(400 -4.98667e-15 0)
(400 -5.51559e-16 0)
(400 7.6252e-15 0)
(400 5.30436e-15 0)
(400 5.02635e-15 0)
(400 2.24661e-14 0)
(400 3.48069e-14 0)
(400 4.86544e-14 0)
(400 5.31315e-14 0)
(400 4.9788e-14 0)
(400 3.7133e-14 0)
(400 2.56811e-14 0)
(400 2.73233e-14 0)
(400 1.35874e-14 0)
(400 2.38641e-14 0)
(400 1.57107e-14 0)
(400 1.01224e-14 0)
(400 6.41912e-15 0)
(400 1.83803e-14 0)
(400 2.46628e-14 0)
(400 4.17333e-14 0)
(400 4.37e-14 0)
(400 5.41096e-14 0)
(400 6.47202e-14 0)
(400 4.44218e-14 0)
(400 2.25671e-14 0)
(400 5.83368e-15 0)
(400 -2.16288e-14 0)
(400 -4.52646e-14 0)
(400 -7.12555e-14 0)
(400 -8.29575e-14 0)
(400 -7.95223e-14 0)
(400 -1.17144e-13 0)
(400 -1.26924e-13 0)
(400 -1.2374e-13 0)
(400 -1.26643e-13 0)
(400 -1.08023e-13 0)
(400 -1.15579e-13 0)
(400 -1.25366e-13 0)
(400 -9.9883e-14 0)
(400 -7.25294e-14 0)
(400 -5.70619e-14 0)
(400 -7.32109e-14 0)
(400 -6.267e-14 0)
(400 -4.29846e-14 0)
(400 -3.62049e-14 0)
(400 -2.20216e-14 0)
(400 -1.06257e-14 0)
(400 1.08079e-15 0)
(400 -1.8981e-15 0)
(400 -1.67032e-14 0)
(400 -8.63479e-15 0)
(400 -1.71974e-14 0)
(400 -1.99456e-14 0)
(400 -1.8842e-14 0)
(400 -8.5291e-15 0)
(400 1.13213e-14 0)
(400 1.5457e-14 0)
(400 1.63485e-14 0)
(400 2.75961e-14 0)
(400 3.07081e-14 0)
(400 4.26446e-14 0)
(400 4.57666e-14 0)
(400 4.52601e-14 0)
(400 4.62111e-14 0)
(400 3.57536e-14 0)
(400 3.57194e-14 0)
(400 -5.83098e-15 0)
(400 -4.71987e-15 0)
(400 1.83232e-14 0)
(400 3.61552e-14 0)
(400 3.96912e-14 0)
(400 4.18026e-14 0)
(400 5.2438e-14 0)
(400 4.34701e-14 0)
(400 1.82446e-14 0)
(400 1.28477e-14 0)
(400 1.45015e-14 0)
(400 1.9409e-14 0)
(400 2.16787e-14 0)
(400 1.59468e-15 0)
(400 -1.4523e-14 0)
(400 8.43415e-15 0)
(400 2.10132e-14 0)
(400 1.65867e-14 0)
(400 1.86354e-14 0)
(400 -1.36352e-14 0)
(400 -1.67395e-14 0)
(400 -9.19064e-15 0)
(400 -1.17333e-15 0)
(400 -8.96786e-15 0)
(400 -7.8982e-15 0)
(400 -2.70278e-14 0)
(400 -3.61114e-14 0)
(400 -4.72003e-14 0)
(400 -4.69725e-14 0)
(400 -4.69056e-14 0)
(400 -4.86137e-14 0)
(400 -4.20102e-14 0)
(400 -4.48679e-14 0)
(400 -3.61374e-14 0)
(400 -2.74835e-14 0)
(400 -3.21938e-14 0)
(400 -4.5036e-14 0)
(400 -4.47902e-14 0)
(400 -5.17192e-14 0)
(400 -4.20296e-14 0)
(400 -3.04352e-14 0)
(400 -2.11647e-14 0)
(400 -1.17331e-14 0)
(400 4.04757e-15 0)
(400 2.18265e-14 0)
(400 4.94492e-14 0)
(400 5.60202e-14 0)
(400 5.3386e-14 0)
(400 5.2074e-14 0)
(400 2.68031e-14 0)
(400 1.55713e-14 0)
(400 8.25036e-15 0)
(400 -2.56664e-15 0)
(400 -4.77278e-16 0)
(400 -1.42938e-14 0)
(400 2.04537e-16 0)
(400 3.40021e-14 0)
(400 6.60764e-14 0)
(400 6.79222e-14 0)
(400 7.81576e-14 0)
(400 8.64737e-14 0)
(400 7.46138e-14 0)
(400 5.69184e-14 0)
(400 5.48281e-14 0)
(400 5.51606e-14 0)
(400 5.54412e-14 0)
(400 4.13614e-14 0)
(400 3.82296e-14 0)
(400 1.89711e-14 0)
(400 2.5949e-15 0)
(400 -1.22408e-15 0)
(400 9.53818e-16 0)
(400 2.25449e-14 0)
(400 3.41468e-14 0)
(400 4.73104e-14 0)
(400 5.69727e-14 0)
(400 5.9842e-14 0)
(400 8.00467e-14 0)
(400 7.72616e-14 0)
(400 6.34002e-14 0)
(400 5.08896e-14 0)
(400 4.32058e-14 0)
(400 1.14293e-14 0)
(400 -2.46789e-14 0)
(400 -4.3825e-14 0)
(400 -4.74826e-14 0)
(400 -4.74003e-14 0)
(400 -4.05328e-14 0)
(400 -4.73349e-14 0)
(400 -4.52114e-14 0)
(400 -3.19768e-14 0)
(400 -3.36944e-15 0)
(400 -1.83422e-14 0)
(400 -4.60419e-14 0)
(400 -5.85995e-14 0)
(400 -5.99466e-14 0)
(400 -3.90796e-14 0)
(400 -3.76758e-14 0)
(400 -5.0806e-14 0)
(400 -5.74338e-14 0)
(400 -5.04424e-14 0)
(400 -4.57751e-14 0)
(400 -3.68981e-14 0)
(400 -2.77724e-14 0)
(400 -1.84783e-14 0)
(400 -1.39163e-14 0)
(400 -1.30363e-14 0)
(400 -1.85288e-14 0)
(400 -3.95636e-14 0)
(400 -5.7175e-14 0)
(400 -5.99053e-14 0)
(400 -4.9813e-14 0)
(400 -4.78135e-14 0)
(400 -5.82312e-14 0)
(400 -5.23682e-14 0)
(400 -5.54211e-14 0)
(400 -6.55777e-14 0)
(400 -6.63604e-14 0)
(400 -4.94115e-14 0)
(400 -4.72223e-14 0)
(400 -4.52544e-14 0)
(400 -4.43649e-14 0)
(400 -3.09598e-14 0)
(400 -1.93085e-14 0)
(400 -7.1461e-15 0)
(400 4.97678e-15 0)
(400 2.42495e-14 0)
(400 2.95904e-14 0)
(400 1.68782e-14 0)
(400 8.0602e-15 0)
(400 6.44814e-15 0)
(400 -3.84088e-15 0)
(400 -2.22713e-14 0)
(400 -2.73236e-14 0)
(400 -2.0378e-14 0)
(400 -5.83021e-15 0)
(400 2.95295e-15 0)
(400 1.21133e-14 0)
(400 1.28482e-14 0)
(400 1.70431e-14 0)
(400 2.6931e-14 0)
(400 2.11798e-14 0)
(400 1.51462e-14 0)
(400 7.67421e-15 0)
(400 6.94698e-15 0)
(400 7.90323e-15 0)
(400 1.93654e-14 0)
(400 2.7125e-14 0)
(400 3.35085e-14 0)
(400 4.04663e-14 0)
(400 3.7205e-14 0)
(400 3.71474e-14 0)
(400 4.32768e-14 0)
(400 5.22654e-14 0)
(400 6.61629e-14 0)
(400 7.43059e-14 0)
(400 7.56173e-14 0)
(400 7.96391e-14 0)
(400 5.83774e-14 0)
(400 4.43421e-14 0)
(400 2.13781e-14 0)
(400 -9.04303e-16 0)
(400 -2.07104e-14 0)
(400 -4.40084e-14 0)
(400 -5.00538e-14 0)
(400 -6.85414e-14 0)
(400 -7.29087e-14 0)
(400 -7.93879e-14 0)
(400 -8.30847e-14 0)
(400 -8.55574e-14 0)
(400 -9.06277e-14 0)
(400 -8.48581e-14 0)
(400 -6.28655e-14 0)
(400 -4.85943e-14 0)
(400 -4.53622e-14 0)
(400 -4.38975e-14 0)
(400 -3.4511e-14 0)
(400 -3.21625e-14 0)
(400 -2.2579e-14 0)
(400 -1.18924e-14 0)
(400 -3.94958e-15 0)
(400 -1.25961e-14 0)
(400 -2.82182e-14 0)
(400 -3.01277e-14 0)
(400 -2.39801e-14 0)
(400 -2.6e-14 0)
(400 -3.17683e-14 0)
(400 -4.59788e-14 0)
(400 -3.79035e-14 0)
(400 -4.37975e-14 0)
(400 -4.43702e-14 0)
(400 -3.6025e-14 0)
(400 -2.28506e-14 0)
(400 -7.08666e-15 0)
(400 7.94723e-15 0)
(400 1.98411e-14 0)
(400 2.25741e-14 0)
(400 2.84812e-14 0)
(400 3.96239e-14 0)
(400 4.10314e-14 0)
(400 -2.02411e-14 0)
(400 -2.08702e-14 0)
(400 -6.97923e-15 0)
(400 1.93682e-14 0)
(400 2.74034e-14 0)
(400 3.27509e-14 0)
(400 3.18724e-14 0)
(400 3.82469e-14 0)
(400 3.18371e-14 0)
(400 1.69328e-14 0)
(400 1.96555e-14 0)
(400 1.18843e-14 0)
(400 -5.32864e-15 0)
(400 -1.73728e-14 0)
(400 -1.62778e-14 0)
(400 -2.49514e-14 0)
(400 -4.74552e-14 0)
(400 -6.36371e-14 0)
(400 -5.57339e-14 0)
(400 -5.06431e-14 0)
(400 -4.3687e-14 0)
(400 -3.14991e-14 0)
(400 -3.43713e-14 0)
(400 -2.80511e-14 0)
(400 -2.44511e-14 0)
(400 -2.32248e-14 0)
(400 -5.3463e-14 0)
(400 -7.50514e-14 0)
(400 -4.98862e-14 0)
(400 -1.63814e-14 0)
(400 -9.23092e-15 0)
(400 -4.94077e-15 0)
(400 -1.67839e-14 0)
(400 -2.63296e-14 0)
(400 -2.70312e-14 0)
(400 -8.60885e-15 0)
(400 -7.85452e-15 0)
(400 -2.84407e-14 0)
(400 -6.04969e-14 0)
(400 -5.97319e-14 0)
(400 -4.92806e-14 0)
(400 -6.19481e-14 0)
(400 -6.01221e-14 0)
(400 -5.87009e-14 0)
(400 -3.07013e-14 0)
(400 -1.59599e-14 0)
(400 3.59509e-15 0)
(400 1.7861e-15 0)
(400 -9.89467e-15 0)
(400 -2.23289e-14 0)
(400 -3.24328e-14 0)
(400 -2.16231e-14 0)
(400 -3.54371e-14 0)
(400 -2.52697e-14 0)
(400 -2.62391e-14 0)
(400 -1.63289e-14 0)
(400 2.17429e-15 0)
(400 2.1621e-14 0)
(400 3.16344e-14 0)
(400 3.47511e-14 0)
(400 3.51587e-14 0)
(400 2.94188e-14 0)
(400 3.39961e-14 0)
(400 5.71464e-14 0)
(400 5.16447e-14 0)
(400 2.84515e-14 0)
(400 1.18558e-14 0)
(400 1.36181e-14 0)
(400 1.12158e-14 0)
(400 3.21479e-15 0)
(400 -7.30426e-15 0)
(400 -1.62815e-16 0)
(400 1.29899e-14 0)
(400 1.76311e-14 0)
(400 3.34494e-14 0)
(400 4.55626e-14 0)
(400 6.71936e-14 0)
(400 8.94129e-14 0)
(400 8.38148e-14 0)
(400 6.8903e-14 0)
(400 6.23822e-14 0)
(400 5.11247e-14 0)
(400 2.25455e-14 0)
(400 -5.05085e-15 0)
(400 -2.39685e-14 0)
(400 -3.57828e-14 0)
(400 -5.55051e-14 0)
(400 -5.70414e-14 0)
(400 -3.9765e-14 0)
(400 -2.83893e-14 0)
(400 -1.19913e-14 0)
(400 4.29003e-15 0)
(400 6.07879e-15 0)
(400 -2.04986e-15 0)
(400 -3.84316e-15 0)
(400 -7.90689e-15 0)
(400 -6.62226e-15 0)
(400 -2.75838e-16 0)
(400 -2.81494e-15 0)
(400 -1.9914e-14 0)
(400 -2.03099e-14 0)
(400 -1.69527e-14 0)
(400 -5.98454e-15 0)
(400 1.20709e-14 0)
(400 1.50593e-14 0)
(400 1.54363e-14 0)
(400 9.66981e-15 0)
(400 9.19393e-16 0)
(400 4.38693e-15 0)
(400 -1.08221e-14 0)
(400 -2.17062e-14 0)
(400 -2.05978e-14 0)
(400 -3.00849e-14 0)
(400 -3.81143e-14 0)
(400 -3.57562e-14 0)
(400 -3.92162e-14 0)
(400 -5.3554e-14 0)
(400 -4.89549e-14 0)
(400 -4.00374e-14 0)
(400 -5.02129e-14 0)
(400 -5.29976e-14 0)
(400 -5.17961e-14 0)
(400 -4.14466e-14 0)
(400 -2.44999e-14 0)
(400 -2.95243e-14 0)
(400 -2.90981e-14 0)
(400 -2.56756e-14 0)
(400 -3.46644e-14 0)
(400 -4.88768e-14 0)
(400 -5.82458e-14 0)
(400 -5.62134e-14 0)
(400 -4.81134e-14 0)
(400 -5.27818e-14 0)
(400 -4.93483e-14 0)
(400 -2.79593e-14 0)
(400 -1.70909e-14 0)
(400 -8.48264e-15 0)
(400 1.17813e-14 0)
(400 2.24751e-14 0)
(400 2.45209e-14 0)
(400 1.04505e-14 0)
(400 7.756e-15 0)
(400 2.13946e-14 0)
(400 1.83309e-14 0)
(400 1.81165e-14 0)
(400 4.72337e-15 0)
(400 1.77275e-14 0)
(400 2.62877e-14 0)
(400 2.97084e-14 0)
(400 4.51293e-14 0)
(400 5.39655e-14 0)
(400 4.72015e-14 0)
(400 4.84249e-14 0)
(400 5.1213e-14 0)
(400 4.73359e-14 0)
(400 4.15201e-14 0)
(400 3.78262e-14 0)
(400 3.61013e-14 0)
(400 2.77797e-14 0)
(400 5.25216e-16 0)
(400 -3.0822e-14 0)
(400 -3.73961e-14 0)
(400 -4.38205e-14 0)
(400 -5.95921e-14 0)
(400 -7.26719e-14 0)
(400 -5.51013e-14 0)
(400 -5.18439e-14 0)
(400 -4.88956e-14 0)
(400 -4.77713e-14 0)
(400 -7.21123e-14 0)
(400 -5.98978e-14 0)
(400 -2.63061e-14 0)
(400 -1.26529e-14 0)
(400 -1.53418e-14 0)
(400 -7.99452e-15 0)
(400 2.23734e-14 0)
(400 3.57851e-14 0)
(400 3.86665e-14 0)
(400 2.9173e-14 0)
(400 2.42585e-14 0)
(400 2.4357e-14 0)
(400 3.59013e-15 0)
(400 -3.45635e-15 0)
(400 4.91016e-15 0)
(400 -1.56566e-14 0)
(400 -2.97357e-14 0)
(400 -3.20568e-14 0)
(400 -3.00204e-14 0)
(400 -2.00728e-14 0)
(400 -2.0763e-14 0)
(400 -1.06485e-14 0)
(400 1.12411e-14 0)
(400 2.24209e-14 0)
(400 3.37847e-14 0)
(400 2.58299e-14 0)
(400 2.06491e-14 0)
(400 1.37041e-14 0)
(400 8.55015e-15 0)
(400 1.89669e-14 0)
(400 3.70138e-14 0)
(400 -1.95754e-14 0)
(400 -2.22504e-14 0)
(400 -1.46393e-14 0)
(400 -5.26496e-15 0)
(400 4.47539e-15 0)
(400 1.0566e-14 0)
(400 2.93593e-14 0)
(400 4.01741e-14 0)
(400 4.03871e-14 0)
(400 2.9481e-14 0)
(400 2.64467e-14 0)
(400 1.75303e-14 0)
(400 1.50573e-14 0)
(400 7.94045e-15 0)
(400 2.11672e-15 0)
(400 -1.8292e-14 0)
(400 -3.98834e-14 0)
(400 -5.36345e-14 0)
(400 -6.04225e-14 0)
(400 -5.36353e-14 0)
(400 -5.89997e-14 0)
(400 -5.89563e-14 0)
(400 -5.07438e-14 0)
(400 -2.77717e-14 0)
(400 -3.13382e-14 0)
(400 -2.00857e-14 0)
(400 -2.82354e-14 0)
(400 -3.70871e-14 0)
(400 -3.04497e-14 0)
(400 -1.43384e-14 0)
(400 7.49704e-16 0)
(400 4.57221e-15 0)
(400 1.74963e-15 0)
(400 8.22602e-15 0)
(400 1.18333e-14 0)
(400 1.30474e-14 0)
(400 1.51985e-14 0)
(400 1.60992e-14 0)
(400 1.9445e-14 0)
(400 8.46859e-15 0)
(400 -1.33691e-14 0)
(400 -3.61897e-14 0)
(400 -5.15005e-14 0)
(400 -6.16752e-14 0)
(400 -4.69191e-14 0)
(400 -4.68454e-14 0)
(400 -2.54989e-14 0)
(400 -2.05879e-14 0)
(400 -3.87033e-14 0)
(400 -3.27252e-14 0)
(400 -3.39154e-14 0)
(400 -2.1468e-14 0)
(400 -2.43978e-14 0)
(400 -8.99525e-15 0)
(400 1.28668e-14 0)
(400 1.80827e-14 0)
(400 2.96882e-14 0)
(400 3.43661e-14 0)
(400 3.97426e-14 0)
(400 1.89645e-14 0)
(400 8.86408e-16 0)
(400 1.38821e-14 0)
(400 1.97495e-14 0)
(400 3.29771e-14 0)
(400 2.73853e-14 0)
(400 1.85277e-14 0)
(400 2.98331e-14 0)
(400 2.13645e-14 0)
(400 1.81403e-14 0)
(400 1.81636e-15 0)
(400 -1.59668e-14 0)
(400 -6.11591e-15 0)
(400 -4.32363e-15 0)
(400 -1.02775e-15 0)
(400 1.16851e-14 0)
(400 2.64664e-14 0)
(400 5.15858e-14 0)
(400 5.56169e-14 0)
(400 4.88896e-14 0)
(400 4.64343e-14 0)
(400 4.18751e-14 0)
(400 2.81875e-14 0)
(400 1.16846e-14 0)
(400 -4.33085e-15 0)
(400 -2.66883e-14 0)
(400 -5.87388e-14 0)
(400 -6.82086e-14 0)
(400 -7.76164e-14 0)
(400 -6.1015e-14 0)
(400 -4.60985e-14 0)
(400 -4.4836e-14 0)
(400 -4.54442e-14 0)
(400 -3.31738e-14 0)
(400 -8.01058e-15 0)
(400 -4.13877e-15 0)
(400 4.30106e-15 0)
(400 1.2466e-14 0)
(400 1.69443e-14 0)
(400 1.73626e-14 0)
(400 3.86618e-15 0)
(400 -4.16156e-15 0)
(400 1.68334e-14 0)
(400 2.86047e-14 0)
(400 1.9787e-14 0)
(400 1.31674e-14 0)
(400 1.90949e-14 0)
(400 3.68217e-14 0)
(400 4.54296e-14 0)
(400 4.12581e-14 0)
(400 2.13887e-14 0)
(400 -7.41577e-15 0)
(400 -1.67248e-14 0)
(400 -1.89654e-14 0)
(400 -2.53866e-14 0)
(400 -4.28549e-14 0)
(400 -5.44748e-14 0)
(400 -6.08993e-14 0)
(400 -6.40845e-14 0)
(400 -5.36939e-14 0)
(400 -5.97761e-14 0)
(400 -6.56704e-14 0)
(400 -5.84748e-14 0)
(400 -4.479e-14 0)
(400 -2.67792e-14 0)
(400 -3.47313e-14 0)
(400 -5.02984e-14 0)
(400 -6.33743e-14 0)
(400 -7.76782e-14 0)
(400 -7.8387e-14 0)
(400 -9.20288e-14 0)
(400 -9.34708e-14 0)
(400 -8.04669e-14 0)
(400 -5.57864e-14 0)
(400 -3.07952e-14 0)
(400 -3.51521e-14 0)
(400 -2.85696e-14 0)
(400 -4.89163e-15 0)
(400 1.79974e-14 0)
(400 2.36072e-14 0)
(400 1.31254e-14 0)
(400 -5.29351e-15 0)
(400 -9.80485e-16 0)
(400 1.36878e-14 0)
(400 2.33836e-14 0)
(400 1.22389e-14 0)
(400 1.40333e-14 0)
(400 3.12912e-14 0)
(400 3.38985e-14 0)
(400 2.51346e-14 0)
(400 3.16611e-14 0)
(400 5.06254e-14 0)
(400 7.25e-14 0)
(400 8.33207e-14 0)
(400 8.62186e-14 0)
(400 5.90601e-14 0)
(400 4.69735e-14 0)
(400 4.70334e-14 0)
(400 4.15985e-14 0)
(400 3.72478e-14 0)
(400 1.93329e-14 0)
(400 -1.22635e-14 0)
(400 -3.45919e-14 0)
(400 -4.77608e-14 0)
(400 -6.91886e-14 0)
(400 -7.91357e-14 0)
(400 -6.90801e-14 0)
(400 -7.56552e-14 0)
(400 -8.83562e-14 0)
(400 -9.87926e-14 0)
(400 -9.90776e-14 0)
(400 -7.58836e-14 0)
(400 -5.91595e-14 0)
(400 -6.0675e-14 0)
(400 -6.79606e-14 0)
(400 -5.93211e-14 0)
(400 -3.20667e-14 0)
(400 -2.28747e-14 0)
(400 -2.01975e-14 0)
(400 -1.85563e-14 0)
(400 -1.82484e-14 0)
(400 -1.76947e-14 0)
(400 -1.52765e-14 0)
(400 -1.1481e-14 0)
(400 -2.50419e-14 0)
(400 -4.36782e-14 0)
(400 -6.69584e-14 0)
(400 -7.0533e-14 0)
(400 -5.8953e-14 0)
(400 -5.67276e-14 0)
(400 -5.64835e-14 0)
(400 -5.50023e-14 0)
(400 -3.74887e-14 0)
(400 -2.696e-14 0)
(400 -3.03885e-14 0)
(400 -2.6182e-14 0)
(400 -3.14353e-14 0)
(400 -4.12132e-14 0)
(400 -4.32249e-14 0)
(400 -4.16337e-14 0)
(400 -2.68022e-14 0)
(400 -1.2743e-14 0)
(400 -5.99109e-15 0)
(400 -2.72731e-15 0)
(400 -1.05092e-14 0)
(400 -1.05007e-14 0)
(400 -1.02008e-14 0)
(400 4.79398e-15 0)
(400 4.97377e-15 0)
(400 2.26318e-14 0)
(400 2.67042e-14 0)
(400 2.47044e-15 0)
(400 3.24741e-17 0)
(400 1.9116e-14 0)
(400 2.73904e-14 0)
(400 1.91967e-14 0)
(400 1.17399e-14 0)
(400 -5.69048e-15 0)
(400 -2.19314e-14 0)
(400 -3.38901e-14 0)
(400 -3.72241e-14 0)
(400 -6.30567e-14 0)
(400 -8.15955e-14 0)
(400 -8.06896e-14 0)
(400 -8.60499e-14 0)
(400 -9.00729e-14 0)
(400 -8.40901e-14 0)
(400 -6.72969e-14 0)
(400 -5.12213e-14 0)
(400 -5.09899e-14 0)
(400 -4.92569e-14 0)
(400 -3.06258e-14 0)
(400 -3.11405e-14 0)
(400 -1.44356e-14 0)
(400 3.00428e-15 0)
(400 8.29214e-16 0)
(400 -1.41591e-14 0)
(400 -4.85145e-15 0)
(400 1.43357e-14 0)
(400 2.62204e-14 0)
(400 4.12076e-15 0)
(400 -1.73202e-14 0)
(400 -2.44292e-14 0)
(400 -3.67031e-14 0)
(400 -3.70031e-14 0)
(400 -4.69978e-14 0)
(400 -4.82311e-14 0)
(400 -6.01949e-14 0)
(400 -5.24201e-14 0)
(400 -3.84929e-14 0)
(400 -1.39798e-14 0)
(400 -5.25896e-15 0)
(400 6.56325e-15 0)
(400 1.99752e-14 0)
(400 3.5607e-14 0)
(400 5.47912e-14 0)
(400 5.69521e-14 0)
(400 4.58618e-14 0)
(400 3.53866e-14 0)
(400 4.634e-14 0)
(400 4.52313e-14 0)
(400 2.78798e-14 0)
(400 3.2059e-14 0)
(400 4.3243e-14 0)
(400 2.78037e-14 0)
(400 3.38528e-14 0)
(400 5.30596e-14 0)
(400 5.57917e-14 0)
(400 3.49475e-14 0)
(400 2.00453e-14 0)
(400 2.47359e-14 0)
(400 3.35572e-14 0)
(400 5.10371e-14 0)
(400 7.0703e-14 0)
(400 7.4774e-14 0)
(400 8.2357e-14 0)
(400 8.90962e-14 0)
(400 9.71618e-14 0)
(400 8.2818e-14 0)
(400 6.6e-14 0)
(400 8.31966e-14 0)
(400 6.39481e-14 0)
(400 3.88332e-14 0)
(400 2.64652e-14 0)
(400 2.2825e-14 0)
(400 6.85966e-15 0)
(400 -2.81933e-14 0)
(400 -2.9631e-14 0)
(400 -3.95789e-14 0)
(400 -4.88105e-14 0)
(400 -3.51123e-14 0)
(400 -4.34813e-14 0)
(400 -5.1122e-14 0)
(400 -3.99908e-14 0)
(400 -1.81586e-14 0)
(400 -7.80965e-15 0)
(400 6.23775e-16 0)
(400 8.14837e-15 0)
(400 1.21419e-14 0)
(400 1.73661e-14 0)
(400 1.57512e-14 0)
(400 4.89155e-15 0)
(400 3.95939e-17 0)
(400 2.98955e-15 0)
(400 -6.40817e-15 0)
(400 -1.17725e-14 0)
(400 1.43378e-14 0)
(400 4.28717e-14 0)
(400 4.59286e-14 0)
(400 3.68484e-14 0)
(400 2.02532e-14 0)
(400 1.4882e-15 0)
(400 -1.82063e-14 0)
(400 -4.07545e-14 0)
(400 -4.02072e-14 0)
(400 -4.2922e-14 0)
(400 -4.74517e-14 0)
(400 -4.73784e-14 0)
(400 -3.90527e-14 0)
(400 -2.01304e-14 0)
(400 -7.43409e-15 0)
(400 -1.39132e-14 0)
(400 -1.38584e-14 0)
(400 -1.03151e-14 0)
(400 -4.5627e-15 0)
(400 6.35355e-15 0)
(400 4.84624e-15 0)
(400 -1.14061e-14 0)
(400 -2.4254e-14 0)
(400 -2.799e-14 0)
(400 -4.3484e-14 0)
(400 -5.44464e-14 0)
(400 -5.62831e-14 0)
(400 -4.46426e-14 0)
(400 -2.70868e-14 0)
(400 -4.0783e-14 0)
(400 -4.65432e-14 0)
(400 -3.11691e-14 0)
(400 -1.9051e-14 0)
(400 -2.58843e-14 0)
(400 -3.28566e-14 0)
(400 -2.51857e-14 0)
(400 -2.37357e-14 0)
(400 -2.6319e-14 0)
(400 -2.66052e-14 0)
(400 -4.28799e-14 0)
(400 -2.41131e-14 0)
(400 -1.16923e-15 0)
(400 2.90805e-15 0)
(400 1.15997e-14 0)
(400 8.90169e-15 0)
(400 2.51866e-14 0)
(400 5.47121e-14 0)
(400 7.88613e-14 0)
(400 8.93009e-14 0)
(400 8.21561e-14 0)
(400 8.24227e-14 0)
(400 7.21876e-14 0)
(400 6.64775e-14 0)
(400 5.9678e-14 0)
(400 5.535e-14 0)
(400 3.75752e-14 0)
(400 1.26611e-14 0)
(400 -5.15344e-15 0)
(400 -2.6557e-14 0)
(400 -3.42353e-14 0)
(400 -2.59879e-14 0)
(400 -2.33293e-14 0)
(400 -3.53952e-14 0)
(400 -4.53422e-14 0)
(400 -3.37283e-14 0)
(400 -5.00534e-15 0)
(400 6.43122e-15 0)
(400 1.52387e-15 0)
(400 1.08824e-14 0)
(400 2.50436e-14 0)
(400 4.77449e-14 0)
(400 5.64761e-14 0)
(400 4.45535e-14 0)
(400 4.96219e-14 0)
(400 5.56423e-14 0)
(400 6.4212e-14 0)
(400 7.54719e-14 0)
(400 8.04557e-14 0)
(400 5.59019e-14 0)
(400 4.17512e-14 0)
(400 2.48362e-14 0)
(400 1.64954e-14 0)
(400 7.52229e-15 0)
(400 -5.3166e-15 0)
(400 -9.33388e-15 0)
(400 -4.71228e-15 0)
(400 -8.41434e-15 0)
(400 -9.01197e-15 0)
(400 -1.0638e-14 0)
(400 -2.09853e-15 0)
(400 -4.61857e-15 0)
(400 -1.29989e-14 0)
(400 -1.56895e-14 0)
(400 -3.97107e-14 0)
(400 -5.60551e-14 0)
(400 9.10256e-15 0)
(400 1.77667e-14 0)
(400 1.00853e-14 0)
(400 4.80364e-18 0)
(400 2.33819e-15 0)
(400 2.42874e-15 0)
(400 -9.34173e-15 0)
(400 -1.82393e-14 0)
(400 -1.22827e-15 0)
(400 7.45462e-15 0)
(400 -3.26997e-15 0)
(400 -4.13206e-15 0)
(400 3.72795e-15 0)
(400 2.03441e-14 0)
(400 1.94842e-14 0)
(400 -3.05467e-15 0)
(400 -1.70639e-14 0)
(400 -2.62334e-14 0)
(400 -3.78019e-14 0)
(400 -3.68703e-14 0)
(400 -4.9901e-14 0)
(400 -7.57091e-14 0)
(400 -9.11045e-14 0)
(400 -8.85666e-14 0)
(400 -9.48669e-14 0)
(400 -8.79673e-14 0)
(400 -6.09165e-14 0)
(400 -3.83346e-14 0)
(400 -3.78486e-14 0)
(400 -3.27756e-14 0)
(400 -1.81509e-14 0)
(400 -2.1622e-14 0)
(400 -2.82092e-15 0)
(400 1.63891e-15 0)
(400 1.95582e-15 0)
(400 -1.52118e-14 0)
(400 5.44032e-15 0)
(400 1.80042e-14 0)
(400 1.14112e-14 0)
(400 -9.14941e-15 0)
(400 -2.90291e-14 0)
(400 -3.15823e-14 0)
(400 -1.69697e-14 0)
(400 -5.53864e-15 0)
(400 -3.16546e-14 0)
(400 -5.35418e-14 0)
(400 -9.3396e-14 0)
(400 -7.95612e-14 0)
(400 -3.95022e-14 0)
(400 -7.16869e-15 0)
(400 1.28008e-15 0)
(400 -6.93643e-15 0)
(400 1.07351e-14 0)
(400 1.31054e-14 0)
(400 -3.33554e-16 0)
(400 -1.31355e-14 0)
(400 -2.15392e-14 0)
(400 -1.98662e-14 0)
(400 -1.84899e-14 0)
(400 -2.07683e-14 0)
(400 -1.87437e-14 0)
(400 -2.92761e-14 0)
(400 -7.36892e-15 0)
(400 1.53457e-15 0)
(400 1.52587e-14 0)
(400 3.74261e-14 0)
(400 2.57157e-14 0)
(400 1.7326e-14 0)
(400 1.154e-14 0)
(400 2.30722e-14 0)
(400 5.16468e-14 0)
(400 5.90088e-14 0)
(400 6.73022e-14 0)
(400 8.28705e-14 0)
(400 7.41618e-14 0)
(400 7.9989e-14 0)
(400 7.08744e-14 0)
(400 5.88556e-14 0)
(400 5.32788e-14 0)
(400 4.20823e-14 0)
(400 1.34752e-14 0)
(400 4.14808e-16 0)
(400 -1.29944e-14 0)
(400 -2.32471e-14 0)
(400 -2.13337e-14 0)
(400 -4.8773e-15 0)
(400 -8.64273e-15 0)
(400 -4.19746e-15 0)
(400 -2.20101e-14 0)
(400 -2.94591e-14 0)
(400 -2.68318e-14 0)
(400 -3.54779e-14 0)
(400 -4.2667e-14 0)
(400 -6.00443e-14 0)
(400 -4.12898e-14 0)
(400 -2.07179e-14 0)
(400 -1.65327e-14 0)
(400 -7.06941e-15 0)
(400 -7.79359e-15 0)
(400 -3.54318e-16 0)
(400 1.23401e-14 0)
(400 -1.65976e-15 0)
(400 -6.12201e-15 0)
(400 -8.44042e-15 0)
(400 -1.04845e-14 0)
(400 -2.25546e-15 0)
(400 9.70369e-15 0)
(400 1.87439e-14 0)
(400 1.85627e-14 0)
(400 2.65715e-14 0)
(400 3.83962e-14 0)
(400 2.23282e-14 0)
(400 9.59102e-15 0)
(400 -1.35912e-14 0)
(400 -2.59117e-14 0)
(400 -3.19204e-14 0)
(400 -2.23621e-14 0)
(400 -1.66603e-14 0)
(400 -2.85432e-14 0)
(400 -2.44743e-14 0)
(400 -2.56106e-14 0)
(400 -2.21024e-14 0)
(400 -3.28706e-14 0)
(400 -5.56128e-14 0)
(400 -5.76737e-14 0)
(400 -4.6677e-14 0)
(400 -2.54658e-14 0)
(400 -4.00701e-14 0)
(400 -5.84443e-14 0)
(400 -5.7979e-14 0)
(400 -5.24643e-14 0)
(400 -5.00811e-14 0)
(400 -5.72063e-14 0)
(400 -7.21188e-14 0)
(400 -7.02905e-14 0)
(400 -7.38532e-14 0)
(400 -7.49041e-14 0)
(400 -7.76377e-14 0)
(400 -7.29936e-14 0)
(400 -5.58296e-14 0)
(400 -2.82293e-14 0)
(400 -1.54438e-14 0)
(400 -1.51498e-14 0)
(400 -2.66077e-14 0)
(400 -1.76017e-14 0)
(400 3.33512e-15 0)
(400 5.44336e-15 0)
(400 5.70615e-15 0)
(400 1.73347e-14 0)
(400 1.40344e-14 0)
(400 1.48312e-14 0)
(400 1.70164e-14 0)
(400 2.86814e-14 0)
(400 3.33428e-14 0)
(400 3.48286e-14 0)
(400 2.71007e-14 0)
(400 1.73125e-14 0)
(400 6.48456e-15 0)
(400 -8.78907e-16 0)
(400 -8.71608e-15 0)
(400 -1.97703e-14 0)
(400 -3.62531e-14 0)
(400 -6.19523e-14 0)
(400 -7.39525e-14 0)
(400 -8.30006e-14 0)
(400 -8.42817e-14 0)
(400 -8.86444e-14 0)
(400 -9.17058e-14 0)
(400 -8.48746e-14 0)
(400 -7.06901e-14 0)
(400 -5.77835e-14 0)
(400 -4.80684e-14 0)
(400 -4.5982e-14 0)
(400 -2.04869e-14 0)
(400 -9.19549e-16 0)
(400 1.02083e-15 0)
(400 -8.99065e-15 0)
(400 -2.31743e-14 0)
(400 -2.89778e-14 0)
(400 -2.08016e-14 0)
(400 -1.88523e-14 0)
(400 -9.93487e-15 0)
(400 -8.2145e-15 0)
(400 -6.37934e-15 0)
(400 -1.08605e-15 0)
(400 -9.08481e-15 0)
(400 -4.91332e-15 0)
(400 -1.05109e-15 0)
(400 -3.20958e-14 0)
(400 -4.16287e-14 0)
(400 -3.29103e-14 0)
(400 -2.83046e-14 0)
(400 -3.40842e-14 0)
(400 -4.32449e-14 0)
(400 -4.84694e-14 0)
(400 -4.07695e-14 0)
(400 -2.7034e-14 0)
(400 -2.7145e-14 0)
(400 -4.51247e-14 0)
(400 -5.38899e-14 0)
(400 -1.71746e-15 0)
(400 -5.14575e-17 0)
(400 -5.1367e-16 0)
(400 -2.44554e-14 0)
(400 -3.09868e-14 0)
(400 -1.98397e-14 0)
(400 -1.6776e-14 0)
(400 -1.69447e-14 0)
(400 -2.80835e-14 0)
(400 -1.13634e-14 0)
(400 1.25603e-14 0)
(400 8.51415e-15 0)
(400 5.2377e-15 0)
(400 5.33649e-15 0)
(400 1.9707e-15 0)
(400 -1.48217e-14 0)
(400 -1.70801e-14 0)
(400 -2.65409e-14 0)
(400 -4.13456e-14 0)
(400 -5.43306e-14 0)
(400 -5.13161e-14 0)
(400 -4.84284e-14 0)
(400 -5.37098e-14 0)
(400 -6.61764e-14 0)
(400 -7.31531e-14 0)
(400 -7.43356e-14 0)
(400 -6.20918e-14 0)
(400 -4.1869e-14 0)
(400 -2.96166e-14 0)
(400 -2.65583e-14 0)
(400 -2.10252e-14 0)
(400 -1.83212e-14 0)
(400 -1.47717e-14 0)
(400 -9.09679e-15 0)
(400 4.83128e-15 0)
(400 1.43938e-14 0)
(400 1.78619e-14 0)
(400 1.70931e-14 0)
(400 1.35793e-14 0)
(400 -6.44521e-16 0)
(400 -6.15036e-15 0)
(400 -1.44233e-14 0)
(400 -6.38341e-15 0)
(400 1.70009e-15 0)
(400 -9.00029e-16 0)
(400 -1.76896e-14 0)
(400 -4.30542e-14 0)
(400 -4.19072e-14 0)
(400 -1.47243e-14 0)
(400 -1.00513e-14 0)
(400 -2.28868e-14 0)
(400 -4.37427e-14 0)
(400 -3.59299e-14 0)
(400 -4.72528e-14 0)
(400 -6.09146e-14 0)
(400 -8.35809e-14 0)
(400 -7.66313e-14 0)
(400 -4.59351e-14 0)
(400 -3.14201e-14 0)
(400 -3.97016e-14 0)
(400 -3.59363e-14 0)
(400 -4.04837e-14 0)
(400 -3.15678e-14 0)
(400 -2.26888e-15 0)
(400 4.57466e-15 0)
(400 1.14603e-14 0)
(400 3.50537e-14 0)
(400 5.43371e-14 0)
(400 5.77285e-14 0)
(400 4.08207e-14 0)
(400 4.966e-14 0)
(400 6.00138e-14 0)
(400 5.08406e-14 0)
(400 6.96049e-14 0)
(400 5.43489e-14 0)
(400 5.7371e-14 0)
(400 5.45318e-14 0)
(400 5.25059e-14 0)
(400 6.08811e-14 0)
(400 3.22813e-14 0)
(400 1.38915e-14 0)
(400 1.69514e-14 0)
(400 2.53829e-14 0)
(400 1.52772e-14 0)
(400 9.37865e-15 0)
(400 3.00913e-14 0)
(400 4.05382e-14 0)
(400 5.25812e-14 0)
(400 4.12969e-14 0)
(400 3.84218e-14 0)
(400 4.63007e-14 0)
(400 2.50842e-14 0)
(400 -3.29444e-15 0)
(400 -3.57212e-14 0)
(400 -4.25819e-14 0)
(400 -2.2158e-14 0)
(400 -8.85224e-15 0)
(400 -5.26988e-15 0)
(400 -1.44586e-14 0)
(400 -1.04923e-14 0)
(400 1.03152e-14 0)
(400 2.75107e-14 0)
(400 8.83575e-15 0)
(400 -2.35726e-14 0)
(400 -2.57039e-14 0)
(400 -1.25923e-14 0)
(400 -5.08188e-15 0)
(400 -1.12761e-15 0)
(400 -5.51024e-15 0)
(400 5.68083e-15 0)
(400 1.48651e-14 0)
(400 1.53158e-14 0)
(400 9.79705e-15 0)
(400 -6.68782e-15 0)
(400 -1.54485e-14 0)
(400 -1.26344e-14 0)
(400 -9.00831e-15 0)
(400 -2.34429e-14 0)
(400 -3.13575e-14 0)
(400 -3.57098e-14 0)
(400 -1.65641e-14 0)
(400 2.70025e-15 0)
(400 -1.63684e-14 0)
(400 -4.62901e-14 0)
(400 -5.67052e-14 0)
(400 -5.05479e-14 0)
(400 -3.68679e-14 0)
(400 -3.25204e-14 0)
(400 -3.54056e-14 0)
(400 -3.28464e-14 0)
(400 -2.83694e-14 0)
(400 -3.44948e-14 0)
(400 -4.90084e-14 0)
(400 -6.94356e-14 0)
(400 -8.9988e-14 0)
(400 -9.98427e-14 0)
(400 -9.99835e-14 0)
(400 -1.00638e-13 0)
(400 -9.32548e-14 0)
(400 -8.15534e-14 0)
(400 -7.82067e-14 0)
(400 -7.23635e-14 0)
(400 -5.31871e-14 0)
(400 -4.50561e-14 0)
(400 -2.86403e-14 0)
(400 -3.70943e-14 0)
(400 -5.88643e-14 0)
(400 -6.22097e-14 0)
(400 -6.35201e-14 0)
(400 -5.13705e-14 0)
(400 -3.32158e-14 0)
(400 -3.25349e-14 0)
(400 -2.25957e-14 0)
(400 -8.76948e-15 0)
(400 1.43734e-15 0)
(400 -3.28125e-15 0)
(400 3.92498e-15 0)
(400 1.28076e-14 0)
(400 2.06488e-14 0)
(400 2.62706e-14 0)
(400 3.94034e-14 0)
(400 3.57193e-14 0)
(400 1.48697e-14 0)
(400 2.04458e-14 0)
(400 1.21179e-14 0)
(400 6.52813e-15 0)
(400 3.70945e-15 0)
(400 6.54036e-15 0)
(400 1.79341e-14 0)
(400 2.02043e-14 0)
(400 2.08869e-14 0)
(400 2.11447e-14 0)
(400 3.00618e-14 0)
(400 3.35119e-14 0)
(400 2.93281e-14 0)
(400 1.85285e-14 0)
(400 5.18211e-15 0)
(400 -3.12672e-15 0)
(400 -5.75494e-15 0)
(400 -1.80421e-14 0)
(400 -2.82079e-14 0)
(400 -3.3983e-14 0)
(400 -4.06698e-14 0)
(400 -4.06451e-14 0)
(400 -3.71454e-14 0)
(400 -2.65536e-14 0)
(400 -2.93021e-14 0)
(400 -4.2263e-14 0)
(400 -6.88757e-14 0)
(400 -8.73619e-14 0)
(400 -8.34597e-14 0)
(400 -6.97867e-14 0)
(400 -7.25687e-14 0)
(400 -8.12635e-14 0)
(400 -8.70417e-14 0)
(400 -7.71007e-14 0)
(400 -6.04003e-14 0)
(400 -5.07833e-14 0)
(400 -3.41155e-14 0)
(400 -4.00909e-14 0)
(400 -9.64063e-15 0)
(400 -2.1639e-14 0)
(400 -2.07766e-14 0)
(400 -2.188e-14 0)
(400 -3.60167e-14 0)
(400 -3.96279e-14 0)
(400 -2.97619e-14 0)
(400 -1.38005e-14 0)
(400 -2.43815e-14 0)
(400 -1.2577e-14 0)
(400 4.95528e-15 0)
(400 1.81239e-14 0)
(400 2.13742e-14 0)
(400 1.3271e-14 0)
(400 -1.01759e-15 0)
(400 -3.60848e-15 0)
(400 -1.3391e-14 0)
(400 -2.64686e-14 0)
(400 -3.81326e-14 0)
(400 -4.87034e-14 0)
(400 -3.83742e-14 0)
(400 -2.42347e-14 0)
(400 -2.02919e-14 0)
(400 -1.76315e-14 0)
(400 -1.52605e-14 0)
(400 -2.12175e-14 0)
(400 -2.27303e-14 0)
(400 -1.26503e-14 0)
(400 7.45955e-15 0)
(400 3.1746e-15 0)
(400 -1.28022e-14 0)
(400 -1.92043e-15 0)
(400 -3.52379e-15 0)
(400 -9.15094e-15 0)
(400 6.52164e-16 0)
(400 1.53198e-14 0)
(400 7.28017e-15 0)
(400 2.04756e-15 0)
(400 -5.3512e-15 0)
(400 -1.45342e-14 0)
(400 -1.20923e-14 0)
(400 -1.59878e-14 0)
(400 -2.72043e-14 0)
(400 -3.12256e-14 0)
(400 -2.07484e-14 0)
(400 -2.36878e-14 0)
(400 -1.87557e-14 0)
(400 -2.05338e-14 0)
(400 -1.56453e-14 0)
(400 -2.04874e-14 0)
(400 -2.10822e-14 0)
(400 -2.17527e-14 0)
(400 -2.92109e-14 0)
(400 -4.09426e-14 0)
(400 -3.38067e-14 0)
(400 -4.43417e-14 0)
(400 -5.87851e-14 0)
(400 -5.15967e-14 0)
(400 -3.39398e-14 0)
(400 -2.98302e-14 0)
(400 -2.85589e-14 0)
(400 -1.45437e-14 0)
(400 -2.04329e-14 0)
(400 -3.41372e-14 0)
(400 -2.53566e-14 0)
(400 -1.30076e-14 0)
(400 1.70558e-14 0)
(400 3.17709e-14 0)
(400 4.47021e-14 0)
(400 4.18163e-14 0)
(400 3.40713e-14 0)
(400 2.56733e-14 0)
(400 1.55528e-14 0)
(400 1.16327e-14 0)
(400 1.12122e-14 0)
(400 1.67791e-15 0)
(400 -2.69924e-15 0)
(400 -1.29236e-14 0)
(400 -1.60876e-14 0)
(400 -9.28654e-15 0)
(400 -1.05511e-14 0)
(400 -1.66983e-14 0)
(400 -7.11691e-15 0)
(400 2.09567e-15 0)
(400 -4.29649e-16 0)
(400 -6.30723e-15 0)
(400 -1.19651e-14 0)
(400 -1.16904e-14 0)
(400 9.94261e-15 0)
(400 2.87854e-14 0)
(400 2.82177e-14 0)
(400 8.94885e-15 0)
(400 -2.59431e-15 0)
(400 3.8127e-15 0)
(400 -5.00796e-15 0)
(400 -7.02379e-15 0)
(400 1.8224e-15 0)
(400 1.63189e-15 0)
(400 8.55331e-15 0)
(400 1.12696e-14 0)
(400 1.17589e-14 0)
(400 1.49477e-14 0)
(400 4.51248e-15 0)
(400 -1.16459e-14 0)
(400 -5.94873e-15 0)
(400 -9.64245e-16 0)
(400 -2.13478e-14 0)
(400 -3.23429e-14 0)
(400 -2.93547e-14 0)
(400 -3.89525e-14 0)
(400 -4.70199e-14 0)
(400 -5.20929e-14 0)
(400 -5.82653e-14 0)
(400 -6.0297e-14 0)
(400 -5.46237e-14 0)
(400 -4.44737e-14 0)
(400 -5.12142e-14 0)
(400 -5.17983e-14 0)
(400 -4.07211e-14 0)
(400 -2.67951e-14 0)
(400 -9.73713e-15 0)
(400 -3.05218e-15 0)
(400 -1.48845e-14 0)
(400 -2.28682e-14 0)
(400 -2.69954e-14 0)
(400 -2.35186e-14 0)
(400 -3.60499e-14 0)
(400 -2.63861e-14 0)
(400 7.33273e-16 0)
(400 7.37033e-15 0)
(400 6.71013e-15 0)
(400 -7.35287e-16 0)
(400 -7.43862e-15 0)
(400 -1.55326e-14 0)
(400 -3.05637e-14 0)
(400 -3.57432e-14 0)
(400 -4.74724e-14 0)
(400 -4.84881e-14 0)
(400 -1.96755e-14 0)
(400 -3.18033e-15 0)
(400 2.5539e-16 0)
(400 -7.34456e-15 0)
(400 -7.36562e-15 0)
(400 2.36279e-14 0)
(400 2.48336e-14 0)
(400 -1.3734e-14 0)
(400 -4.19788e-14 0)
(400 -4.3288e-14 0)
(400 -4.17349e-14 0)
(400 -4.01181e-14 0)
(400 -3.80124e-14 0)
(400 -4.11894e-14 0)
(400 -3.76299e-14 0)
(400 -4.58846e-14 0)
(400 -5.49883e-14 0)
(400 -6.32474e-14 0)
(400 -5.70419e-14 0)
(400 -4.37149e-14 0)
(400 -3.03708e-14 0)
(400 -3.68664e-14 0)
(400 -3.35685e-14 0)
(400 -3.83826e-14 0)
(400 -2.66724e-14 0)
(400 -2.18782e-14 0)
(400 -2.68583e-14 0)
(400 -3.48355e-14 0)
(400 -4.03978e-14 0)
(400 -3.19006e-14 0)
(400 -8.94036e-15 0)
(400 -5.38521e-15 0)
(400 -6.06172e-15 0)
(400 8.43817e-16 0)
(400 1.77504e-14 0)
(400 1.33317e-14 0)
(400 -3.69484e-15 0)
(400 -1.53328e-14 0)
(400 -1.81708e-14 0)
(400 -8.01246e-15 0)
(400 -5.23406e-15 0)
(400 -2.15792e-14 0)
(400 -3.02081e-14 0)
(400 -3.20829e-14 0)
(400 -2.39769e-14 0)
(400 -1.73124e-14 0)
(400 -7.50647e-15 0)
(400 1.10722e-14 0)
(400 8.8637e-15 0)
(400 -1.29452e-14 0)
(400 -2.409e-14 0)
(400 -3.60185e-14 0)
(400 -4.22231e-14 0)
(400 -6.27206e-14 0)
(400 -6.80277e-14 0)
(400 -6.35452e-14 0)
(400 -7.46323e-14 0)
(400 -8.35082e-14 0)
(400 -8.55791e-14 0)
(400 -8.8257e-14 0)
(400 -6.18923e-14 0)
(400 -5.31717e-14 0)
(400 1.3435e-14 0)
(400 1.56601e-15 0)
(400 -2.34186e-14 0)
(400 -2.06925e-14 0)
(400 -3.17474e-14 0)
(400 -4.02837e-14 0)
(400 -5.54069e-14 0)
(400 -6.7869e-14 0)
(400 -6.74166e-14 0)
(400 -5.00208e-14 0)
(400 -3.20136e-14 0)
(400 -1.7179e-14 0)
(400 -2.29429e-14 0)
(400 -2.13199e-14 0)
(400 -1.36815e-14 0)
(400 -2.38039e-15 0)
(400 -1.65206e-14 0)
(400 -3.08224e-14 0)
(400 -3.8404e-14 0)
(400 -3.81096e-14 0)
(400 -3.95959e-14 0)
(400 -3.83364e-14 0)
(400 -3.35203e-14 0)
(400 -1.06827e-14 0)
(400 -1.72682e-15 0)
(400 -5.42056e-15 0)
(400 -1.21025e-14 0)
(400 -2.8643e-14 0)
(400 -3.73071e-14 0)
(400 -2.9691e-14 0)
(400 -3.71212e-14 0)
(400 -3.1749e-14 0)
(400 -3.20723e-14 0)
(400 -3.68443e-14 0)
(400 -2.11447e-14 0)
(400 -1.27375e-14 0)
(400 -1.16178e-14 0)
(400 -1.15871e-14 0)
(400 -1.79301e-14 0)
(400 -1.9445e-15 0)
(400 -1.06705e-14 0)
(400 -1.29505e-14 0)
(400 -1.67576e-14 0)
(400 -1.52386e-14 0)
(400 -4.29929e-15 0)
(400 -1.33034e-14 0)
(400 -3.39591e-15 0)
(400 -5.13776e-15 0)
(400 -4.26824e-15 0)
(400 1.0528e-14 0)
(400 1.56782e-14 0)
(400 1.22326e-14 0)
(400 -9.90874e-15 0)
(400 -3.40969e-14 0)
(400 -4.87882e-14 0)
(400 -5.56997e-14 0)
(400 -8.71649e-14 0)
(400 -1.12623e-13 0)
(400 -1.28487e-13 0)
(400 -1.19447e-13 0)
(400 -1.05046e-13 0)
(400 -8.43858e-14 0)
(400 -8.96856e-14 0)
(400 -1.05544e-13 0)
(400 -9.05345e-14 0)
(400 -6.11998e-14 0)
(400 -4.3473e-14 0)
(400 -2.20226e-14 0)
(400 6.93562e-16 0)
(400 1.64567e-14 0)
(400 1.0943e-14 0)
(400 -9.4056e-15 0)
(400 -8.46363e-15 0)
(400 -1.41187e-14 0)
(400 -6.00874e-15 0)
(400 -1.52272e-14 0)
(400 -2.9879e-14 0)
(400 -3.0279e-14 0)
(400 -1.8146e-14 0)
(400 -1.54454e-15 0)
(400 1.35088e-14 0)
(400 9.20678e-15 0)
(400 1.16434e-14 0)
(400 3.20477e-14 0)
(400 4.50265e-14 0)
(400 3.73469e-14 0)
(400 3.3616e-14 0)
(400 3.97359e-14 0)
(400 6.56598e-14 0)
(400 6.84233e-14 0)
(400 4.83812e-14 0)
(400 4.12827e-14 0)
(400 3.92906e-14 0)
(400 5.46265e-14 0)
(400 5.93277e-14 0)
(400 4.04663e-14 0)
(400 2.80657e-14 0)
(400 2.54495e-14 0)
(400 4.82663e-14 0)
(400 5.60556e-14 0)
(400 3.72682e-14 0)
(400 2.2574e-14 0)
(400 1.84518e-14 0)
(400 3.37128e-14 0)
(400 2.31891e-14 0)
(400 -6.1944e-15 0)
(400 -2.75885e-14 0)
(400 -2.93921e-14 0)
(400 -3.20892e-14 0)
(400 -4.65675e-14 0)
(400 -5.35161e-14 0)
(400 -5.85537e-14 0)
(400 -4.10608e-14 0)
(400 -3.70613e-14 0)
(400 -4.34503e-14 0)
(400 -5.47844e-14 0)
(400 -5.72814e-14 0)
(400 -4.65228e-14 0)
(400 -3.90743e-14 0)
(400 -2.04445e-14 0)
(400 -1.59917e-14 0)
(400 -1.64761e-14 0)
(400 -2.52278e-14 0)
(400 -2.18817e-14 0)
(400 -2.745e-14 0)
(400 -3.67888e-14 0)
(400 -4.6702e-14 0)
(400 -5.02642e-14 0)
(400 -4.83289e-14 0)
(400 -5.19576e-14 0)
(400 -6.01536e-14 0)
(400 -6.49202e-14 0)
(400 -6.66293e-14 0)
(400 -7.99592e-14 0)
(400 -9.3856e-14 0)
(400 -1.03904e-13 0)
(400 -1.29202e-13 0)
(400 -1.36012e-13 0)
(400 -1.13247e-13 0)
(400 -8.50469e-14 0)
(400 -6.50044e-14 0)
(400 -4.9508e-14 0)
(400 -5.57101e-14 0)
(400 -2.80122e-14 0)
(400 -2.1433e-14 0)
(400 -3.83574e-14 0)
(400 -3.67155e-14 0)
(400 -3.84933e-14 0)
(400 -4.5029e-14 0)
(400 -3.82834e-14 0)
(400 -4.4507e-14 0)
(400 -4.63424e-14 0)
(400 -5.06726e-14 0)
(400 -5.6046e-14 0)
(400 -6.2409e-14 0)
(400 -7.91447e-14 0)
(400 -7.5383e-14 0)
(400 -6.38337e-14 0)
(400 -5.15114e-14 0)
(400 -6.17264e-14 0)
(400 -5.5421e-14 0)
(400 -3.10119e-14 0)
(400 1.32446e-14 0)
(400 2.99217e-14 0)
(400 4.65505e-14 0)
(400 4.35845e-14 0)
(400 2.67728e-14 0)
(400 2.56939e-14 0)
(400 3.86719e-14 0)
(400 4.54444e-14 0)
(400 3.15647e-14 0)
(400 2.04628e-14 0)
(400 1.69689e-14 0)
(400 1.48383e-14 0)
(400 1.33274e-15 0)
(400 -1.94462e-14 0)
(400 -1.53524e-14 0)
(400 -9.23022e-15 0)
(400 -1.56563e-14 0)
(400 -2.4737e-14 0)
(400 -3.88171e-14 0)
(400 -4.27314e-14 0)
(400 -3.82797e-14 0)
(400 -2.011e-14 0)
(400 -4.40837e-15 0)
(400 -5.52148e-15 0)
(400 -3.14862e-15 0)
(400 2.10396e-15 0)
(400 8.14849e-15 0)
(400 4.63397e-15 0)
(400 -2.16326e-14 0)
(400 -5.01425e-14 0)
(400 -7.08382e-14 0)
(400 -8.33147e-14 0)
(400 -1.06497e-13 0)
(400 -1.20883e-13 0)
(400 -1.25047e-13 0)
(400 -1.2193e-13 0)
(400 -9.67008e-14 0)
(400 -7.05817e-14 0)
(400 2.90182e-14 0)
(400 2.92504e-14 0)
(400 1.07267e-15 0)
(400 -9.87428e-15 0)
(400 -1.10962e-14 0)
(400 -8.06013e-15 0)
(400 -1.93914e-14 0)
(400 -3.50585e-14 0)
(400 -1.98294e-14 0)
(400 -7.97375e-15 0)
(400 4.87986e-15 0)
(400 9.6314e-15 0)
(400 -5.13648e-15 0)
(400 -1.7515e-15 0)
(400 1.93959e-14 0)
(400 2.99762e-14 0)
(400 1.52416e-14 0)
(400 -9.44972e-15 0)
(400 -1.46119e-14 0)
(400 -2.39881e-14 0)
(400 -3.129e-14 0)
(400 -2.67553e-14 0)
(400 -1.05548e-14 0)
(400 1.20927e-15 0)
(400 2.45226e-14 0)
(400 4.06928e-14 0)
(400 4.37208e-14 0)
(400 2.78966e-14 0)
(400 1.01831e-14 0)
(400 1.60969e-14 0)
(400 -4.87367e-15 0)
(400 -2.59452e-14 0)
(400 -3.10282e-14 0)
(400 -2.08672e-14 0)
(400 -2.0505e-14 0)
(400 -1.37145e-14 0)
(400 -2.09474e-14 0)
(400 -2.95722e-14 0)
(400 -3.55046e-14 0)
(400 -1.69282e-14 0)
(400 -9.81144e-15 0)
(400 -1.35657e-14 0)
(400 -3.05682e-14 0)
(400 -4.35043e-14 0)
(400 -3.20408e-14 0)
(400 -2.64498e-14 0)
(400 -3.06163e-14 0)
(400 -3.83615e-14 0)
(400 -3.25552e-14 0)
(400 -2.36765e-14 0)
(400 -1.74694e-14 0)
(400 -1.62104e-14 0)
(400 -2.38532e-14 0)
(400 -3.09917e-14 0)
(400 -3.80608e-14 0)
(400 -2.65771e-14 0)
(400 -3.04029e-14 0)
(400 -5.25998e-14 0)
(400 -6.15292e-14 0)
(400 -4.62096e-14 0)
(400 -3.66235e-14 0)
(400 -3.76371e-14 0)
(400 -2.43057e-14 0)
(400 -1.15258e-14 0)
(400 -9.64782e-15 0)
(400 -1.52776e-14 0)
(400 -6.63021e-15 0)
(400 6.01279e-15 0)
(400 1.20472e-14 0)
(400 1.7309e-14 0)
(400 1.41176e-14 0)
(400 1.32056e-15 0)
(400 -4.58047e-15 0)
(400 -9.56109e-15 0)
(400 -1.8149e-14 0)
(400 -1.98215e-14 0)
(400 -2.94637e-14 0)
(400 -3.30135e-14 0)
(400 -3.12047e-14 0)
(400 -3.83926e-14 0)
(400 -3.43947e-14 0)
(400 -2.23792e-14 0)
(400 -9.69165e-15 0)
(400 4.92201e-15 0)
(400 7.69623e-15 0)
(400 1.16438e-14 0)
(400 2.31535e-14 0)
(400 2.90984e-14 0)
(400 4.0882e-14 0)
(400 3.7363e-14 0)
(400 3.35069e-14 0)
(400 3.24092e-14 0)
(400 3.29832e-14 0)
(400 4.31042e-14 0)
(400 3.47173e-14 0)
(400 1.8978e-14 0)
(400 8.43792e-15 0)
(400 1.07725e-14 0)
(400 1.48476e-14 0)
(400 3.42252e-15 0)
(400 -8.72862e-15 0)
(400 -1.12311e-14 0)
(400 -1.71344e-14 0)
(400 -2.47151e-14 0)
(400 -3.69818e-14 0)
(400 -5.54798e-14 0)
(400 -6.11188e-14 0)
(400 -7.43986e-14 0)
(400 -9.53641e-14 0)
(400 -1.05573e-13 0)
(400 -9.89332e-14 0)
(400 -9.51263e-14 0)
(400 -9.63391e-14 0)
(400 -8.92547e-14 0)
(400 -9.37505e-14 0)
(400 -9.69351e-14 0)
(400 -8.56001e-14 0)
(400 -7.3505e-14 0)
(400 -7.74754e-14 0)
(400 -6.57491e-14 0)
(400 -3.99713e-14 0)
(400 -1.83134e-14 0)
(400 -3.51577e-15 0)
(400 -5.9723e-15 0)
(400 -6.18487e-15 0)
(400 -1.58808e-14 0)
(400 -1.65964e-14 0)
(400 -5.47012e-15 0)
(400 -1.51453e-14 0)
(400 -2.37841e-14 0)
(400 -3.21755e-14 0)
(400 -2.22311e-14 0)
(400 -1.66853e-14 0)
(400 -8.22329e-15 0)
(400 -1.91331e-14 0)
(400 -2.6822e-14 0)
(400 -3.3104e-14 0)
(400 -2.80238e-14 0)
(400 -4.0527e-14 0)
(400 -4.09193e-14 0)
(400 -3.56466e-14 0)
(400 -2.21111e-14 0)
(400 -1.85495e-14 0)
(400 -2.89283e-14 0)
(400 -2.84129e-14 0)
(400 -4.58744e-15 0)
(400 1.44029e-14 0)
(400 1.07307e-14 0)
(400 -1.19985e-14 0)
(400 -1.11279e-14 0)
(400 -7.42051e-15 0)
(400 -1.25258e-14 0)
(400 -4.3269e-14 0)
(400 -5.98979e-14 0)
(400 -6.24878e-14 0)
(400 -7.55556e-14 0)
(400 -8.24775e-14 0)
(400 -8.34801e-14 0)
(400 -9.58837e-14 0)
(400 -8.81853e-14 0)
(400 -6.6372e-14 0)
(400 -3.34127e-14 0)
(400 -6.1761e-15 0)
(400 1.14927e-14 0)
(400 2.71241e-14 0)
(400 3.95978e-14 0)
(400 5.35229e-14 0)
(400 5.96171e-14 0)
(400 5.6635e-14 0)
(400 5.57629e-14 0)
(400 4.36662e-14 0)
(400 2.64854e-14 0)
(400 2.41802e-14 0)
(400 2.76326e-14 0)
(400 1.91502e-14 0)
(400 8.897e-15 0)
(400 1.58316e-14 0)
(400 1.45944e-14 0)
(400 5.0568e-15 0)
(400 -8.71776e-15 0)
(400 -3.22801e-14 0)
(400 -3.80655e-14 0)
(400 -3.8921e-14 0)
(400 -3.29711e-14 0)
(400 -2.54215e-14 0)
(400 -2.00904e-14 0)
(400 -7.34984e-15 0)
(400 7.01543e-15 0)
(400 1.57221e-14 0)
(400 3.13474e-14 0)
(400 2.90482e-15 0)
(400 -2.22612e-14 0)
(400 -4.53223e-14 0)
(400 -6.3976e-14 0)
(400 -7.3615e-14 0)
(400 -7.6068e-14 0)
(400 -7.84374e-14 0)
(400 -5.97417e-14 0)
(400 -3.5893e-14 0)
(400 -2.31983e-14 0)
)
;

boundaryField
{
    cyclic1
    {
        type            cyclic;
    }
    cyclic2
    {
        type            cyclic;
    }
    frontAndBack
    {
        type            empty;
    }
    outlet
    {
        type            zeroGradient;
    }
    inlet
    {
        type            fixedValue;
        value           uniform (400 0 0);
    }
}


// ************************************************************************* //
